     17      1   2.0702167133435001D-01 4.9D-09 0.0D+00 8.7D-09 0.0D+00       22      159       22      220  S
     17      1   2.0633733585497968D-01 5.6D-09 0.0D+00 2.3D-07 0.0D+00       23      162       23      230  S
     17      1   2.1838988109869681D-01 6.8D-09 0.0D+00 7.0D-09 0.0D+00       22      152       22      220  S
     17      1   2.1838988109692367D-01 6.8D-09 0.0D+00 1.6D-07 0.0D+00       23      168       23      230  S
 no information
     17      1   2.0633733585484371D-01 5.6D-09 0.0D+00 2.5D-07 0.0D+00       24      172       24      240  S
     17      1   2.1838988109855390D-01 6.8D-09 0.0D+00 5.8D-10 0.0D+00       21      162       21      210  S
     17      1   2.1093559885461391D-01 6.1D-09 0.0D+00 2.8D-07 0.0D+00       22      210       22      220  S
     17      1   2.1838988109926644D-01 6.8D-09 0.0D+00 9.3D-09 0.0D+00       22      186       22      220  S
     17      1   2.1093559885808777D-01 6.1D-09 0.0D+00 9.6D-09 0.0D+00       22      160       22      220  S
     17      1   2.1093559885769461D-01 6.1D-09 0.0D+00 5.2D-09 0.0D+00       21      154       21      210  S
     17      1   2.1788403873668447D-01 6.6D-09 0.0D+00 5.4D-09 0.0D+00       21      134       21      210  S
     17      1   2.2300071109031236D-01 4.9D-09 0.0D+00 4.4D-08 0.0D+00       23      187       23      230  S
     17      1   2.1907281502399348D-01 5.1D-09 0.0D+00 1.3D-09 0.0D+00       22      168       22      220  S
     17      1   2.1838988109873497D-01 6.8D-09 0.0D+00 3.0D-09 0.0D+00       21      171       21      210  S
     17      1   2.1619380843662039D-01 5.3D-09 0.0D+00 4.3D-09 0.0D+00       23      197       23      230  S
     17      1   2.0791038660555505D-01 5.4D-09 0.0D+00 2.8D-08 0.0D+00       23      184       23      230  S
     17      1   2.0633733585714983D-01 5.6D-09 0.0D+00 6.1D-09 0.0D+00       22      154       22      220  S
     17      1   2.1093559885624402D-01 6.1D-09 0.0D+00 1.3D-07 0.0D+00       23      174       23      230  S
     17      1   2.1093559885606161D-01 6.1D-09 0.0D+00 1.5D-07 0.0D+00       24      194       24      240  S
     17      1   2.1833374029422997D-01 5.3D-09 0.0D+00 4.9D-09 0.0D+00       22      294       22      220  S
 no information
     17      1   2.0702167133444083D-01 4.9D-09 0.0D+00 6.9D-09 0.0D+00       22      140       22      220  S
     17      1   2.1788403873593035D-01 6.6D-09 0.0D+00 9.6D-08 0.0D+00       23      183       23      230  S
     17      1   2.1838988109891150D-01 6.8D-09 0.0D+00 3.4D-08 0.0D+00       22      189       22      220  S
     17      1   2.1761304364920170D-01 6.8D-09 0.0D+00 1.2D-09 0.0D+00       22      148       22      220  S
     17      1   2.1838988109727162D-01 6.8D-09 0.0D+00 8.6D-08 0.0D+00       22      168       22      220  S
     17      1   2.1838988109492771D-01 6.8D-09 0.0D+00 3.2D-07 0.0D+00       24      170       24      240  S
     17      1   2.1838988109708332D-01 6.8D-09 0.0D+00 1.4D-07 0.0D+00       22      156       22      220  S
     17      1   2.1291884168659564D-01 6.1D-09 0.0D+00 2.8D-09 0.0D+00       22      204       22      220  S
     17      1   2.1838988109485782D-01 6.8D-09 0.0D+00 3.1D-07 0.0D+00       23      192       23      230  S
     17      1   2.0633733585444397D-01 5.6D-09 0.0D+00 3.3D-07 0.0D+00       23      157       23      230  S
     17      1   2.0633733585721398D-01 5.6D-09 0.0D+00 9.8D-09 0.0D+00       22      161       22      220  S
     17      1   2.1788403873733037D-01 6.6D-09 0.0D+00 2.0D-08 0.0D+00       23      178       23      230  S
     17      1   2.0702167133439575D-01 4.9D-09 0.0D+00 9.0D-09 0.0D+00       22      146       22      220  S
     17      1   2.0633733585713226D-01 5.6D-09 0.0D+00 1.4D-09 0.0D+00       22      157       22      220  S
     17      1   2.1761304364983275D-01 6.8D-09 0.0D+00 2.2D-09 0.0D+00       22      150       22      220  S
     17      1   9.0295550366698216D-02 4.6D-01 0.0D+00 1.0D+00 0.0D+00        0        0        1       10  F
     17      1   2.0791038660377489D-01 5.4D-09 0.0D+00 1.1D-07 0.0D+00       22      174       22      220  S
     17      1   2.0996663852599629D-01 2.3D-07 0.0D+00 8.5D-03 0.0D+00       24      151       25      250  S
     17      1   2.1788403873761628D-01 6.6D-09 0.0D+00 8.3D-10 0.0D+00       22      163       22      220  S
     17      1   2.0633733585562269D-01 5.6D-09 0.0D+00 1.5D-07 0.0D+00       24      162       24      240  S
     17      1   2.1838988109889432D-01 6.8D-09 0.0D+00 1.8D-08 0.0D+00       22      183       22      220  S
     17      1   2.1838988109439683D-01 6.8D-09 0.0D+00 3.2D-07 0.0D+00       23      173       23      230  S
     17      1   2.1838988109637947D-01 6.8D-09 0.0D+00 1.7D-07 0.0D+00       24      174       24      240  S
     17      1   2.1840560602887274D-01 6.4D-09 0.0D+00 2.1D-09 0.0D+00       22      239       22      220  S
     17      1   2.2347689701907494D-01 5.1D-09 0.0D+00 2.6D-08 0.0D+00       23      177       23      230  S
     17      1   2.0633733585714670D-01 5.6D-09 0.0D+00 8.2D-10 0.0D+00       22      159       22      220  S
     17      1   2.2486882398662750D-01 7.5D-06 0.0D+00 3.1D-01 0.0D+00       24      139       25      250  S
     17      1   2.0702167133442528D-01 4.9D-09 0.0D+00 4.4D-09 0.0D+00       22      146       22      220  S
     17      1   2.1761304364948766D-01 6.8D-09 0.0D+00 9.3D-09 0.0D+00       22      181       22      220  S
     17      1   2.1492993869314317D-01 5.9D-09 0.0D+00 4.4D-10 0.0D+00       21      162       21      210  S
     17      1   2.1093559885632621D-01 6.1D-09 0.0D+00 1.6D-07 0.0D+00       23      178       23      230  S
     17      1   2.1838988109962015D-01 6.8D-09 0.0D+00 2.6D-08 0.0D+00       23      236       23      230  S
     17      1   2.0633733585709949D-01 5.6D-09 0.0D+00 4.2D-09 0.0D+00       22      143       22      220  S
     17      1   2.1761304364908218D-01 6.8D-09 0.0D+00 5.1D-09 0.0D+00       21      134       21      210  S
     17      1   2.1838988109917634D-01 6.8D-09 0.0D+00 4.5D-09 0.0D+00       22      157       22      220  S
     17      1   2.1838988109924301D-01 6.8D-09 0.0D+00 9.5D-09 0.0D+00       22      177       22      220  S
     17      1   2.1840560602991588D-01 6.4D-09 0.0D+00 8.2D-09 0.0D+00       21      218       21      210  S
     17      1   2.1838988109884852D-01 6.8D-09 0.0D+00 8.8D-09 0.0D+00       22      159       22      220  S
     17      1   2.1838988109769869D-01 6.8D-09 0.0D+00 6.8D-08 0.0D+00       23      178       23      230  S
     17      1   2.0702167133435820D-01 4.9D-09 0.0D+00 9.1D-09 0.0D+00       22      142       22      220  S
     17      1   2.1838988109762014D-01 6.8D-09 0.0D+00 8.6D-08 0.0D+00       23      177       23      230  S
     17      1   2.1788403873725454D-01 6.6D-09 0.0D+00 2.8D-08 0.0D+00       23      165       23      230  S
     17      1   2.0702167133438065D-01 4.9D-09 0.0D+00 1.5D-08 0.0D+00       23      152       23      230  S
     17      1   2.2352823861753973D-01 6.4D-07 0.0D+00 1.8D-01 0.0D+00       24      137       25      250  S
     17      1   2.0633733585548941D-01 5.6D-09 0.0D+00 1.7D-07 0.0D+00       23      144       23      230  S
     17      1   2.0702167133440999D-01 4.9D-09 0.0D+00 8.2D-09 0.0D+00       22      150       22      220  S
     17      1   2.1838988109696378D-01 6.8D-09 0.0D+00 1.5D-07 0.0D+00       23      191       23      230  S
     17      1   2.1761304364704451D-01 6.8D-09 0.0D+00 1.4D-07 0.0D+00       22      166       22      220  S
     17      1   2.1838988109867796D-01 6.8D-09 0.0D+00 6.0D-09 0.0D+00       22      138       22      220  S
     17      1   2.1838988109839805D-01 6.8D-09 0.0D+00 1.0D-08 0.0D+00       22      167       22      220  S
     17      1   2.0633733585725497D-01 5.6D-09 0.0D+00 6.9D-10 0.0D+00       22      161       22      220  S
     17      1   2.0702167133437310D-01 4.9D-09 0.0D+00 5.6D-09 0.0D+00       22      143       22      220  S
     17      1   2.0702167133436439D-01 4.9D-09 0.0D+00 9.1D-09 0.0D+00       22      162       22      220  S
     17      1   2.1788403873728032D-01 6.6D-09 0.0D+00 3.2D-09 0.0D+00       22      156       22      220  S
     17      1   2.1838988109868904D-01 6.8D-09 0.0D+00 6.5D-09 0.0D+00       21      138       21      210  S
     17      1   2.1838988109683000D-01 6.8D-09 0.0D+00 1.3D-07 0.0D+00       23      161       23      230  S
     17      1   2.0791038660334626D-01 5.4D-09 0.0D+00 2.4D-07 0.0D+00       24      196       24      240  S
     17      1   2.0633733585703670D-01 5.6D-09 0.0D+00 6.3D-09 0.0D+00       22      144       22      220  S
     17      1   2.1838988109634064D-01 6.8D-09 0.0D+00 1.5D-07 0.0D+00       22      159       22      220  S
     17      1   2.0702167133439620D-01 4.9D-09 0.0D+00 5.8D-09 0.0D+00       22      146       22      220  S
     17      1   2.1838988109836843D-01 6.8D-09 0.0D+00 7.0D-09 0.0D+00       21      146       21      210  S
     17      1   2.1838988109581164D-01 6.8D-09 0.0D+00 2.2D-07 0.0D+00       22      185       22      220  S
     17      1   2.1838988109949276D-01 6.8D-09 0.0D+00 8.4D-09 0.0D+00       22      170       22      220  S
     17      1   2.1840560602798964D-01 6.4D-09 0.0D+00 6.9D-08 0.0D+00       23      243       23      230  S
     17      1   2.1761304364950243D-01 6.8D-09 0.0D+00 8.8D-09 0.0D+00       22      136       22      220  S
     17      1   2.1907281502177739D-01 5.1D-09 0.0D+00 3.1D-07 0.0D+00       24      186       24      240  S
     17      1   2.1761304364945561D-01 6.8D-09 0.0D+00 2.0D-09 0.0D+00       22      164       22      220  S
     17      1   2.0633733585427921D-01 5.6D-09 0.0D+00 3.2D-07 0.0D+00       24      157       24      240  S
     17      1   2.0702167133426821D-01 4.9D-09 0.0D+00 5.2D-09 0.0D+00       22      137       22      220  S
     17      1   2.1838988109879443D-01 6.8D-09 0.0D+00 4.5D-09 0.0D+00       22      156       22      220  S
     17      1   2.1761304364529052D-01 6.8D-09 0.0D+00 3.2D-07 0.0D+00       23      154       23      230  S
     17      1   2.1291884168576772D-01 6.1D-09 0.0D+00 2.3D-10 0.0D+00       22      174       22      220  S
     17      1   2.1838988109858526D-01 6.8D-09 0.0D+00 8.7D-09 0.0D+00       21      163       21      210  S
     17      1   2.1838988109879570D-01 6.8D-09 0.0D+00 1.4D-08 0.0D+00       24      184       24      240  S
     17      1   2.1787059949378584D-01 6.1D-09 0.0D+00 8.0D-09 0.0D+00       22      177       22      220  S
     17      1   2.1838988109903465D-01 6.8D-09 0.0D+00 4.9D-09 0.0D+00       21      132       21      210  S
     17      1   2.1838988109899013D-01 6.8D-09 0.0D+00 6.8D-09 0.0D+00       21      151       21      210  S
     17      1   2.1717171968462964D-01 7.8D-09 0.0D+00 6.5D-09 0.0D+00       22      140       22      220  S
