     11      1   2.8111714366486895D-01 5.8D-09 0.0D+00 2.5D-07 0.0D+00       22      165       22      220  S
     11      1   2.7218427755283903D-01 7.5D-09 0.0D+00 3.3D-07 0.0D+00       23      174       23      230  S
     11      1   2.8382297777889920D-01 5.9D-09 0.0D+00 3.2D-07 0.0D+00       23      178       23      230  S
     11      1   2.7218427755327712D-01 7.5D-09 0.0D+00 3.1D-07 0.0D+00       23      177       23      230  S
     11      1   2.7218427755776886D-01 7.5D-09 0.0D+00 4.1D-09 0.0D+00       22      151       22      220  S
     11      1   2.8111714366886498D-01 5.8D-09 0.0D+00 1.6D-08 0.0D+00       24      201       24      240  S
     11      1   2.8680639580954609D-01 5.6D-09 0.0D+00 3.3D-09 0.0D+00       22      178       22      220  S
     11      1   2.8436583998786930D-01 6.2D-09 0.0D+00 1.2D-09 0.0D+00       22      171       22      220  S
     11      1   2.7218427755748886D-01 7.5D-09 0.0D+00 6.0D-09 0.0D+00       21      159       21      210  S
     11      1   2.7218427755803987D-01 7.5D-09 0.0D+00 1.4D-08 0.0D+00       23      164       23      230  S
     11      1   2.7218427755772823D-01 7.5D-09 0.0D+00 1.6D-08 0.0D+00       24      174       24      240  S
     11      1   2.8111714366847135D-01 5.8D-09 0.0D+00 4.2D-09 0.0D+00       21      170       21      210  S
     11      1   2.8543205338768368D-01 5.9D-09 0.0D+00 7.2D-08 0.0D+00       24      179       24      240  S
     11      1   2.8680639580857742D-01 5.6D-09 0.0D+00 1.6D-07 0.0D+00       22      197       22      220  S
     11      1   2.7218427755804708D-01 7.5D-09 0.0D+00 1.0D-08 0.0D+00       22      182       22      220  S
     11      1   2.8382297777995125D-01 5.9D-09 0.0D+00 1.6D-07 0.0D+00       23      176       23      230  S
     11      1   2.8543205338844879D-01 5.9D-09 0.0D+00 2.6D-09 0.0D+00       21      156       21      210  S
     11      1   2.8111714366899843D-01 5.8D-09 0.0D+00 7.9D-09 0.0D+00       22      161       22      220  S
     11      1   4.8863797387995317D-01 6.0D-03 0.0D+00 1.0D+00 0.0D+00       22      140       23      230  S
     11      1   2.8497537449667792D-01 5.9D-09 0.0D+00 5.2D-09 0.0D+00       21      183       21      210  S
     11      1   2.7218427755379315D-01 7.5D-09 0.0D+00 2.8D-07 0.0D+00       23      166       23      230  S
     11      1   2.8111714366880897D-01 5.8D-09 0.0D+00 6.4D-09 0.0D+00       22      172       22      220  S
     11      1   2.8111714366893659D-01 5.8D-09 0.0D+00 8.7D-09 0.0D+00       23      212       23      230  S
     11      1   2.7218427755805297D-01 7.5D-09 0.0D+00 9.8D-10 0.0D+00       22      154       22      220  S
     11      1   2.8436583998559783D-01 6.2D-09 0.0D+00 2.6D-07 0.0D+00       23      211       23      230  S
     11      1   2.8382297778155496D-01 5.9D-09 0.0D+00 4.9D-09 0.0D+00       22      147       22      220  S
     11      1   2.8436583998814075D-01 6.2D-09 0.0D+00 1.8D-08 0.0D+00       24      174       24      240  S
     11      1   2.8436583998751247D-01 6.2D-09 0.0D+00 7.2D-09 0.0D+00       21      174       21      210  S
     11      1   2.8382297778148358D-01 5.9D-09 0.0D+00 3.1D-09 0.0D+00       21      153       21      210  S
     11      1   2.8111714366869917D-01 5.8D-09 0.0D+00 5.4D-09 0.0D+00       22      177       22      220  S
     11      1   2.7218427755461594D-01 7.5D-09 0.0D+00 1.5D-07 0.0D+00       21      163       21      210  S
     11      1   2.7218427755813046D-01 7.5D-09 0.0D+00 3.9D-09 0.0D+00       22      137       22      220  S
     11      1   2.7218427755828123D-01 7.5D-09 0.0D+00 8.3D-09 0.0D+00       22      151       22      220  S
     11      1   2.1034585679780587D-01 2.4D-01 0.0D+00 1.0D+00 0.0D+00        0        0        1       10  F
     11      1   2.7218427755779728D-01 7.5D-09 0.0D+00 3.9D-09 0.0D+00       21      146       21      210  S
     11      1   2.7218427755246882D-01 7.5D-09 0.0D+00 3.4D-07 0.0D+00       23      170       23      230  S
     11      1   2.8111714366829321D-01 5.8D-09 0.0D+00 2.3D-08 0.0D+00       24      179       24      240  S
     11      1   2.7218427755847940D-01 7.5D-09 0.0D+00 3.1D-09 0.0D+00       21      164       21      210  S
     11      1   2.7218427755823754D-01 7.5D-09 0.0D+00 7.4D-09 0.0D+00       21      153       21      210  S
     11      1   2.8382297778163917D-01 5.9D-09 0.0D+00 6.3D-09 0.0D+00       22      164       22      220  S
     11      1   2.8382297778152171D-01 5.9D-09 0.0D+00 1.9D-08 0.0D+00       23      156       23      230  S
     11      1   2.8543205338850436D-01 5.9D-09 0.0D+00 9.3D-09 0.0D+00       22      165       22      220  S
     11      1   3.2887511758549465D-01 2.8D-07 0.0D+00 1.0D+00 0.0D+00       25      260       26      260  S
     11      1   2.8436583998753739D-01 6.2D-09 0.0D+00 3.0D-08 0.0D+00       23      198       23      230  S
     11      1   2.7218427755516378D-01 7.5D-09 0.0D+00 1.3D-07 0.0D+00       22      175       22      220  S
     11      1   2.8382297778060800D-01 5.9D-09 0.0D+00 9.9D-08 0.0D+00       23      182       23      230  S
     11      1   2.8436583998716519D-01 6.2D-09 0.0D+00 9.7D-09 0.0D+00       20      145       20      200  S
     11      1   2.8680639580965711D-01 5.6D-09 0.0D+00 9.2D-09 0.0D+00       22      174       22      220  S
     11      1   2.8436583998770754D-01 6.2D-09 0.0D+00 1.6D-09 0.0D+00       22      173       22      220  S
     11      1   2.7549196648699725D-01 5.1D-09 0.0D+00 9.5D-09 0.0D+00       21      174       21      210  S
     11      1   2.8111714366572227D-01 5.8D-09 0.0D+00 3.1D-07 0.0D+00       24      184       24      240  S
     11      1   2.8382297778124949D-01 5.9D-09 0.0D+00 7.4D-09 0.0D+00       20      145       20      200  S
     11      1   2.8111714366922813D-01 5.8D-09 0.0D+00 3.3D-09 0.0D+00       22      170       22      220  S
     11      1   2.7218427755729918D-01 7.5D-09 0.0D+00 4.0D-08 0.0D+00       23      186       23      230  S
     11      1   2.8382297777869947D-01 5.9D-09 0.0D+00 3.3D-07 0.0D+00       23      160       23      230  S
     11      1   3.0021408098865032D-01 7.7D-09 0.0D+00 2.5D-07 0.0D+00       24      170       24      240  S
     11      1   2.7218427755744917D-01 7.5D-09 0.0D+00 7.7D-09 0.0D+00       21      158       21      210  S
     11      1   2.8111714366607465D-01 5.8D-09 0.0D+00 3.1D-07 0.0D+00       24      180       24      240  S
     11      1   2.7218427755782998D-01 7.5D-09 0.0D+00 1.8D-08 0.0D+00       23      166       23      230  S
     11      1   2.8436583998748988D-01 6.2D-09 0.0D+00 2.8D-09 0.0D+00       21      183       21      210  S
     11      1   2.8680639580820066D-01 5.6D-09 0.0D+00 1.4D-07 0.0D+00       23      185       23      230  S
     11      1   2.8543205338556321D-01 5.9D-09 0.0D+00 3.1D-07 0.0D+00       23      175       23      230  S
     11      1   3.0022138278681149D-01 7.7D-09 0.0D+00 8.4D-09 0.0D+00       21      152       21      210  S
     11      1   2.8446063219271056D-01 6.1D-09 0.0D+00 6.8D-09 0.0D+00       21      191       21      210  S
     11      1   2.7218427755799302D-01 7.5D-09 0.0D+00 4.8D-09 0.0D+00       22      145       22      220  S
     11      1   2.8680639580803624D-01 5.6D-09 0.0D+00 3.0D-07 0.0D+00       23      166       23      230  S
     11      1   2.8111714366781748D-01 5.8D-09 0.0D+00 6.8D-08 0.0D+00       23      214       23      230  S
     11      1   2.8111714366893276D-01 5.8D-09 0.0D+00 4.2D-09 0.0D+00       22      171       22      220  S
     11      1   2.7218427755379221D-01 7.5D-09 0.0D+00 2.7D-07 0.0D+00       24      167       24      240  S
     11      1   2.7218427755357105D-01 7.5D-09 0.0D+00 2.8D-07 0.0D+00       23      182       23      230  S
     11      1   2.8111714366865570D-01 5.8D-09 0.0D+00 1.6D-09 0.0D+00       22      169       22      220  S
     11      1   3.0022138297095258D-01 7.7D-09 0.0D+00 2.0D-09 0.0D+00       22      177       22      220  S
     11      1   2.8680639580952305D-01 5.6D-09 0.0D+00 8.2D-08 0.0D+00       23      180       23      230  S
     11      1   2.8436583998613923D-01 6.2D-09 0.0D+00 1.4D-07 0.0D+00       24      207       24      240  S
     11      1   2.7218427755369534D-01 7.5D-09 0.0D+00 2.6D-07 0.0D+00       24      174       24      240  S
     11      1   2.8111714366733120D-01 5.8D-09 0.0D+00 5.3D-09 0.0D+00       21      143       21      210  S
     11      1   2.7218427755828062D-01 7.5D-09 0.0D+00 2.3D-09 0.0D+00       22      159       22      220  S
     11      1   2.8382297778171806D-01 5.9D-09 0.0D+00 8.8D-09 0.0D+00       22      166       22      220  S
     11      1   2.8111714366858764D-01 5.8D-09 0.0D+00 1.6D-10 0.0D+00       22      158       22      220  S
     11      1   2.8111714366902801D-01 5.8D-09 0.0D+00 1.2D-08 0.0D+00       24      174       24      240  S
     11      1   2.8382297777887266D-01 5.9D-09 0.0D+00 2.3D-07 0.0D+00       22      151       22      220  S
     11      1   2.7218427755762625D-01 7.5D-09 0.0D+00 2.4D-10 0.0D+00       21      144       21      210  S
     11      1   2.8111714366878920D-01 5.8D-09 0.0D+00 9.1D-09 0.0D+00       22      170       22      220  S
     11      1   2.8543205338875094D-01 5.9D-09 0.0D+00 4.8D-09 0.0D+00       22      181       22      220  S
     11      1   3.2632853653121818D-01 8.5D-09 0.0D+00 8.6D-10 0.0D+00       21      166       21      210  S
     11      1   2.7218427755381563D-01 7.5D-09 0.0D+00 3.0D-07 0.0D+00       23      175       23      230  S
     11      1   2.8436583998702925D-01 6.2D-09 0.0D+00 1.0D-09 0.0D+00       20      137       20      200  S
     11      1   2.8111714366850116D-01 5.8D-09 0.0D+00 2.9D-09 0.0D+00       21      154       21      210  S
 no information
     11      1   2.8382297777903315D-01 5.9D-09 0.0D+00 2.7D-07 0.0D+00       24      174       24      240  S
     11      1   2.8680639580992845D-01 5.6D-09 0.0D+00 2.3D-08 0.0D+00       22      188       22      220  S
     11      1   2.8436583998626225D-01 6.2D-09 0.0D+00 1.5D-07 0.0D+00       22      191       22      220  S
     11      1   2.7218427755376906D-01 7.5D-09 0.0D+00 3.1D-07 0.0D+00       23      182       23      230  S
     11      1   2.8111714366867063D-01 5.8D-09 0.0D+00 1.8D-10 0.0D+00       22      179       22      220  S
     11      1   2.9564160179006282D-01 6.2D-09 0.0D+00 9.0D-09 0.0D+00       22      180       22      220  S
     11      1   2.7218427755782099D-01 7.5D-09 0.0D+00 5.5D-09 0.0D+00       22      132       22      220  S
     11      1   2.7218427755784996D-01 7.5D-09 0.0D+00 3.4D-09 0.0D+00       22      155       22      220  S
     11      1   2.8382297778198301D-01 5.9D-09 0.0D+00 7.4D-09 0.0D+00       22      155       22      220  S
     11      1   2.8436583998860016D-01 6.2D-09 0.0D+00 3.1D-09 0.0D+00       21      166       21      210  S
     11      1   2.7218427755756963D-01 7.5D-09 0.0D+00 2.6D-09 0.0D+00       21      142       21      210  S
     11      1   2.8436583998744153D-01 6.2D-09 0.0D+00 8.3D-09 0.0D+00       21      183       21      210  S
     11      1   2.8680639580929695D-01 5.6D-09 0.0D+00 2.3D-08 0.0D+00       23      166       23      230  S
     11      1   2.7218427755788843D-01 7.5D-09 0.0D+00 8.7D-09 0.0D+00       22      141       22      220  S
     11      1   2.7218427755820002D-01 7.5D-09 0.0D+00 4.6D-09 0.0D+00       22      163       22      220  S
     11      1   2.7218427755788960D-01 7.5D-09 0.0D+00 9.3D-09 0.0D+00       21      162       21      210  S
     11      1   1.6464707211466462D-01 3.4D-01 0.0D+00 1.0D+00 0.0D+00        0        0        1       10  F
     11      1   2.8111714366878326D-01 5.8D-09 0.0D+00 6.1D-09 0.0D+00       21      170       21      210  S
     11      1   2.7218427755296803D-01 7.5D-09 0.0D+00 3.2D-07 0.0D+00       23      168       23      230  S
     11      1   2.7218427755573399D-01 7.5D-09 0.0D+00 1.4D-07 0.0D+00       23      165       23      230  S
     11      1   2.8436583998791876D-01 6.2D-09 0.0D+00 8.4D-09 0.0D+00       21      185       21      210  S
     11      1   2.7218427755293245D-01 7.5D-09 0.0D+00 3.0D-07 0.0D+00       22      160       22      220  S
     11      1   2.7218427755784380D-01 7.5D-09 0.0D+00 2.4D-09 0.0D+00       22      147       22      220  S
     11      1   2.8680639581031159D-01 5.6D-09 0.0D+00 1.3D-08 0.0D+00       23      162       23      230  S
     11      1   2.8680639580974837D-01 5.6D-09 0.0D+00 6.2D-09 0.0D+00       22      150       22      220  S
     11      1   2.8436583998771198D-01 6.2D-09 0.0D+00 9.4D-09 0.0D+00       22      171       22      220  S
     11      1   2.8382297778144266D-01 5.9D-09 0.0D+00 9.2D-10 0.0D+00       22      157       22      220  S
     11      1   3.0022138278914345D-01 7.7D-09 0.0D+00 1.7D-08 0.0D+00       22      180       22      220  S
     11      1   2.7218427755764829D-01 7.5D-09 0.0D+00 1.5D-09 0.0D+00       22      147       22      220  S
     11      1   2.8111714366568702D-01 5.8D-09 0.0D+00 3.1D-07 0.0D+00       23      169       23      230  S
     11      1   2.7218427755859853D-01 7.5D-09 0.0D+00 7.7D-09 0.0D+00       22      139       22      220  S
     11      1   2.8111714366699209D-01 5.8D-09 0.0D+00 1.2D-07 0.0D+00       22      149       22      220  S
     11      1   2.8543205338843669D-01 5.9D-09 0.0D+00 1.0D-08 0.0D+00       23      183       23      230  S
     11      1   2.7218427755297259D-01 7.5D-09 0.0D+00 3.1D-07 0.0D+00       23      183       23      230  S
     11      1   2.8680639580762118D-01 5.6D-09 0.0D+00 3.1D-07 0.0D+00       23      178       23      230  S
     11      1   2.8111714366884244D-01 5.8D-09 0.0D+00 1.2D-08 0.0D+00       23      166       23      230  S
     11      1   2.8111714366841339D-01 5.8D-09 0.0D+00 7.2D-09 0.0D+00       20      162       20      200  S
     11      1   2.8111714366748514D-01 5.8D-09 0.0D+00 1.4D-07 0.0D+00       25      202       25      250  S
     11      1   2.8111714366808860D-01 5.8D-09 0.0D+00 7.2D-08 0.0D+00       24      186       24      240  S
     11      1   2.8446063219230044D-01 6.1D-09 0.0D+00 2.3D-08 0.0D+00       23      179       23      230  S
     11      1   2.8111714366732821D-01 5.8D-09 0.0D+00 1.6D-07 0.0D+00       23      191       23      230  S
     11      1   2.7218427755807756D-01 7.5D-09 0.0D+00 9.9D-09 0.0D+00       22      160       22      220  S
     11      1   2.8543205338658034D-01 5.9D-09 0.0D+00 2.2D-07 0.0D+00       22      164       22      220  S
     11      1   2.8382297778125143D-01 5.9D-09 0.0D+00 8.3D-09 0.0D+00       20      138       20      200  S
     11      1   2.8382297778148791D-01 5.9D-09 0.0D+00 7.4D-09 0.0D+00       22      148       22      220  S
     11      1   2.8111714366868168D-01 5.8D-09 0.0D+00 5.6D-10 0.0D+00       22      174       22      220  S
     11      1   1.9349175965548221D-01 2.4D-01 0.0D+00 1.0D+00 0.0D+00        0        0        1       10  F
     11      1   2.8680639581046230D-01 5.6D-09 0.0D+00 2.4D-08 0.0D+00       24      197       24      240  S
     11      1   2.8543205338770611D-01 5.9D-09 0.0D+00 9.8D-08 0.0D+00       23      159       23      230  S
     11      1   2.8111714366844875D-01 5.8D-09 0.0D+00 6.8D-09 0.0D+00       21      177       21      210  S
     11      1   2.7218427755228308D-01 7.5D-09 0.0D+00 3.2D-07 0.0D+00       22      170       22      220  S
     11      1   2.8111714366877716D-01 5.8D-09 0.0D+00 3.5D-09 0.0D+00       22      179       22      220  S
     11      1   2.8111714366859303D-01 5.8D-09 0.0D+00 2.6D-09 0.0D+00       21      156       21      210  S
     11      1   2.8497537449418986D-01 5.9D-09 0.0D+00 7.0D-09 0.0D+00       21      155       21      210  S
     11      1   2.7218427755311897D-01 7.5D-09 0.0D+00 3.1D-07 0.0D+00       23      178       23      230  S
     11      1   2.8111714366439544D-01 5.8D-09 0.0D+00 3.2D-07 0.0D+00       22      157       22      220  S
     11      1   2.8111714366859314D-01 5.8D-09 0.0D+00 6.5D-09 0.0D+00       22      178       22      220  S
     11      1   2.8382297778145871D-01 5.9D-09 0.0D+00 8.3D-09 0.0D+00       22      158       22      220  S
     11      1   2.8382297778163285D-01 5.9D-09 0.0D+00 4.4D-09 0.0D+00       22      145       22      220  S
     11      1   2.7218427755802665D-01 7.5D-09 0.0D+00 2.8D-09 0.0D+00       22      150       22      220  S
     11      1   2.8543205338685435D-01 5.9D-09 0.0D+00 1.7D-07 0.0D+00       23      168       23      230  S
     11      1   2.7218427755572561D-01 7.5D-09 0.0D+00 1.6D-07 0.0D+00       23      168       23      230  S
     11      1   2.7218427755785857D-01 7.5D-09 0.0D+00 2.4D-09 0.0D+00       22      173       22      220  S
     11      1   2.7218427755800240D-01 7.5D-09 0.0D+00 6.6D-09 0.0D+00       22      158       22      220  S
     11      1   2.8111714366728707D-01 5.8D-09 0.0D+00 2.1D-07 0.0D+00       23      195       23      230  S
     11      1   2.8382297778181675D-01 5.9D-09 0.0D+00 5.6D-09 0.0D+00       22      160       22      220  S
     11      1   2.8111714366914503D-01 5.8D-09 0.0D+00 1.4D-09 0.0D+00       23      176       23      230  S
     11      1   2.7218427755242730D-01 7.5D-09 0.0D+00 3.3D-07 0.0D+00       23      165       23      230  S
     11      1   2.8111714366725110D-01 5.8D-09 0.0D+00 1.5D-07 0.0D+00       24      179       24      240  S
     11      1   2.7218427755708119D-01 7.5D-09 0.0D+00 8.8D-10 0.0D+00       21      158       21      210  S
     11      1   2.7218427755772201D-01 7.5D-09 0.0D+00 2.1D-09 0.0D+00       22      153       22      220  S
     11      1   2.8382297778114829D-01 5.9D-09 0.0D+00 7.9D-09 0.0D+00       20      133       20      200  S
     11      1   2.7218427755383484D-01 7.5D-09 0.0D+00 3.2D-07 0.0D+00       23      159       23      230  S
     11      1   3.2632853653131866D-01 8.5D-09 0.0D+00 2.5D-09 0.0D+00       21      161       21      210  S
     11      1   2.7218427755740870D-01 7.5D-09 0.0D+00 1.2D-08 0.0D+00       22      169       22      220  S
     11      1   2.8680639581054962D-01 5.6D-09 0.0D+00 2.0D-09 0.0D+00       22      147       22      220  S
     11      1   2.7218427755755631D-01 7.5D-09 0.0D+00 2.1D-09 0.0D+00       21      171       21      210  S
     11      1   2.8111714366887225D-01 5.8D-09 0.0D+00 3.5D-09 0.0D+00       22      172       22      220  S
     11      1   2.8436583998766668D-01 6.2D-09 0.0D+00 2.0D-10 0.0D+00       22      189       22      220  S
     11      1   2.8111714366897561D-01 5.8D-09 0.0D+00 7.5D-09 0.0D+00       22      186       22      220  S
     11      1   2.7218427755823016D-01 7.5D-09 0.0D+00 2.8D-08 0.0D+00       24      175       24      240  S
     11      1   2.8111714366868706D-01 5.8D-09 0.0D+00 5.8D-09 0.0D+00       22      176       22      220  S
     11      1   2.7549196648526741D-01 5.1D-09 0.0D+00 3.0D-07 0.0D+00       22      182       22      220  S
     11      1   2.8680639580673284D-01 5.6D-09 0.0D+00 2.9D-07 0.0D+00       23      168       23      230  S
     11      1   2.8382297778139426D-01 5.9D-09 0.0D+00 9.6D-10 0.0D+00       22      143       22      220  S
     11      1   2.8436583998550369D-01 6.2D-09 0.0D+00 1.6D-07 0.0D+00       21      150       21      210  S
     11      1   2.7218427755878877D-01 7.5D-09 0.0D+00 9.0D-09 0.0D+00       21      174       21      210  S
     11      1   2.7218427755406738D-01 7.5D-09 0.0D+00 2.4D-07 0.0D+00       22      188       22      220  S
     11      1   2.8446063218939610D-01 6.1D-09 0.0D+00 3.1D-07 0.0D+00       24      171       24      240  S
     11      1   3.8119334675299699D-01 8.4D-09 0.0D+00 1.4D-11 0.0D+00       21      167       21      210  S
     11      1   2.8446063219304918D-01 6.1D-09 0.0D+00 9.0D-09 0.0D+00       22      177       22      220  S
     11      1   2.8111714366632506D-01 5.8D-09 0.0D+00 2.9D-07 0.0D+00       24      190       24      240  S
     11      1   2.8111714366697782D-01 5.8D-09 0.0D+00 1.5D-07 0.0D+00       22      191       22      220  S
     11      1   3.2632853652807225D-01 8.5D-09 0.0D+00 1.6D-07 0.0D+00       22      157       22      220  S
     11      1   2.8111714366744328D-01 5.8D-09 0.0D+00 9.6D-09 0.0D+00       20      131       20      200  S
     11      1   2.8111714366909413D-01 5.8D-09 0.0D+00 8.0D-09 0.0D+00       22      209       22      220  S
     11      1   2.8436583998704140D-01 6.2D-09 0.0D+00 4.5D-09 0.0D+00       20      136       20      200  S
     11      1   2.7218427755642682D-01 7.5D-09 0.0D+00 1.2D-07 0.0D+00       23      198       23      230  S
     11      1   2.7218427755780861D-01 7.5D-09 0.0D+00 6.9D-09 0.0D+00       22      143       22      220  S
     11      1   2.8543205338875044D-01 5.9D-09 0.0D+00 9.5D-09 0.0D+00       21      163       21      210  S
     11      1   2.8111714366565249D-01 5.8D-09 0.0D+00 3.2D-07 0.0D+00       23      174       23      230  S
     11      1   2.7218427755706076D-01 7.5D-09 0.0D+00 7.8D-08 0.0D+00       23      171       23      230  S
     11      1   2.8436583998451515D-01 6.2D-09 0.0D+00 3.1D-07 0.0D+00       23      181       23      230  S
     11      1   2.8111714366596047D-01 5.8D-09 0.0D+00 3.3D-07 0.0D+00       24      169       24      240  S
     11      1   2.7218427755741098D-01 7.5D-09 0.0D+00 6.3D-09 0.0D+00       21      148       21      210  S
     11      1   2.8680639580943373D-01 5.6D-09 0.0D+00 2.3D-08 0.0D+00       24      207       24      240  S
     11      1   2.8111714366864415D-01 5.8D-09 0.0D+00 8.4D-10 0.0D+00       22      177       22      220  S
     11      1   2.7218427755803642D-01 7.5D-09 0.0D+00 2.5D-09 0.0D+00       22      153       22      220  S
     11      1   2.8446063219268963D-01 6.1D-09 0.0D+00 9.1D-09 0.0D+00       22      153       22      220  S
     11      1   2.8680639580938033D-01 5.6D-09 0.0D+00 2.2D-08 0.0D+00       23      193       23      230  S
     11      1   2.7218427755775138D-01 7.5D-09 0.0D+00 1.4D-09 0.0D+00       22      158       22      220  S
     11      1   2.8382297778168686D-01 5.9D-09 0.0D+00 2.0D-08 0.0D+00       24      195       24      240  S
     11      1   2.7218427755767999D-01 7.5D-09 0.0D+00 4.9D-09 0.0D+00       20      156       20      200  S
     11      1   2.7218427755734381D-01 7.5D-09 0.0D+00 3.3D-09 0.0D+00       21      140       21      210  S
     11      1   2.8543205338812555D-01 5.9D-09 0.0D+00 2.7D-09 0.0D+00       21      161       21      210  S
     11      1   2.8111714366903595D-01 5.8D-09 0.0D+00 4.2D-09 0.0D+00       22      183       22      220  S
     11      1   2.8436583998563914D-01 6.2D-09 0.0D+00 1.6D-07 0.0D+00       23      188       23      230  S
     11      1   2.8111714366897556D-01 5.8D-09 0.0D+00 8.7D-09 0.0D+00       23      199       23      230  S
     11      1   2.7218427755772318D-01 7.5D-09 0.0D+00 5.6D-09 0.0D+00       21      180       21      210  S
     11      1   2.8111714366899632D-01 5.8D-09 0.0D+00 1.6D-09 0.0D+00       22      164       22      220  S
     11      1   2.8543205338694672D-01 5.9D-09 0.0D+00 1.5D-07 0.0D+00       22      177       22      220  S
     11      1   2.8382297778088234D-01 5.9D-09 0.0D+00 6.7D-08 0.0D+00       24      197       24      240  S
     11      1   2.8382297778079391D-01 5.9D-09 0.0D+00 7.2D-08 0.0D+00       23      159       23      230  S
     11      1   2.8382297777852517D-01 5.9D-09 0.0D+00 3.1D-07 0.0D+00       23      170       23      230  S
     11      1   2.8436583998748122D-01 6.2D-09 0.0D+00 1.8D-08 0.0D+00       22      182       22      220  S
     11      1   2.8680639580912470D-01 5.6D-09 0.0D+00 5.8D-09 0.0D+00       22      163       22      220  S
     11      1   2.8111714366888058D-01 5.8D-09 0.0D+00 3.6D-09 0.0D+00       23      174       23      230  S
     11      1   2.7218427755517000D-01 7.5D-09 0.0D+00 1.4D-07 0.0D+00       22      195       22      220  S
     11      1   2.8111714366894353D-01 5.8D-09 0.0D+00 1.5D-09 0.0D+00       21      194       21      210  S
     11      1   2.7218427755755870D-01 7.5D-09 0.0D+00 6.4D-10 0.0D+00       21      153       21      210  S
     11      1   2.8680639580986783D-01 5.6D-09 0.0D+00 9.4D-09 0.0D+00       22      183       22      220  S
     11      1   2.8680639580916450D-01 5.6D-09 0.0D+00 9.7D-09 0.0D+00       22      145       22      220  S
     11      1   2.7218427755605457D-01 7.5D-09 0.0D+00 1.2D-07 0.0D+00       23      197       23      230  S
     11      1   2.8436583998585635D-01 6.2D-09 0.0D+00 1.3D-07 0.0D+00       22      158       22      220  S
     11      1   2.7218427755778740D-01 7.5D-09 0.0D+00 2.6D-08 0.0D+00       22      168       22      220  S
     11      1   2.7218427755628499D-01 7.5D-09 0.0D+00 1.3D-07 0.0D+00       24      160       24      240  S
     11      1   2.8436583998744147D-01 6.2D-09 0.0D+00 1.2D-09 0.0D+00       21      146       21      210  S
     11      1   2.8543205338515604D-01 5.9D-09 0.0D+00 3.2D-07 0.0D+00       22      163       22      220  S
     11      1   2.8680639581000922D-01 5.6D-09 0.0D+00 7.9D-09 0.0D+00       21      167       21      210  S
     11      1   2.8436583998769860D-01 6.2D-09 0.0D+00 1.0D-08 0.0D+00       24      199       24      240  S
     11      1   2.8382297778171006D-01 5.9D-09 0.0D+00 3.0D-09 0.0D+00       22      163       22      220  S
     11      1   2.8111714366645962D-01 5.8D-09 0.0D+00 2.1D-07 0.0D+00       23      183       23      230  S
     11      1   2.7218427755804708D-01 7.5D-09 0.0D+00 3.2D-09 0.0D+00       21      177       21      210  S
     11      1   2.7218427755793628D-01 7.5D-09 0.0D+00 4.1D-09 0.0D+00       22      168       22      220  S
     11      1   3.0022138278673560D-01 7.7D-09 0.0D+00 1.4D-08 0.0D+00       22      182       22      220  S
     11      1   2.7218427755737945D-01 7.5D-09 0.0D+00 9.0D-09 0.0D+00       21      145       21      210  S
     11      1   2.8111714366865093D-01 5.8D-09 0.0D+00 9.9D-09 0.0D+00       22      160       22      220  S
     11      1   2.8111714366906254D-01 5.8D-09 0.0D+00 8.6D-09 0.0D+00       22      164       22      220  S
     11      1   2.8111714366562729D-01 5.8D-09 0.0D+00 3.2D-07 0.0D+00       23      166       23      230  S
     11      1   2.8382297778206844D-01 5.9D-09 0.0D+00 2.2D-08 0.0D+00       23      174       23      230  S
     11      1   2.7218427755291297D-01 7.5D-09 0.0D+00 3.2D-07 0.0D+00       24      178       24      240  S
     11      1   2.8382297778160798D-01 5.9D-09 0.0D+00 4.3D-09 0.0D+00       22      144       22      220  S
     11      1   2.8111714366712787D-01 5.8D-09 0.0D+00 1.6D-07 0.0D+00       23      184       23      230  S
     11      1   2.8436583998724324D-01 6.2D-09 0.0D+00 1.3D-09 0.0D+00       21      171       21      210  S
     11      1   2.8111714366870760D-01 5.8D-09 0.0D+00 2.6D-10 0.0D+00       22      171       22      220  S
     11      1   2.8111714366639418D-01 5.8D-09 0.0D+00 3.0D-07 0.0D+00       24      203       24      240  S
     11      1   2.7218427755782698D-01 7.5D-09 0.0D+00 5.1D-09 0.0D+00       21      159       21      210  S
     11      1   2.8111714366870788D-01 5.8D-09 0.0D+00 9.9D-09 0.0D+00       22      174       22      220  S
     11      1   2.7218427755765262D-01 7.5D-09 0.0D+00 5.3D-09 0.0D+00       22      142       22      220  S
     11      1   2.8382297778146492D-01 5.9D-09 0.0D+00 1.8D-09 0.0D+00       21      149       21      210  S
     11      1   2.8436583998783427D-01 6.2D-09 0.0D+00 5.2D-09 0.0D+00       21      164       21      210  S
     11      1   2.8436583998744713D-01 6.2D-09 0.0D+00 1.1D-08 0.0D+00       22      178       22      220  S
     11      1   2.7218427755279412D-01 7.5D-09 0.0D+00 3.1D-07 0.0D+00       23      161       23      230  S
     11      1   2.8111714366612123D-01 5.8D-09 0.0D+00 2.7D-07 0.0D+00       23      166       23      230  S
     11      1   2.8382297778208754D-01 5.9D-09 0.0D+00 6.1D-11 0.0D+00       22      146       22      220  S
     11      1   2.8680639580973477D-01 5.6D-09 0.0D+00 5.4D-09 0.0D+00       22      186       22      220  S
     11      1   2.8111714366846519D-01 5.8D-09 0.0D+00 9.7D-10 0.0D+00       21      161       21      210  S
     11      1   2.8543205338655947D-01 5.9D-09 0.0D+00 1.6D-07 0.0D+00       23      184       23      230  S
     11      1   2.8680639580927342D-01 5.6D-09 0.0D+00 2.6D-08 0.0D+00       23      193       23      230  S
     11      1   2.8680639581047690D-01 5.6D-09 0.0D+00 1.9D-08 0.0D+00       23      179       23      230  S
     11      1   2.8111714366875001D-01 5.8D-09 0.0D+00 3.7D-09 0.0D+00       21      174       21      210  S
     11      1   2.8382297778167609D-01 5.9D-09 0.0D+00 9.5D-09 0.0D+00       22      165       22      220  S
     11      1   2.8382297778151877D-01 5.9D-09 0.0D+00 4.6D-09 0.0D+00       22      155       22      220  S
     11      1   2.8382297777845289D-01 5.9D-09 0.0D+00 3.1D-07 0.0D+00       23      161       23      230  S
     11      1   2.8543205338752353D-01 5.9D-09 0.0D+00 8.1D-08 0.0D+00       23      182       23      230  S
     11      1   2.8382297778179166D-01 5.9D-09 0.0D+00 2.6D-09 0.0D+00       22      152       22      220  S
     11      1   2.8543205338833011D-01 5.9D-09 0.0D+00 4.9D-09 0.0D+00       21      150       21      210  S
     11      1   2.8382297778203708D-01 5.9D-09 0.0D+00 8.6D-09 0.0D+00       22      163       22      220  S
     11      1   2.8111714366864143D-01 5.8D-09 0.0D+00 3.9D-09 0.0D+00       22      169       22      220  S
     11      1   2.7218427755834884D-01 7.5D-09 0.0D+00 2.6D-09 0.0D+00       22      173       22      220  S
     11      1   2.8382297778271220D-01 5.9D-09 0.0D+00 3.7D-09 0.0D+00       22      187       22      220  S
     11      1   2.8111714366563884D-01 5.8D-09 0.0D+00 3.3D-07 0.0D+00       23      168       23      230  S
     11      1   2.8111714366749663D-01 5.8D-09 0.0D+00 1.2D-07 0.0D+00       23      209       23      230  S
     11      1   3.0021408099383923D-01 7.7D-09 0.0D+00 3.9D-09 0.0D+00       22      157       22      220  S
     11      1   2.8680639580919470D-01 5.6D-09 0.0D+00 3.3D-09 0.0D+00       22      167       22      220  S
     11      1   2.8382297778162352D-01 5.9D-09 0.0D+00 1.7D-09 0.0D+00       22      162       22      220  S
     11      1   2.8680639580939854D-01 5.6D-09 0.0D+00 3.5D-08 0.0D+00       24      195       24      240  S
     11      1   2.7218427755836033D-01 7.5D-09 0.0D+00 5.0D-09 0.0D+00       22      150       22      220  S
     11      1   2.7218427755546853D-01 7.5D-09 0.0D+00 1.4D-07 0.0D+00       24      176       24      240  S
     11      1   2.7218427755792474D-01 7.5D-09 0.0D+00 2.9D-09 0.0D+00       22      146       22      220  S
     11      1   2.8543205338850136D-01 5.9D-09 0.0D+00 5.6D-09 0.0D+00       22      172       22      220  S
     11      1   2.8680639580852985D-01 5.6D-09 0.0D+00 6.2D-08 0.0D+00       24      184       24      240  S
     11      1   2.7218427755428926D-01 7.5D-09 0.0D+00 2.4D-07 0.0D+00       24      169       24      240  S
     11      1   2.8497537449296284D-01 5.9D-09 0.0D+00 1.4D-07 0.0D+00       22      169       22      220  S
     11      1   2.8111714366882512D-01 5.8D-09 0.0D+00 8.7D-09 0.0D+00       22      168       22      220  S
     11      1   2.8111714366873070D-01 5.8D-09 0.0D+00 7.6D-09 0.0D+00       22      181       22      220  S
     11      1   2.7218427755754038D-01 7.5D-09 0.0D+00 6.3D-10 0.0D+00       21      153       21      210  S
     11      1   2.8436583998717663D-01 6.2D-09 0.0D+00 3.2D-09 0.0D+00       20      155       20      200  S
     11      1   2.8111714366524559D-01 5.8D-09 0.0D+00 3.2D-07 0.0D+00       22      161       22      220  S
     11      1   2.8111714366850538D-01 5.8D-09 0.0D+00 3.4D-09 0.0D+00       22      177       22      220  S
     11      1   2.8111714366869139D-01 5.8D-09 0.0D+00 3.6D-09 0.0D+00       22      183       22      220  S
     11      1   2.8680639581034423D-01 5.6D-09 0.0D+00 9.6D-09 0.0D+00       22      153       22      220  S
     11      1   2.8382297777849202D-01 5.9D-09 0.0D+00 3.1D-07 0.0D+00       23      151       23      230  S
     11      1   2.7218427755762381D-01 7.5D-09 0.0D+00 7.2D-09 0.0D+00       21      168       21      210  S
     11      1   2.8111714366853313D-01 5.8D-09 0.0D+00 8.5D-09 0.0D+00       22      175       22      220  S
     11      1   2.8382297777870752D-01 5.9D-09 0.0D+00 3.0D-07 0.0D+00       23      163       23      230  S
     11      1   2.8111714366565793D-01 5.8D-09 0.0D+00 3.2D-07 0.0D+00       23      171       23      230  S
     11      1   2.7218427755749353D-01 7.5D-09 0.0D+00 9.3D-09 0.0D+00       21      154       21      210  S
     11      1   2.8436583998781151D-01 6.2D-09 0.0D+00 1.6D-09 0.0D+00       21      177       21      210  S
     11      1   2.8111714366905804D-01 5.8D-09 0.0D+00 2.5D-08 0.0D+00       23      167       23      230  S
     11      1   2.7218427755758168D-01 7.5D-09 0.0D+00 1.0D-09 0.0D+00       21      155       21      210  S
     11      1   2.7218427755588437D-01 7.5D-09 0.0D+00 1.2D-07 0.0D+00       24      174       24      240  S
     11      1   2.7218427755824032D-01 7.5D-09 0.0D+00 8.5D-09 0.0D+00       21      171       21      210  S
     11      1   2.8111714366857588D-01 5.8D-09 0.0D+00 1.4D-08 0.0D+00       24      183       24      240  S
     11      1   2.7218427755455105D-01 7.5D-09 0.0D+00 2.1D-07 0.0D+00       24      172       24      240  S
     11      1   2.8680639580697814D-01 5.6D-09 0.0D+00 3.1D-07 0.0D+00       23      167       23      230  S
     11      1   2.8680639580682471D-01 5.6D-09 0.0D+00 2.9D-07 0.0D+00       24      210       24      240  S
     11      1   2.8111714366590679D-01 5.8D-09 0.0D+00 2.8D-07 0.0D+00       22      176       22      220  S
     11      1   2.8111714366657770D-01 5.8D-09 0.0D+00 2.1D-07 0.0D+00       23      175       23      230  S
     11      1   2.7218427755854746D-01 7.5D-09 0.0D+00 5.8D-09 0.0D+00       22      157       22      220  S
     11      1   2.7218427755749314D-01 7.5D-09 0.0D+00 3.5D-08 0.0D+00       21      165       21      210  S
     11      1   2.8543205338855598D-01 5.9D-09 0.0D+00 4.7D-09 0.0D+00       21      174       21      210  S
     11      1   2.7218427755828872D-01 7.5D-09 0.0D+00 1.7D-09 0.0D+00       22      169       22      220  S
     11      1   2.8446063219254175D-01 6.1D-09 0.0D+00 2.7D-09 0.0D+00       22      179       22      220  S
     11      1   2.8680639580648498D-01 5.6D-09 0.0D+00 3.1D-07 0.0D+00       24      190       24      240  S
     11      1   2.8382297777878357D-01 5.9D-09 0.0D+00 2.9D-07 0.0D+00       24      155       24      240  S
     11      1   2.8382297777887072D-01 5.9D-09 0.0D+00 2.8D-07 0.0D+00       23      150       23      230  S
     11      1   2.8680639581019551D-01 5.6D-09 0.0D+00 9.3D-09 0.0D+00       22      167       22      220  S
     11      1   2.8382297778157461D-01 5.9D-09 0.0D+00 3.8D-09 0.0D+00       22      143       22      220  S
     11      1   2.8111714366643609D-01 5.8D-09 0.0D+00 2.8D-07 0.0D+00       24      195       24      240  S
     11      1   2.8382297778148241D-01 5.9D-09 0.0D+00 1.2D-08 0.0D+00       23      191       23      230  S
     11      1   2.7218427755770147D-01 7.5D-09 0.0D+00 9.4D-09 0.0D+00       22      155       22      220  S
     11      1   2.8111714366695079D-01 5.8D-09 0.0D+00 1.5D-07 0.0D+00       22      158       22      220  S
     11      1   2.8382297778150972D-01 5.9D-09 0.0D+00 7.2D-09 0.0D+00       22      135       22      220  S
     11      1   2.8543205338521271D-01 5.9D-09 0.0D+00 3.1D-07 0.0D+00       23      188       23      230  S
     11      1   2.7218427755788777D-01 7.5D-09 0.0D+00 2.0D-09 0.0D+00       22      147       22      220  S
     11      1   2.7218427755494340D-01 7.5D-09 0.0D+00 2.3D-07 0.0D+00       24      181       24      240  S
     11      1   2.7218427755784852D-01 7.5D-09 0.0D+00 7.0D-09 0.0D+00       22      170       22      220  S
     11      1   2.8111714366757262D-01 5.8D-09 0.0D+00 1.2D-07 0.0D+00       23      188       23      230  S
     11      1   2.8446063218948009D-01 6.1D-09 0.0D+00 3.1D-07 0.0D+00       23      159       23      230  S
     11      1   2.8382297777835258D-01 5.9D-09 0.0D+00 3.3D-07 0.0D+00       23      147       23      230  S
     11      1   3.2632853653240168D-01 8.5D-09 0.0D+00 2.6D-09 0.0D+00       21      170       21      210  S
     11      1   2.7218427755769742D-01 7.5D-09 0.0D+00 1.5D-09 0.0D+00       22      167       22      220  S
     11      1   2.8111714366716756D-01 5.8D-09 0.0D+00 1.3D-07 0.0D+00       23      179       23      230  S
     11      1   2.8111714366842672D-01 5.8D-09 0.0D+00 8.4D-09 0.0D+00       21      159       21      210  S
     11      1   2.9326472234509765D-01 1.9D-01 0.0D+00 1.0D+00 0.0D+00        0        0        1       10  F
     11      1   2.8111714366768964D-01 5.8D-09 0.0D+00 5.3D-11 0.0D+00       21      137       21      210  S
     11      1   2.8111714366885904D-01 5.8D-09 0.0D+00 9.3D-09 0.0D+00       23      154       23      230  S
     11      1   2.7218427755863711D-01 7.5D-09 0.0D+00 1.8D-08 0.0D+00       24      169       24      240  S
     11      1   2.8436583998750664D-01 6.2D-09 0.0D+00 5.4D-09 0.0D+00       21      161       21      210  S
     11      1   2.8382297778021742D-01 5.9D-09 0.0D+00 1.4D-07 0.0D+00       23      160       23      230  S
     11      1   2.7218427755769287D-01 7.5D-09 0.0D+00 4.5D-09 0.0D+00       22      157       22      220  S
     11      1   2.7218427755867886D-01 7.5D-09 0.0D+00 4.9D-09 0.0D+00       22      141       22      220  S
     11      1   2.7218427755608793D-01 7.5D-09 0.0D+00 1.6D-07 0.0D+00       24      193       24      240  S
     11      1   2.8543205338873462D-01 5.9D-09 0.0D+00 8.4D-09 0.0D+00       22      177       22      220  S
     11      1   2.8446063219075218D-01 6.1D-09 0.0D+00 2.4D-07 0.0D+00       23      182       23      230  S
     11      1   2.8436583998835568D-01 6.2D-09 0.0D+00 2.1D-08 0.0D+00       24      205       24      240  S
     11      1   2.7218427755271440D-01 7.5D-09 0.0D+00 3.4D-07 0.0D+00       23      154       23      230  S
     11      1   2.7218427755347102D-01 7.5D-09 0.0D+00 3.2D-07 0.0D+00       24      189       24      240  S
     11      1   2.8382297778160009D-01 5.9D-09 0.0D+00 9.2D-09 0.0D+00       22      164       22      220  S
     11      1   2.8111714366747587D-01 5.8D-09 0.0D+00 1.4D-07 0.0D+00       25      181       25      250  S
     11      1   2.8111714366692636D-01 5.8D-09 0.0D+00 5.9D-09 0.0D+00       20      156       20      200  S
     11      1   2.8382297778159932D-01 5.9D-09 0.0D+00 6.2D-09 0.0D+00       22      148       22      220  S
     11      1   2.8382297778051518D-01 5.9D-09 0.0D+00 1.0D-07 0.0D+00       23      171       23      230  S
     11      1   2.8680639580980233D-01 5.6D-09 0.0D+00 1.9D-09 0.0D+00       22      168       22      220  S
     11      1   2.8436583998796938D-01 6.2D-09 0.0D+00 9.0D-09 0.0D+00       22      177       22      220  S
     11      1   2.8111714366871476D-01 5.8D-09 0.0D+00 2.4D-08 0.0D+00       24      206       24      240  S
     11      1   2.8111714366886681D-01 5.8D-09 0.0D+00 5.8D-10 0.0D+00       21      184       21      210  S
     11      1   2.7218427755772306D-01 7.5D-09 0.0D+00 8.7D-09 0.0D+00       21      160       21      210  S
     11      1   2.8382297778152815D-01 5.9D-09 0.0D+00 9.7D-09 0.0D+00       22      144       22      220  S
     11      1   2.8111714366871954D-01 5.8D-09 0.0D+00 5.8D-09 0.0D+00       22      178       22      220  S
     11      1   2.8111714366883023D-01 5.8D-09 0.0D+00 1.9D-08 0.0D+00       23      173       23      230  S
     11      1   2.8111714366868412D-01 5.8D-09 0.0D+00 2.6D-09 0.0D+00       22      160       22      220  S
     11      1   2.8111714366913065D-01 5.8D-09 0.0D+00 2.5D-09 0.0D+00       22      193       22      220  S
     11      1   2.7218427755846031D-01 7.5D-09 0.0D+00 3.9D-09 0.0D+00       22      171       22      220  S
     11      1   2.8543205338920319D-01 5.9D-09 0.0D+00 6.8D-10 0.0D+00       22      203       22      220  S
     11      1   2.8680639580665995D-01 5.6D-09 0.0D+00 3.1D-07 0.0D+00       23      205       23      230  S
     11      1   2.8382297778014254D-01 5.9D-09 0.0D+00 1.6D-07 0.0D+00       23      159       23      230  S
     11      1   2.8446063218902556D-01 6.1D-09 0.0D+00 3.2D-07 0.0D+00       23      182       23      230  S
     11      1   2.7218427755797237D-01 7.5D-09 0.0D+00 2.0D-08 0.0D+00       24      163       24      240  S
     11      1   2.8680639581022799D-01 5.6D-09 0.0D+00 6.4D-09 0.0D+00       22      160       22      220  S
     11      1   2.8111714366852159D-01 5.8D-09 0.0D+00 5.8D-09 0.0D+00       21      186       21      210  S
     11      1   2.8543205338842431D-01 5.9D-09 0.0D+00 8.0D-09 0.0D+00       21      178       21      210  S
     11      1   2.7218427755752428D-01 7.5D-09 0.0D+00 8.9D-09 0.0D+00       21      159       21      210  S
     11      1   2.8111714366866630D-01 5.8D-09 0.0D+00 4.4D-09 0.0D+00       21      191       21      210  S
     11      1   2.8382297778052773D-01 5.9D-09 0.0D+00 1.5D-07 0.0D+00       23      161       23      230  S
     11      1   3.8119334675312050D-01 8.4D-09 0.0D+00 1.3D-08 0.0D+00       22      186       22      220  S
     11      1   2.8111714366737328D-01 5.8D-09 0.0D+00 1.0D-07 0.0D+00       22      146       22      220  S
     11      1   2.8436583998778941D-01 6.2D-09 0.0D+00 1.2D-08 0.0D+00       23      173       23      230  S
     11      1   2.7218427755806890D-01 7.5D-09 0.0D+00 6.7D-09 0.0D+00       22      155       22      220  S
     11      1   2.7218427755721364D-01 7.5D-09 0.0D+00 5.6D-09 0.0D+00       20      146       20      200  S
     11      1   2.8382297778158860D-01 5.9D-09 0.0D+00 1.3D-08 0.0D+00       24      180       24      240  S
     11      1   2.7218427755767843D-01 7.5D-09 0.0D+00 1.9D-08 0.0D+00       22      162       22      220  S
     11      1   2.8680639580885559D-01 5.6D-09 0.0D+00 1.5D-07 0.0D+00       23      159       23      230  S
     11      1   2.8543205338661615D-01 5.9D-09 0.0D+00 1.8D-07 0.0D+00       24      192       24      240  S
     11      1   2.7218427755785463D-01 7.5D-09 0.0D+00 1.8D-09 0.0D+00       22      153       22      220  S
     11      1   2.7218427755777963D-01 7.5D-09 0.0D+00 5.5D-09 0.0D+00       22      145       22      220  S
     11      1   2.7218427755823260D-01 7.5D-09 0.0D+00 2.2D-09 0.0D+00       22      164       22      220  S
     11      1   2.8680639580654144D-01 5.6D-09 0.0D+00 3.2D-07 0.0D+00       23      169       23      230  S
     11      1   2.8382297778151638D-01 5.9D-09 0.0D+00 5.6D-09 0.0D+00       21      160       21      210  S
     11      1   2.7218427755565716D-01 7.5D-09 0.0D+00 1.1D-07 0.0D+00       22      194       22      220  S
     11      1   2.7218427755806962D-01 7.5D-09 0.0D+00 6.7D-10 0.0D+00       22      162       22      220  S
     11      1   2.7218427755330482D-01 7.5D-09 0.0D+00 3.3D-07 0.0D+00       22      168       22      220  S
     11      1   2.8111714366867702D-01 5.8D-09 0.0D+00 5.3D-09 0.0D+00       21      202       21      210  S
     11      1   2.8436583998706150D-01 6.2D-09 0.0D+00 1.1D-07 0.0D+00       23      206       23      230  S
     11      1   2.7218427755258512D-01 7.5D-09 0.0D+00 3.1D-07 0.0D+00       22      162       22      220  S
     11      1   2.8680639581069750D-01 5.6D-09 0.0D+00 2.2D-08 0.0D+00       24      193       24      240  S
     11      1   2.8111714366876617D-01 5.8D-09 0.0D+00 1.6D-09 0.0D+00       22      190       22      220  S
     11      1   2.8543205338850602D-01 5.9D-09 0.0D+00 6.7D-09 0.0D+00       22      155       22      220  S
     11      1   2.7218427755834829D-01 7.5D-09 0.0D+00 9.2D-09 0.0D+00       22      168       22      220  S
     11      1   2.8111714366906465D-01 5.8D-09 0.0D+00 8.5D-09 0.0D+00       22      161       22      220  S
     11      1   2.8680639580764811D-01 5.6D-09 0.0D+00 3.1D-07 0.0D+00       23      171       23      230  S
     11      1   2.8111714366877066D-01 5.8D-09 0.0D+00 1.4D-10 0.0D+00       22      177       22      220  S
     11      1   2.7218427755742880D-01 7.5D-09 0.0D+00 1.2D-08 0.0D+00       22      159       22      220  S
     11      1   2.8543205338842548D-01 5.9D-09 0.0D+00 2.3D-09 0.0D+00       22      177       22      220  S
     11      1   2.7218427755847840D-01 7.5D-09 0.0D+00 5.0D-09 0.0D+00       22      152       22      220  S
     11      1   2.8111714366616769D-01 5.8D-09 0.0D+00 2.6D-07 0.0D+00       23      190       23      230  S
     11      1   2.8111714366561008D-01 5.8D-09 0.0D+00 3.2D-07 0.0D+00       23      193       23      230  S
     11      1   3.0022138297101281D-01 7.7D-09 0.0D+00 2.4D-09 0.0D+00       22      154       22      220  S
     11      1   2.8111714366849727D-01 5.8D-09 0.0D+00 6.9D-09 0.0D+00       22      180       22      220  S
     11      1   2.7218427755278268D-01 7.5D-09 0.0D+00 3.1D-07 0.0D+00       24      173       24      240  S
     11      1   2.8111714366880136D-01 5.8D-09 0.0D+00 2.0D-08 0.0D+00       24      178       24      240  S
     11      1   2.8622078288176900D-01 3.9D-05 0.0D+00 1.3D-01 0.0D+00       22      119       23      230  S
     11      1   2.8543205338839922D-01 5.9D-09 0.0D+00 3.4D-09 0.0D+00       21      162       21      210  S
     11      1   2.8111714366637525D-01 5.8D-09 0.0D+00 2.4D-07 0.0D+00       23      175       23      230  S
     11      1   2.8111714366578938D-01 5.8D-09 0.0D+00 3.5D-07 0.0D+00       23      180       23      230  S
     11      1   2.7218427755814179D-01 7.5D-09 0.0D+00 1.4D-09 0.0D+00       22      161       22      220  S
     11      1   2.8382297777919868D-01 5.9D-09 0.0D+00 2.8D-07 0.0D+00       23      158       23      230  S
     11      1   2.7218427755812913D-01 7.5D-09 0.0D+00 8.7D-09 0.0D+00       22      142       22      220  S
     11      1   2.8436583998652576D-01 6.2D-09 0.0D+00 7.2D-08 0.0D+00       22      167       22      220  S
     11      1   2.8111714366874524D-01 5.8D-09 0.0D+00 9.5D-10 0.0D+00       22      180       22      220  S
     11      1   2.8111714366873924D-01 5.8D-09 0.0D+00 4.5D-09 0.0D+00       22      183       22      220  S
     11      1   2.7218427755738961D-01 7.5D-09 0.0D+00 4.8D-09 0.0D+00       21      148       21      210  S
     11      1   2.7218427755764496D-01 7.5D-09 0.0D+00 3.9D-09 0.0D+00       21      153       21      210  S
     11      1   2.8111714366675555D-01 5.8D-09 0.0D+00 2.2D-07 0.0D+00       23      172       23      230  S
     11      1   2.8111714366892004D-01 5.8D-09 0.0D+00 9.9D-09 0.0D+00       22      180       22      220  S
     11      1   2.8111714366801088D-01 5.8D-09 0.0D+00 6.6D-08 0.0D+00       23      184       23      230  S
     11      1   2.8436583998731857D-01 6.2D-09 0.0D+00 1.5D-08 0.0D+00       22      188       22      220  S
     11      1   2.8680639580960043D-01 5.6D-09 0.0D+00 2.2D-09 0.0D+00       22      170       22      220  S
     11      1   2.8543205338664213D-01 5.9D-09 0.0D+00 1.5D-07 0.0D+00       22      174       22      220  S
     11      1   2.7218427755770241D-01 7.5D-09 0.0D+00 3.4D-09 0.0D+00       22      158       22      220  S
     11      1   2.7218427755748326D-01 7.5D-09 0.0D+00 5.2D-09 0.0D+00       21      158       21      210  S
     11      1   2.7218427755852931D-01 7.5D-09 0.0D+00 2.1D-09 0.0D+00       22      146       22      220  S
     11      1   2.8680639580920986D-01 5.6D-09 0.0D+00 1.8D-09 0.0D+00       22      171       22      220  S
     11      1   2.7218427755461183D-01 7.5D-09 0.0D+00 2.4D-07 0.0D+00       23      182       23      230  S
     11      1   2.8436583998708737D-01 6.2D-09 0.0D+00 4.1D-09 0.0D+00       20      150       20      200  S
     11      1   2.8436583998478793D-01 6.2D-09 0.0D+00 3.2D-07 0.0D+00       23      198       23      230  S
     11      1   2.8111714366874713D-01 5.8D-09 0.0D+00 5.2D-09 0.0D+00       22      187       22      220  S
     11      1   2.8111714366806168D-01 5.8D-09 0.0D+00 1.1D-10 0.0D+00       20      129       20      200  S
     11      1   2.7218427755290442D-01 7.5D-09 0.0D+00 3.0D-07 0.0D+00       22      172       22      220  S
     11      1   2.8382297778162274D-01 5.9D-09 0.0D+00 9.2D-09 0.0D+00       22      136       22      220  S
     11      1   2.8543205338659705D-01 5.9D-09 0.0D+00 1.6D-07 0.0D+00       23      174       23      230  S
     11      1   2.8543205338810279D-01 5.9D-09 0.0D+00 1.7D-09 0.0D+00       20      133       20      200  S
     11      1   2.8382297777859866D-01 5.9D-09 0.0D+00 3.0D-07 0.0D+00       23      148       23      230  S
     11      1   2.7218427755732827D-01 7.5D-09 0.0D+00 3.6D-09 0.0D+00       21      145       21      210  S
     11      1   2.8111714366710921D-01 5.8D-09 0.0D+00 1.4D-07 0.0D+00       22      176       22      220  S
     11      1   2.8436583998742082D-01 6.2D-09 0.0D+00 8.7D-09 0.0D+00       21      161       21      210  S
     11      1   2.8111714366906870D-01 5.8D-09 0.0D+00 2.1D-09 0.0D+00       21      159       21      210  S
     11      1   2.8436583998788678D-01 6.2D-09 0.0D+00 5.7D-09 0.0D+00       21      176       21      210  S
     11      1   2.8446063218939183D-01 6.1D-09 0.0D+00 2.8D-07 0.0D+00       22      203       22      220  S
     11      1   2.8111714366898000D-01 5.8D-09 0.0D+00 3.1D-09 0.0D+00       22      167       22      220  S
     11      1   2.8111714366588980D-01 5.8D-09 0.0D+00 2.8D-07 0.0D+00       24      193       24      240  S
     11      1   2.8382297778191540D-01 5.9D-09 0.0D+00 1.7D-09 0.0D+00       22      179       22      220  S
     11      1   2.8111714366554630D-01 5.8D-09 0.0D+00 3.2D-07 0.0D+00       22      188       22      220  S
     11      1   2.8111714366680701D-01 5.8D-09 0.0D+00 2.0D-07 0.0D+00       22      174       22      220  S
     11      1   2.7218427755744812D-01 7.5D-09 0.0D+00 7.5D-10 0.0D+00       21      153       21      210  S
     11      1   2.7218427755774510D-01 7.5D-09 0.0D+00 1.0D-09 0.0D+00       22      157       22      220  S
     11      1   2.8543205338894151D-01 5.9D-09 0.0D+00 1.4D-08 0.0D+00       22      190       22      220  S
     11      1   2.7218427755718683D-01 7.5D-09 0.0D+00 7.1D-08 0.0D+00       23      160       23      230  S
     11      1   2.8111714366863794D-01 5.8D-09 0.0D+00 2.2D-08 0.0D+00       24      188       24      240  S
     11      1   2.8446063219283141D-01 6.1D-09 0.0D+00 2.6D-09 0.0D+00       22      175       22      220  S
     11      1   2.8680639580760398D-01 5.6D-09 0.0D+00 3.3D-07 0.0D+00       23      170       23      230  S
     11      1   2.8111714366837487D-01 5.8D-09 0.0D+00 7.6D-10 0.0D+00       21      177       21      210  S
     11      1   2.7218427755377661D-01 7.5D-09 0.0D+00 3.0D-07 0.0D+00       22      194       22      220  S
     11      1   2.7218427755747404D-01 7.5D-09 0.0D+00 1.3D-08 0.0D+00       23      164       23      230  S
     11      1   2.8680639580768780D-01 5.6D-09 0.0D+00 2.9D-07 0.0D+00       24      206       24      240  S
     11      1   2.8111714366901502D-01 5.8D-09 0.0D+00 8.2D-09 0.0D+00       21      184       21      210  S
     11      1   2.7218427755790092D-01 7.5D-09 0.0D+00 5.5D-09 0.0D+00       21      167       21      210  S
     11      1   2.8111714366853796D-01 5.8D-09 0.0D+00 1.2D-08 0.0D+00       23      184       23      230  S
     11      1   2.8497537449363980D-01 5.9D-09 0.0D+00 4.8D-08 0.0D+00       22      178       22      220  S
     11      1   2.8111714366902918D-01 5.8D-09 0.0D+00 9.5D-09 0.0D+00       21      170       21      210  S
     11      1   2.8111714366600432D-01 5.8D-09 0.0D+00 2.9D-07 0.0D+00       24      164       24      240  S
     11      1   3.0022138278337157D-01 7.7D-09 0.0D+00 2.8D-07 0.0D+00       24      217       24      240  S
     11      1   2.7218427755804225D-01 7.5D-09 0.0D+00 5.3D-09 0.0D+00       22      163       22      220  S
     11      1   2.8436583998846493D-01 6.2D-09 0.0D+00 2.7D-09 0.0D+00       22      182       22      220  S
     11      1   2.8111714366886204D-01 5.8D-09 0.0D+00 7.2D-09 0.0D+00       22      172       22      220  S
     11      1   2.8680639581047540D-01 5.6D-09 0.0D+00 2.8D-08 0.0D+00       24      183       24      240  S
     11      1   2.8111714366620044D-01 5.8D-09 0.0D+00 3.3D-07 0.0D+00       23      166       23      230  S
     11      1   2.8436583998455517D-01 6.2D-09 0.0D+00 3.3D-07 0.0D+00       22      177       22      220  S
     11      1   2.7218427755809399D-01 7.5D-09 0.0D+00 4.3D-10 0.0D+00       22      163       22      220  S
     11      1   2.8543205338797001D-01 5.9D-09 0.0D+00 3.5D-08 0.0D+00       22      185       22      220  S
     11      1   2.8111714366716795D-01 5.8D-09 0.0D+00 1.4D-07 0.0D+00       22      168       22      220  S
     11      1   2.8111714366623758D-01 5.8D-09 0.0D+00 2.5D-07 0.0D+00       24      173       24      240  S
     11      1   2.8680639580943101D-01 5.6D-09 0.0D+00 5.7D-09 0.0D+00       22      167       22      220  S
     11      1   2.8436583998750936D-01 6.2D-09 0.0D+00 9.5D-09 0.0D+00       21      169       21      210  S
     11      1   2.7218427755779945D-01 7.5D-09 0.0D+00 3.7D-09 0.0D+00       22      160       22      220  S
     11      1   2.7218427755783126D-01 7.5D-09 0.0D+00 4.4D-09 0.0D+00       22      151       22      220  S
     11      1   2.7218427755281599D-01 7.5D-09 0.0D+00 3.3D-07 0.0D+00       24      174       24      240  S
     11      1   2.7218427755647329D-01 7.5D-09 0.0D+00 1.4D-07 0.0D+00       23      168       23      230  S
     11      1   2.8111714366732560D-01 5.8D-09 0.0D+00 1.4D-07 0.0D+00       23      164       23      230  S
     11      1   2.8446063219318862D-01 6.1D-09 0.0D+00 9.8D-09 0.0D+00       22      154       22      220  S
     11      1   2.8111714366698481D-01 5.8D-09 0.0D+00 1.6D-07 0.0D+00       22      180       22      220  S
     11      1   2.7218427755788116D-01 7.5D-09 0.0D+00 8.8D-09 0.0D+00       22      152       22      220  S
     11      1   2.7218427755551416D-01 7.5D-09 0.0D+00 1.1D-07 0.0D+00       22      173       22      220  S
     11      1   2.7218427755319663D-01 7.5D-09 0.0D+00 2.7D-07 0.0D+00       23      165       23      230  S
     11      1   2.8436583998444764D-01 6.2D-09 0.0D+00 3.1D-07 0.0D+00       24      193       24      240  S
     11      1   2.8111714366868445D-01 5.8D-09 0.0D+00 7.3D-09 0.0D+00       22      173       22      220  S
     11      1   2.8382297777889193D-01 5.9D-09 0.0D+00 3.1D-07 0.0D+00       23      157       23      230  S
     11      1   2.8680639581075673D-01 5.6D-09 0.0D+00 2.3D-08 0.0D+00       24      187       24      240  S
     11      1   2.8382297778168519D-01 5.9D-09 0.0D+00 9.3D-09 0.0D+00       22      150       22      220  S
     11      1   2.8543205338570410D-01 5.9D-09 0.0D+00 3.1D-07 0.0D+00       22      164       22      220  S
