      5   0.00    0.00    0.00   4.9201975353936056D-01 9.0D-09 0.0D+00 1.4D-07 0.0D+00       23      178       23      230    1259     353    1443     353     408   0.30     0    0      1  BR
 no information
      5      1   4.9201975354086086D-01 9.0D-09 0.0D+00 2.8D-09 0.0D+00       22      154       22      220  S
      5      1   4.9201975353700955D-01 9.0D-09 0.0D+00 2.5D-07 0.0D+00       22      145       22      220  S
      5      1   4.9201975354255223D-01 9.0D-09 0.0D+00 2.2D-09 0.0D+00       21      143       21      210  S
      5      1   4.9201975354201005D-01 9.0D-09 0.0D+00 7.7D-10 0.0D+00       21      134       21      210  S
      5      1   5.0977637676071830D-01 2.7D-02 0.0D+00 1.0D+00 0.0D+00        0        0        1       10  F
      5      1   4.9201975354197536D-01 9.0D-09 0.0D+00 1.5D-09 0.0D+00       21      137       21      210  S
 no information
      5      1   4.5069687798523678D-01 2.2D-01 0.0D+00 1.0D+00 0.0D+00        0        0        1       10  F
      5      1   6.2788831295215208D-01 0.0D+00 0.0D+00 1.0D+00 0.0D+00        0        0        1       10  F
      5      1   4.9201975353556326D-01 9.0D-09 0.0D+00 3.1D-07 0.0D+00       22      143       22      220  S
 no information
      5      1   4.9201975354050792D-01 9.0D-09 0.0D+00 3.3D-09 0.0D+00       22      140       22      220  S
      5      1   4.9358941065891537D-01 4.2D-02 0.0D+00 1.0D+00 0.0D+00        0        0        1       10  F
      5      1   4.9201975354141059D-01 9.0D-09 0.0D+00 2.3D-09 0.0D+00       22      142       22      220  S
      5      1   6.2606799874149233D-01 2.2D-02 0.0D+00 1.0D+00 0.0D+00        0        0        1       10  F
      5      1   7.1125438036814770D-01 1.1D-16 0.0D+00 1.0D+00 0.0D+00        0        0        1       10  F
      5      1   2.6635254058730740D-01 3.2D-01 0.0D+00 1.0D+00 0.0D+00        0        0        1       10  F
      5      1   4.9201975354080474D-01 9.0D-09 0.0D+00 1.6D-09 0.0D+00       22      143       22      220  S
      5      1   5.2665054600000905D-01 8.5D-02 0.0D+00 1.0D+00 0.0D+00        0        0        1       10  F
      5      1   4.9201975354321115D-01 9.0D-09 0.0D+00 4.6D-09 0.0D+00       21      145       21      210  S
      5      1   7.4640809508978312D-01 1.1D-16 0.0D+00 1.0D+00 0.0D+00        0        0        1       10  F
      5      1   5.3167250717512515D-01 1.5D-01 0.0D+00 1.0D+00 0.0D+00        0        0        1       10  F
      5      1   6.5077445952004997D-01 5.4D-02 0.0D+00 1.0D+00 0.0D+00        0        0        1       10  F
 no information
      5      1   4.9201975354223393D-01 9.0D-09 0.0D+00 4.1D-09 0.0D+00       21      112       21      210  S
      5      1   4.9201975353551658D-01 9.0D-09 0.0D+00 2.5D-07 0.0D+00       23      158       23      230  S
      5      1   3.1622928034454673D-01 1.9D-01 0.0D+00 1.0D+00 0.0D+00        0        0        1       10  F
      5      1   3.5209063398210250D-01 1.6D-01 0.0D+00 1.0D+00 0.0D+00        0        0        1       10  F
      5   0.00    0.00    0.00   4.9201975353936056D-01 9.0D-09 0.0D+00 1.4D-07 0.0D+00       23      178       23      230    1259     353    1443     353     408   0.38     0    0      1  BR
 no information
      5      1   4.9201975354086086D-01 9.0D-09 0.0D+00 2.8D-09 0.0D+00       22      154       22      220  S
      5      1   4.9201975353700955D-01 9.0D-09 0.0D+00 2.5D-07 0.0D+00       22      145       22      220  S
      5      1   4.9201975354255223D-01 9.0D-09 0.0D+00 2.2D-09 0.0D+00       21      143       21      210  S
      5      1   4.9201975354201005D-01 9.0D-09 0.0D+00 7.7D-10 0.0D+00       21      134       21      210  S
      5      1   5.0977637676071830D-01 2.7D-02 0.0D+00 1.0D+00 0.0D+00        0        0        1       10  F
      5      1   4.9201975354197536D-01 9.0D-09 0.0D+00 1.5D-09 0.0D+00       21      137       21      210  S
 no information
      5      1   4.5069687798523678D-01 2.2D-01 0.0D+00 1.0D+00 0.0D+00        0        0        1       10  F
      5      1   6.2788831295215208D-01 0.0D+00 0.0D+00 1.0D+00 0.0D+00        0        0        1       10  F
      5      1   4.9201975353556326D-01 9.0D-09 0.0D+00 3.1D-07 0.0D+00       22      143       22      220  S
 no information
      5      1   4.9201975354050792D-01 9.0D-09 0.0D+00 3.3D-09 0.0D+00       22      140       22      220  S
      5      1   4.9358941065891537D-01 4.2D-02 0.0D+00 1.0D+00 0.0D+00        0        0        1       10  F
      5      1   4.9201975354141059D-01 9.0D-09 0.0D+00 2.3D-09 0.0D+00       22      142       22      220  S
      5      1   6.2606799874149233D-01 2.2D-02 0.0D+00 1.0D+00 0.0D+00        0        0        1       10  F
      5      1   7.1125438036814770D-01 1.1D-16 0.0D+00 1.0D+00 0.0D+00        0        0        1       10  F
      5      1   2.6635254058730740D-01 3.2D-01 0.0D+00 1.0D+00 0.0D+00        0        0        1       10  F
      5      1   4.9201975354080474D-01 9.0D-09 0.0D+00 1.6D-09 0.0D+00       22      143       22      220  S
      5      1   5.2665054600000905D-01 8.5D-02 0.0D+00 1.0D+00 0.0D+00        0        0        1       10  F
      5      1   4.9201975354321115D-01 9.0D-09 0.0D+00 4.6D-09 0.0D+00       21      145       21      210  S
      5      1   7.4640809508978312D-01 1.1D-16 0.0D+00 1.0D+00 0.0D+00        0        0        1       10  F
      5      1   5.3167250717512515D-01 1.5D-01 0.0D+00 1.0D+00 0.0D+00        0        0        1       10  F
      5      1   6.5077445952004997D-01 5.4D-02 0.0D+00 1.0D+00 0.0D+00        0        0        1       10  F
 no information
      5      1   4.9201975354223393D-01 9.0D-09 0.0D+00 4.1D-09 0.0D+00       21      112       21      210  S
      5      1   4.9201975353551658D-01 9.0D-09 0.0D+00 2.5D-07 0.0D+00       23      158       23      230  S
      5      1   3.1622928034454673D-01 1.9D-01 0.0D+00 1.0D+00 0.0D+00        0        0        1       10  F
      5      1   3.5209063398210250D-01 1.6D-01 0.0D+00 1.0D+00 0.0D+00        0        0        1       10  F
      5      1   5.1711552231878499D-01 7.8D-09 0.0D+00 2.0D-09 0.0D+00       23      166       23      230  S
      5      1   7.2326343665812964D-01 1.2D-03 0.0D+00 1.0D+00 0.0D+00        0        0        1       10  F
      5      1   6.8589670345489218D-01 2.3D-02 0.0D+00 1.0D+00 0.0D+00        0        0        1       10  F
      5      1   4.9310132015870733D-01 5.3D-03 0.0D+00 5.0D-01 0.0D+00        1       10        2       20  F
 no information
      5      1   5.8985366756158419D-01 5.3D-03 0.0D+00 1.0D+00 0.0D+00        0        0        1       10  F
      5      1   5.1711552231861857D-01 7.8D-09 0.0D+00 4.9D-09 0.0D+00       21      140       21      210  S
      5      1   6.7917717847997716D-01 1.3D-02 0.0D+00 1.0D+00 0.0D+00        0        0        1       10  F
      5      1   5.8333246772901526D-01 3.6D-02 0.0D+00 1.0D+00 0.0D+00        0        0        1       10  F
      5      1   4.8439297797606784D-01 4.5D-04 0.0D+00 1.4D-01 0.0D+00        1       10        2       20  F
      5      1   4.9201975353597310D-01 9.0D-09 0.0D+00 2.7D-07 0.0D+00       22      138       22      220  S
      5      1   4.9201975354058819D-01 9.0D-09 0.0D+00 2.6D-09 0.0D+00       22      126       22      220  S
      5      1   4.5933207039982243D-01 8.0D-02 0.0D+00 1.0D+00 0.0D+00        0        0        1       10  F
      5      1   6.1536304877323467D-01 5.4D-02 0.0D+00 1.0D+00 0.0D+00        0        0        1       10  F
      5      1   4.9201975354194627D-01 9.0D-09 0.0D+00 6.2D-09 0.0D+00       21      126       21      210  S
      5      1   3.7229472054561236D-01 2.0D-01 0.0D+00 1.0D+00 0.0D+00        0        0        1       10  F
      5      1   4.9201975354056970D-01 9.0D-09 0.0D+00 1.2D-09 0.0D+00       22      135       22      220  S
      5      1   4.8932008998306598D-01 5.8D-05 0.0D+00 2.3D-01 0.0D+00        1       10        2       20  F
      5      1   3.9551794069307994D-01 1.6D-01 0.0D+00 1.0D+00 0.0D+00        0        0        1       10  F
      5      1   4.9201975354239147D-01 9.0D-09 0.0D+00 2.2D-10 0.0D+00       21      161       21      210  S
      5      1   4.9201975355460825D-01 9.0D-09 0.0D+00 3.0D-09 0.0D+00       21      128       21      210  S
      5      1   3.6361087583970869D-01 2.8D-01 0.0D+00 1.0D+00 0.0D+00        0        0        1       10  F
      5      1   4.9201975354228333D-01 9.0D-09 0.0D+00 6.8D-09 0.0D+00       21      157       21      210  S
      5      1   3.9818365854741378D-01 8.7D-02 0.0D+00 1.0D+00 0.0D+00        0        0        1       10  F
      5      1   6.8995222560599534D-01 1.1D-01 0.0D+00 1.0D+00 0.0D+00        0        0        1       10  F
      5      1   5.7390251675955350D-01 1.8D-01 0.0D+00 1.0D+00 0.0D+00        0        0        1       10  F
      5      1   4.9201975353552796D-01 9.0D-09 0.0D+00 3.0D-07 0.0D+00       22      154       22      220  S
      5      1   4.9201975354196620D-01 9.0D-09 0.0D+00 2.2D-09 0.0D+00       21      147       21      210  S
      5      1   4.9201975354238492D-01 9.0D-09 0.0D+00 1.8D-09 0.0D+00       21      129       21      210  S
 no information
 no information
      5      1   3.5683623077102283D-01 2.8D-01 0.0D+00 1.0D+00 0.0D+00        0        0        1       10  F
      5      1   4.9201975353648147D-01 9.0D-09 0.0D+00 2.4D-07 0.0D+00       22      137       22      220  S
      5      1   4.9201975353490612D-01 9.0D-09 0.0D+00 3.2D-07 0.0D+00       22      158       22      220  S
      5      1   4.9201975354078292D-01 9.0D-09 0.0D+00 3.5D-09 0.0D+00       22      147       22      220  S
 no information
      5      1   2.8528321466002787D-01 2.5D-01 0.0D+00 1.0D+00 0.0D+00        0        0        1       10  F
      5      1   3.6010652994626458D-01 3.3D-01 0.0D+00 1.0D+00 0.0D+00        0        0        1       10  F
 no information
      5      1   2.7193768695902593D-01 3.9D-01 0.0D+00 1.0D+00 0.0D+00        0        0        1       10  F
      5      1   4.9201975354066868D-01 9.0D-09 0.0D+00 2.1D-09 0.0D+00       22      139       22      220  S
      5      1   4.9201975353575306D-01 9.0D-09 0.0D+00 3.2D-07 0.0D+00       22      159       22      220  S
      5      1   4.9201975354261335D-01 9.0D-09 0.0D+00 2.4D-09 0.0D+00       21      131       21      210  S
 no information
      5      1   4.9201975353866101D-01 9.0D-09 0.0D+00 1.6D-07 0.0D+00       23      150       23      230  S
      5      1   4.9201975355522853D-01 9.0D-09 0.0D+00 5.3D-09 0.0D+00       21      128       21      210  S
 no information
      5      1   4.0301627974755660D-01 2.6D-01 0.0D+00 1.0D+00 0.0D+00        0        0        1       10  F
      5      1   2.7524528094678358D-01 3.9D-01 0.0D+00 1.0D+00 0.0D+00        0        0        1       10  F
      5      1   4.3315859169810866D-01 1.6D-01 0.0D+00 1.0D+00 0.0D+00        0        0        1       10  F
      5      1   3.2564471176223370D-01 2.9D-01 0.0D+00 1.0D+00 0.0D+00        0        0        1       10  F
      5      1   2.9571439956339657D-01 2.7D-01 0.0D+00 1.0D+00 0.0D+00        0        0        1       10  F
      5      1   4.9201975353844718D-01 9.0D-09 0.0D+00 1.6D-07 0.0D+00       22      151       22      220  S
      5      1   5.1711552231439017D-01 7.8D-09 0.0D+00 2.5D-07 0.0D+00       22      133       22      220  S
      5      1   5.3032720100532793D-01 1.5D-02 0.0D+00 1.0D+00 0.0D+00        0        0        1       10  F
 no information
      5      1   6.9293496845882696D-01 8.7D-03 0.0D+00 1.0D+00 0.0D+00        0        0        1       10  F
      5      1   4.9201975353869415D-01 9.0D-09 0.0D+00 1.4D-07 0.0D+00       23      159       23      230  S
      5      1   3.6704848106195248D-01 2.3D-01 0.0D+00 1.0D+00 0.0D+00        0        0        1       10  F
      5      1   5.6608183369052267D-01 4.8D-02 0.0D+00 1.0D+00 0.0D+00        0        0        1       10  F
 no information
      5      1   4.9201975353577582D-01 9.0D-09 0.0D+00 3.0D-07 0.0D+00       22      158       22      220  S
      5      1   6.6025434614333811D-01 4.0D-02 0.0D+00 1.0D+00 0.0D+00        0        0        1       10  F
      5      1   4.5271134524593748D-01 1.4D-01 0.0D+00 1.0D+00 0.0D+00        0        0        1       10  F
 no information
      5      1   4.9201975354270500D-01 9.0D-09 0.0D+00 6.3D-09 0.0D+00       21      131       21      210  S
      5      1   5.1711552231834068D-01 7.8D-09 0.0D+00 3.4D-10 0.0D+00       22      160       22      220  S
      5      1   5.7118678827992597D-01 5.0D-03 0.0D+00 1.0D+00 0.0D+00        0        0        1       10  F
      5      1   5.5769011041746119D-01 3.7D-02 0.0D+00 1.0D+00 0.0D+00        0        0        1       10  F
      5      1   4.9201975354202016D-01 9.0D-09 0.0D+00 3.5D-09 0.0D+00       21      134       21      210  S
