     17   0.00    0.00    0.00   2.1787059950325999D-01 6.1D-09 0.0D+00 3.9D-08 0.0D+00       23      225       23      230    1594     419    1797     419     455   0.64     0    0      1  BR
     17   0.00    0.00    0.00   2.1093559885789312D-01 6.1D-09 0.0D+00 1.3D-08 0.0D+00       23      190       23      230    1112     402    1311     402     420   0.59     0    0      2  BR
     17   0.00    0.00    0.00   2.0633733585693034D-01 5.6D-09 0.0D+00 2.9D-06 0.0D+00       23      159       23      230     471     396     684     396     389   0.44     0    0      3  BR
     17      1   2.1838988109570151D-01 6.8D-09 0.0D+00 2.7D-07 0.0D+00       23      164       23      230  S
     17      1   2.1761304364945466D-01 6.8D-09 0.0D+00 9.0D-09 0.0D+00       22      186       22      220  S
     17      1   2.1788403873374448D-01 6.6D-09 0.0D+00 2.8D-07 0.0D+00       23      179       23      230  S
     17      1   2.0702167133433605D-01 4.9D-09 0.0D+00 1.6D-09 0.0D+00       22      149       22      220  S
     17      1   2.1788403873590304D-01 6.6D-09 0.0D+00 8.9D-08 0.0D+00       23      161       23      230  S
     17      1   2.0633733585433636D-01 5.6D-09 0.0D+00 3.0D-07 0.0D+00       23      168       23      230  S
 no information
     17      1   2.1840560602868014D-01 6.4D-09 0.0D+00 9.2D-09 0.0D+00       22      254       22      220  S
     17      1   2.0633733585485925D-01 5.6D-09 0.0D+00 2.9D-07 0.0D+00       23      172       23      230  S
     17      1   2.1838988109866250D-01 6.8D-09 0.0D+00 1.9D-08 0.0D+00       22      162       22      220  S
     17      1   2.1291884168492550D-01 6.1D-09 0.0D+00 1.5D-07 0.0D+00       23      903       23      230  S
     17      1   2.0633733585744071D-01 5.6D-09 0.0D+00 1.6D-08 0.0D+00       24      192       24      240  S
     17      1   2.1838988109454324D-01 6.8D-09 0.0D+00 3.0D-07 0.0D+00       22      170       22      220  S
     17      1   2.1840560602822193D-01 6.4D-09 0.0D+00 1.3D-07 0.0D+00       22      211       22      220  S
     17      1   2.1838988109845262D-01 6.8D-09 0.0D+00 1.9D-08 0.0D+00       23      181       23      230  S
     17      1   2.0633733585712477D-01 5.6D-09 0.0D+00 3.9D-08 0.0D+00       24      188       24      240  S
     17      1   2.0633733585431893D-01 5.6D-09 0.0D+00 3.3D-07 0.0D+00       24      176       24      240  S
     17      1   2.2030241619061239D-01 5.8D-09 0.0D+00 4.7D-09 0.0D+00       22      172       22      220  S
     17      1   2.1838988109948088D-01 6.8D-09 0.0D+00 4.7D-09 0.0D+00       22      158       22      220  S
     17      1   2.0702167133442539D-01 4.9D-09 0.0D+00 6.9D-09 0.0D+00       22      144       22      220  S
     17      1   2.1838988109455193D-01 6.8D-09 0.0D+00 3.1D-07 0.0D+00       23      192       23      230  S
     17      1   2.1852921231972780D-01 6.1D-09 0.0D+00 3.0D-07 0.0D+00       23      154       23      230  S
     17      1   2.1761304364952502D-01 6.8D-09 0.0D+00 2.1D-08 0.0D+00       24      176       24      240  S
     17      1   2.2399894400256987D-01 7.0D-09 0.0D+00 1.4D-05 0.0D+00       24      166       24      240  S
     17      1   2.0702167133439514D-01 4.9D-09 0.0D+00 6.3D-09 0.0D+00       22      149       22      220  S
     17      1   2.1838988109688512D-01 6.8D-09 0.0D+00 1.4D-07 0.0D+00       23      141       23      230  S
     17      1   2.1761304364915926D-01 6.8D-09 0.0D+00 3.8D-10 0.0D+00       21      167       21      210  S
     17      1   2.0633733585738143D-01 5.6D-09 0.0D+00 3.4D-08 0.0D+00       23      161       23      230  S
     17      1   2.1838988109712695D-01 6.8D-09 0.0D+00 1.1D-07 0.0D+00       23      170       23      230  S
     17      1   3.3795453681182547D-01 1.1D-16 0.0D+00 1.0D+00 0.0D+00       24      139       25      250  S
     17      1   2.2193971173343924D-01 5.9D-09 0.0D+00 6.8D-09 0.0D+00       22      173       22      220  S
     17      1   2.0633733585717162D-01 5.6D-09 0.0D+00 7.7D-09 0.0D+00       22      157       22      220  S
     17      1   2.0633733585729874D-01 5.6D-09 0.0D+00 7.0D-09 0.0D+00       22      165       22      220  S
     17      1   2.1838988109947594D-01 6.8D-09 0.0D+00 8.8D-09 0.0D+00       22      177       22      220  S
     17      1   2.1496362400418542D-01 6.1D-09 0.0D+00 7.9D-09 0.0D+00       22      201       22      220  S
     17      1   2.1838988109726581D-01 6.8D-09 0.0D+00 1.2D-07 0.0D+00       22      173       22      220  S
     17      1   2.1838988109655907D-01 6.8D-09 0.0D+00 1.6D-07 0.0D+00       23      163       23      230  S
     17      1   2.0702167133436555D-01 4.9D-09 0.0D+00 4.1D-09 0.0D+00       22      160       22      220  S
     17      1   2.1093559885585231D-01 6.1D-09 0.0D+00 1.6D-07 0.0D+00       24      173       24      240  S
     17      1   2.1838988109539051D-01 6.8D-09 0.0D+00 2.6D-07 0.0D+00       23      188       23      230  S
     17      1   2.1838988109953883D-01 6.8D-09 0.0D+00 8.3D-09 0.0D+00       22      185       22      220  S
     17      1   2.0633733585673578D-01 5.6D-09 0.0D+00 2.6D-08 0.0D+00       23      152       23      230  S
     17      1   2.1838988109837448D-01 6.8D-09 0.0D+00 9.5D-09 0.0D+00       21      162       21      210  S
     17      1   2.1838988109852001D-01 6.8D-09 0.0D+00 1.8D-09 0.0D+00       22      164       22      220  S
     17      1   2.1840560603048229D-01 6.4D-09 0.0D+00 8.7D-09 0.0D+00       22      192       22      220  S
     17      1   2.1093559885516874D-01 6.1D-09 0.0D+00 3.1D-07 0.0D+00       23      176       23      230  S
     17      1   2.1838988109568622D-01 6.8D-09 0.0D+00 2.1D-07 0.0D+00       23      220       23      230  S
     17      1   2.0702167133425378D-01 4.9D-09 0.0D+00 5.9D-09 0.0D+00       22      138       22      220  S
     17      1   2.0633733586214745D-01 5.6D-09 0.0D+00 7.9D-09 0.0D+00       22      150       22      220  S
     17      1   2.1838988109904500D-01 6.8D-09 0.0D+00 2.3D-08 0.0D+00       23      195       23      230  S
     17      1   2.0633733585726777D-01 5.6D-09 0.0D+00 3.6D-09 0.0D+00       22      145       22      220  S
     17      1   2.0702167133450297D-01 4.9D-09 0.0D+00 6.3D-09 0.0D+00       22      161       22      220  S
     17      1   2.0633733585730837D-01 5.6D-09 0.0D+00 4.6D-09 0.0D+00       22      162       22      220  S
     17      1   2.1838988109474058D-01 6.8D-09 0.0D+00 3.0D-07 0.0D+00       22      165       22      220  S
     17      1   2.0791038660478170D-01 5.4D-09 0.0D+00 7.4D-08 0.0D+00       24      192       24      240  S
     17      1   2.0633733585699221D-01 5.6D-09 0.0D+00 2.6D-09 0.0D+00       22      132       22      220  S
     17      1   2.1838988109898141D-01 6.8D-09 0.0D+00 1.7D-09 0.0D+00       21      205       21      210  S
     17      1   2.0702167133438251D-01 4.9D-09 0.0D+00 9.7D-09 0.0D+00       22      141       22      220  S
     17      1   2.3572057062639465D-01 5.6D-09 0.0D+00 1.6D-07 0.0D+00       23      154       23      230  S
     17      1   2.1838988109885876D-01 6.8D-09 0.0D+00 1.0D-09 0.0D+00       21      144       21      210  S
     17      1   2.1838988109451787D-01 6.8D-09 0.0D+00 3.3D-07 0.0D+00       22      173       22      220  S
     17      1   2.1788403873378670D-01 6.6D-09 0.0D+00 3.2D-07 0.0D+00       24      168       24      240  S
     17      1   2.1840560602872311D-01 6.4D-09 0.0D+00 3.1D-09 0.0D+00       22      197       22      220  S
     17      1   2.1838988109836852D-01 6.8D-09 0.0D+00 6.8D-10 0.0D+00       21      152       21      210  S
     17      1   2.2342945300073014D-01 2.6D-05 0.0D+00 8.2D-01 0.0D+00       24      148       25      250  S
     17      1   2.1838988109451915D-01 6.8D-09 0.0D+00 3.0D-07 0.0D+00       22      161       22      220  S
     17      1   2.1093559885797383D-01 6.1D-09 0.0D+00 2.5D-09 0.0D+00       22      173       22      220  S
     17      1   2.1788403873701234D-01 6.6D-09 0.0D+00 2.6D-08 0.0D+00       23      163       23      230  S
     17      1   2.0633733585771169D-01 5.6D-09 0.0D+00 1.0D-08 0.0D+00       22      185       22      220  S
     17      1   2.0633733585715988D-01 5.6D-09 0.0D+00 9.4D-09 0.0D+00       22      140       22      220  S
     17      1   2.2305429105370056D-01 4.9D-09 0.0D+00 2.3D-08 0.0D+00       24      206       24      240  S
     17      1   2.1787059949028406D-01 6.1D-09 0.0D+00 3.3D-07 0.0D+00       24      186       24      240  S
     17      1   2.0633733585704891D-01 5.6D-09 0.0D+00 1.9D-09 0.0D+00       22      183       22      220  S
     17      1   2.1291884168653499D-01 6.1D-09 0.0D+00 1.3D-08 0.0D+00       23      222       23      230  S
     17      1   2.1093559885608354D-01 6.1D-09 0.0D+00 1.4D-07 0.0D+00       23      171       23      230  S
     17      1   2.1093559885799609D-01 6.1D-09 0.0D+00 5.0D-09 0.0D+00       22      166       22      220  S
     17      1   2.1838988109470475D-01 6.8D-09 0.0D+00 3.1D-07 0.0D+00       23      183       23      230  S
     17      1   2.1840560603011278D-01 6.4D-09 0.0D+00 6.0D-09 0.0D+00       22      198       22      220  S
     17      1   2.1838988109557297D-01 6.8D-09 0.0D+00 2.4D-07 0.0D+00       23      176       23      230  S
     17      1   2.0633733585743824D-01 5.6D-09 0.0D+00 6.7D-10 0.0D+00       22      183       22      220  S
     17      1   2.2214079583989166D-01 9.2D-05 0.0D+00 2.2D-01 0.0D+00       23      150       24      240  S
     17      1   2.1787059949408485D-01 6.1D-09 0.0D+00 8.9D-09 0.0D+00       22      183       22      220  S
     17      1   2.0633733585491565D-01 5.6D-09 0.0D+00 2.4D-07 0.0D+00       24      196       24      240  S
     17      1   2.1291884168331440D-01 6.1D-09 0.0D+00 2.4D-07 0.0D+00       23      205       23      230  S
     17      1   2.1838988109923416D-01 6.8D-09 0.0D+00 3.7D-08 0.0D+00       22      177       22      220  S
     17      1   2.1838988109869026D-01 6.8D-09 0.0D+00 9.0D-09 0.0D+00       22      189       22      220  S
     17      1   2.1291884168481429D-01 6.1D-09 0.0D+00 4.8D-09 0.0D+00       21      223       21      210  S
     17      1   2.0702167133432106D-01 4.9D-09 0.0D+00 8.6D-09 0.0D+00       22      147       22      220  S
     17      1   2.1838988109850366D-01 6.8D-09 0.0D+00 3.8D-09 0.0D+00       21      152       21      210  S
     17      1   2.1761304364959971D-01 6.8D-09 0.0D+00 1.3D-09 0.0D+00       22      130       22      220  S
     17      1   2.0702167133433749D-01 4.9D-09 0.0D+00 4.6D-09 0.0D+00       22      151       22      220  S
     17      1   2.0702167133446864D-01 4.9D-09 0.0D+00 1.5D-09 0.0D+00       22      155       22      220  S
     17      1   2.1838988109853336D-01 6.8D-09 0.0D+00 1.6D-09 0.0D+00       22      175       22      220  S
     17      1   2.0633733585574165D-01 5.6D-09 0.0D+00 1.5D-07 0.0D+00       24      200       24      240  S
     17      1   2.1838988109959928D-01 6.8D-09 0.0D+00 1.6D-09 0.0D+00       22      169       22      220  S
     17      1   2.1838988109882773D-01 6.8D-09 0.0D+00 1.2D-08 0.0D+00       23      157       23      230  S
     17      1   2.1838988109875102D-01 6.8D-09 0.0D+00 3.9D-09 0.0D+00       22      153       22      220  S
