     19      1   1.9186265686934698D-01 5.5D-09 0.0D+00 6.4D-09 0.0D+00       22      176       22      220  S
     19      1   1.9186265686914797D-01 5.5D-09 0.0D+00 1.0D-08 0.0D+00       23      196       23      230  S
     19      1   1.9186265686673515D-01 5.5D-09 0.0D+00 3.0D-07 0.0D+00       23      186       23      230  S
     19      1   1.9186265686833648D-01 5.5D-09 0.0D+00 8.1D-08 0.0D+00       22      176       22      220  S
     19      1   2.1838988109884380D-01 6.8D-09 0.0D+00 3.6D-09 0.0D+00       22      151       22      220  S
     19      1   1.9186265686987611D-01 5.5D-09 0.0D+00 9.1D-09 0.0D+00       22      168       22      220  S
     19      1   2.0492849845933955D-01 5.0D-09 0.0D+00 2.7D-08 0.0D+00       24      201       24      240  S
     19      1   7.5037708279103732D-01 0.0D+00 0.0D+00 7.5D-01 0.0D+00        3       39        3       30  S
     19      1   1.8946300792687384D-01 5.0D-09 0.0D+00 7.5D-09 0.0D+00       22      166       22      220  S
     19      1   1.9186265686757625D-01 5.5D-09 0.0D+00 2.2D-07 0.0D+00       24      247       24      240  S
     19      1   1.9959839953778508D-01 4.9D-09 0.0D+00 1.4D-07 0.0D+00       23      190       23      230  S
     19      1   2.1717172017438890D-01 7.8D-09 0.0D+00 6.1D-10 0.0D+00       21      196       21      210  S
     19      1   1.8946300792636817D-01 5.0D-09 0.0D+00 9.3D-08 0.0D+00       24      197       24      240  S
     19      1   2.1031987736141583D-01 5.3D-09 0.0D+00 3.9D-07 0.0D+00       24      406       24      240  S
     19      1   1.9931664610778249D-01 5.3D-09 0.0D+00 5.5D-10 0.0D+00       22      142       22      220  S
     19      1   1.9186265686781026D-01 5.5D-09 0.0D+00 1.5D-07 0.0D+00       22      161       22      220  S
     19      1   1.9186265686810192D-01 5.5D-09 0.0D+00 1.4D-07 0.0D+00       23      155       23      230  S
     19      1   1.9186265686950751D-01 5.5D-09 0.0D+00 3.9D-09 0.0D+00       22      160       22      220  S
     19      1   1.9186265686663742D-01 5.5D-09 0.0D+00 3.1D-07 0.0D+00       23      161       23      230  S
     19      1   2.0270016875451449D-01 6.2D-09 0.0D+00 7.1D-09 0.0D+00       22      199       22      220  S
     19      1   1.9186265686709106D-01 5.5D-09 0.0D+00 3.1D-07 0.0D+00       23      180       23      230  S
     19      1   2.1760916715176382D-01 6.8D-09 0.0D+00 1.6D-07 0.0D+00       22      149       22      220  S
     19      1   1.9186265686944903D-01 5.5D-09 0.0D+00 5.4D-09 0.0D+00       22      162       22      220  S
     19      1   1.9186265686974752D-01 5.5D-09 0.0D+00 4.5D-09 0.0D+00       22      195       22      220  S
     19      1   2.0099200313831936D-01 4.9D-09 0.0D+00 2.8D-07 0.0D+00       23      138       23      230  S
     19      1   1.8946300792670676D-01 5.0D-09 0.0D+00 1.1D-12 0.0D+00       22      165       22      220  S
     19      1   1.8946300792690424D-01 5.0D-09 0.0D+00 2.7D-08 0.0D+00       23      190       23      230  S
     19      1   1.9931664610799693D-01 5.3D-09 0.0D+00 4.1D-09 0.0D+00       22      125       22      220  S
     19      1   1.9926499084610694D-01 5.4D-09 0.0D+00 9.8D-09 0.0D+00       22      173       22      220  S
     19      1   2.0285285712206408D-01 6.4D-09 0.0D+00 1.2D-09 0.0D+00       22      185       22      220  S
     19      1   2.0285285712032741D-01 6.4D-09 0.0D+00 1.5D-07 0.0D+00       24      214       24      240  S
     19      1   1.9186265686941906D-01 5.5D-09 0.0D+00 5.4D-09 0.0D+00       22      159       22      220  S
     19      1   1.9014025234692777D-01 4.6D-09 0.0D+00 2.2D-08 0.0D+00       23      212       23      230  S
     19      1   1.8946300792687787D-01 5.0D-09 0.0D+00 4.8D-09 0.0D+00       22      184       22      220  S
     19      1   1.8946300792716900D-01 5.0D-09 0.0D+00 6.1D-10 0.0D+00       22      179       22      220  S
     19      1   1.9186265686728385D-01 5.5D-09 0.0D+00 2.3D-07 0.0D+00       23      163       23      230  S
     19      1   2.1827572566092909D-01 6.5D-09 0.0D+00 4.1D-09 0.0D+00       23      225       23      230  S
     19      1   2.0385904776996497D-01 5.9D-09 0.0D+00 2.5D-09 0.0D+00       21      159       21      210  S
 no information
     19      1   1.8946300792621423D-01 5.0D-09 0.0D+00 5.8D-08 0.0D+00       23      175       23      230  S
     19      1   1.9186265686955389D-01 5.5D-09 0.0D+00 3.1D-08 0.0D+00       23      181       23      230  S
     19      1   1.9186265686670878D-01 5.5D-09 0.0D+00 3.1D-07 0.0D+00       24      215       24      240  S
     19      1   2.0217254445914978D-01 5.7D-09 0.0D+00 9.8D-09 0.0D+00       22      165       22      220  S
     19      1   2.0033059033975151D-01 5.1D-09 0.0D+00 2.8D-07 0.0D+00       24      184       24      240  S
     19      1   1.9186265686986276D-01 5.5D-09 0.0D+00 6.8D-09 0.0D+00       22      203       22      220  S
     19      1   1.9186265686979836D-01 5.5D-09 0.0D+00 1.3D-08 0.0D+00       24      188       24      240  S
     19      1   1.9186265686954243D-01 5.5D-09 0.0D+00 3.3D-08 0.0D+00       23      185       23      230  S
     19      1   1.8946300792666856D-01 5.0D-09 0.0D+00 8.7D-09 0.0D+00       22      181       22      220  S
     19      1   1.9186265686686219D-01 5.5D-09 0.0D+00 2.9D-07 0.0D+00       23      179       23      230  S
     19      1   1.9186265686817183D-01 5.5D-09 0.0D+00 1.5D-07 0.0D+00       23      180       23      230  S
     19      1   1.9186265686947496D-01 5.5D-09 0.0D+00 2.8D-08 0.0D+00       23      189       23      230  S
     19      1   1.8946300792503454D-01 5.0D-09 0.0D+00 2.8D-07 0.0D+00       23      166       23      230  S
     19      1   2.1785651016187435D-01 6.2D-09 0.0D+00 2.8D-07 0.0D+00       23      177       23      230  S
     19      1   2.0285285712146364D-01 6.4D-09 0.0D+00 2.2D-08 0.0D+00       22      180       22      220  S
     19      1   1.8946300792499607D-01 5.0D-09 0.0D+00 2.6D-07 0.0D+00       24      200       24      240  S
     19      1   2.1291884168673408D-01 6.1D-09 0.0D+00 5.8D-09 0.0D+00       22      169       22      220  S
     19      1   2.1838988109869778D-01 6.8D-09 0.0D+00 5.4D-09 0.0D+00       22      177       22      220  S
     19      1   1.9959839953884351D-01 4.9D-09 0.0D+00 3.2D-08 0.0D+00       23      156       23      230  S
     19      1   1.9186265686952894D-01 5.5D-09 0.0D+00 3.8D-08 0.0D+00       23      185       23      230  S
     19      1   3.5045983477380516D-01 5.5D-06 0.0D+00 7.7D-01 0.0D+00       23      126       24      240  S
     19      1   1.9186265686731879D-01 5.5D-09 0.0D+00 1.6D-07 0.0D+00       22      233       22      220  S
     19      1   1.8946300792718479D-01 5.0D-09 0.0D+00 7.8D-09 0.0D+00       22      165       22      220  S
     19      1   1.8946300792679771D-01 5.0D-09 0.0D+00 2.3D-08 0.0D+00       24      177       24      240  S
     19      1   1.8946300792684401D-01 5.0D-09 0.0D+00 1.0D-08 0.0D+00       22      204       22      220  S
     19      1   1.9186265686706735D-01 5.5D-09 0.0D+00 2.7D-07 0.0D+00       23      160       23      230  S
     19      1   1.9186265686939086D-01 5.5D-09 0.0D+00 2.2D-11 0.0D+00       22      171       22      220  S
     19      1   1.9186265686966134D-01 5.5D-09 0.0D+00 7.6D-09 0.0D+00       22      165       22      220  S
     19      1   2.0491601149594665D-01 5.5D-09 0.0D+00 5.3D-09 0.0D+00       21      166       21      210  S
     19      1   2.0509496025391349D-01 6.3D-09 0.0D+00 9.1D-12 0.0D+00       22      168       22      220  S
     19      1   2.1838988109666579D-01 6.8D-09 0.0D+00 1.6D-07 0.0D+00       23      197       23      230  S
     19      1   1.9186265686942694D-01 5.5D-09 0.0D+00 7.9D-09 0.0D+00       22      173       22      220  S
     19      1   1.8946300792659262D-01 5.0D-09 0.0D+00 4.3D-09 0.0D+00       21      149       21      210  S
     19      1   1.9186265686932871D-01 5.5D-09 0.0D+00 5.1D-09 0.0D+00       22      158       22      220  S
     19      1   2.0491601149495933D-01 5.5D-09 0.0D+00 1.5D-07 0.0D+00       22      223       22      220  S
     19      1   2.0491601149728139D-01 5.5D-09 0.0D+00 4.6D-09 0.0D+00       22      160       22      220  S
     19      1   1.9186265686927548D-01 5.5D-09 0.0D+00 5.0D-09 0.0D+00       22      140       22      220  S
     19      1   2.1717172017512890D-01 7.8D-09 0.0D+00 1.7D-09 0.0D+00       22      175       22      220  S
     19      1   1.9186265686846043D-01 5.5D-09 0.0D+00 8.3D-08 0.0D+00       24      211       24      240  S
     19      1   2.0577984419554943D-01 5.1D-09 0.0D+00 5.2D-09 0.0D+00       22      198       22      220  S
     19      1   1.9186265686704254D-01 5.5D-09 0.0D+00 2.7D-07 0.0D+00       23      170       23      230  S
     19      1   1.9186265686928056D-01 5.5D-09 0.0D+00 9.8D-09 0.0D+00       22      164       22      220  S
     19      1   1.9931664610789129D-01 5.3D-09 0.0D+00 3.5D-09 0.0D+00       22      146       22      220  S
     19      1   2.1717172017450603D-01 7.8D-09 0.0D+00 1.3D-09 0.0D+00       22      152       22      220  S
     19      1   2.0359227585355155D-01 6.2D-09 0.0D+00 7.8D-09 0.0D+00       22      188       22      220  S
     19      1   1.8946300792674309D-01 5.0D-09 0.0D+00 2.8D-08 0.0D+00       23      163       23      230  S
     19      1   1.9186265686910542D-01 5.5D-09 0.0D+00 5.7D-10 0.0D+00       21      155       21      210  S
     19      1   1.9931664610794558D-01 5.3D-09 0.0D+00 7.2D-09 0.0D+00       22      143       22      220  S
     19      1   1.9186265686817916D-01 5.5D-09 0.0D+00 1.1D-07 0.0D+00       23      194       23      230  S
     19      1   1.9186265688318732D-01 5.5D-09 0.0D+00 2.7D-08 0.0D+00       24      187       24      240  S
     19      1   2.0491601149606414D-01 5.5D-09 0.0D+00 1.8D-08 0.0D+00       23      185       23      230  S
     19      1   1.9186265686931184D-01 5.5D-09 0.0D+00 8.8D-09 0.0D+00       22      173       22      220  S
     19      1   1.9186265686673865D-01 5.5D-09 0.0D+00 3.3D-07 0.0D+00       24      191       24      240  S
     19      1   1.8946300792698206D-01 5.0D-09 0.0D+00 4.0D-09 0.0D+00       22      185       22      220  S
     19      1   2.0833232636988891D-01 5.1D-09 0.0D+00 3.0D-07 0.0D+00       22      244       22      220  S
     19      1   1.9186265686942020D-01 5.5D-09 0.0D+00 8.2D-09 0.0D+00       22      155       22      220  S
     19      1   1.8946300792478446D-01 5.0D-09 0.0D+00 2.8D-07 0.0D+00       23      207       23      230  S
     19      1   1.8946300792704171D-01 5.0D-09 0.0D+00 4.9D-08 0.0D+00       23      193       23      230  S
     19      1   2.1832478283518433D-01 1.3D-04 0.0D+00 4.3D-01 0.0D+00        1       10        2       20  F
     19      1   1.9186265686695286D-01 5.5D-09 0.0D+00 3.1D-07 0.0D+00       23      187       23      230  S
     19      1   1.8946300792607276D-01 5.0D-09 0.0D+00 1.1D-07 0.0D+00       23      173       23      230  S
     19      1   1.9186265686712367D-01 5.5D-09 0.0D+00 3.0D-07 0.0D+00       24      166       24      240  S
     19      1   1.9186265686943388D-01 5.5D-09 0.0D+00 5.9D-09 0.0D+00       22      163       22      220  S
     19      1   1.9186265686634191D-01 5.5D-09 0.0D+00 3.2D-07 0.0D+00       23      162       23      230  S
     19      1   1.8946300792496931D-01 5.0D-09 0.0D+00 2.0D-07 0.0D+00       23      182       23      230  S
     19      1   2.0946581627174748D-01 5.8D-09 0.0D+00 3.6D-07 0.0D+00       23      192       23      230  S
     19      1   1.9186265686985862D-01 5.5D-09 0.0D+00 6.7D-09 0.0D+00       22      178       22      220  S
     19      1   2.0270016875500330D-01 6.2D-09 0.0D+00 2.7D-08 0.0D+00       23      228       23      230  S
     19      1   2.0491601149355906D-01 5.5D-09 0.0D+00 3.0D-07 0.0D+00       23      183       23      230  S
     19      1   2.2739024537367644D-01 1.6D-06 0.0D+00 2.3D-01 0.0D+00       25      177       26      260  S
     19      1   1.9186265686821150D-01 5.5D-09 0.0D+00 1.2D-07 0.0D+00       23      174       23      230  S
     19      1   1.9931664610797420D-01 5.3D-09 0.0D+00 9.9D-09 0.0D+00       22      136       22      220  S
     19      1   1.9931664610787750D-01 5.3D-09 0.0D+00 1.3D-09 0.0D+00       22      122       22      220  S
     19      1   1.9186265686858900D-01 5.5D-09 0.0D+00 1.0D-07 0.0D+00       23      165       23      230  S
     19      1   1.8946300792650239D-01 5.0D-09 0.0D+00 6.2D-08 0.0D+00       24      217       24      240  S
     19      1   1.9014025231812343D-01 4.6D-09 0.0D+00 1.8D-07 0.0D+00       23      196       23      230  S
     19      1   1.8946300792579579D-01 5.0D-09 0.0D+00 1.3D-07 0.0D+00       24      172       24      240  S
     19      1   1.9186265686681789D-01 5.5D-09 0.0D+00 3.0D-07 0.0D+00       24      221       24      240  S
     19      1   1.8946300792719337D-01 5.0D-09 0.0D+00 9.4D-09 0.0D+00       22      202       22      220  S
     19      1   1.9926499084525032D-01 5.4D-09 0.0D+00 9.5D-08 0.0D+00       24      186       24      240  S
     19      1   1.9186265686948165D-01 5.5D-09 0.0D+00 7.3D-10 0.0D+00       21      181       21      210  S
     19      1   1.9186265686646028D-01 5.5D-09 0.0D+00 3.3D-07 0.0D+00       22      180       22      220  S
     19      1   1.9186265686937604D-01 5.5D-09 0.0D+00 2.1D-09 0.0D+00       22      185       22      220  S
     19      1   1.9014025231998050D-01 4.6D-09 0.0D+00 3.4D-08 0.0D+00       23      212       23      230  S
     19      1   2.0217254445741015D-01 5.7D-09 0.0D+00 6.5D-08 0.0D+00       22      193       22      220  S
     19      1   2.0270016875324232D-01 6.2D-09 0.0D+00 1.1D-07 0.0D+00       24      194       24      240  S
     19      1   2.0385904777111630D-01 5.9D-09 0.0D+00 6.0D-09 0.0D+00       21      185       21      210  S
     19      1   1.9931664610778846D-01 5.3D-09 0.0D+00 7.8D-09 0.0D+00       22      150       22      220  S
     19      1   1.9926499084630825D-01 5.4D-09 0.0D+00 3.2D-08 0.0D+00       23      150       23      230  S
 no information
     19      1   1.9186265686949108D-01 5.5D-09 0.0D+00 8.9D-09 0.0D+00       22      164       22      220  S
     19      1   1.9931664610795086D-01 5.3D-09 0.0D+00 1.4D-09 0.0D+00       22      118       22      220  S
     19      1   1.8946300792670145D-01 5.0D-09 0.0D+00 9.5D-10 0.0D+00       22      197       22      220  S
     19      1   1.8946300792608231D-01 5.0D-09 0.0D+00 9.7D-08 0.0D+00       23      212       23      230  S
     19      1   1.8946300792705828D-01 5.0D-09 0.0D+00 3.8D-09 0.0D+00       22      194       22      220  S
     19      1   2.1701101342366913D-01 3.8D-07 0.0D+00 7.7D-03 0.0D+00       26      167       27      270  S
     19      1   1.9186265686939466D-01 5.5D-09 0.0D+00 8.0D-09 0.0D+00       22      177       22      220  S
     19      1   1.9186265686730800D-01 5.5D-09 0.0D+00 2.4D-07 0.0D+00       24      205       24      240  S
     19      1   2.1093559885806218D-01 6.1D-09 0.0D+00 5.5D-09 0.0D+00       22      174       22      220  S
     19      1   2.0491601149602984D-01 5.5D-09 0.0D+00 3.0D-09 0.0D+00       21      149       21      210  S
     19      1   1.8946300792480281D-01 5.0D-09 0.0D+00 3.3D-07 0.0D+00       24      209       24      240  S
     19      1   2.1031987736270225D-01 5.3D-09 0.0D+00 1.6D-07 0.0D+00       23      423       23      230  S
     19      1   2.0359227585081086D-01 6.2D-09 0.0D+00 2.3D-07 0.0D+00       23      182       23      230  S
     19      1   1.9926499084476648D-01 5.4D-09 0.0D+00 1.6D-07 0.0D+00       24      203       24      240  S
     19      1   1.9846857280905261D-01 5.6D-09 0.0D+00 2.6D-07 0.0D+00       22      242       22      220  S
     19      1   1.9186265686719051D-01 5.5D-09 0.0D+00 2.6D-07 0.0D+00       23      210       23      230  S
     19      1   1.9186265686736842D-01 5.5D-09 0.0D+00 2.3D-07 0.0D+00       24      201       24      240  S
     19      1   1.8946300792694482D-01 5.0D-09 0.0D+00 3.4D-09 0.0D+00       22      182       22      220  S
     19      1   2.1838988109559213D-01 6.8D-09 0.0D+00 2.1D-07 0.0D+00       23      172       23      230  S
     19      1   1.8946300792652437D-01 5.0D-09 0.0D+00 2.2D-08 0.0D+00       23      196       23      230  S
 no information
     19      1   1.9186265686983672D-01 5.5D-09 0.0D+00 2.1D-08 0.0D+00       24      209       24      240  S
     19      1   1.9931664610785782D-01 5.3D-09 0.0D+00 3.0D-10 0.0D+00       22      131       22      220  S
     19      1   1.8946300792448439D-01 5.0D-09 0.0D+00 3.2D-07 0.0D+00       23      168       23      230  S
     19      1   2.0492849845938582D-01 5.0D-09 0.0D+00 1.7D-08 0.0D+00       23      216       23      230  S
     19      1   1.9186265686931711D-01 5.5D-09 0.0D+00 1.9D-08 0.0D+00       23      181       23      230  S
     19      1   1.8946300792467072D-01 5.0D-09 0.0D+00 3.2D-07 0.0D+00       23      192       23      230  S
     19      1   1.9186265686802612D-01 5.5D-09 0.0D+00 1.5D-07 0.0D+00       24      211       24      240  S
     19      1   1.9186265686971854D-01 5.5D-09 0.0D+00 1.1D-09 0.0D+00       22      215       22      220  S
     19      1   1.9186265686708021D-01 5.5D-09 0.0D+00 3.0D-07 0.0D+00       23      153       23      230  S
     19      1   1.8946300792623613D-01 5.0D-09 0.0D+00 7.5D-08 0.0D+00       22      219       22      220  S
     19      1   1.8946300792600729D-01 5.0D-09 0.0D+00 1.4D-07 0.0D+00       23      184       23      230  S
     19      1   1.9186265686921802D-01 5.5D-09 0.0D+00 9.2D-12 0.0D+00       22      178       22      220  S
     19      1   2.0285285711889434D-01 6.4D-09 0.0D+00 2.3D-07 0.0D+00       23      182       23      230  S
     19      1   1.9186265686679282D-01 5.5D-09 0.0D+00 3.0D-07 0.0D+00       24      171       24      240  S
     19      1   2.0491601149588423D-01 5.5D-09 0.0D+00 5.1D-09 0.0D+00       21      159       21      210  S
     19      1   1.9186265686945980D-01 5.5D-09 0.0D+00 7.5D-09 0.0D+00       22      184       22      220  S
     19      1   1.9186265686732210D-01 5.5D-09 0.0D+00 2.4D-07 0.0D+00       23      164       23      230  S
     19      1   1.9186265686933654D-01 5.5D-09 0.0D+00 7.8D-09 0.0D+00       22      201       22      220  S
     19      1   1.9186265686697709D-01 5.5D-09 0.0D+00 3.1D-07 0.0D+00       24      210       24      240  S
     19      1   1.8946300792666779D-01 5.0D-09 0.0D+00 5.0D-10 0.0D+00       21      145       21      210  S
     19      1   2.3409289347276455D-01 5.4D-09 0.0D+00 2.0D-07 0.0D+00       24      189       24      240  S
     19      1   2.1702245053314731D-01 3.6D-07 0.0D+00 7.1D-03 0.0D+00       26      170       27      270  S
     19      1   1.9186265686675902D-01 5.5D-09 0.0D+00 3.1D-07 0.0D+00       24      193       24      240  S
     19      1   1.9186265686943552D-01 5.5D-09 0.0D+00 4.3D-09 0.0D+00       22      183       22      220  S
     19      1   1.9186265686932824D-01 5.5D-09 0.0D+00 7.1D-09 0.0D+00       22      197       22      220  S
     19      1   1.9186265686922624D-01 5.5D-09 0.0D+00 8.8D-10 0.0D+00       21      152       21      210  S
     19      1   1.8946300792530729D-01 5.0D-09 0.0D+00 2.6D-07 0.0D+00       24      199       24      240  S
     19      1   1.9186265686939177D-01 5.5D-09 0.0D+00 2.0D-09 0.0D+00       22      185       22      220  S
     19      1   1.9186265686679577D-01 5.5D-09 0.0D+00 2.3D-07 0.0D+00       23      226       23      230  S
     19      1   2.1788403873432247D-01 6.6D-09 0.0D+00 2.1D-07 0.0D+00       23      174       23      230  S
     19      1   1.8946300792715318D-01 5.0D-09 0.0D+00 2.3D-08 0.0D+00       23      218       23      230  S
     19      1   2.0359227585290807D-01 6.2D-09 0.0D+00 3.3D-08 0.0D+00       22      176       22      220  S
     19      1   2.0285285712160753D-01 6.4D-09 0.0D+00 2.1D-08 0.0D+00       24      188       24      240  S
     19      1   1.9186265686957993D-01 5.5D-09 0.0D+00 6.8D-09 0.0D+00       22      186       22      220  S
     19      1   2.1833374029312297D-01 5.3D-09 0.0D+00 1.2D-07 0.0D+00       23      266       23      230  S
     19      1   1.9186265686665602D-01 5.5D-09 0.0D+00 3.2D-07 0.0D+00       24      181       24      240  S
     19      1   1.9186265686952766D-01 5.5D-09 0.0D+00 2.5D-09 0.0D+00       22      182       22      220  S
     19      1   2.0157840495068566D-01 5.6D-09 0.0D+00 9.4D-10 0.0D+00       22      219       22      220  S
     19      1   1.9186265686941473D-01 5.5D-09 0.0D+00 3.0D-09 0.0D+00       22      177       22      220  S
     19      1   2.0285285711901038D-01 6.4D-09 0.0D+00 2.7D-07 0.0D+00       23      184       23      230  S
     19      1   2.1033119060692482D-01 5.5D-09 0.0D+00 3.3D-08 0.0D+00       23      252       23      230  S
     19      1   2.0270016875433516D-01 6.2D-09 0.0D+00 1.5D-09 0.0D+00       22      161       22      220  S
     19      1   1.9186265686658743D-01 5.5D-09 0.0D+00 3.2D-07 0.0D+00       24      201       24      240  S
     19      1   1.9926499084658850D-01 5.4D-09 0.0D+00 8.4D-09 0.0D+00       22      157       22      220  S
     19      1   2.0217254445901126D-01 5.7D-09 0.0D+00 2.4D-08 0.0D+00       24      208       24      240  S
     19      1   1.8946300792690091D-01 5.0D-09 0.0D+00 8.5D-09 0.0D+00       22      186       22      220  S
     19      1   2.0270016875453775D-01 6.2D-09 0.0D+00 2.4D-08 0.0D+00       23      154       23      230  S
     19      1   2.1717172016896108D-01 7.8D-09 0.0D+00 3.3D-07 0.0D+00       23      151       23      230  S
     19      1   2.0359227585325029D-01 6.2D-09 0.0D+00 9.5D-09 0.0D+00       22      169       22      220  S
     19      1   1.9186265686682144D-01 5.5D-09 0.0D+00 3.2D-07 0.0D+00       23      178       23      230  S
     19      1   1.9186265686764412D-01 5.5D-09 0.0D+00 2.5D-07 0.0D+00       23      184       23      230  S
     19      1   1.9186265686972973D-01 5.5D-09 0.0D+00 7.0D-09 0.0D+00       22      183       22      220  S
     19      1   1.9186265686933243D-01 5.5D-09 0.0D+00 7.4D-09 0.0D+00       22      150       22      220  S
     19      1   1.9186265686847134D-01 5.5D-09 0.0D+00 1.5D-07 0.0D+00       23      176       23      230  S
     19      1   2.0661390113050265D-01 6.0D-09 0.0D+00 2.0D-08 0.0D+00       22      197       22      220  S
     19      1   1.9186265686987999D-01 5.5D-09 0.0D+00 3.3D-08 0.0D+00       23      189       23      230  S
     19      1   1.9186265686945478D-01 5.5D-09 0.0D+00 1.4D-09 0.0D+00       22      194       22      220  S
 no information
     19      1   1.9186265686699255D-01 5.5D-09 0.0D+00 2.7D-07 0.0D+00       23      179       23      230  S
     19      1   1.9186265686980580D-01 5.5D-09 0.0D+00 5.4D-09 0.0D+00       22      162       22      220  S
 no information
     19      1   1.9186265686837420D-01 5.5D-09 0.0D+00 1.0D-07 0.0D+00       24      191       24      240  S
     19      1   1.9186265686942292D-01 5.5D-09 0.0D+00 3.1D-10 0.0D+00       22      160       22      220  S
     19      1   1.8946300792693394D-01 5.0D-09 0.0D+00 3.2D-09 0.0D+00       22      161       22      220  S
     19      1   3.5794681791659344D-01 2.0D-05 0.0D+00 1.0D+00 0.0D+00       26      269       27      270  S
     19      1   1.9186265686674944D-01 5.5D-09 0.0D+00 3.1D-07 0.0D+00       23      172       23      230  S
     19      1   1.9186265686676715D-01 5.5D-09 0.0D+00 3.2D-07 0.0D+00       23      187       23      230  S
     19      1   2.0385904777092756D-01 5.9D-09 0.0D+00 7.3D-09 0.0D+00       22      157       22      220  S
     19      1   2.0270016875140331D-01 6.2D-09 0.0D+00 3.0D-07 0.0D+00       23      209       23      230  S
 no information
     19      1   1.9186265686904302D-01 5.5D-09 0.0D+00 2.0D-08 0.0D+00       23      175       23      230  S
     19      1   2.0853777815033905D-01 4.2D-07 0.0D+00 9.6D-02 0.0D+00       25      171       26      260  S
     19      1   1.9186265686927506D-01 5.5D-09 0.0D+00 5.6D-09 0.0D+00       22      179       22      220  S
     19      1   2.0270016969605043D-01 6.2D-09 0.0D+00 1.3D-07 0.0D+00       23      267       23      230  S
     19      1   2.0285285711848103D-01 6.4D-09 0.0D+00 3.0D-07 0.0D+00       24      183       24      240  S
     19      1   1.8946300792700826D-01 5.0D-09 0.0D+00 9.4D-10 0.0D+00       22      198       22      220  S
     19      1   1.8946300792678109D-01 5.0D-09 0.0D+00 4.0D-09 0.0D+00       22      180       22      220  S
     19      1   2.0491601149353075D-01 5.5D-09 0.0D+00 2.9D-07 0.0D+00       22      169       22      220  S
     19      1   1.9186265686932247D-01 5.5D-09 0.0D+00 3.2D-11 0.0D+00       22      184       22      220  S
     19      1   1.8946300792571227D-01 5.0D-09 0.0D+00 1.4D-07 0.0D+00       24      182       24      240  S
 no information
     19      1   2.0663369297951276D-01 5.2D-09 0.0D+00 2.3D-07 0.0D+00       24      211       24      240  S
     19      1   2.1209282327234014D-01 6.3D-09 0.0D+00 5.3D-09 0.0D+00       21      180       21      210  S
     19      1   2.0285285712171325D-01 6.4D-09 0.0D+00 7.5D-10 0.0D+00       22      170       22      220  S
     19      1   2.0270016875440822D-01 6.2D-09 0.0D+00 5.1D-09 0.0D+00       22      175       22      220  S
     19      1   1.9186265686665038D-01 5.5D-09 0.0D+00 3.2D-07 0.0D+00       22      165       22      220  S
     19      1   1.9186265686969436D-01 5.5D-09 0.0D+00 8.1D-09 0.0D+00       22      186       22      220  S
     19      1   1.9186265686944967D-01 5.5D-09 0.0D+00 8.7D-09 0.0D+00       22      183       22      220  S
     19      1   1.8946300792596338D-01 5.0D-09 0.0D+00 1.2D-07 0.0D+00       24      215       24      240  S
     19      1   1.8946300792647444D-01 5.0D-09 0.0D+00 2.2D-10 0.0D+00       21      218       21      210  S
     19      1   1.9186265686963580D-01 5.5D-09 0.0D+00 1.2D-09 0.0D+00       22      174       22      220  S
     19      1   2.0492849845945948D-01 5.0D-09 0.0D+00 8.0D-09 0.0D+00       22      183       22      220  S
     19      1   1.9186265686827678D-01 5.5D-09 0.0D+00 1.6D-07 0.0D+00       23      185       23      230  S
     19      1   1.9186265686657755D-01 5.5D-09 0.0D+00 3.2D-07 0.0D+00       23      198       23      230  S
     19      1   2.0491601149651389D-01 5.5D-09 0.0D+00 3.0D-08 0.0D+00       23      195       23      230  S
     19      1   1.9186265686674250D-01 5.5D-09 0.0D+00 3.1D-07 0.0D+00       24      234       24      240  S
     19      1   2.0359227585298245D-01 6.2D-09 0.0D+00 1.2D-09 0.0D+00       21      170       21      210  S
     19      1   1.9186265686677068D-01 5.5D-09 0.0D+00 2.8D-07 0.0D+00       24      190       24      240  S
     19      1   1.9186265686953802D-01 5.5D-09 0.0D+00 1.9D-08 0.0D+00       22      192       22      220  S
     19      1   2.0285285712231793D-01 6.4D-09 0.0D+00 3.7D-08 0.0D+00       24      206       24      240  S
     19      1   1.8946300792671611D-01 5.0D-09 0.0D+00 5.8D-10 0.0D+00       22      196       22      220  S
     19      1   2.2576435511388504D-01 5.9D-09 0.0D+00 1.4D-07 0.0D+00       22      166       22      220  S
     19      1   1.8946300792709805D-01 5.0D-09 0.0D+00 8.4D-09 0.0D+00       22      163       22      220  S
     19      1   1.9186265686953813D-01 5.5D-09 0.0D+00 1.5D-09 0.0D+00       22      212       22      220  S
     19      1   1.9186265686976034D-01 5.5D-09 0.0D+00 9.3D-09 0.0D+00       22      169       22      220  S
     19      1   2.0491601149571981D-01 5.5D-09 0.0D+00 1.3D-09 0.0D+00       21      161       21      210  S
     19      1   1.8946300792519355D-01 5.0D-09 0.0D+00 1.4D-07 0.0D+00       22      182       22      220  S
     19      1   2.1033119060651873D-01 5.5D-09 0.0D+00 4.0D-08 0.0D+00       22      315       22      220  S
     19      1   2.0492849845704172D-01 5.0D-09 0.0D+00 3.1D-07 0.0D+00       23      165       23      230  S
     19      1   1.9186265686718201D-01 5.5D-09 0.0D+00 2.6D-07 0.0D+00       24      175       24      240  S
     19      1   1.8946300792577983D-01 5.0D-09 0.0D+00 1.5D-07 0.0D+00       24      218       24      240  S
     19      1   1.9931664610792818D-01 5.3D-09 0.0D+00 3.9D-09 0.0D+00       22      131       22      220  S
     19      1   2.0285285712199150D-01 6.4D-09 0.0D+00 5.1D-09 0.0D+00       22      168       22      220  S
     19      1   1.8946300792658888D-01 5.0D-09 0.0D+00 4.5D-10 0.0D+00       21      165       21      210  S
     19      1   2.0359227585169790D-01 6.2D-09 0.0D+00 1.5D-07 0.0D+00       22      175       22      220  S
     19      1   1.8946300792696646D-01 5.0D-09 0.0D+00 4.3D-09 0.0D+00       22      165       22      220  S
     19      1   1.9186265686980936D-01 5.5D-09 0.0D+00 7.0D-09 0.0D+00       22      155       22      220  S
     19      1   1.9186265686935999D-01 5.5D-09 0.0D+00 4.1D-10 0.0D+00       22      161       22      220  S
     19      1   2.1838988109512414D-01 6.8D-09 0.0D+00 2.9D-07 0.0D+00       24      223       24      240  S
     19      1   2.1939853712868052D-01 5.1D-06 0.0D+00 2.1D-01 0.0D+00        1       10        2       20  F
     19      1   1.9186265686946824D-01 5.5D-09 0.0D+00 6.1D-09 0.0D+00       22      162       22      220  S
     19      1   1.9186265686936893D-01 5.5D-09 0.0D+00 5.1D-09 0.0D+00       22      185       22      220  S
     19      1   2.0509496025353027D-01 6.3D-09 0.0D+00 8.8D-10 0.0D+00       22      157       22      220  S
     19      1   1.9186265686939774D-01 5.5D-09 0.0D+00 2.1D-09 0.0D+00       22      195       22      220  S
     19      1   2.8481616452754321D-01 1.9D-04 0.0D+00 3.2D-01 0.0D+00        2       32        3       30  F
     19      1   1.9186265686946946D-01 5.5D-09 0.0D+00 8.3D-09 0.0D+00       21      156       21      210  S
     19      1   2.1838988109857860D-01 6.8D-09 0.0D+00 2.9D-09 0.0D+00       21      193       21      210  S
     19      1   1.8946300792673978D-01 5.0D-09 0.0D+00 1.1D-09 0.0D+00       22      173       22      220  S
     19      1   1.9186265686933307D-01 5.5D-09 0.0D+00 2.3D-08 0.0D+00       23      167       23      230  S
     19      1   1.8946300792501733D-01 5.0D-09 0.0D+00 3.0D-07 0.0D+00       23      175       23      230  S
     19      1   1.9186265686678661D-01 5.5D-09 0.0D+00 2.9D-07 0.0D+00       23      209       23      230  S
     19      1   2.0491601149325461D-01 5.5D-09 0.0D+00 3.2D-07 0.0D+00       22      185       22      220  S
     19      1   2.0491601149610328D-01 5.5D-09 0.0D+00 1.5D-08 0.0D+00       22      176       22      220  S
     19      1   1.8946300792675699D-01 5.0D-09 0.0D+00 6.0D-10 0.0D+00       22      145       22      220  S
     19      1   1.9186265686966592D-01 5.5D-09 0.0D+00 7.9D-09 0.0D+00       22      175       22      220  S
     19      1   1.9186265686693385D-01 5.5D-09 0.0D+00 2.9D-07 0.0D+00       23      181       23      230  S
     19      1   1.9186265686940918D-01 5.5D-09 0.0D+00 9.5D-09 0.0D+00       22      162       22      220  S
     19      1   1.9846857281533256D-01 5.6D-09 0.0D+00 6.4D-09 0.0D+00       22      163       22      220  S
     19      1   2.0285285711855508D-01 6.4D-09 0.0D+00 2.7D-07 0.0D+00       23      185       23      230  S
     19      1   1.9186265686936771D-01 5.5D-09 0.0D+00 1.8D-08 0.0D+00       24      206       24      240  S
     19      1   1.9186265686927609D-01 5.5D-09 0.0D+00 8.9D-09 0.0D+00       22      170       22      220  S
     19      1   8.3817400153391286D-02 4.7D-01 0.0D+00 1.0D+00 0.0D+00        0        0        1       10  F
     19      1   1.9186265686944753D-01 5.5D-09 0.0D+00 7.9D-09 0.0D+00       22      169       22      220  S
     19      1   2.0491601149598285D-01 5.5D-09 0.0D+00 4.8D-09 0.0D+00       21      148       21      210  S
     19      1   2.0217254445898986D-01 5.7D-09 0.0D+00 5.8D-09 0.0D+00       22      203       22      220  S
     19      1   2.1291884168666247D-01 6.1D-09 0.0D+00 7.5D-09 0.0D+00       22      202       22      220  S
     19      1   2.1838988109586732D-01 6.8D-09 0.0D+00 2.3D-07 0.0D+00       23      172       23      230  S
     19      1   1.9186265686933418D-01 5.5D-09 0.0D+00 2.6D-10 0.0D+00       22      185       22      220  S
     19      1   1.9186265686974949D-01 5.5D-09 0.0D+00 1.1D-08 0.0D+00       24      211       24      240  S
     19      1   1.9186265686721099D-01 5.5D-09 0.0D+00 3.0D-07 0.0D+00       23      206       23      230  S
     19      1   1.9186265686990922D-01 5.5D-09 0.0D+00 9.2D-09 0.0D+00       22      181       22      220  S
     19      1   2.0285285712174528D-01 6.4D-09 0.0D+00 1.4D-09 0.0D+00       22      148       22      220  S
     19      1   1.8946300792681459D-01 5.0D-09 0.0D+00 5.2D-09 0.0D+00       22      178       22      220  S
     19      1   1.9926499084609997D-01 5.4D-09 0.0D+00 1.1D-09 0.0D+00       22      158       22      220  S
     19      1   2.0491601149425231D-01 5.5D-09 0.0D+00 1.9D-07 0.0D+00       23      199       23      230  S
     19      1   1.9186265686988155D-01 5.5D-09 0.0D+00 6.4D-08 0.0D+00       24      196       24      240  S
     19      1   2.1717172013805189D-01 7.8D-09 0.0D+00 2.1D-09 0.0D+00       22      266       22      220  S
     19      1   1.2109261986711445D-01 3.5D-01 0.0D+00 1.0D+00 0.0D+00        0        0        1       10  F
     19      1   1.9186265686979234D-01 5.5D-09 0.0D+00 3.3D-09 0.0D+00       22      186       22      220  S
     19      1   2.1838988109893911D-01 6.8D-09 0.0D+00 8.6D-10 0.0D+00       22      170       22      220  S
     19      1   2.0270016875403940D-01 6.2D-09 0.0D+00 8.0D-09 0.0D+00       21      148       21      210  S
     19      1   2.0270016875462160D-01 6.2D-09 0.0D+00 3.1D-08 0.0D+00       23      199       23      230  S
     19      1   2.2426971812562707D-01 6.4D-09 0.0D+00 8.8D-08 0.0D+00       23      335       23      230  S
     19      1   1.9186265686699261D-01 5.5D-09 0.0D+00 3.0D-07 0.0D+00       24      213       24      240  S
     19      1   1.8946300792669463D-01 5.0D-09 0.0D+00 8.4D-09 0.0D+00       22      165       22      220  S
     19      1   2.0033059034125308D-01 5.1D-09 0.0D+00 5.4D-08 0.0D+00       24      182       24      240  S
     19      1   1.8946300792690662D-01 5.0D-09 0.0D+00 1.4D-09 0.0D+00       22      159       22      220  S
     19      1   1.9186265686697565D-01 5.5D-09 0.0D+00 3.3D-07 0.0D+00       24      193       24      240  S
     19      1   1.9186265686971349D-01 5.5D-09 0.0D+00 7.9D-09 0.0D+00       22      182       22      220  S
     19      1   2.1838988109946486D-01 6.8D-09 0.0D+00 3.2D-07 0.0D+00       24      221       24      240  S
     19      1   1.8946300792596549D-01 5.0D-09 0.0D+00 1.5D-07 0.0D+00       24      201       24      240  S
     19      1   2.1827572565928061D-01 6.5D-09 0.0D+00 1.5D-07 0.0D+00       24      221       24      240  S
     19      1   1.9186265686716281D-01 5.5D-09 0.0D+00 2.8D-07 0.0D+00       23      170       23      230  S
     19      1   1.9186265686809748D-01 5.5D-09 0.0D+00 1.5D-07 0.0D+00       23      167       23      230  S
     19      1   1.8946300792706317D-01 5.0D-09 0.0D+00 6.5D-10 0.0D+00       22      166       22      220  S
     19      1   1.8946300792660586D-01 5.0D-09 0.0D+00 1.1D-10 0.0D+00       22      188       22      220  S
     19      1   1.9186265686941850D-01 5.5D-09 0.0D+00 3.2D-09 0.0D+00       22      154       22      220  S
     19      1   2.0217254445725608D-01 5.7D-09 0.0D+00 1.6D-07 0.0D+00       24      176       24      240  S
     19      1   1.9186265686954801D-01 5.5D-09 0.0D+00 2.5D-08 0.0D+00       24      212       24      240  S
     19      1   1.8946300792538925D-01 5.0D-09 0.0D+00 1.2D-07 0.0D+00       23      196       23      230  S
     19      1   1.9186265686919485D-01 5.5D-09 0.0D+00 3.0D-09 0.0D+00       21      151       21      210  S
     19      1   1.9931664610791108D-01 5.3D-09 0.0D+00 4.6D-10 0.0D+00       22      148       22      220  S
     19      1   1.9846857281512972D-01 5.6D-09 0.0D+00 1.9D-08 0.0D+00       23      158       23      230  S
     19      1   2.0385904776975580D-01 5.9D-09 0.0D+00 2.4D-08 0.0D+00       22      165       22      220  S
     19      1   1.9186265686935558D-01 5.5D-09 0.0D+00 7.0D-10 0.0D+00       22      172       22      220  S
     19      1   1.8946300792685836D-01 5.0D-09 0.0D+00 9.5D-09 0.0D+00       22      175       22      220  S
     19      1   1.8946300792689252D-01 5.0D-09 0.0D+00 3.2D-09 0.0D+00       22      170       22      220  S
     19      1   1.9959839953877734D-01 4.9D-09 0.0D+00 1.6D-08 0.0D+00       23      178       23      230  S
     19      1   1.8946300792590548D-01 5.0D-09 0.0D+00 1.6D-07 0.0D+00       23      195       23      230  S
     19      1   1.9186265686981099D-01 5.5D-09 0.0D+00 1.8D-09 0.0D+00       22      172       22      220  S
     19      1   1.9186265686979914D-01 5.5D-09 0.0D+00 4.2D-08 0.0D+00       24      200       24      240  S
     19      1   1.9931664610790523D-01 5.3D-09 0.0D+00 1.1D-09 0.0D+00       22      143       22      220  S
     19      1   2.0633733585727820D-01 5.6D-09 0.0D+00 9.8D-09 0.0D+00       22      188       22      220  S
     19      1   1.9186265686680315D-01 5.5D-09 0.0D+00 2.9D-07 0.0D+00       24      166       24      240  S
     19      1   2.0217254445881050D-01 5.7D-09 0.0D+00 6.0D-09 0.0D+00       22      185       22      220  S
     19      1   2.0285285711863341D-01 6.4D-09 0.0D+00 3.1D-07 0.0D+00       23      182       23      230  S
     19      1   1.8946300792536575D-01 5.0D-09 0.0D+00 2.0D-07 0.0D+00       24      200       24      240  S
     19      1   1.9014025231889620D-01 4.6D-09 0.0D+00 1.3D-07 0.0D+00       23      204       23      230  S
     19      1   2.0285285712156695D-01 6.4D-09 0.0D+00 5.5D-09 0.0D+00       22      173       22      220  S
     19      1   1.9186265686861015D-01 5.5D-09 0.0D+00 1.0D-07 0.0D+00       23      176       23      230  S
     19      1   1.9186265686920140D-01 5.5D-09 0.0D+00 7.8D-09 0.0D+00       21      145       21      210  S
     19      1   2.0285285711885617D-01 6.4D-09 0.0D+00 2.6D-07 0.0D+00       24      211       24      240  S
     19      1   1.8946300792645593D-01 5.0D-09 0.0D+00 9.5D-09 0.0D+00       21      194       21      210  S
     19      1   1.9186265686940090D-01 5.5D-09 0.0D+00 9.1D-09 0.0D+00       22      171       22      220  S
 no information
     19      1   1.9186265686702567D-01 5.5D-09 0.0D+00 3.0D-07 0.0D+00       22      173       22      220  S
     19      1   1.9186265686972576D-01 5.5D-09 0.0D+00 2.7D-08 0.0D+00       23      195       23      230  S
     19      1   1.9186265686905227D-01 5.5D-09 0.0D+00 5.7D-08 0.0D+00       24      204       24      240  S
     19      1   1.9186265686702467D-01 5.5D-09 0.0D+00 2.9D-07 0.0D+00       23      179       23      230  S
     19      1   1.9186265686802392D-01 5.5D-09 0.0D+00 1.4D-07 0.0D+00       23      170       23      230  S
     19      1   1.9186265686935736D-01 5.5D-09 0.0D+00 8.3D-09 0.0D+00       22      194       22      220  S
     19      1   2.3378375735124196D-01 5.4D-09 0.0D+00 1.7D-08 0.0D+00       23      175       23      230  S
     19      1   1.9186265686962484D-01 5.5D-09 0.0D+00 9.9D-09 0.0D+00       22      165       22      220  S
     19      1   2.0270016875289748D-01 6.2D-09 0.0D+00 1.4D-07 0.0D+00       23      196       23      230  S
     19      1   1.8946300792626425D-01 5.0D-09 0.0D+00 2.2D-09 0.0D+00       21      156       21      210  S
     19      1   2.0491601149589139D-01 5.5D-09 0.0D+00 1.4D-08 0.0D+00       22      185       22      220  S
     19      1   1.9186265686978105D-01 5.5D-09 0.0D+00 3.9D-08 0.0D+00       24      211       24      240  S
     19      1   2.1033119060624850D-01 5.5D-09 0.0D+00 9.9D-09 0.0D+00       21      212       21      210  S
     19      1   2.0270016875359195D-01 6.2D-09 0.0D+00 1.5D-09 0.0D+00       21      177       21      210  S
     19      1   1.8946300792699602D-01 5.0D-09 0.0D+00 3.3D-09 0.0D+00       22      196       22      220  S
     19      1   2.1717172016823799D-01 7.8D-09 0.0D+00 3.4D-07 0.0D+00       23      184       23      230  S
     19      1   1.9186265686737314D-01 5.5D-09 0.0D+00 2.8D-07 0.0D+00       24      177       24      240  S
     19      1   1.9846857281529523D-01 5.6D-09 0.0D+00 3.9D-08 0.0D+00       24      185       24      240  S
     19      1   2.1787059949267251D-01 6.1D-09 0.0D+00 7.1D-08 0.0D+00       24      212       24      240  S
     19      1   2.0491601149620639D-01 5.5D-09 0.0D+00 1.2D-09 0.0D+00       21      202       21      210  S
     19      1   1.9186265686941287D-01 5.5D-09 0.0D+00 6.2D-09 0.0D+00       22      199       22      220  S
     19      1   1.9186265686939552D-01 5.5D-09 0.0D+00 2.7D-09 0.0D+00       22      160       22      220  S
     19      1   1.8946300792685286D-01 5.0D-09 0.0D+00 7.4D-09 0.0D+00       22      179       22      220  S
     19      1   2.0491601149536448D-01 5.5D-09 0.0D+00 4.3D-08 0.0D+00       22      192       22      220  S
     19      1   1.9186265686717235D-01 5.5D-09 0.0D+00 3.1D-07 0.0D+00       23      172       23      230  S
     19      1   1.8946300792697535D-01 5.0D-09 0.0D+00 4.9D-11 0.0D+00       22      166       22      220  S
     19      1   1.9186265686844980D-01 5.5D-09 0.0D+00 1.3D-07 0.0D+00       24      224       24      240  S
     19      1   2.0285285712168410D-01 6.4D-09 0.0D+00 3.3D-09 0.0D+00       22      179       22      220  S
     19      1   1.9959839953881403D-01 4.9D-09 0.0D+00 9.6D-09 0.0D+00       22      172       22      220  S
     19      1   2.0509496025243731D-01 6.3D-09 0.0D+00 7.3D-08 0.0D+00       22      209       22      220  S
     19      1   2.0487777751915570D-01 1.8D-06 0.0D+00 3.0D-01 0.0D+00       23      138       24      240  S
     19      1   1.9186265686815215D-01 5.5D-09 0.0D+00 1.4D-07 0.0D+00       24      189       24      240  S
     19      1   1.9186265686941903D-01 5.5D-09 0.0D+00 4.8D-09 0.0D+00       22      173       22      220  S
     19      1   2.2594286861514451D-01 1.1D-12 0.0D+00 2.5D-01 0.0D+00       25      155       26      260  S
     19      1   2.1717172017228348D-01 7.8D-09 0.0D+00 1.5D-07 0.0D+00       24      185       24      240  S
     19      1   1.9186265686985077D-01 5.5D-09 0.0D+00 4.5D-09 0.0D+00       22      153       22      220  S
     19      1   1.8946300792562973D-01 5.0D-09 0.0D+00 1.1D-07 0.0D+00       22      197       22      220  S
     19      1   1.9186265686974791D-01 5.5D-09 0.0D+00 5.7D-09 0.0D+00       22      164       22      220  S
     19      1   2.1717172017453906D-01 7.8D-09 0.0D+00 1.6D-09 0.0D+00       21      158       21      210  S
     19      1   2.1021536528529405D-01 6.3D-09 0.0D+00 3.2D-07 0.0D+00       24      227       24      240  S
     19      1   1.9186265686743850D-01 5.5D-09 0.0D+00 1.9D-07 0.0D+00       24      201       24      240  S
     19      1   1.9186265686975323D-01 5.5D-09 0.0D+00 8.3D-11 0.0D+00       22      185       22      220  S
     19      1   1.9186265686715054D-01 5.5D-09 0.0D+00 3.0D-07 0.0D+00       24      190       24      240  S
     19      1   1.9186265686962931D-01 5.5D-09 0.0D+00 9.0D-09 0.0D+00       22      170       22      220  S
     19      1   1.9186265686686618D-01 5.5D-09 0.0D+00 2.9D-07 0.0D+00       23      212       23      230  S
     19      1   1.9186265686945811D-01 5.5D-09 0.0D+00 5.4D-09 0.0D+00       22      181       22      220  S
     19      1   1.8946300792593546D-01 5.0D-09 0.0D+00 1.1D-07 0.0D+00       24      217       24      240  S
     19      1   1.9926499084629259D-01 5.4D-09 0.0D+00 1.5D-08 0.0D+00       23      181       23      230  S
     19      1   1.9186265686939202D-01 5.5D-09 0.0D+00 9.1D-09 0.0D+00       22      182       22      220  S
     19      1   1.8946300792696200D-01 5.0D-09 0.0D+00 9.6D-09 0.0D+00       22      167       22      220  S
     19      1   1.9186265686821935D-01 5.5D-09 0.0D+00 1.5D-07 0.0D+00       24      221       24      240  S
     19      1   1.9014025231762705D-01 4.6D-09 0.0D+00 3.0D-07 0.0D+00       22      182       22      220  S
     19      1   2.1031987736417757D-01 5.3D-09 0.0D+00 8.9D-09 0.0D+00       22      415       22      220  S
     19      1   2.0285285712166201D-01 6.4D-09 0.0D+00 8.9D-09 0.0D+00       22      162       22      220  S
     19      1   1.8946300792684792D-01 5.0D-09 0.0D+00 2.9D-08 0.0D+00       23      192       23      230  S
     19      1   1.8946300792628176D-01 5.0D-09 0.0D+00 6.9D-08 0.0D+00       24      200       24      240  S
     19      1   1.9186265686924084D-01 5.5D-09 0.0D+00 1.2D-09 0.0D+00       22      173       22      220  S
     19      1   2.0285285712161968D-01 6.4D-09 0.0D+00 1.9D-08 0.0D+00       24      184       24      240  S
     19      1   2.0533060093802027D-01 5.5D-09 0.0D+00 2.6D-09 0.0D+00       22      179       22      220  S
     19      1   1.2286318701676935D-01 3.9D-01 0.0D+00 1.0D+00 0.0D+00        0        0        1       10  F
     19      1   1.9931664610782321D-01 5.3D-09 0.0D+00 2.7D-09 0.0D+00       22      157       22      220  S
     19      1   2.0491601149644117D-01 5.5D-09 0.0D+00 7.4D-09 0.0D+00       21      179       21      210  S
     19      1   1.8946300792590892D-01 5.0D-09 0.0D+00 1.3D-07 0.0D+00       23      198       23      230  S
     19      1   1.9186265686669693D-01 5.5D-09 0.0D+00 3.1D-07 0.0D+00       24      174       24      240  S
     19      1   2.2864212047508939D-01 5.9D-09 0.0D+00 1.6D-07 0.0D+00       23      190       23      230  S
     19      1   6.2497830849109731D-02 5.5D-01 0.0D+00 1.0D+00 0.0D+00        0        0        1       10  F
     19      1   1.9186265686938364D-01 5.5D-09 0.0D+00 9.0D-09 0.0D+00       22      218       22      220  S
     19      1   1.9926499084595820D-01 5.4D-09 0.0D+00 6.1D-09 0.0D+00       22      181       22      220  S
     19      1   1.9186265686863882D-01 5.5D-09 0.0D+00 7.2D-08 0.0D+00       23      187       23      230  S
     19      1   2.1761304364936346D-01 6.8D-09 0.0D+00 4.4D-09 0.0D+00       22      170       22      220  S
     19      1   2.0491601149579525D-01 5.5D-09 0.0D+00 1.0D-09 0.0D+00       21      159       21      210  S
     19      1   2.0359950354045406D-01 6.3D-09 0.0D+00 1.4D-07 0.0D+00       22      194       22      220  S
     19      1   2.2598865269266105D-01 6.3D-09 0.0D+00 4.4D-09 0.0D+00       21      191       21      210  S
     19      1   1.9186265686936602D-01 5.5D-09 0.0D+00 8.3D-11 0.0D+00       22      198       22      220  S
     19      1   2.0663369298144099D-01 5.2D-09 0.0D+00 1.4D-09 0.0D+00       22      212       22      220  S
     19      1   1.9926499084633817D-01 5.4D-09 0.0D+00 2.6D-08 0.0D+00       23      193       23      230  S
     19      1   2.0270016875484007D-01 6.2D-09 0.0D+00 3.2D-09 0.0D+00       22      196       22      220  S
     19      1   1.8946300792503953D-01 5.0D-09 0.0D+00 3.0D-07 0.0D+00       24      198       24      240  S
     19      1   1.9186265686943760D-01 5.5D-09 0.0D+00 7.9D-09 0.0D+00       22      180       22      220  S
     19      1   1.8946300792678722D-01 5.0D-09 0.0D+00 7.2D-10 0.0D+00       22      163       22      220  S
     19      1   2.0509496025344806D-01 6.3D-09 0.0D+00 2.0D-08 0.0D+00       23      203       23      230  S
     19      1   2.0385904776771971D-01 5.9D-09 0.0D+00 3.1D-07 0.0D+00       24      169       24      240  S
     19      1   1.9959839953890915D-01 4.9D-09 0.0D+00 2.1D-08 0.0D+00       24      197       24      240  S
     19      1   1.9186265686671913D-01 5.5D-09 0.0D+00 3.1D-07 0.0D+00       23      164       23      230  S
     19      1   1.9186265686912177D-01 5.5D-09 0.0D+00 1.2D-08 0.0D+00       22      187       22      220  S
     19      1   1.8946300792674592D-01 5.0D-09 0.0D+00 3.3D-08 0.0D+00       23      189       23      230  S
     19      1   1.8946300792490955D-01 5.0D-09 0.0D+00 3.2D-07 0.0D+00       24      197       24      240  S
     19      1   1.8946300792528664D-01 5.0D-09 0.0D+00 2.2D-07 0.0D+00       23      198       23      230  S
     19      1   1.9186265686690962D-01 5.5D-09 0.0D+00 2.9D-07 0.0D+00       24      202       24      240  S
     19      1   2.0217254445884991D-01 5.7D-09 0.0D+00 4.7D-09 0.0D+00       22      206       22      220  S
     19      1   1.9186265686946199D-01 5.5D-09 0.0D+00 2.5D-09 0.0D+00       22      192       22      220  S
     19      1   2.0270016875440258D-01 6.2D-09 0.0D+00 1.4D-09 0.0D+00       22      183       22      220  S
     19      1   2.0033059034094963D-01 5.1D-09 0.0D+00 8.8D-08 0.0D+00       23      159       23      230  S
     19      1   1.9186265686940029D-01 5.5D-09 0.0D+00 3.0D-09 0.0D+00       22      155       22      220  S
     19      1   2.0270016875457256D-01 6.2D-09 0.0D+00 3.8D-09 0.0D+00       22      153       22      220  S
     19      1   1.9846857281521699D-01 5.6D-09 0.0D+00 1.8D-09 0.0D+00       22      143       22      220  S
     19      1   1.9186265686945661D-01 5.5D-09 0.0D+00 7.9D-09 0.0D+00       22      148       22      220  S
     19      1   2.0285285712221335D-01 6.4D-09 0.0D+00 1.0D-08 0.0D+00       23      193       23      230  S
     19      1   2.1717172017282324D-01 7.8D-09 0.0D+00 1.4D-07 0.0D+00       24      194       24      240  S
     19      1   1.8946300792692380D-01 5.0D-09 0.0D+00 4.8D-08 0.0D+00       23      194       23      230  S
     19      1   1.8946300792542617D-01 5.0D-09 0.0D+00 2.3D-07 0.0D+00       23      187       23      230  S
     19      1   1.9186265686971757D-01 5.5D-09 0.0D+00 1.5D-09 0.0D+00       22      189       22      220  S
     19      1   2.0033059034184297D-01 5.1D-09 0.0D+00 2.3D-08 0.0D+00       24      212       24      240  S
     19      1   1.9186265686966128D-01 5.5D-09 0.0D+00 9.4D-09 0.0D+00       22      165       22      220  S
 no information
     19      1   1.9186265686837262D-01 5.5D-09 0.0D+00 1.5D-07 0.0D+00       24      193       24      240  S
     19      1   2.0359227585269843D-01 6.2D-09 0.0D+00 5.7D-09 0.0D+00       21      157       21      210  S
     19      1   1.9186265686823833D-01 5.5D-09 0.0D+00 1.1D-07 0.0D+00       24      190       24      240  S
     19      1   1.8946300792704682D-01 5.0D-09 0.0D+00 6.8D-09 0.0D+00       22      175       22      220  S
     19      1   1.9186265686929890D-01 5.5D-09 0.0D+00 2.1D-09 0.0D+00       22      189       22      220  S
 no information
     19      1   1.9186265686937265D-01 5.5D-09 0.0D+00 2.4D-09 0.0D+00       22      142       22      220  S
     19      1   1.8946300792678980D-01 5.0D-09 0.0D+00 6.9D-09 0.0D+00       22      191       22      220  S
     19      1   1.8946300792589979D-01 5.0D-09 0.0D+00 1.3D-07 0.0D+00       24      215       24      240  S
     19      1   1.8946300792694978D-01 5.0D-09 0.0D+00 7.5D-09 0.0D+00       22      149       22      220  S
     19      1   1.9186265686666076D-01 5.5D-09 0.0D+00 3.1D-07 0.0D+00       23      151       23      230  S
     19      1   2.0033059034191950D-01 5.1D-09 0.0D+00 6.1D-09 0.0D+00       22      188       22      220  S
 no information
     19      1   2.0285285712205514D-01 6.4D-09 0.0D+00 2.2D-08 0.0D+00       23      179       23      230  S
     19      1   1.9926499084487073D-01 5.4D-09 0.0D+00 1.6D-07 0.0D+00       24      195       24      240  S
     19      1   3.7787100515798444D-01 3.5D-04 0.0D+00 1.0D+00 0.0D+00       22      139       23      230  S
     19      1   2.1827572566131714D-01 6.5D-09 0.0D+00 5.5D-09 0.0D+00       23      205       23      230  S
     19      1   1.9186265686949672D-01 5.5D-09 0.0D+00 3.7D-10 0.0D+00       22      190       22      220  S
     19      1   1.9186265686925885D-01 5.5D-09 0.0D+00 2.3D-09 0.0D+00       22      171       22      220  S
     19      1   2.0285285712195533D-01 6.4D-09 0.0D+00 6.2D-09 0.0D+00       22      184       22      220  S
     19      1   2.1031987736114480D-01 5.3D-09 0.0D+00 3.9D-07 0.0D+00       24      392       24      240  S
     19      1   1.9186265686972098D-01 5.5D-09 0.0D+00 2.8D-08 0.0D+00       23      179       23      230  S
     19      1   1.9186265686950874D-01 5.5D-09 0.0D+00 2.5D-08 0.0D+00       24      231       24      240  S
     19      1   1.9186265686944740D-01 5.5D-09 0.0D+00 4.0D-09 0.0D+00       22      161       22      220  S
     19      1   2.0491601149441893D-01 5.5D-09 0.0D+00 1.7D-07 0.0D+00       22      172       22      220  S
     19      1   2.6790061759670181D-01 3.4D-09 0.0D+00 4.9D+01 0.0D+00       29      447       29      290  S
     19      1   2.0491601149610739D-01 5.5D-09 0.0D+00 2.3D-09 0.0D+00       21      174       21      210  S
     19      1   2.1838988109484156D-01 6.8D-09 0.0D+00 3.3D-07 0.0D+00       22      154       22      220  S
     19      1   2.1717743020344915D-01 7.6D-09 0.0D+00 3.5D-09 0.0D+00       22      162       22      220  S
     19      1   1.9186265686694540D-01 5.5D-09 0.0D+00 3.1D-07 0.0D+00       23      231       23      230  S
     19      1   2.1209282327228887D-01 6.3D-09 0.0D+00 5.1D-09 0.0D+00       22      174       22      220  S
     19      1   1.9186265686925028D-01 5.5D-09 0.0D+00 7.4D-09 0.0D+00       21      158       21      210  S
     19      1   2.0285285711976334D-01 6.4D-09 0.0D+00 1.6D-07 0.0D+00       23      164       23      230  S
     19      1   1.9186265686875742D-01 5.5D-09 0.0D+00 7.3D-08 0.0D+00       24      224       24      240  S
     19      1   1.9186265686702214D-01 5.5D-09 0.0D+00 2.7D-07 0.0D+00       24      192       24      240  S
     19      1   2.0491601149595604D-01 5.5D-09 0.0D+00 8.7D-09 0.0D+00       21      168       21      210  S
     19      1   1.9186265686944681D-01 5.5D-09 0.0D+00 7.5D-10 0.0D+00       22      146       22      220  S
     19      1   1.9846857281318456D-01 5.6D-09 0.0D+00 1.9D-07 0.0D+00       22      196       22      220  S
     19      1   1.9186265661895704D-01 5.5D-09 0.0D+00 2.8D-08 0.0D+00       22      224       22      220  S
     19      1   2.0492849845933406D-01 5.0D-09 0.0D+00 9.6D-09 0.0D+00       22      192       22      220  S
