      7   0.00    0.00    0.00   4.1393559528819601D-01 6.4D-09 0.0D+00 1.4D-09 0.0D+00       21      154       21      210     782     321     948     321     364   0.37     0    0      1  BR
      7      1   3.8126602706196422D-01 3.2D-07 0.0D+00 3.8D-01 0.0D+00       26      153       27      270  S
      7   0.00    0.00    0.00   3.8119334674837319D-01 8.4D-09 0.0D+00 8.9D-10 0.0D+00       20      146       20      200     619     317     777     317     346   0.36     0    0      3  BR
      7      1   4.1393559528756391D-01 6.4D-09 0.0D+00 4.7D-09 0.0D+00       21      141       21      210  S
      7      1   4.1751248261280782D-01 8.6D-09 0.0D+00 1.4D-09 0.0D+00       21      135       21      210  S
      7      1   4.1751248260955592D-01 8.6D-09 0.0D+00 1.5D-07 0.0D+00       22      138       22      220  S
      7      1   4.1393559528451596D-01 6.4D-09 0.0D+00 3.4D-07 0.0D+00       22      150       22      220  S
      7      1   4.1393559528755769D-01 6.4D-09 0.0D+00 4.8D-09 0.0D+00       22      136       22      220  S
      7      1   3.8119334674842559D-01 8.4D-09 0.0D+00 9.9D-09 0.0D+00       20      114       20      200  S
      7      1   4.1393559528372814D-01 6.4D-09 0.0D+00 3.5D-07 0.0D+00       24      148       24      240  S
      7      1   4.1393559528740298D-01 6.4D-09 0.0D+00 3.8D-09 0.0D+00       21      124       21      210  S
      7      1   3.8119334674968669D-01 8.4D-09 0.0D+00 8.7D-09 0.0D+00       20      146       20      200  S
      7      1   3.8119334673005595D-01 8.4D-09 0.0D+00 2.4D-07 0.0D+00       21      154       21      210  S
      7      1   3.8119334673479061D-01 8.4D-09 0.0D+00 6.7D-09 0.0D+00       20      155       20      200  S
      7      1   3.8119334673494382D-01 8.4D-09 0.0D+00 5.0D-09 0.0D+00       20      126       20      200  S
      7      1   4.1393559528799573D-01 6.4D-09 0.0D+00 9.0D-09 0.0D+00       22      147       22      220  S
      7      1   3.8119334674845584D-01 8.4D-09 0.0D+00 6.0D-11 0.0D+00       20      130       20      200  S
      7      1   3.8119334674520500D-01 8.4D-09 0.0D+00 1.6D-07 0.0D+00       21      132       21      210  S
      7      1   3.8119334674671618D-01 8.4D-09 0.0D+00 1.3D-07 0.0D+00       22      164       22      220  S
      7      1   3.8119334674692290D-01 8.4D-09 0.0D+00 6.9D-08 0.0D+00       22      171       22      220  S
      7      1   4.1393559528754453D-01 6.4D-09 0.0D+00 2.0D-10 0.0D+00       21      137       21      210  S
      7      1   4.1393559528736773D-01 6.4D-09 0.0D+00 2.9D-09 0.0D+00       21      133       21      210  S
      7      1   3.8119334673487731D-01 8.4D-09 0.0D+00 2.7D-09 0.0D+00       20      122       20      200  S
      7      1   3.8119334712712538D-01 8.4D-09 0.0D+00 3.5D-09 0.0D+00       21      168       21      210  S
      7      1   4.1393559528578866D-01 6.4D-09 0.0D+00 1.6D-07 0.0D+00       22      146       22      220  S
      7      1   4.1393559528792478D-01 6.4D-09 0.0D+00 2.2D-09 0.0D+00       22      136       22      220  S
      7      1   4.1393559528382057D-01 6.4D-09 0.0D+00 3.5D-07 0.0D+00       24      164       24      240  S
      7      1   3.8119334673190253D-01 8.4D-09 0.0D+00 1.5D-07 0.0D+00       21      155       21      210  S
      7      1   4.1393559528765661D-01 6.4D-09 0.0D+00 7.1D-09 0.0D+00       21      145       21      210  S
      7      1   4.1393559528438628D-01 6.4D-09 0.0D+00 2.6D-07 0.0D+00       23      169       23      230  S
      7      1   4.1393559528386886D-01 6.4D-09 0.0D+00 3.5D-07 0.0D+00       23      166       23      230  S
      7      1   3.8119334674242916D-01 8.4D-09 0.0D+00 3.1D-07 0.0D+00       21      163       21      210  S
      7      1   3.8119334673463179D-01 8.4D-09 0.0D+00 1.2D-09 0.0D+00       20      133       20      200  S
      7      1   4.1393559528589113D-01 6.4D-09 0.0D+00 1.7D-07 0.0D+00       24      161       24      240  S
      7      1   3.8119334674841521D-01 8.4D-09 0.0D+00 1.6D-09 0.0D+00       20      121       20      200  S
      7      1   3.8119334674843180D-01 8.4D-09 0.0D+00 2.3D-09 0.0D+00       20      118       20      200  S
      7      1   3.8119334674518685D-01 8.4D-09 0.0D+00 1.6D-07 0.0D+00       22      172       22      220  S
      7      1   4.1393559528483059D-01 6.4D-09 0.0D+00 2.5D-07 0.0D+00       25      180       25      250  S
      7      1   3.8119334699863638D-01 8.4D-09 0.0D+00 2.9D-07 0.0D+00       21      152       21      210  S
      7      1   3.8119334673558086D-01 8.4D-09 0.0D+00 1.1D-09 0.0D+00       20      137       20      200  S
      7      1   3.8119334674701283D-01 8.4D-09 0.0D+00 6.3D-08 0.0D+00       22      158       22      220  S
      7      1   3.8119334673483690D-01 8.4D-09 0.0D+00 1.4D-09 0.0D+00       20      155       20      200  S
      7      1   4.1393559528566465D-01 6.4D-09 0.0D+00 1.6D-07 0.0D+00       23      143       23      230  S
      7      1   3.8119334673300070D-01 8.4D-09 0.0D+00 8.0D-08 0.0D+00       21      137       21      210  S
      7      1   3.8119334674839400D-01 8.4D-09 0.0D+00 3.1D-09 0.0D+00       20      139       20      200  S
      7      1   3.8119334673473870D-01 8.4D-09 0.0D+00 4.3D-09 0.0D+00       20      123       20      200  S
      7      1   4.1393559528612089D-01 6.4D-09 0.0D+00 1.2D-07 0.0D+00       24      150       24      240  S
      7      1   4.1393559528773943D-01 6.4D-09 0.0D+00 2.3D-09 0.0D+00       22      142       22      220  S
      7      1   4.1393559528765950D-01 6.4D-09 0.0D+00 3.4D-09 0.0D+00       22      142       22      220  S
      7      1   4.1393559528582297D-01 6.4D-09 0.0D+00 1.6D-07 0.0D+00       25      159       25      250  S
      7      1   3.8119334674833666D-01 8.4D-09 0.0D+00 3.2D-09 0.0D+00       20      118       20      200  S
      7      1   3.8119334673474115D-01 8.4D-09 0.0D+00 8.4D-09 0.0D+00       20      123       20      200  S
      7      1   3.8119334674825511D-01 8.4D-09 0.0D+00 7.0D-10 0.0D+00       20      118       20      200  S
      7      1   4.1393559528794760D-01 6.4D-09 0.0D+00 2.0D-09 0.0D+00       21      128       21      210  S
      7      1   4.1393559528397317D-01 6.4D-09 0.0D+00 3.5D-07 0.0D+00       23      158       23      230  S
      7      1   4.1393559528812246D-01 6.4D-09 0.0D+00 1.6D-09 0.0D+00       22      146       22      220  S
      7      1   4.1393559528377244D-01 6.4D-09 0.0D+00 3.5D-07 0.0D+00       23      147       23      230  S
      7      1   6.5792534829330118D-01 1.1D-16 0.0D+00 1.0D+00 0.0D+00       24      137       25      250  S
      7      1   4.1393559528571100D-01 6.4D-09 0.0D+00 1.4D-07 0.0D+00       22      137       22      220  S
      7      1   4.1393559528793061D-01 6.4D-09 0.0D+00 6.8D-09 0.0D+00       22      143       22      220  S
      7      1   4.1393559528374713D-01 6.4D-09 0.0D+00 3.4D-07 0.0D+00       25      144       25      250  S
      7      1   3.8119334674841043D-01 8.4D-09 0.0D+00 5.7D-10 0.0D+00       20      159       20      200  S
      7      1   4.1393559528755752D-01 6.4D-09 0.0D+00 1.4D-09 0.0D+00       22      147       22      220  S
      7      1   3.8119334674884164D-01 8.4D-09 0.0D+00 4.3D-09 0.0D+00       20      127       20      200  S
      7      1   4.1663917757250840D-01 8.9D-09 0.0D+00 2.0D-10 0.0D+00       21      163       21      210  S
      7      1   3.8119334674368860D-01 8.4D-09 0.0D+00 2.4D-07 0.0D+00       22      164       22      220  S
      7      1   4.1393559528749940D-01 6.4D-09 0.0D+00 2.1D-09 0.0D+00       22      132       22      220  S
      7      1   4.1393559528775503D-01 6.4D-09 0.0D+00 6.4D-09 0.0D+00       23      139       23      230  S
 no information
      7      1   3.8119334673591748D-01 8.4D-09 0.0D+00 4.1D-09 0.0D+00       20      173       20      200  S
      7      1   3.8119334674438338D-01 8.4D-09 0.0D+00 2.5D-07 0.0D+00       22      159       22      220  S
      7      1   4.1393559528790508D-01 6.4D-09 0.0D+00 2.3D-09 0.0D+00       22      166       22      220  S
      7      1   4.1393559528759277D-01 6.4D-09 0.0D+00 5.1D-10 0.0D+00       22      132       22      220  S
      7      1   4.1751248261200613D-01 8.6D-09 0.0D+00 1.2D-08 0.0D+00       21      154       21      210  S
      7      1   4.1393559528749502D-01 6.4D-09 0.0D+00 5.0D-09 0.0D+00       22      129       22      220  S
      7      1   4.1393559528630985D-01 6.4D-09 0.0D+00 1.7D-07 0.0D+00       24      164       24      240  S
      7      1   4.1393559528762952D-01 6.4D-09 0.0D+00 2.7D-09 0.0D+00       23      127       23      230  S
      7      1   4.1393559528760182D-01 6.4D-09 0.0D+00 5.1D-09 0.0D+00       22      129       22      220  S
      7      1   4.1393559528749380D-01 6.4D-09 0.0D+00 6.1D-09 0.0D+00       21      149       21      210  S
      7      1   3.8119334673572858D-01 8.4D-09 0.0D+00 5.4D-09 0.0D+00       20      132       20      200  S
      7      1   3.8119334673470617D-01 8.4D-09 0.0D+00 8.1D-09 0.0D+00       20      132       20      200  S
      7      1   4.1393559528370150D-01 6.4D-09 0.0D+00 3.5D-07 0.0D+00       22      155       22      220  S
      7      1   4.1393559528750579D-01 6.4D-09 0.0D+00 9.7D-09 0.0D+00       22      130       22      220  S
      7      1   4.1393559528811646D-01 6.4D-09 0.0D+00 7.6D-09 0.0D+00       23      142       23      230  S
      7      1   4.1393559528808965D-01 6.4D-09 0.0D+00 3.3D-10 0.0D+00       23      144       23      230  S
      7      1   4.1393559528460766D-01 6.4D-09 0.0D+00 2.6D-07 0.0D+00       24      151       24      240  S
      7      1   3.8119334674837291D-01 8.4D-09 0.0D+00 2.1D-09 0.0D+00       20      121       20      200  S
      7      1   4.1393559528671797D-01 6.4D-09 0.0D+00 8.1D-08 0.0D+00       23      146       23      230  S
      7      1   3.8119334673462946D-01 8.4D-09 0.0D+00 9.4D-09 0.0D+00       21      127       21      210  S
      7      1   3.8119334673569699D-01 8.4D-09 0.0D+00 2.4D-09 0.0D+00       20      145       20      200  S
      7      1   3.8119334673510824D-01 8.4D-09 0.0D+00 1.8D-09 0.0D+00       20      184       20      200  S
      7      1   4.1393559528460516D-01 6.4D-09 0.0D+00 2.6D-07 0.0D+00       23      140       23      230  S
      7      1   3.8119334673520239D-01 8.4D-09 0.0D+00 1.6D-08 0.0D+00       22      150       22      220  S
      7      1   3.8119334674235256D-01 8.4D-09 0.0D+00 3.1D-07 0.0D+00       22      158       22      220  S
      7      1   4.1393559528356755D-01 6.4D-09 0.0D+00 3.5D-07 0.0D+00       23      164       23      230  S
      7      1   3.8119334699580953D-01 8.4D-09 0.0D+00 1.5D-07 0.0D+00       21      153       21      210  S
      7      1   4.1393559528605545D-01 6.4D-09 0.0D+00 1.6D-07 0.0D+00       22      147       22      220  S
      7      1   4.1393559528815760D-01 6.4D-09 0.0D+00 3.8D-09 0.0D+00       21      160       21      210  S
      7      1   3.8119334673475530D-01 8.4D-09 0.0D+00 2.0D-09 0.0D+00       20      158       20      200  S
      7      1   3.8119334673453753D-01 8.4D-09 0.0D+00 8.6D-10 0.0D+00       21      129       21      210  S
