      7      1   3.8119334674237748D-01 8.4D-09 0.0D+00 3.1D-07 0.0D+00       22      169       22      220  S
      7      1   3.8119334673488076D-01 8.4D-09 0.0D+00 3.7D-10 0.0D+00       20      141       20      200  S
      7      1   3.8119334673473593D-01 8.4D-09 0.0D+00 2.6D-09 0.0D+00       20      121       20      200  S
      7      1   4.1393559528786755D-01 6.4D-09 0.0D+00 3.1D-08 0.0D+00       23      180       23      230  S
      7      1   3.8119334674849403D-01 8.4D-09 0.0D+00 2.1D-08 0.0D+00       21      133       21      210  S
      7      1   5.9502546297503833D-01 1.5D-09 0.0D+00 9.5D+03 0.0D+00       26      353       26      260  S
      7      1   3.8119334673502014D-01 8.4D-09 0.0D+00 2.7D-09 0.0D+00       21      141       21      210  S
      7      1   4.1393559528765250D-01 6.4D-09 0.0D+00 1.5D-09 0.0D+00       23      157       23      230  S
      7      1   3.8119334673478822D-01 8.4D-09 0.0D+00 5.4D-09 0.0D+00       20      124       20      200  S
      7      1   4.1393559528792040D-01 6.4D-09 0.0D+00 9.5D-10 0.0D+00       22      152       22      220  S
      7      1   4.1393559528715812D-01 6.4D-09 0.0D+00 8.4D-08 0.0D+00       25      154       25      250  S
      7      1   4.1751248259848373D-01 8.6D-09 0.0D+00 5.4D-09 0.0D+00       20      134       20      200  S
      7      1   4.1393559528586649D-01 6.4D-09 0.0D+00 1.4D-07 0.0D+00       23      161       23      230  S
      7      1   3.8119334672870531D-01 8.4D-09 0.0D+00 3.2D-07 0.0D+00       21      163       21      210  S
      7      1   5.7321396607035746D-01 8.8D-09 0.0D+00 5.2D-09 0.0D+00       19      125       19      190  S
      7      1   4.1393559528816060D-01 6.4D-09 0.0D+00 2.4D-09 0.0D+00       23      139       23      230  S
      7      1   3.8119334673577920D-01 8.4D-09 0.0D+00 7.1D-09 0.0D+00       20      159       20      200  S
      7      1   3.8119334673231298D-01 8.4D-09 0.0D+00 1.2D-07 0.0D+00       21      136       21      210  S
      7      1   4.1663917757033470D-01 8.9D-09 0.0D+00 1.2D-07 0.0D+00       23      183       23      230  S
      7      1   3.8119334673185568D-01 8.4D-09 0.0D+00 1.5D-07 0.0D+00       21      141       21      210  S
      7      1   3.8119334673455418D-01 8.4D-09 0.0D+00 3.6D-10 0.0D+00       20      126       20      200  S
      7      1   3.8119334673466632D-01 8.4D-09 0.0D+00 2.8D-09 0.0D+00       20      124       20      200  S
      7      1   4.1393559528823631D-01 6.4D-09 0.0D+00 3.7D-10 0.0D+00       21      140       21      210  S
      7      1   4.1393559528494916D-01 6.4D-09 0.0D+00 2.6D-07 0.0D+00       23      160       23      230  S
      7      1   3.8119334673242350D-01 8.4D-09 0.0D+00 1.2D-07 0.0D+00       21      136       21      210  S
      7      1   3.8119334673461180D-01 8.4D-09 0.0D+00 1.8D-10 0.0D+00       21      147       21      210  S
      7      1   3.5634284288071827D-01 1.6D-01 0.0D+00 1.0D+00 0.0D+00        0        0        1       10  F
      7      1   4.1393559528767920D-01 6.4D-09 0.0D+00 2.2D-09 0.0D+00       23      140       23      230  S
      7      1   3.8119334673266364D-01 8.4D-09 0.0D+00 1.6D-07 0.0D+00       21      151       21      210  S
      7      1   4.1393559528381857D-01 6.4D-09 0.0D+00 3.2D-07 0.0D+00       23      154       23      230  S
      7      1   4.1393559528814911D-01 6.4D-09 0.0D+00 4.2D-10 0.0D+00       21      169       21      210  S
      7      1   3.8119334674826816D-01 8.4D-09 0.0D+00 1.3D-10 0.0D+00       22      155       22      220  S
      7      1   3.8119334673006477D-01 8.4D-09 0.0D+00 2.8D-07 0.0D+00       21      161       21      210  S
      7      1   4.1393559528575452D-01 6.4D-09 0.0D+00 1.6D-07 0.0D+00       24      169       24      240  S
      7      1   4.1393559528619261D-01 6.4D-09 0.0D+00 1.7D-07 0.0D+00       23      153       23      230  S
      7      1   3.8119334673471006D-01 8.4D-09 0.0D+00 5.8D-09 0.0D+00       20      135       20      200  S
      7      1   4.1751248260968837D-01 8.6D-09 0.0D+00 1.0D-07 0.0D+00       22      152       22      220  S
      7      1   3.8119334674869598D-01 8.4D-09 0.0D+00 3.5D-09 0.0D+00       20      139       20      200  S
      7      1   4.1663917757262714D-01 8.9D-09 0.0D+00 7.8D-11 0.0D+00       21      155       21      210  S
      7      1   3.8119334673239785D-01 8.4D-09 0.0D+00 1.2D-07 0.0D+00       22      165       22      220  S
      7      1   3.8119334673442218D-01 8.4D-09 0.0D+00 2.0D-10 0.0D+00       21      132       21      210  S
      7      1   4.1393559528740315D-01 6.4D-09 0.0D+00 1.9D-08 0.0D+00       22      148       22      220  S
      7      1   3.8119334673463173D-01 8.4D-09 0.0D+00 1.4D-09 0.0D+00       21      173       21      210  S
      7      1   4.1393559528403168D-01 6.4D-09 0.0D+00 3.4D-07 0.0D+00       22      149       22      220  S
      7      1   3.8119334673589106D-01 8.4D-09 0.0D+00 1.3D-08 0.0D+00       21      140       21      210  S
      7      1   3.8119334673364114D-01 8.4D-09 0.0D+00 3.0D-07 0.0D+00       21      168       21      210  S
      7      1   4.1393559528491325D-01 6.4D-09 0.0D+00 2.5D-07 0.0D+00       22      137       22      220  S
      7      1   3.8119334674226180D-01 8.4D-09 0.0D+00 3.2D-07 0.0D+00       21      131       21      210  S
      7      1   4.1393559528371948D-01 6.4D-09 0.0D+00 3.4D-07 0.0D+00       24      150       24      240  S
      7      1   3.8119334673473043D-01 8.4D-09 0.0D+00 4.0D-09 0.0D+00       20      120       20      200  S
      7      1   4.1393559528824708D-01 6.4D-09 0.0D+00 8.7D-11 0.0D+00       23      148       23      230  S
      7      1   4.1393559528806290D-01 6.4D-09 0.0D+00 3.3D-09 0.0D+00       21      158       21      210  S
      7      1   4.1451011393752279D-01 5.3D-05 0.0D+00 1.9D-01 0.0D+00        1       10        2       20  F
      7      1   3.8119334674373939D-01 8.4D-09 0.0D+00 2.4D-07 0.0D+00       21      139       21      210  S
      7      1   3.8119334673381589D-01 8.4D-09 0.0D+00 6.6D-08 0.0D+00       22      159       22      220  S
      7      1   3.8119334673485400D-01 8.4D-09 0.0D+00 1.5D-09 0.0D+00       20      146       20      200  S
      7      1   4.1393559528479468D-01 6.4D-09 0.0D+00 2.5D-07 0.0D+00       24      166       24      240  S
      7      1   3.8119334672999305D-01 8.4D-09 0.0D+00 2.3D-07 0.0D+00       22      145       22      220  S
      7      1   3.8119334674848077D-01 8.4D-09 0.0D+00 1.7D-08 0.0D+00       21      156       21      210  S
      7      1   3.8119334672969291D-01 8.4D-09 0.0D+00 2.5D-07 0.0D+00       22      166       22      220  S
      7      1   3.8119334674862704D-01 8.4D-09 0.0D+00 4.9D-09 0.0D+00       20      133       20      200  S
      7      1   4.1393559528826768D-01 6.4D-09 0.0D+00 3.4D-09 0.0D+00       22      150       22      220  S
      7      1   3.8119334673156013D-01 8.4D-09 0.0D+00 1.6D-07 0.0D+00       21      128       21      210  S
      7      1   4.1393559528769247D-01 6.4D-09 0.0D+00 5.4D-09 0.0D+00       23      139       23      230  S
      7      1   4.1393559528564922D-01 6.4D-09 0.0D+00 1.7D-07 0.0D+00       24      138       24      240  S
      7      1   4.1393559528719243D-01 6.4D-09 0.0D+00 5.1D-08 0.0D+00       24      166       24      240  S
      7      1   4.1393559528777862D-01 6.4D-09 0.0D+00 1.2D-09 0.0D+00       21      134       21      210  S
      7      1   3.8119334673460326D-01 8.4D-09 0.0D+00 8.8D-09 0.0D+00       20      131       20      200  S
      7      1   3.8119334674846467D-01 8.4D-09 0.0D+00 4.7D-09 0.0D+00       20      145       20      200  S
      7      1   3.8119334674830341D-01 8.4D-09 0.0D+00 7.1D-09 0.0D+00       20      147       20      200  S
      7      1   4.1393559528562884D-01 6.4D-09 0.0D+00 1.7D-07 0.0D+00       23      158       23      230  S
      7      1   3.8119334674886379D-01 8.4D-09 0.0D+00 7.2D-09 0.0D+00       20      149       20      200  S
      7      1   4.1751248261205937D-01 8.6D-09 0.0D+00 9.2D-09 0.0D+00       20      128       20      200  S
      7      1   3.8119334674837008D-01 8.4D-09 0.0D+00 9.5D-09 0.0D+00       20      151       20      200  S
      7      1   4.1751248259191842D-01 8.6D-09 0.0D+00 3.3D-07 0.0D+00       22      148       22      220  S
      7      1   4.1393559528487539D-01 6.4D-09 0.0D+00 3.0D-07 0.0D+00       24      170       24      240  S
      7      1   4.1393559528398649D-01 6.4D-09 0.0D+00 3.2D-07 0.0D+00       23      137       23      230  S
      7      1   4.1393559528607615D-01 6.4D-09 0.0D+00 1.2D-07 0.0D+00       23      172       23      230  S
      7      1   4.1393559528371282D-01 6.4D-09 0.0D+00 3.5D-07 0.0D+00       22      169       22      220  S
      7      1   3.8119334673483546D-01 8.4D-09 0.0D+00 1.1D-09 0.0D+00       20      125       20      200  S
      7      1   3.8119334673458477D-01 8.4D-09 0.0D+00 5.6D-09 0.0D+00       21      135       21      210  S
      7      1   3.8119334673035654D-01 8.4D-09 0.0D+00 2.8D-07 0.0D+00       22      157       22      220  S
      7      1   3.8119334672852878D-01 8.4D-09 0.0D+00 3.3D-07 0.0D+00       21      147       21      210  S
      7      1   3.8119334700460217D-01 8.4D-09 0.0D+00 9.6D-09 0.0D+00       20      166       20      200  S
      7      1   3.8119334673516819D-01 8.4D-09 0.0D+00 1.5D-09 0.0D+00       20      142       20      200  S
      7      1   3.8119334674851185D-01 8.4D-09 0.0D+00 5.1D-09 0.0D+00       20      121       20      200  S
      7      1   3.8119334672948180D-01 8.4D-09 0.0D+00 3.0D-07 0.0D+00       22      181       22      220  S
      7      1   4.1393559528551704D-01 6.4D-09 0.0D+00 1.7D-07 0.0D+00       24      164       24      240  S
      7      1   4.1393559528755280D-01 6.4D-09 0.0D+00 3.1D-09 0.0D+00       22      141       22      220  S
      7      1   3.8119334673455779D-01 8.4D-09 0.0D+00 3.3D-09 0.0D+00       20      128       20      200  S
      7      1   3.8119334673473432D-01 8.4D-09 0.0D+00 4.0D-09 0.0D+00       20      123       20      200  S
      7      1   3.8119334674850464D-01 8.4D-09 0.0D+00 7.7D-09 0.0D+00       20      149       20      200  S
      7      1   3.8119334673478100D-01 8.4D-09 0.0D+00 5.7D-09 0.0D+00       20      128       20      200  S
      7      1   3.8119334674942718D-01 8.4D-09 0.0D+00 9.6D-09 0.0D+00       20      136       20      200  S
 no information
      7      1   3.8119334673509769D-01 8.4D-09 0.0D+00 2.0D-09 0.0D+00       20      146       20      200  S
      7      1   3.8119334674887828D-01 8.4D-09 0.0D+00 3.0D-09 0.0D+00       20      146       20      200  S
      7      1   4.1393559528754981D-01 6.4D-09 0.0D+00 7.3D-09 0.0D+00       22      143       22      220  S
      7      1   4.1393559528794377D-01 6.4D-09 0.0D+00 8.4D-09 0.0D+00       23      146       23      230  S
      7      1   3.8119334674965855D-01 8.4D-09 0.0D+00 8.6D-09 0.0D+00       20      149       20      200  S
