     11      1   2.8436583998608456D-01 6.2D-09 0.0D+00 1.8D-07 0.0D+00       23      188       23      230  S
     11      1   2.8111714366717544D-01 5.8D-09 0.0D+00 5.0D-09 0.0D+00       20      141       20      200  S
     11      1   2.8680639581043638D-01 5.6D-09 0.0D+00 1.3D-09 0.0D+00       22      170       22      220  S
     11      1   2.7218427755256219D-01 7.5D-09 0.0D+00 3.3D-07 0.0D+00       23      161       23      230  S
     11      1   3.0021408098882840D-01 7.7D-09 0.0D+00 3.2D-07 0.0D+00       24      178       24      240  S
     11      1   2.8680639580931011D-01 5.6D-09 0.0D+00 7.9D-09 0.0D+00       22      176       22      220  S
     11      1   2.7218427755777674D-01 7.5D-09 0.0D+00 6.8D-09 0.0D+00       22      152       22      220  S
     11      1   2.8436583998809761D-01 6.2D-09 0.0D+00 5.4D-09 0.0D+00       22      201       22      220  S
     11      1   2.7218427755859675D-01 7.5D-09 0.0D+00 1.5D-12 0.0D+00       22      163       22      220  S
     11      1   2.8680639580986217D-01 5.6D-09 0.0D+00 7.0D-08 0.0D+00       23      183       23      230  S
     11      1   2.8111714366545759D-01 5.8D-09 0.0D+00 3.4D-07 0.0D+00       23      188       23      230  S
     11      1   2.8111714366851570D-01 5.8D-09 0.0D+00 5.7D-09 0.0D+00       22      157       22      220  S
     11      1   2.8446063219244211D-01 6.1D-09 0.0D+00 2.6D-09 0.0D+00       21      170       21      210  S
     11      1   2.8436583998615805D-01 6.2D-09 0.0D+00 1.0D-07 0.0D+00       23      191       23      230  S
     11      1   2.8111714366876711D-01 5.8D-09 0.0D+00 2.0D-09 0.0D+00       21      165       21      210  S
     11      1   2.8382297778157217D-01 5.9D-09 0.0D+00 7.8D-09 0.0D+00       22      188       22      220  S
     11      1   2.8382297778191540D-01 5.9D-09 0.0D+00 9.1D-09 0.0D+00       22      140       22      220  S
     11      1   2.7218427755864061D-01 7.5D-09 0.0D+00 2.2D-09 0.0D+00       22      172       22      220  S
     11      1   2.8436583998768755D-01 6.2D-09 0.0D+00 1.1D-08 0.0D+00       23      203       23      230  S
     11      1   2.8382297778012749D-01 5.9D-09 0.0D+00 1.5D-07 0.0D+00       24      180       24      240  S
     11      1   2.8680639581018325D-01 5.6D-09 0.0D+00 1.9D-09 0.0D+00       22      158       22      220  S
     11      1   2.8382297778152654D-01 5.9D-09 0.0D+00 5.1D-09 0.0D+00       22      146       22      220  S
     11      1   2.7218427755793762D-01 7.5D-09 0.0D+00 1.6D-09 0.0D+00       21      188       21      210  S
     11      1   2.7549196648666152D-01 5.1D-09 0.0D+00 4.5D-09 0.0D+00       20      165       20      200  S
     11      1   2.8382297778152105D-01 5.9D-09 0.0D+00 7.4D-09 0.0D+00       22      153       22      220  S
     11      1   2.8111714366743007D-01 5.8D-09 0.0D+00 1.6D-07 0.0D+00       24      181       24      240  S
     11      1   2.7218427755757552D-01 7.5D-09 0.0D+00 5.3D-09 0.0D+00       21      159       21      210  S
     11      1   3.0022138278545718D-01 7.7D-09 0.0D+00 1.6D-07 0.0D+00       23      302       23      230  S
     11      1   2.7218427755782981D-01 7.5D-09 0.0D+00 3.2D-09 0.0D+00       21      178       21      210  S
     11      1   2.7218427755471009D-01 7.5D-09 0.0D+00 1.6D-07 0.0D+00       22      181       22      220  S
     11      1   2.8382297778118609D-01 5.9D-09 0.0D+00 2.6D-08 0.0D+00       22      157       22      220  S
     11      1   2.7218427755765795D-01 7.5D-09 0.0D+00 5.1D-10 0.0D+00       22      152       22      220  S
     11      1   2.7218427755254121D-01 7.5D-09 0.0D+00 3.2D-07 0.0D+00       23      175       23      230  S
     11      1   2.7218427755899094D-01 7.5D-09 0.0D+00 5.9D-09 0.0D+00       21      161       21      210  S
     11      1   2.8382297777998855D-01 5.9D-09 0.0D+00 1.5D-07 0.0D+00       23      171       23      230  S
     11      1   2.8382297777967658D-01 5.9D-09 0.0D+00 2.3D-07 0.0D+00       24      168       24      240  S
     11      1   2.8111714366862861D-01 5.8D-09 0.0D+00 5.4D-09 0.0D+00       22      170       22      220  S
     11      1   2.8111714366751345D-01 5.8D-09 0.0D+00 1.4D-07 0.0D+00       24      178       24      240  S
     11      1   2.7218427755828578D-01 7.5D-09 0.0D+00 2.8D-09 0.0D+00       21      177       21      210  S
     11      1   2.7218427755384339D-01 7.5D-09 0.0D+00 3.0D-07 0.0D+00       23      181       23      230  S
     11      1   2.7218427755774577D-01 7.5D-09 0.0D+00 1.1D-09 0.0D+00       21      158       21      210  S
     11      1   2.8111714366564688D-01 5.8D-09 0.0D+00 2.7D-07 0.0D+00       21      170       21      210  S
     11      1   2.7218427755794472D-01 7.5D-09 0.0D+00 5.0D-09 0.0D+00       22      166       22      220  S
     11      1   2.8382297778069782D-01 5.9D-09 0.0D+00 7.4D-08 0.0D+00       23      150       23      230  S
     11      1   2.8543205338892919D-01 5.9D-09 0.0D+00 1.4D-08 0.0D+00       24      182       24      240  S
     11      1   2.8382297778159127D-01 5.9D-09 0.0D+00 5.8D-09 0.0D+00       22      166       22      220  S
     11      1   2.7218427755607483D-01 7.5D-09 0.0D+00 1.2D-07 0.0D+00       24      186       24      240  S
     11      1   3.0022138278777105D-01 7.7D-09 0.0D+00 9.2D-10 0.0D+00       22      209       22      220  S
     11      1   2.8111714366726587D-01 5.8D-09 0.0D+00 1.6D-07 0.0D+00       24      213       24      240  S
     11      1   2.8382297777991589D-01 5.9D-09 0.0D+00 1.5D-07 0.0D+00       23      159       23      230  S
     11      1   2.8680639580921791D-01 5.6D-09 0.0D+00 8.1D-09 0.0D+00       22      179       22      220  S
     11      1   2.7218427755527991D-01 7.5D-09 0.0D+00 1.5D-07 0.0D+00       23      163       23      230  S
     11      1   2.8111714366736890D-01 5.8D-09 0.0D+00 1.6D-07 0.0D+00       24      208       24      240  S
     11      1   3.2632853653172306D-01 8.5D-09 0.0D+00 6.7D-10 0.0D+00       21      166       21      210  S
     11      1   2.7218427755818198D-01 7.5D-09 0.0D+00 6.5D-09 0.0D+00       22      180       22      220  S
 no information
     11      1   2.8543205338874789D-01 5.9D-09 0.0D+00 4.4D-09 0.0D+00       21      158       21      210  S
     11      1   2.7218427755714086D-01 7.5D-09 0.0D+00 8.7D-09 0.0D+00       20      128       20      200  S
     11      1   2.7218427755757862D-01 7.5D-09 0.0D+00 5.0D-09 0.0D+00       21      154       21      210  S
     11      1   2.8382297778161980D-01 5.9D-09 0.0D+00 3.3D-09 0.0D+00       22      139       22      220  S
     11      1   2.8543205338495548D-01 5.9D-09 0.0D+00 3.2D-07 0.0D+00       22      160       22      220  S
     11      1   2.8382297778148530D-01 5.9D-09 0.0D+00 5.2D-09 0.0D+00       22      149       22      220  S
     11      1   2.8543205338876837D-01 5.9D-09 0.0D+00 1.8D-09 0.0D+00       22      151       22      220  S
     11      1   2.8111714366603191D-01 5.8D-09 0.0D+00 3.2D-07 0.0D+00       23      179       23      230  S
     11      1   2.7549196648677415D-01 5.1D-09 0.0D+00 4.7D-08 0.0D+00       22      197       22      220  S
     11      1   2.8111714366710194D-01 5.8D-09 0.0D+00 9.0D-09 0.0D+00       20      156       20      200  S
     11      1   2.8111714366887497D-01 5.8D-09 0.0D+00 5.9D-09 0.0D+00       22      178       22      220  S
     11      1   3.0021408099413366D-01 7.7D-09 0.0D+00 1.3D-08 0.0D+00       23      164       23      230  S
     11      1   2.7218427755830144D-01 7.5D-09 0.0D+00 3.9D-09 0.0D+00       22      148       22      220  S
     11      1   2.8111714366857754D-01 5.8D-09 0.0D+00 1.5D-09 0.0D+00       21      174       21      210  S
     11      1   2.8111714366853957D-01 5.8D-09 0.0D+00 5.8D-09 0.0D+00       22      150       22      220  S
     11      1   2.7218427755740227D-01 7.5D-09 0.0D+00 2.7D-09 0.0D+00       21      152       21      210  S
     11      1   2.8680639580949369D-01 5.6D-09 0.0D+00 9.9D-09 0.0D+00       22      177       22      220  S
     11      1   2.8680639580951256D-01 5.6D-09 0.0D+00 1.0D-09 0.0D+00       22      175       22      220  S
     11      1   2.7218427755788077D-01 7.5D-09 0.0D+00 4.0D-09 0.0D+00       22      138       22      220  S
     11      1   2.8111714366868046D-01 5.8D-09 0.0D+00 1.4D-09 0.0D+00       22      193       22      220  S
     11      1   2.8382297778149213D-01 5.9D-09 0.0D+00 4.4D-09 0.0D+00       22      152       22      220  S
     11      1   2.8382297777990179D-01 5.9D-09 0.0D+00 1.5D-07 0.0D+00       23      169       23      230  S
     11      1   2.8111714366754920D-01 5.8D-09 0.0D+00 1.6D-07 0.0D+00       23      184       23      230  S
     11      1   2.8111714366708412D-01 5.8D-09 0.0D+00 6.6D-09 0.0D+00       21      142       21      210  S
     11      1   2.7218427755519553D-01 7.5D-09 0.0D+00 1.3D-07 0.0D+00       22      175       22      220  S
     11      1   2.8436583998546316D-01 6.2D-09 0.0D+00 2.7D-07 0.0D+00       24      225       24      240  S
     11      1   2.8543205338859895D-01 5.9D-09 0.0D+00 6.3D-09 0.0D+00       22      159       22      220  S
     11      1   2.8436583998399956D-01 6.2D-09 0.0D+00 3.1D-07 0.0D+00       22      191       22      220  S
     11      1   2.8680639580817069D-01 5.6D-09 0.0D+00 2.4D-07 0.0D+00       23      168       23      230  S
     11      1   2.7218427755811458D-01 7.5D-09 0.0D+00 5.5D-09 0.0D+00       22      148       22      220  S
     11      1   2.8111714366888507D-01 5.8D-09 0.0D+00 8.2D-09 0.0D+00       23      176       23      230  S
     11      1   2.7218427755791197D-01 7.5D-09 0.0D+00 1.7D-08 0.0D+00       23      172       23      230  S
     11      1   2.8111714366586149D-01 5.8D-09 0.0D+00 3.0D-07 0.0D+00       23      190       23      230  S
     11      1   2.8543205338761152D-01 5.9D-09 0.0D+00 1.0D-07 0.0D+00       24      185       24      240  S
     11      1   2.7218427755845648D-01 7.5D-09 0.0D+00 1.6D-08 0.0D+00       23      177       23      230  S
     11      1   2.7218427755415175D-01 7.5D-09 0.0D+00 2.5D-07 0.0D+00       23      167       23      230  S
     11      1   2.7218427755858848D-01 7.5D-09 0.0D+00 1.0D-08 0.0D+00       24      185       24      240  S
     11      1   2.8543205338833910D-01 5.9D-09 0.0D+00 6.7D-09 0.0D+00       21      146       21      210  S
     11      1   2.8680639580859274D-01 5.6D-09 0.0D+00 1.9D-07 0.0D+00       23      155       23      230  S
     11      1   2.8382297778120325D-01 5.9D-09 0.0D+00 9.3D-09 0.0D+00       20      138       20      200  S
     11      1   2.7218427755507818D-01 7.5D-09 0.0D+00 1.6D-07 0.0D+00       22      167       22      220  S
     11      1   2.8382297778197202D-01 5.9D-09 0.0D+00 2.7D-09 0.0D+00       22      146       22      220  S
     11      1   2.8382297778148230D-01 5.9D-09 0.0D+00 1.7D-08 0.0D+00       23      168       23      230  S
     11      1   2.7218427755823732D-01 7.5D-09 0.0D+00 1.6D-08 0.0D+00       23      147       23      230  S
