     17      1   2.0702167133444349D-01 4.9D-09 0.0D+00 7.3D-09 0.0D+00       22      134       22      220  S
     17      1   2.2300071109093400D-01 4.9D-09 0.0D+00 9.4D-09 0.0D+00       22      170       22      220  S
     17      1   2.0702167133434674D-01 4.9D-09 0.0D+00 9.3D-09 0.0D+00       22      140       22      220  S
     17      1   2.1717171967910678D-01 7.8D-09 0.0D+00 3.3D-07 0.0D+00       23      150       23      230  S
     17      1   2.1838988109864610D-01 6.8D-09 0.0D+00 4.7D-09 0.0D+00       22      163       22      220  S
     17      1   2.1838988109867130D-01 6.8D-09 0.0D+00 2.0D-09 0.0D+00       22      157       22      220  S
     17      1   2.0702167133432683D-01 4.9D-09 0.0D+00 9.1D-09 0.0D+00       22      137       22      220  S
     17      1   2.1291884168520503D-01 6.1D-09 0.0D+00 1.4D-07 0.0D+00       24      222       24      240  S
     17      1   2.0702167133446814D-01 4.9D-09 0.0D+00 5.8D-09 0.0D+00       22      153       22      220  S
     17      1   2.2347576096205368D-01 5.1D-09 0.0D+00 4.7D-09 0.0D+00       22      140       22      220  S
     17      1   2.0633733585765796D-01 5.6D-09 0.0D+00 1.5D-08 0.0D+00       23      178       23      230  S
     17      1   2.0702167133433452D-01 4.9D-09 0.0D+00 2.4D-09 0.0D+00       22      150       22      220  S
     17      1   2.1838988109912943D-01 6.8D-09 0.0D+00 3.7D-09 0.0D+00       22      205       22      220  S
     17      1   2.0633733585733485D-01 5.6D-09 0.0D+00 1.4D-08 0.0D+00       23      174       23      230  S
     17      1   2.0702167133430061D-01 4.9D-09 0.0D+00 2.7D-09 0.0D+00       22      144       22      220  S
     17      1   2.1838988109787599D-01 6.8D-09 0.0D+00 5.2D-08 0.0D+00       24      200       24      240  S
     17      1   2.0633733585577615D-01 5.6D-09 0.0D+00 1.6D-07 0.0D+00       24      172       24      240  S
     17      1   2.0633733585516587D-01 5.6D-09 0.0D+00 2.3D-07 0.0D+00       23      193       23      230  S
     17      1   2.1093559885791249D-01 6.1D-09 0.0D+00 8.2D-09 0.0D+00       22      181       22      220  S
     17      1   2.1826404286002973D-01 6.3D-09 0.0D+00 2.0D-07 0.0D+00       23      160       23      230  S
     17      1   2.1838988109865606D-01 6.8D-09 0.0D+00 1.9D-09 0.0D+00       22      170       22      220  S
     17      1   2.0702167133439020D-01 4.9D-09 0.0D+00 6.4D-09 0.0D+00       22      153       22      220  S
     17      1   2.0702167133432162D-01 4.9D-09 0.0D+00 3.4D-09 0.0D+00       22      152       22      220  S
     17      1   2.0702167133437538D-01 4.9D-09 0.0D+00 1.0D-08 0.0D+00       22      139       22      220  S
     17      1   2.0702167133434121D-01 4.9D-09 0.0D+00 5.7D-10 0.0D+00       22      150       22      220  S
     17      1   2.1761304364794384D-01 6.8D-09 0.0D+00 1.1D-07 0.0D+00       24      155       24      240  S
     17      1   2.1093559885761956D-01 6.1D-09 0.0D+00 1.3D-08 0.0D+00       24      170       24      240  S
     17      1   2.1839005867023459D-01 6.0D-09 0.0D+00 3.2D-07 0.0D+00       23      182       23      230  S
     17      1   2.1093559885754598D-01 6.1D-09 0.0D+00 1.2D-10 0.0D+00       22      156       22      220  S
     17      1   2.0633733585588038D-01 5.6D-09 0.0D+00 1.4D-07 0.0D+00       23      154       23      230  S
     17      1   2.1761304364942730D-01 6.8D-09 0.0D+00 5.1D-09 0.0D+00       22      181       22      220  S
     17      1   2.0702167133431315D-01 4.9D-09 0.0D+00 4.4D-10 0.0D+00       22      138       22      220  S
     17      1   2.1761304364952549D-01 6.8D-09 0.0D+00 7.1D-09 0.0D+00       22      137       22      220  S
     17      1   2.0633733585743219D-01 5.6D-09 0.0D+00 9.9D-09 0.0D+00       22      170       22      220  S
     17      1   2.1717172013098149D-01 7.8D-09 0.0D+00 2.3D-07 0.0D+00       24      258       24      240  S
     17      1   2.1838988109831226D-01 6.8D-09 0.0D+00 5.0D-09 0.0D+00       21      134       21      210  S
     17      1   2.1838988109633969D-01 6.8D-09 0.0D+00 1.5D-07 0.0D+00       22      166       22      220  S
     17      1   2.0702167133442778D-01 4.9D-09 0.0D+00 1.8D-09 0.0D+00       22      153       22      220  S
     17      1   2.0702167133449501D-01 4.9D-09 0.0D+00 4.4D-08 0.0D+00       23      155       23      230  S
     17      1   2.0633733585714223D-01 5.6D-09 0.0D+00 6.6D-10 0.0D+00       22      135       22      220  S
     17      1   2.1761304365004303D-01 6.8D-09 0.0D+00 8.7D-09 0.0D+00       22      144       22      220  S
     17      1   2.1788403873717285D-01 6.6D-09 0.0D+00 6.7D-09 0.0D+00       22      165       22      220  S
     17      1   2.1840560602799794D-01 6.4D-09 0.0D+00 1.5D-07 0.0D+00       23      223       23      230  S
     17      1   2.0633733585710168D-01 5.6D-09 0.0D+00 2.5D-09 0.0D+00       22      189       22      220  S
     17      1   2.1929581764136657D-01 5.2D-09 0.0D+00 4.4D-07 0.0D+00       24      199       24      240  S
     17      1   2.0633733585537831D-01 5.6D-09 0.0D+00 1.0D-07 0.0D+00       22      159       22      220  S
     17      1   2.0702167133439980D-01 4.9D-09 0.0D+00 2.5D-09 0.0D+00       22      149       22      220  S
     17      1   2.0633733585494646D-01 5.6D-09 0.0D+00 2.6D-07 0.0D+00       24      174       24      240  S
     17      1   1.5403050403397306D-01 3.5D-01 0.0D+00 1.0D+00 0.0D+00        0        0        1       10  F
     17      1   2.1838988109508434D-01 6.8D-09 0.0D+00 3.2D-07 0.0D+00       24      184       24      240  S
     17      1   2.0702167133438809D-01 4.9D-09 0.0D+00 8.2D-09 0.0D+00       22      147       22      220  S
     17      1   2.1492993868990526D-01 5.9D-09 0.0D+00 3.0D-07 0.0D+00       22      183       22      220  S
     17      1   2.0633733585723185D-01 5.6D-09 0.0D+00 1.8D-08 0.0D+00       23      177       23      230  S
     17      1   2.0633733585741390D-01 5.6D-09 0.0D+00 1.5D-08 0.0D+00       24      192       24      240  S
     17      1   2.3027551661582177D-01 7.4D-09 0.0D+00 2.3D-08 0.0D+00       24      191       24      240  S
     17      1   2.1761304364965414D-01 6.8D-09 0.0D+00 6.8D-09 0.0D+00       21      172       21      210  S
     17      1   2.1838988109573174D-01 6.8D-09 0.0D+00 2.4D-07 0.0D+00       24      202       24      240  S
     17      1   2.7145986628396901D-01 8.4D-09 0.0D+00 5.0D-09 0.0D+00       22      183       22      220  S
     17      1   2.0791038660538977D-01 5.4D-09 0.0D+00 6.2D-09 0.0D+00       22      173       22      220  S
     17      1   2.1761304364944695D-01 6.8D-09 0.0D+00 8.7D-09 0.0D+00       22      149       22      220  S
     17      1   2.0633733594218656D-01 5.6D-09 0.0D+00 2.9D-10 0.0D+00       23      150       23      230  S
     17      1   2.1838988109924901D-01 6.8D-09 0.0D+00 5.4D-09 0.0D+00       22      181       22      220  S
     17      1   2.1838988109837146D-01 6.8D-09 0.0D+00 8.0D-09 0.0D+00       21      154       21      210  S
     17      1   2.1761304364946407D-01 6.8D-09 0.0D+00 9.1D-09 0.0D+00       22      158       22      220  S
     17      1   2.0633733585703565D-01 5.6D-09 0.0D+00 8.4D-09 0.0D+00       22      163       22      220  S
     17      1   2.0702167133434266D-01 4.9D-09 0.0D+00 3.5D-09 0.0D+00       22      162       22      220  S
     17      1   2.0702167133435798D-01 4.9D-09 0.0D+00 4.6D-09 0.0D+00       22      149       22      220  S
     17      1   2.1929581764338998D-01 5.2D-09 0.0D+00 2.5D-07 0.0D+00       23      215       23      230  S
     17      1   2.1838988109926605D-01 6.8D-09 0.0D+00 5.5D-09 0.0D+00       22      145       22      220  S
     17      1   2.1787059949360588D-01 6.1D-09 0.0D+00 4.9D-09 0.0D+00       22      186       22      220  S
     17      1   2.1788403873378126D-01 6.6D-09 0.0D+00 3.1D-07 0.0D+00       24      196       24      240  S
     17      1   2.0702167133435584D-01 4.9D-09 0.0D+00 3.9D-09 0.0D+00       22      145       22      220  S
     17      1   2.1838988109739960D-01 6.8D-09 0.0D+00 1.0D-07 0.0D+00       22      177       22      220  S
     17      1   2.0633733585718750D-01 5.6D-09 0.0D+00 8.9D-09 0.0D+00       22      176       22      220  S
     17      1   2.0702167133449439D-01 4.9D-09 0.0D+00 1.0D-08 0.0D+00       24      164       24      240  S
     17      1   2.0633733585717423D-01 5.6D-09 0.0D+00 5.5D-11 0.0D+00       22      136       22      220  S
     17      1   2.1838988109630453D-01 6.8D-09 0.0D+00 2.0D-07 0.0D+00       24      193       24      240  S
     17      1   2.1838988109904994D-01 6.8D-09 0.0D+00 3.3D-08 0.0D+00       22      158       22      220  S
     17      1   2.1840560603023959D-01 6.4D-09 0.0D+00 1.8D-08 0.0D+00       24      241       24      240  S
 no information
     17      1   2.0702167133433089D-01 4.9D-09 0.0D+00 6.3D-09 0.0D+00       22      144       22      220  S
     17      1   2.1838988109876520D-01 6.8D-09 0.0D+00 1.3D-09 0.0D+00       22      147       22      220  S
     17      1   2.1838988109920057D-01 6.8D-09 0.0D+00 3.0D-09 0.0D+00       22      161       22      220  S
     17      1   2.0702167133442076D-01 4.9D-09 0.0D+00 6.9D-10 0.0D+00       22      148       22      220  S
     17      1   2.0702167133436966D-01 4.9D-09 0.0D+00 3.2D-08 0.0D+00       24      151       24      240  S
     17      1   2.0702167133408678D-01 4.9D-09 0.0D+00 2.5D-10 0.0D+00       21      131       21      210  S
     17      1   2.0702167133432633D-01 4.9D-09 0.0D+00 1.9D-09 0.0D+00       22      144       22      220  S
     17      1   2.1761304364913170D-01 6.8D-09 0.0D+00 1.2D-09 0.0D+00       21      154       21      210  S
     17      1   2.1838988109863272D-01 6.8D-09 0.0D+00 9.0D-09 0.0D+00       22      162       22      220  S
     17      1   2.0633733585439268D-01 5.6D-09 0.0D+00 3.3D-07 0.0D+00       24      201       24      240  S
     17      1   2.1838988109837681D-01 6.8D-09 0.0D+00 8.2D-10 0.0D+00       21      156       21      210  S
     17      1   2.1788403873357307D-01 6.6D-09 0.0D+00 3.3D-07 0.0D+00       24      168       24      240  S
     17      1   2.0633733585446368D-01 5.6D-09 0.0D+00 3.3D-07 0.0D+00       24      184       24      240  S
     17      1   2.0633733585454422D-01 5.6D-09 0.0D+00 3.0D-07 0.0D+00       23      200       23      230  S
     17      1   2.0702167133434410D-01 4.9D-09 0.0D+00 9.6D-09 0.0D+00       22      138       22      220  S
     17      1   2.1291884168654127D-01 6.1D-09 0.0D+00 2.4D-09 0.0D+00       22      182       22      220  S
     17      1   2.0791038660500111D-01 5.4D-09 0.0D+00 8.0D-09 0.0D+00       21      164       21      210  S
     17      1   2.1907281502397086D-01 5.1D-09 0.0D+00 6.8D-10 0.0D+00       22      159       22      220  S
     17      1   2.1838988109899918D-01 6.8D-09 0.0D+00 1.3D-08 0.0D+00       23      206       23      230  S
     17      1   2.1838988109869217D-01 6.8D-09 0.0D+00 2.8D-09 0.0D+00       22      158       22      220  S
     17      1   2.1093559885481517D-01 6.1D-09 0.0D+00 2.7D-07 0.0D+00       24      203       24      240  S
     17      1   2.1838988109846072D-01 6.8D-09 0.0D+00 6.7D-09 0.0D+00       21      147       21      210  S
     17      1   2.1838988109874136D-01 6.8D-09 0.0D+00 5.4D-09 0.0D+00       22      147       22      220  S
     17      1   2.3024635824904471D-01 6.1D-09 0.0D+00 8.5D-09 0.0D+00       21      137       21      210  S
     17      1   2.0702167133437549D-01 4.9D-09 0.0D+00 8.5D-09 0.0D+00       22      150       22      220  S
     17      1   2.0633733585756309D-01 5.6D-09 0.0D+00 3.2D-08 0.0D+00       23      167       23      230  S
     17      1   2.0702167133436405D-01 4.9D-09 0.0D+00 5.0D-09 0.0D+00       22      168       22      220  S
     17      1   2.0702167133434052D-01 4.9D-09 0.0D+00 5.9D-09 0.0D+00       22      147       22      220  S
     17      1   2.0702167133426358D-01 4.9D-09 0.0D+00 9.9D-09 0.0D+00       22      147       22      220  S
     17      1   2.1838988109678376D-01 6.8D-09 0.0D+00 1.2D-07 0.0D+00       23      140       23      230  S
     17      1   2.1838988109601101D-01 6.8D-09 0.0D+00 2.4D-07 0.0D+00       23      180       23      230  S
     17      1   2.0633733585719577D-01 5.6D-09 0.0D+00 3.7D-09 0.0D+00       22      161       22      220  S
     17      1   2.1838988109925236D-01 6.8D-09 0.0D+00 5.2D-09 0.0D+00       22      161       22      220  S
     17      1   2.0633733585749617D-01 5.6D-09 0.0D+00 1.2D-08 0.0D+00       23      165       23      230  S
     17      1   2.0633733585511282D-01 5.6D-09 0.0D+00 2.2D-07 0.0D+00       24      175       24      240  S
     17      1   2.1838988109733809D-01 6.8D-09 0.0D+00 6.6D-08 0.0D+00       22      164       22      220  S
     17      1   2.1838988109823876D-01 6.8D-09 0.0D+00 1.2D-08 0.0D+00       22      159       22      220  S
     17      1   2.1838988109866447D-01 6.8D-09 0.0D+00 1.1D-09 0.0D+00       22      183       22      220  S
     17      1   2.0633733585690994D-01 5.6D-09 0.0D+00 1.7D-07 0.0D+00       23      139       23      230  S
     17      1   2.0633733585742653D-01 5.6D-09 0.0D+00 3.7D-09 0.0D+00       22      151       22      220  S
     17      1   2.1761304364948142D-01 6.8D-09 0.0D+00 1.2D-08 0.0D+00       23      156       23      230  S
     17      1   2.3780798017026647D-01 6.2D-09 0.0D+00 6.1D-09 0.0D+00       21      182       21      210  S
     17      1   2.0791038660530775D-01 5.4D-09 0.0D+00 2.4D-08 0.0D+00       23      204       23      230  S
     17      1   2.2347689701896206D-01 5.1D-09 0.0D+00 8.8D-09 0.0D+00       22      169       22      220  S
     17      1   2.1785651014705104D-01 6.2D-09 0.0D+00 1.6D-07 0.0D+00       23      191       23      230  S
     17      1   2.0633733585750294D-01 5.6D-09 0.0D+00 6.8D-10 0.0D+00       22      155       22      220  S
     17      1   2.1838988109866472D-01 6.8D-09 0.0D+00 1.6D-09 0.0D+00       22      180       22      220  S
     17      1   2.0702167133440247D-01 4.9D-09 0.0D+00 6.1D-10 0.0D+00       22      160       22      220  S
     17      1   2.1840560603085615D-01 6.4D-09 0.0D+00 7.8D-09 0.0D+00       22      227       22      220  S
     17      1   2.1838988109936941D-01 6.8D-09 0.0D+00 1.4D-10 0.0D+00       22      162       22      220  S
     17      1   2.1838988109644414D-01 6.8D-09 0.0D+00 1.9D-07 0.0D+00       23      166       23      230  S
     17      1   2.1934754745454088D-01 5.6D-09 0.0D+00 1.4D-07 0.0D+00       23      155       23      230  S
     17      1   2.1838988109578777D-01 6.8D-09 0.0D+00 2.1D-07 0.0D+00       22      179       22      220  S
     17      1   2.0633733585623781D-01 5.6D-09 0.0D+00 1.2D-07 0.0D+00       24      213       24      240  S
     17      1   2.2030241617728941D-01 5.8D-09 0.0D+00 2.4D-09 0.0D+00       22      174       22      220  S
     17      1   2.0633733585485400D-01 5.6D-09 0.0D+00 2.6D-07 0.0D+00       23      165       23      230  S
     17      1   2.0633733585721542D-01 5.6D-09 0.0D+00 5.4D-09 0.0D+00       22      176       22      220  S
     17      1   2.0702167133431371D-01 4.9D-09 0.0D+00 2.7D-08 0.0D+00       23      160       23      230  S
     17      1   2.1838988109922444D-01 6.8D-09 0.0D+00 5.3D-09 0.0D+00       22      158       22      220  S
     17      1   2.1838988109879506D-01 6.8D-09 0.0D+00 3.1D-10 0.0D+00       22      168       22      220  S
     17      1   2.1838988109852955D-01 6.8D-09 0.0D+00 6.4D-09 0.0D+00       21      158       21      210  S
     17      1   2.1838988109911334D-01 6.8D-09 0.0D+00 1.4D-08 0.0D+00       23      193       23      230  S
     17      1   2.1838988109926519D-01 6.8D-09 0.0D+00 2.6D-08 0.0D+00       23      178       23      230  S
     17      1   2.1788403873713288D-01 6.6D-09 0.0D+00 6.0D-10 0.0D+00       22      129       22      220  S
     17      1   2.0633733585719755D-01 5.6D-09 0.0D+00 4.5D-09 0.0D+00       22      162       22      220  S
     17      1   2.1838988109775267D-01 6.8D-09 0.0D+00 1.1D-07 0.0D+00       22      176       22      220  S
     17      1   2.0633733585723116D-01 5.6D-09 0.0D+00 9.5D-09 0.0D+00       22      151       22      220  S
     17      1   2.0702167133439092D-01 4.9D-09 0.0D+00 5.7D-09 0.0D+00       22      150       22      220  S
     17      1   2.0702167133442634D-01 4.9D-09 0.0D+00 6.3D-09 0.0D+00       22      139       22      220  S
     17      1   2.1838988109884672D-01 6.8D-09 0.0D+00 4.0D-09 0.0D+00       22      159       22      220  S
     17      1   2.0702167133432844D-01 4.9D-09 0.0D+00 5.5D-09 0.0D+00       22      143       22      220  S
     17      1   2.0633733585496769D-01 5.6D-09 0.0D+00 2.2D-07 0.0D+00       22      177       22      220  S
     17      1   2.0702167133429661D-01 4.9D-09 0.0D+00 1.3D-09 0.0D+00       22      133       22      220  S
     17      1   2.0633733585737279D-01 5.6D-09 0.0D+00 2.2D-08 0.0D+00       24      160       24      240  S
     17      1   2.1761304364659612D-01 6.8D-09 0.0D+00 1.9D-07 0.0D+00       23      211       23      230  S
 no information
     17      1   2.0702167133445418D-01 4.9D-09 0.0D+00 4.2D-09 0.0D+00       22      154       22      220  S
     17      1   2.2130051522813582D-01 6.0D-09 0.0D+00 2.9D-07 0.0D+00       24      174       24      240  S
     17      1   2.1787059949021448D-01 6.1D-09 0.0D+00 3.1D-07 0.0D+00       24      187       24      240  S
 no information
     17      1   2.1838988109856902D-01 6.8D-09 0.0D+00 8.7D-09 0.0D+00       22      204       22      220  S
     17      1   2.3027551636639343D-01 7.4D-09 0.0D+00 9.5D-09 0.0D+00       22      177       22      220  S
     17      1   2.1093559885772398D-01 6.1D-09 0.0D+00 4.4D-09 0.0D+00       21      157       21      210  S
     17      1   2.0633733585469088D-01 5.6D-09 0.0D+00 1.6D-09 0.0D+00       22      165       22      220  S
     17      1   2.1852921232209588D-01 6.1D-09 0.0D+00 2.4D-09 0.0D+00       21      145       21      210  S
     17      1   2.0702167133439997D-01 4.9D-09 0.0D+00 4.5D-09 0.0D+00       22      142       22      220  S
     17      1   2.1838988109852361D-01 6.8D-09 0.0D+00 4.7D-09 0.0D+00       21      157       21      210  S
     17      1   2.0791038660536298D-01 5.4D-09 0.0D+00 3.0D-09 0.0D+00       22      185       22      220  S
     17      1   2.0702167133443727D-01 4.9D-09 0.0D+00 2.8D-10 0.0D+00       22      156       22      220  S
     17      1   2.2347689701923362D-01 5.1D-09 0.0D+00 3.1D-09 0.0D+00       22      197       22      220  S
     17      1   2.0702167133450089D-01 4.9D-09 0.0D+00 1.0D-09 0.0D+00       22      152       22      220  S
     17      1   2.0633733585735844D-01 5.6D-09 0.0D+00 9.4D-09 0.0D+00       22      159       22      220  S
     17      1   2.1838988109885812D-01 6.8D-09 0.0D+00 2.4D-09 0.0D+00       22      190       22      220  S
     17      1   2.0702167133432356D-01 4.9D-09 0.0D+00 7.0D-09 0.0D+00       22      144       22      220  S
     17      1   2.1785651014551394D-01 6.2D-09 0.0D+00 2.8D-07 0.0D+00       23      209       23      230  S
     17      1   2.0633733585717901D-01 5.6D-09 0.0D+00 2.2D-09 0.0D+00       22      162       22      220  S
     17      1   2.1838988109882290D-01 6.8D-09 0.0D+00 9.5D-09 0.0D+00       22      156       22      220  S
     17      1   2.0633733585732247D-01 5.6D-09 0.0D+00 5.0D-09 0.0D+00       22      146       22      220  S
     17      1   2.1838988109562044D-01 6.8D-09 0.0D+00 2.4D-07 0.0D+00       24      199       24      240  S
     17      1   2.1093559885788324D-01 6.1D-09 0.0D+00 5.0D-09 0.0D+00       22      173       22      220  S
     17      1   2.1291884168658298D-01 6.1D-09 0.0D+00 2.3D-08 0.0D+00       23      208       23      230  S
     17      1   2.1838988109755092D-01 6.8D-09 0.0D+00 9.3D-08 0.0D+00       23      170       23      230  S
     17      1   2.1093559885814489D-01 6.1D-09 0.0D+00 3.9D-09 0.0D+00       22      177       22      220  S
     17      1   2.1761304364540726D-01 6.8D-09 0.0D+00 3.2D-07 0.0D+00       23      153       23      230  S
     17      1   2.1838988109893784D-01 6.8D-09 0.0D+00 3.0D-09 0.0D+00       22      169       22      220  S
     17      1   2.0702167133441071D-01 4.9D-09 0.0D+00 8.0D-09 0.0D+00       22      152       22      220  S
     17      1   2.1838988109931234D-01 6.8D-09 0.0D+00 1.8D-09 0.0D+00       22      174       22      220  S
     17      1   2.3362052940921860D-01 5.8D-09 0.0D+00 5.4D-09 0.0D+00       22      176       22      220  S
     17      1   2.2347689701898013D-01 5.1D-09 0.0D+00 2.3D-08 0.0D+00       23      198       23      230  S
     17      1   2.1838988109865265D-01 6.8D-09 0.0D+00 5.7D-11 0.0D+00       22      170       22      220  S
     17      1   2.1093559885815891D-01 6.1D-09 0.0D+00 1.9D-08 0.0D+00       23      197       23      230  S
     17      1   2.0702167133409863D-01 4.9D-09 0.0D+00 3.0D-09 0.0D+00       21      155       21      210  S
     17      1   2.0702167133412552D-01 4.9D-09 0.0D+00 4.9D-09 0.0D+00       22      146       22      220  S
     17      1   2.1838988109438306D-01 6.8D-09 0.0D+00 3.1D-07 0.0D+00       23      185       23      230  S
     17      1   2.1093559885764290D-01 6.1D-09 0.0D+00 2.0D-09 0.0D+00       22      152       22      220  S
     17      1   2.1838988109855587D-01 6.8D-09 0.0D+00 8.9D-09 0.0D+00       22      138       22      220  S
     17      1   2.1093559885772706D-01 6.1D-09 0.0D+00 2.7D-11 0.0D+00       21      165       21      210  S
     17      1   2.1840560602658954D-01 6.4D-09 0.0D+00 3.2D-07 0.0D+00       23      241       23      230  S
     17      1   2.0633733585482095D-01 5.6D-09 0.0D+00 3.1D-07 0.0D+00       23      177       23      230  S
     17      1   2.1838988109872973D-01 6.8D-09 0.0D+00 2.2D-08 0.0D+00       23      169       23      230  S
     17      1   2.0633733585470238D-01 5.6D-09 0.0D+00 3.2D-07 0.0D+00       24      172       24      240  S
     17      1   2.1929581764156370D-01 5.2D-09 0.0D+00 2.4D-07 0.0D+00       24      185       24      240  S
     17      1   2.0702167133430241D-01 4.9D-09 0.0D+00 8.5D-10 0.0D+00       22      133       22      220  S
     17      1   2.1929581763526459D-01 5.2D-09 0.0D+00 2.7D-07 0.0D+00       24      206       24      240  S
     17      1   2.0702167133424795D-01 4.9D-09 0.0D+00 2.2D-09 0.0D+00       22      160       22      220  S
     17      1   2.1093559885773400D-01 6.1D-09 0.0D+00 1.1D-08 0.0D+00       23      192       23      230  S
     17      1   2.1788403873734116D-01 6.6D-09 0.0D+00 2.0D-09 0.0D+00       22      174       22      220  S
     17      1   2.0633733585707045D-01 5.6D-09 0.0D+00 1.8D-09 0.0D+00       22      144       22      220  S
     17      1   2.1838988109839941D-01 6.8D-09 0.0D+00 1.7D-09 0.0D+00       21      189       21      210  S
     17      1   2.0702167133433647D-01 4.9D-09 0.0D+00 7.7D-10 0.0D+00       22      139       22      220  S
     17      1   2.2333528523279333D-01 7.8D-07 0.0D+00 1.4D-01 0.0D+00       25      202       26      260  S
     17      1   2.1093559885808472D-01 6.1D-09 0.0D+00 3.6D-09 0.0D+00       22      164       22      220  S
     17      1   2.1838988109890192D-01 6.8D-09 0.0D+00 1.2D-09 0.0D+00       22      184       22      220  S
     17      1   2.1838988109539925D-01 6.8D-09 0.0D+00 2.7D-07 0.0D+00       23      203       23      230  S
     17      1   2.1787059949398199D-01 6.1D-09 0.0D+00 8.1D-09 0.0D+00       22      178       22      220  S
     17      1   2.1852921232307049D-01 6.1D-09 0.0D+00 6.1D-09 0.0D+00       22      191       22      220  S
     17      1   2.1761304364716824D-01 6.8D-09 0.0D+00 2.3D-07 0.0D+00       24      176       24      240  S
     17      1   2.1838988109780844D-01 6.8D-09 0.0D+00 5.1D-08 0.0D+00       22      180       22      220  S
     17      1   2.0633733585705472D-01 5.6D-09 0.0D+00 7.3D-09 0.0D+00       22      151       22      220  S
     17      1   2.1838988109846277D-01 6.8D-09 0.0D+00 1.8D-08 0.0D+00       23      180       23      230  S
     17      1   2.0633733585443403D-01 5.6D-09 0.0D+00 3.2D-07 0.0D+00       23      157       23      230  S
     17      1   2.1838988109879046D-01 6.8D-09 0.0D+00 2.2D-08 0.0D+00       23      158       23      230  S
     17      1   2.1838988109648716D-01 6.8D-09 0.0D+00 1.4D-07 0.0D+00       23      178       23      230  S
     17      1   2.0702167133421764D-01 4.9D-09 0.0D+00 1.9D-08 0.0D+00       22      145       22      220  S
     17      1   2.1838988109915280D-01 6.8D-09 0.0D+00 2.3D-09 0.0D+00       22      175       22      220  S
     17      1   1.3509091790270175D-01 3.6D-01 0.0D+00 1.0D+00 0.0D+00        0        0        1       10  F
     17      1   2.0702167133425517D-01 4.9D-09 0.0D+00 8.4D-09 0.0D+00       22      150       22      220  S
 no information
     17      1   2.2130051522916577D-01 6.0D-09 0.0D+00 2.1D-07 0.0D+00       23      175       23      230  S
     17      1   2.1838988109509797D-01 6.8D-09 0.0D+00 3.1D-07 0.0D+00       23      170       23      230  S
     17      1   2.0702167133442351D-01 4.9D-09 0.0D+00 2.0D-09 0.0D+00       22      140       22      220  S
     17      1   2.0702167133431965D-01 4.9D-09 0.0D+00 6.2D-09 0.0D+00       22      136       22      220  S
     17      1   2.1291884168663999D-01 6.1D-09 0.0D+00 1.9D-08 0.0D+00       23      186       23      230  S
     17      1   2.0633733585580846D-01 5.6D-09 0.0D+00 1.6D-07 0.0D+00       24      163       24      240  S
     17      1   2.1838988109735019D-01 6.8D-09 0.0D+00 1.1D-07 0.0D+00       23      203       23      230  S
     17      1   2.1838988109886728D-01 6.8D-09 0.0D+00 8.5D-09 0.0D+00       22      165       22      220  S
     17      1   2.1838988109872978D-01 6.8D-09 0.0D+00 2.3D-09 0.0D+00       22      171       22      220  S
     17      1   2.0633733585476308D-01 5.6D-09 0.0D+00 3.3D-07 0.0D+00       23      180       23      230  S
     17      1   2.0633733585723091D-01 5.6D-09 0.0D+00 2.9D-08 0.0D+00       24      172       24      240  S
     17      1   2.1852921232265979D-01 6.1D-09 0.0D+00 8.3D-09 0.0D+00       22      141       22      220  S
     17      1   2.0633733585465466D-01 5.6D-09 0.0D+00 3.1D-07 0.0D+00       23      180       23      230  S
     17      1   2.1093559885772772D-01 6.1D-09 0.0D+00 1.0D-08 0.0D+00       22      183       22      220  S
     17      1   2.1093559885642227D-01 6.1D-09 0.0D+00 1.0D-07 0.0D+00       22      160       22      220  S
     17      1   2.1840560603051429D-01 6.4D-09 0.0D+00 9.9D-11 0.0D+00       22      223       22      220  S
     17      1   2.1838988109847299D-01 6.8D-09 0.0D+00 4.8D-09 0.0D+00       21      158       21      210  S
     17      1   2.1291884168622116D-01 6.1D-09 0.0D+00 2.0D-08 0.0D+00       23      194       23      230  S
     17      1   2.1840560602886533D-01 6.4D-09 0.0D+00 1.1D-08 0.0D+00       23      251       23      230  S
     17      1   2.1788403873686293D-01 6.6D-09 0.0D+00 2.1D-08 0.0D+00       22      140       22      220  S
     17      1   2.0633733585717531D-01 5.6D-09 0.0D+00 3.7D-10 0.0D+00       22      164       22      220  S
     17      1   2.1907281502320783D-01 5.1D-09 0.0D+00 1.0D-07 0.0D+00       24      195       24      240  S
     17      1   2.1761304364951836D-01 6.8D-09 0.0D+00 1.8D-09 0.0D+00       22      174       22      220  S
     17      1   2.0702167133426316D-01 4.9D-09 0.0D+00 9.7D-10 0.0D+00       22      144       22      220  S
     17      1   2.0633733585473651D-01 5.6D-09 0.0D+00 3.2D-07 0.0D+00       23      170       23      230  S
     17      1   2.0702167133416749D-01 4.9D-09 0.0D+00 4.2D-09 0.0D+00       21      130       21      210  S
     17      1   2.1838988109843263D-01 6.8D-09 0.0D+00 4.5D-09 0.0D+00       22      187       22      220  S
     17      1   2.0702167133446442D-01 4.9D-09 0.0D+00 4.9D-09 0.0D+00       22      169       22      220  S
     17      1   2.0702167133445887D-01 4.9D-09 0.0D+00 3.3D-09 0.0D+00       22      158       22      220  S
     17      1   2.0633733585691569D-01 5.6D-09 0.0D+00 3.6D-08 0.0D+00       23      167       23      230  S
     17      1   2.0702167133432764D-01 4.9D-09 0.0D+00 9.7D-09 0.0D+00       22      146       22      220  S
     17      1   2.0702167133436783D-01 4.9D-09 0.0D+00 2.4D-09 0.0D+00       22      135       22      220  S
     17      1   2.1840560602988360D-01 6.4D-09 0.0D+00 4.6D-09 0.0D+00       21      177       21      210  S
     17      1   2.1788403873742040D-01 6.6D-09 0.0D+00 1.0D-09 0.0D+00       21      165       21      210  S
     17      1   2.0702167133436322D-01 4.9D-09 0.0D+00 3.7D-09 0.0D+00       22      161       22      220  S
     17      1   2.0633733585709244D-01 5.6D-09 0.0D+00 2.5D-09 0.0D+00       22      135       22      220  S
     17      1   2.0702167133442984D-01 4.9D-09 0.0D+00 6.6D-09 0.0D+00       22      151       22      220  S
     17      1   2.0633733585720676D-01 5.6D-09 0.0D+00 4.1D-09 0.0D+00       22      132       22      220  S
     17      1   2.0702167133440413D-01 4.9D-09 0.0D+00 7.2D-09 0.0D+00       22      143       22      220  S
 no information
     17      1   2.1093559885512689D-01 6.1D-09 0.0D+00 2.9D-07 0.0D+00       24      200       24      240  S
     17      1   2.1838988109942320D-01 6.8D-09 0.0D+00 3.1D-08 0.0D+00       24      206       24      240  S
     17      1   2.1838988109923346D-01 6.8D-09 0.0D+00 9.6D-09 0.0D+00       22      181       22      220  S
     17      1   2.1838988109861296D-01 6.8D-09 0.0D+00 6.2D-09 0.0D+00       21      149       21      210  S
     17      1   2.2305429105396318D-01 4.9D-09 0.0D+00 3.5D-09 0.0D+00       22      164       22      220  S
     17      1   7.5075943278071944D-01 0.0D+00 0.0D+00 7.5D-01 0.0D+00        3       33        3       30  S
     17      1   2.1788403873602905D-01 6.6D-09 0.0D+00 7.3D-08 0.0D+00       24      182       24      240  S
     17      1   2.2688699085622246D-01 5.9D-09 0.0D+00 1.6D-07 0.0D+00       23      286       23      230  S
     17      1   2.1838988109949078D-01 6.8D-09 0.0D+00 6.6D-09 0.0D+00       22      188       22      220  S
     17      1   2.1761304364520995D-01 6.8D-09 0.0D+00 3.3D-07 0.0D+00       24      201       24      240  S
     17      1   2.1838988109676474D-01 6.8D-09 0.0D+00 1.5D-07 0.0D+00       24      177       24      240  S
     17      1   2.1838988109651045D-01 6.8D-09 0.0D+00 1.4D-07 0.0D+00       23      177       23      230  S
     17      1   2.0702167133424504D-01 4.9D-09 0.0D+00 4.3D-09 0.0D+00       22      156       22      220  S
     17      1   2.0702167133431051D-01 4.9D-09 0.0D+00 3.8D-09 0.0D+00       22      152       22      220  S
     17      1   2.1929581764385730D-01 5.2D-09 0.0D+00 9.5D-07 0.0D+00       24      211       24      240  S
     17      1   2.1840560603036477D-01 6.4D-09 0.0D+00 5.7D-09 0.0D+00       22      245       22      220  S
     17      1   2.1840560603034453D-01 6.4D-09 0.0D+00 6.1D-09 0.0D+00       22      209       22      220  S
     17      1   2.0633733585454581D-01 5.6D-09 0.0D+00 3.1D-07 0.0D+00       23      172       23      230  S
     17      1   2.1838988109538982D-01 6.8D-09 0.0D+00 2.7D-07 0.0D+00       23      200       23      230  S
     17      1   2.0702167133431496D-01 4.9D-09 0.0D+00 9.2D-09 0.0D+00       22      154       22      220  S
     17      1   2.0633733585708050D-01 5.6D-09 0.0D+00 8.4D-09 0.0D+00       22      173       22      220  S
     17      1   2.1838988109892138D-01 6.8D-09 0.0D+00 5.2D-10 0.0D+00       22      175       22      220  S
     17      1   2.1788403873524237D-01 6.6D-09 0.0D+00 1.6D-07 0.0D+00       23      174       23      230  S
     17      1   2.1717171968465374D-01 7.8D-09 0.0D+00 3.7D-09 0.0D+00       22      149       22      220  S
     17      1   2.0702167133416188D-01 4.9D-09 0.0D+00 3.3D-09 0.0D+00       21      139       21      210  S
     17      1   2.1838988109845223D-01 6.8D-09 0.0D+00 5.6D-09 0.0D+00       21      154       21      210  S
     17      1   2.0633733585723740D-01 5.6D-09 0.0D+00 4.0D-09 0.0D+00       22      163       22      220  S
     17      1   2.1761304365035433D-01 6.8D-09 0.0D+00 2.5D-08 0.0D+00       24      180       24      240  S
     17      1   2.1838988109876828D-01 6.8D-09 0.0D+00 2.0D-09 0.0D+00       22      150       22      220  S
     17      1   2.0633733585700298D-01 5.6D-09 0.0D+00 3.7D-09 0.0D+00       22      155       22      220  S
     17      1   2.0702167133443045D-01 4.9D-09 0.0D+00 4.9D-09 0.0D+00       22      148       22      220  S
     17      1   2.1838988109876775D-01 6.8D-09 0.0D+00 2.0D-08 0.0D+00       23      172       23      230  S
