     13      1   2.6669069777281029D-01 6.6D-09 0.0D+00 1.4D-07 0.0D+00       23      164       23      230  S
     13      1   2.3608578678593906D-01 5.5D-09 0.0D+00 9.7D-09 0.0D+00       22      123       22      220  S
     13      1   2.3608578678586845D-01 5.5D-09 0.0D+00 1.3D-09 0.0D+00       22      141       22      220  S
     13      1   2.6669069777697196D-01 6.6D-09 0.0D+00 6.8D-09 0.0D+00       22      187       22      220  S
     13      1   2.3608578678589076D-01 5.5D-09 0.0D+00 5.7D-09 0.0D+00       22      142       22      220  S
     13      1   2.7218427755798608D-01 7.5D-09 0.0D+00 9.8D-09 0.0D+00       22      150       22      220  S
     13      1   2.7287445178019010D-01 6.0D-09 0.0D+00 4.4D-06 0.0D+00       22      152       22      220  S
     13      1   2.6669069777445270D-01 6.6D-09 0.0D+00 1.4D-07 0.0D+00       23      212       23      230  S
     13      1   2.7145986625671931D-01 8.4D-09 0.0D+00 1.6D-07 0.0D+00       22      181       22      220  S
     13      1   2.7145986628105501D-01 8.4D-09 0.0D+00 6.0D-09 0.0D+00       21      153       21      210  S
     13      1   2.3608578678574021D-01 5.5D-09 0.0D+00 1.7D-09 0.0D+00       21      108       21      210  S
     13      1   2.3608578678597908D-01 5.5D-09 0.0D+00 4.2D-09 0.0D+00       22      123       22      220  S
     13      1   2.6669069764001041D-01 6.6D-09 0.0D+00 4.8D-09 0.0D+00       21      152       21      210  S
     13      1   2.3608578678594802D-01 5.5D-09 0.0D+00 4.9D-09 0.0D+00       22      139       22      220  S
     13      1   2.3608578678568215D-01 5.5D-09 0.0D+00 5.3D-09 0.0D+00       22      131       22      220  S
     13      1   2.7287445172369473D-01 6.0D-09 0.0D+00 3.4D-07 0.0D+00       23      189       23      230  S
     13      1   2.3608578678598593D-01 5.5D-09 0.0D+00 8.9D-09 0.0D+00       22      137       22      220  S
     13      1   2.3608578678587180D-01 5.5D-09 0.0D+00 5.1D-09 0.0D+00       22      129       22      220  S
     13      1   2.3608578678590211D-01 5.5D-09 0.0D+00 2.7D-09 0.0D+00       22      133       22      220  S
     13      1   2.3608578678606115D-01 5.5D-09 0.0D+00 5.6D-09 0.0D+00       22      133       22      220  S
     13      1   2.3608578678597777D-01 5.5D-09 0.0D+00 7.7D-09 0.0D+00       22      122       22      220  S
     13      1   2.3608578678593362D-01 5.5D-09 0.0D+00 2.2D-08 0.0D+00       23      146       23      230  S
     13      1   2.3608578678585537D-01 5.5D-09 0.0D+00 1.6D-09 0.0D+00       22      144       22      220  S
     13      1   2.3608578678592801D-01 5.5D-09 0.0D+00 5.4D-09 0.0D+00       22      129       22      220  S
     13      1   2.3608578678603931D-01 5.5D-09 0.0D+00 3.2D-09 0.0D+00       22      156       22      220  S
     13      1   2.3608578678599337D-01 5.5D-09 0.0D+00 7.5D-09 0.0D+00       22      114       22      220  S
     13      1   2.8436583998783294D-01 6.2D-09 0.0D+00 1.3D-08 0.0D+00       23      204       23      230  S
     13      1   2.3608578678579972D-01 5.5D-09 0.0D+00 6.9D-09 0.0D+00       22      123       22      220  S
     13      1   2.3608578678589598D-01 5.5D-09 0.0D+00 8.7D-09 0.0D+00       22      123       22      220  S
     13      1   2.7218427755489627D-01 7.5D-09 0.0D+00 1.4D-07 0.0D+00       23      177       23      230  S
     13      1   2.6669069777636595D-01 6.6D-09 0.0D+00 2.4D-08 0.0D+00       23      185       23      230  S
     13      1   2.6829639682547596D-01 6.7D-09 0.0D+00 1.4D-07 0.0D+00       24      194       24      240  S
     13      1   2.3608578678595002D-01 5.5D-09 0.0D+00 3.1D-09 0.0D+00       22      137       22      220  S
     13      1   2.3608578678595274D-01 5.5D-09 0.0D+00 9.8D-10 0.0D+00       22      118       22      220  S
     13      1   2.6669069777740806D-01 6.6D-09 0.0D+00 1.6D-09 0.0D+00       22      149       22      220  S
     13      1   2.3608578678596601D-01 5.5D-09 0.0D+00 4.9D-09 0.0D+00       22      131       22      220  S
     13      1   2.3608578678584707D-01 5.5D-09 0.0D+00 4.4D-10 0.0D+00       22      136       22      220  S
     13      1   2.3608578678598019D-01 5.5D-09 0.0D+00 3.1D-09 0.0D+00       22      116       22      220  S
     13      1   2.7145986627136759D-01 8.4D-09 0.0D+00 5.7D-11 0.0D+00       22      167       22      220  S
     13      1   2.6669069764010528D-01 6.6D-09 0.0D+00 3.2D-09 0.0D+00       21      158       21      210  S
     13      1   2.3608578678591718D-01 5.5D-09 0.0D+00 6.7D-10 0.0D+00       22      134       22      220  S
     13      1   2.3608578678574269D-01 5.5D-09 0.0D+00 9.8D-09 0.0D+00       22      121       22      220  S
     13      1   2.3608578678587691D-01 5.5D-09 0.0D+00 4.5D-09 0.0D+00       22      133       22      220  S
     13      1   2.8382297778115662D-01 5.9D-09 0.0D+00 1.8D-08 0.0D+00       21      148       21      210  S
     13      1   2.3608578678597147D-01 5.5D-09 0.0D+00 1.2D-09 0.0D+00       22      152       22      220  S
     13      1   2.6669069777298537D-01 6.6D-09 0.0D+00 3.3D-07 0.0D+00       23      168       23      230  S
     13      1   2.3608578678586992D-01 5.5D-09 0.0D+00 8.4D-10 0.0D+00       22      123       22      220  S
     13      1   2.3608578678591988D-01 5.5D-09 0.0D+00 1.2D-09 0.0D+00       22      121       22      220  S
     13      1   2.6669069777633803D-01 6.6D-09 0.0D+00 2.6D-08 0.0D+00       23      174       23      230  S
     13      1   2.3608578678601497D-01 5.5D-09 0.0D+00 5.3D-09 0.0D+00       22      131       22      220  S
     13      1   2.6669069777634635D-01 6.6D-09 0.0D+00 5.9D-09 0.0D+00       22      151       22      220  S
     13      1   2.3608578678589445D-01 5.5D-09 0.0D+00 6.6D-09 0.0D+00       22      129       22      220  S
     13      1   2.3608578678581099D-01 5.5D-09 0.0D+00 5.2D-09 0.0D+00       22      122       22      220  S
     13      1   2.3608578678586095D-01 5.5D-09 0.0D+00 9.5D-09 0.0D+00       22      143       22      220  S
     13      1   2.7145986627180108D-01 8.4D-09 0.0D+00 9.4D-09 0.0D+00       22      175       22      220  S
     13      1   2.3608578678591283D-01 5.5D-09 0.0D+00 5.3D-09 0.0D+00       22      123       22      220  S
     13      1   2.7145986628149527D-01 8.4D-09 0.0D+00 3.5D-09 0.0D+00       20      136       20      200  S
     13      1   2.3608578678582337D-01 5.5D-09 0.0D+00 5.5D-09 0.0D+00       22      120       22      220  S
     13      1   2.7145986628299901D-01 8.4D-09 0.0D+00 6.9D-10 0.0D+00       21      157       21      210  S
     13      1   2.3608578678582773D-01 5.5D-09 0.0D+00 6.5D-09 0.0D+00       22      135       22      220  S
     13      1   2.3608578678607689D-01 5.5D-09 0.0D+00 9.5D-12 0.0D+00       22      125       22      220  S
     13      1   2.3608578678609798D-01 5.5D-09 0.0D+00 5.3D-09 0.0D+00       22      125       22      220  S
     13      1   2.7466162911917308D-01 5.9D-09 0.0D+00 1.0D-07 0.0D+00       22      158       22      220  S
     13      1   2.3608578678585801D-01 5.5D-09 0.0D+00 5.2D-09 0.0D+00       22      123       22      220  S
     13      1   2.3608578678601949D-01 5.5D-09 0.0D+00 7.8D-09 0.0D+00       22      124       22      220  S
     13      1   2.3608578678579775D-01 5.5D-09 0.0D+00 1.0D-09 0.0D+00       22      122       22      220  S
     13      1   2.3608578678580502D-01 5.5D-09 0.0D+00 3.4D-09 0.0D+00       22      125       22      220  S
     13      1   2.3608578678603229D-01 5.5D-09 0.0D+00 3.2D-09 0.0D+00       22      138       22      220  S
     13      1   2.3608578678597777D-01 5.5D-09 0.0D+00 8.2D-09 0.0D+00       21      140       21      210  S
     13      1   2.3608578678580289D-01 5.5D-09 0.0D+00 1.0D-09 0.0D+00       22      120       22      220  S
     13      1   2.3608578678587885D-01 5.5D-09 0.0D+00 7.1D-09 0.0D+00       22      143       22      220  S
     13      1   2.3608578678558953D-01 5.5D-09 0.0D+00 1.0D-08 0.0D+00       21      111       21      210  S
     13      1   2.3608578678585951D-01 5.5D-09 0.0D+00 1.4D-09 0.0D+00       22      123       22      220  S
     13      1   2.3608578678610093D-01 5.5D-09 0.0D+00 4.2D-08 0.0D+00       23      135       23      230  S
     13      1   2.3608578678576503D-01 5.5D-09 0.0D+00 4.9D-09 0.0D+00       21      108       21      210  S
     13      1   2.6669069777263416D-01 6.6D-09 0.0D+00 3.2D-07 0.0D+00       23      176       23      230  S
     13      1   2.8382297778195664D-01 5.9D-09 0.0D+00 5.3D-10 0.0D+00       22      165       22      220  S
     13      1   2.7073943754439805D-01 4.2D-06 0.0D+00 3.0D-01 0.0D+00        3       31        4       40  F
     13      1   2.6669069777782534D-01 6.6D-09 0.0D+00 3.7D-09 0.0D+00       22      152       22      220  S
     13      1   2.3608578678591430D-01 5.5D-09 0.0D+00 6.5D-09 0.0D+00       22      124       22      220  S
     13      1   2.3608578678579153D-01 5.5D-09 0.0D+00 7.8D-09 0.0D+00       20      126       20      200  S
     13      1   2.3608578678597503D-01 5.5D-09 0.0D+00 7.6D-09 0.0D+00       22      132       22      220  S
     13      1   2.7287445172704267D-01 6.0D-09 0.0D+00 2.1D-09 0.0D+00       22      149       22      220  S
     13      1   2.7218427755839381D-01 7.5D-09 0.0D+00 1.8D-08 0.0D+00       23      189       23      230  S
     13      1   2.3608578678583098D-01 5.5D-09 0.0D+00 3.2D-09 0.0D+00       22      126       22      220  S
     13      1   2.3608578678580436D-01 5.5D-09 0.0D+00 2.5D-09 0.0D+00       21      113       21      210  S
     13      1   2.6669069790146249D-01 6.6D-09 0.0D+00 1.6D-07 0.0D+00       23      193       23      230  S
     13      1   2.3608578678595785D-01 5.5D-09 0.0D+00 1.5D-09 0.0D+00       22      140       22      220  S
     13      1   2.3608578678589778D-01 5.5D-09 0.0D+00 2.6D-09 0.0D+00       22      120       22      220  S
     13      1   2.3608578678590292D-01 5.5D-09 0.0D+00 3.4D-10 0.0D+00       22      143       22      220  S
     13      1   2.3608578678585404D-01 5.5D-09 0.0D+00 7.3D-09 0.0D+00       22      128       22      220  S
     13      1   2.3608578678588799D-01 5.5D-09 0.0D+00 3.1D-09 0.0D+00       22      142       22      220  S
     13      1   2.3608578678593967D-01 5.5D-09 0.0D+00 1.9D-09 0.0D+00       22      123       22      220  S
     13      1   2.6829639682696249D-01 6.7D-09 0.0D+00 2.7D-09 0.0D+00       22      138       22      220  S
     13      1   2.6669069777729038D-01 6.6D-09 0.0D+00 1.1D-09 0.0D+00       22      153       22      220  S
     13      1   2.3608578678592418D-01 5.5D-09 0.0D+00 5.9D-09 0.0D+00       22      148       22      220  S
     13      1   2.3608578678591424D-01 5.5D-09 0.0D+00 2.5D-09 0.0D+00       22      124       22      220  S
     13      1   2.7145986627977431D-01 8.4D-09 0.0D+00 1.4D-07 0.0D+00       22      212       22      220  S
     13      1   2.3608578678585648D-01 5.5D-09 0.0D+00 6.2D-10 0.0D+00       22      128       22      220  S
     13      1   2.3608578678592895D-01 5.5D-09 0.0D+00 9.3D-09 0.0D+00       22      127       22      220  S
