      5      1   4.9201975354215216D-01 9.0D-09 0.0D+00 1.3D-09 0.0D+00       21      121       21      210  S
      5      1   5.0640799255452262D-01 1.0D-01 0.0D+00 1.0D+00 0.0D+00        0        0        1       10  F
 no information
      5      1   4.8422534173744430D-01 6.0D-04 0.0D+00 4.5D-01 0.0D+00        1       10        2       20  F
      5      1   6.4664565159552001D-01 1.1D-16 0.0D+00 1.0D+00 0.0D+00        0        0        1       10  F
      5      1   2.8928370845263396D-01 3.5D-01 0.0D+00 1.0D+00 0.0D+00        0        0        1       10  F
      5      1   5.4745659453968454D-01 8.7D-03 0.0D+00 1.0D+00 0.0D+00        0        0        1       10  F
      5      1   4.0384375682864571D-01 7.5D-02 0.0D+00 1.0D+00 0.0D+00        0        0        1       10  F
      5      1   5.1711552231871405D-01 7.8D-09 0.0D+00 2.5D-09 0.0D+00       21      141       21      210  S
      5      1   4.9201975353656113D-01 9.0D-09 0.0D+00 2.4D-07 0.0D+00       23      136       23      230  S
      5      1   4.9201975354256439D-01 9.0D-09 0.0D+00 8.7D-09 0.0D+00       21      138       21      210  S
      5      1   4.0642202838263053D-01 2.6D-01 0.0D+00 1.0D+00 0.0D+00        0        0        1       10  F
      5      1   3.6787472134666199D-01 3.0D-01 0.0D+00 1.0D+00 0.0D+00        0        0        1       10  F
      5      1   5.3753153549271571D-01 1.9D-01 0.0D+00 1.0D+00 0.0D+00        0        0        1       10  F
      5      1   4.2792327197164065D-01 8.7D-02 0.0D+00 1.0D+00 0.0D+00        0        0        1       10  F
      5      1   4.9201975353813177D-01 9.0D-09 0.0D+00 1.4D-07 0.0D+00       23      163       23      230  S
      5      1   7.4999740321343800D-01 1.1D-16 0.0D+00 1.0D+00 0.0D+00        1       10        2       20  F
      5      1   4.9201975354326249D-01 9.0D-09 0.0D+00 2.1D-09 0.0D+00       21      126       21      210  S
 no information
      5      1   5.0477577826282749D-01 1.6D-01 0.0D+00 1.0D+00 0.0D+00        0        0        1       10  F
      5      1   6.2843222372957297D-01 1.1D-02 0.0D+00 1.0D+00 0.0D+00        0        0        1       10  F
      5      1   4.9181685234159511D-01 1.3D-02 0.0D+00 1.0D+00 0.0D+00        0        0        1       10  F
      5      1   5.6857159933189871D-01 2.1D-02 0.0D+00 1.0D+00 0.0D+00        0        0        1       10  F
      5      1   5.3864128713306170D-01 2.1D-02 0.0D+00 1.0D+00 0.0D+00        0        0        1       10  F
      5      1   4.9201975353697891D-01 9.0D-09 0.0D+00 1.6D-07 0.0D+00       23      155       23      230  S
 no information
 no information
      5      1   4.9201975354206356D-01 9.0D-09 0.0D+00 1.9D-09 0.0D+00       21      120       21      210  S
 no information
      5      1   5.3402718959927165D-01 1.9D-02 0.0D+00 1.0D+00 0.0D+00        0        0        1       10  F
      5      1   6.7734751984426111D-01 0.0D+00 0.0D+00 1.0D+00 0.0D+00        0        0        1       10  F
      5      1   5.7721167630055970D-01 4.0D-02 0.0D+00 1.0D+00 0.0D+00        0        0        1       10  F
      5      1   5.0212012474590040D-01 1.7D-03 0.0D+00 1.0D+00 0.0D+00        0        0        1       10  F
      5      1   4.9201975354192040D-01 9.0D-09 0.0D+00 2.2D-09 0.0D+00       21      122       21      210  S
      5      1   6.4945125340212695D-01 2.1D-03 0.0D+00 1.0D+00 0.0D+00        0        0        1       10  F
      5      1   6.7947754072062416D-01 2.2D-16 0.0D+00 1.0D+00 0.0D+00        1       10        2       20  F
      5      1   4.9201975354287747D-01 9.0D-09 0.0D+00 2.0D-09 0.0D+00       21      127       21      210  S
      5      1   2.8227501666574578D-01 2.8D-01 0.0D+00 1.0D+00 0.0D+00        0        0        1       10  F
      5      1   4.9201975354269001D-01 9.0D-09 0.0D+00 7.6D-09 0.0D+00       21      134       21      210  S
      5      1   5.5975629192527587D-01 3.8D-03 0.0D+00 1.0D+00 0.0D+00        0        0        1       10  F
      5      1   4.9201975354304595D-01 9.0D-09 0.0D+00 2.5D-09 0.0D+00       21      134       21      210  S
      5      1   5.3604673418843984D-01 4.8D-03 0.0D+00 5.4D-01 0.0D+00        1       10        2       20  F
      5      1   2.8052984621704985D-01 3.6D-01 0.0D+00 1.0D+00 0.0D+00        0        0        1       10  F
      5      1   2.8845834244699170D-01 3.6D-01 0.0D+00 1.0D+00 0.0D+00        0        0        1       10  F
      5      1   4.9201975354088506D-01 9.0D-09 0.0D+00 8.2D-09 0.0D+00       22      151       22      220  S
 no information
 no information
      5      1   4.9201975354072874D-01 9.0D-09 0.0D+00 6.3D-09 0.0D+00       22      150       22      220  S
      5      1   4.9201975354212679D-01 9.0D-09 0.0D+00 4.4D-09 0.0D+00       21      143       21      210  S
      5      1   4.9201975354206395D-01 9.0D-09 0.0D+00 6.4D-09 0.0D+00       21      145       21      210  S
      5      1   5.0213340074920709D-01 1.2D-01 0.0D+00 1.0D+00 0.0D+00        0        0        1       10  F
      5      1   7.0059254551283834D-01 1.1D-16 0.0D+00 1.0D+00 0.0D+00        0        0        1       10  F
      5      1   4.9201975354310451D-01 9.0D-09 0.0D+00 1.3D-09 0.0D+00       21      129       21      210  S
      5      1   4.7683408282305162D-01 1.4D-03 0.0D+00 1.7D-01 0.0D+00        1       10        2       20  F
 no information
      5      1   4.9201975354205146D-01 9.0D-09 0.0D+00 1.8D-09 0.0D+00       21      148       21      210  S
      5      1   4.9201975354210120D-01 9.0D-09 0.0D+00 2.3D-09 0.0D+00       21      150       21      210  S
      5      1   4.0289458429234259D-01 2.7D-01 0.0D+00 1.0D+00 0.0D+00        0        0        1       10  F
      5      1   4.9201975355502753D-01 9.0D-09 0.0D+00 6.0D-09 0.0D+00       21      129       21      210  S
      5      1   4.9201975354020011D-01 9.0D-09 0.0D+00 7.5D-08 0.0D+00       23      154       23      230  S
 no information
      5      1   4.9201975354054162D-01 9.0D-09 0.0D+00 1.7D-09 0.0D+00       22      130       22      220  S
      5      1   4.9201975354129390D-01 9.0D-09 0.0D+00 6.7D-09 0.0D+00       22      140       22      220  S
      5      1   4.9201975354190219D-01 9.0D-09 0.0D+00 2.3D-09 0.0D+00       22      154       22      220  S
      5      1   4.9511143295901228D-01 1.6D-01 0.0D+00 1.0D+00 0.0D+00        0        0        1       10  F
      5      1   6.5114241133242445D-01 1.7D-03 0.0D+00 1.0D+00 0.0D+00        0        0        1       10  F
      5      1   5.6196210546260694D-01 5.0D-02 0.0D+00 1.0D+00 0.0D+00        0        0        1       10  F
      5      1   7.2170755030505251D-01 6.2D-05 0.0D+00 1.0D+00 0.0D+00        0        0        1       10  F
      5      1   6.9444069354518390D-01 1.6D-03 0.0D+00 1.0D+00 0.0D+00        0        0        1       10  F
      5      1   3.6932635568352429D-01 1.8D-01 0.0D+00 1.0D+00 0.0D+00        0        0        1       10  F
      5      1   5.1711552231661273D-01 7.8D-09 0.0D+00 1.6D-07 0.0D+00       24      169       24      240  S
      5      1   6.4315857568224555D-01 3.7D-02 0.0D+00 1.0D+00 0.0D+00        0        0        1       10  F
 no information
      5      1   4.9201975354187549D-01 9.0D-09 0.0D+00 1.4D-09 0.0D+00       21      127       21      210  S
      5      1   4.9201975354276578D-01 9.0D-09 0.0D+00 2.0D-09 0.0D+00       21      126       21      210  S
      5      1   4.0811575187379157D-01 1.1D-01 0.0D+00 1.0D+00 0.0D+00        0        0        1       10  F
      5      1   4.9201975354218480D-01 9.0D-09 0.0D+00 3.3D-10 0.0D+00       21      138       21      210  S
      5      1   5.4059433995636852D-01 9.2D-02 0.0D+00 1.0D+00 0.0D+00        0        0        1       10  F
 no information
      5      1   4.9201975353586092D-01 9.0D-09 0.0D+00 2.7D-07 0.0D+00       22      139       22      220  S
      5      1   4.8931222209343000D-01 1.7D-02 0.0D+00 1.0D+00 0.0D+00        0        0        1       10  F
      5      1   2.7506117826431076D-01 3.6D-01 0.0D+00 1.0D+00 0.0D+00        0        0        1       10  F
      5      1   4.9201975354030286D-01 9.0D-09 0.0D+00 6.6D-08 0.0D+00       23      151       23      230  S
      5      1   4.9201975353839172D-01 9.0D-09 0.0D+00 1.6D-07 0.0D+00       24      171       24      240  S
      5      1   5.1448526360769975D-01 1.5D-01 0.0D+00 1.0D+00 0.0D+00        0        0        1       10  F
      5      1   3.8910954125381120D-01 1.9D-01 0.0D+00 1.0D+00 0.0D+00        0        0        1       10  F
      5      1   3.8674798636755303D-01 1.7D-01 0.0D+00 1.0D+00 0.0D+00        0        0        1       10  F
      5      1   6.5542269049187496D-01 7.1D-02 0.0D+00 1.0D+00 0.0D+00        0        0        1       10  F
 no information
      5      1   5.6324068190424414D-01 1.5D-02 0.0D+00 1.0D+00 0.0D+00        0        0        1       10  F
      5      1   4.9201975354239669D-01 9.0D-09 0.0D+00 2.7D-09 0.0D+00       21      136       21      210  S
      5      1   5.7314146276866651D-01 1.9D-01 0.0D+00 1.0D+00 0.0D+00        0        0        1       10  F
      5      1   3.4058140571243767D-01 3.6D-01 0.0D+00 1.0D+00 0.0D+00        0        0        1       10  F
      5      1   6.0042304466976848D-01 6.0D-02 0.0D+00 1.0D+00 0.0D+00        0        0        1       10  F
      5      1   6.0151063968039375D-01 9.2D-03 0.0D+00 1.0D+00 0.0D+00        0        0        1       10  F
      5      1   3.8365880871122149D-01 1.8D-01 0.0D+00 1.0D+00 0.0D+00        0        0        1       10  F
      5      1   4.9298656434898347D-01 5.7D-03 0.0D+00 1.1D+00 0.0D+00        1       10        2       20  F
      5      1   4.9201975354071614D-01 9.0D-09 0.0D+00 1.1D-09 0.0D+00       22      126       22      220  S
      5      1   6.8161951488940686D-01 8.3D-02 0.0D+00 1.0D+00 0.0D+00        0        0        1       10  F
      5      1   4.9785880894389145D-01 5.4D-02 0.0D+00 1.0D+00 0.0D+00        0        0        1       10  F
