     13      1   2.3608578678594724D-01 5.5D-09 0.0D+00 3.7D-09 0.0D+00       22      126       22      220  S
     13      1   2.3608578678578798D-01 5.5D-09 0.0D+00 3.3D-09 0.0D+00       22      112       22      220  S
     13      1   2.3608578678588138D-01 5.5D-09 0.0D+00 9.1D-10 0.0D+00       22      121       22      220  S
     13      1   2.3608578678602521D-01 5.5D-09 0.0D+00 5.9D-09 0.0D+00       22      115       22      220  S
     13      1   2.3608578678577730D-01 5.5D-09 0.0D+00 3.0D-09 0.0D+00       22      126       22      220  S
     13      1   2.3608578678578776D-01 5.5D-09 0.0D+00 7.6D-09 0.0D+00       22      134       22      220  S
     13      1   2.3608578678593775D-01 5.5D-09 0.0D+00 3.1D-09 0.0D+00       22      148       22      220  S
     13      1   2.8382297778206900D-01 5.9D-09 0.0D+00 4.0D-09 0.0D+00       22      144       22      220  S
     13      1   2.3608578678604533D-01 5.5D-09 0.0D+00 4.2D-09 0.0D+00       22      122       22      220  S
     13      1   2.3608578678589731D-01 5.5D-09 0.0D+00 2.9D-09 0.0D+00       22      130       22      220  S
     13      1   2.3608578678593722D-01 5.5D-09 0.0D+00 6.8D-09 0.0D+00       22      130       22      220  S
     13      1   2.6669069777294829D-01 6.6D-09 0.0D+00 2.8D-07 0.0D+00       24      190       24      240  S
     13      1   2.3608578678595543D-01 5.5D-09 0.0D+00 1.9D-08 0.0D+00       23      131       23      230  S
     13      1   2.7145986627764473D-01 8.4D-09 0.0D+00 1.3D-07 0.0D+00       23      173       23      230  S
     13      1   2.6669069790096978D-01 6.6D-09 0.0D+00 2.3D-07 0.0D+00       23      162       23      230  S
     13      1   2.3608578678587050D-01 5.5D-09 0.0D+00 6.5D-09 0.0D+00       22      123       22      220  S
     13      1   2.6669069777668430D-01 6.6D-09 0.0D+00 9.1D-09 0.0D+00       22      163       22      220  S
     13      1   2.6669069777635096D-01 6.6D-09 0.0D+00 1.3D-08 0.0D+00       23      174       23      230  S
     13      1   2.3608578678595837D-01 5.5D-09 0.0D+00 4.7D-09 0.0D+00       22      133       22      220  S
     13      1   2.3608578678581107D-01 5.5D-09 0.0D+00 5.3D-09 0.0D+00       21      116       21      210  S
     13      1   2.7145986627744173D-01 8.4D-09 0.0D+00 2.4D-07 0.0D+00       22      157       22      220  S
     13      1   2.3608578678600897D-01 5.5D-09 0.0D+00 1.0D-09 0.0D+00       22      153       22      220  S
     13      1   2.3608578678580955D-01 5.5D-09 0.0D+00 9.3D-09 0.0D+00       22      130       22      220  S
     13      1   2.3608578678584158D-01 5.5D-09 0.0D+00 4.0D-09 0.0D+00       22      124       22      220  S
     13      1   2.3608578678620204D-01 5.5D-09 0.0D+00 5.1D-10 0.0D+00       22      117       22      220  S
     13      1   2.3608578678584213D-01 5.5D-09 0.0D+00 7.2D-09 0.0D+00       22      137       22      220  S
     13      1   2.6669069777294063D-01 6.6D-09 0.0D+00 3.0D-07 0.0D+00       23      150       23      230  S
     13      1   2.3608578678593933D-01 5.5D-09 0.0D+00 1.8D-09 0.0D+00       22      123       22      220  S
     13      1   2.3608578678587550D-01 5.5D-09 0.0D+00 5.8D-09 0.0D+00       22      140       22      220  S
     13      1   2.3608578678593040D-01 5.5D-09 0.0D+00 6.7D-09 0.0D+00       22      127       22      220  S
     13      1   2.3608578678589112D-01 5.5D-09 0.0D+00 4.3D-10 0.0D+00       22      123       22      220  S
     13      1   2.3608578678576198D-01 5.5D-09 0.0D+00 7.3D-11 0.0D+00       22      120       22      220  S
     13      1   2.3608578678588946D-01 5.5D-09 0.0D+00 8.7D-09 0.0D+00       22      126       22      220  S
     13      1   2.3608578678590481D-01 5.5D-09 0.0D+00 9.0D-09 0.0D+00       22      121       22      220  S
     13      1   2.3608578678595948D-01 5.5D-09 0.0D+00 5.9D-10 0.0D+00       22      146       22      220  S
     13      1   2.3608578678569378D-01 5.5D-09 0.0D+00 1.5D-08 0.0D+00       22      112       22      220  S
     13      1   2.3608578678586245D-01 5.5D-09 0.0D+00 2.9D-09 0.0D+00       22      123       22      220  S
     13      1   2.3608578678603759D-01 5.5D-09 0.0D+00 5.0D-10 0.0D+00       22      121       22      220  S
     13      1   2.3608578678593373D-01 5.5D-09 0.0D+00 1.7D-10 0.0D+00       22      118       22      220  S
     13      1   2.3608578678605394D-01 5.5D-09 0.0D+00 4.8D-10 0.0D+00       22      123       22      220  S
     13      1   2.3608578678591419D-01 5.5D-09 0.0D+00 7.5D-09 0.0D+00       22      134       22      220  S
     13      1   2.3608578678545133D-01 5.5D-09 0.0D+00 6.2D-09 0.0D+00       20      116       20      200  S
     13      1   2.3608578678602202D-01 5.5D-09 0.0D+00 7.3D-09 0.0D+00       22      119       22      220  S
     13      1   2.3608578678596431D-01 5.5D-09 0.0D+00 7.7D-09 0.0D+00       22      120       22      220  S
     13      1   2.3608578678585734D-01 5.5D-09 0.0D+00 6.6D-09 0.0D+00       22      126       22      220  S
     13      1   2.3608578678586276D-01 5.5D-09 0.0D+00 1.3D-10 0.0D+00       22      139       22      220  S
     13      1   2.3608578678594896D-01 5.5D-09 0.0D+00 4.9D-09 0.0D+00       22      127       22      220  S
     13      1   2.7145986627873581D-01 8.4D-09 0.0D+00 1.8D-07 0.0D+00       22      150       22      220  S
     13      1   2.3608578678593239D-01 5.5D-09 0.0D+00 6.8D-09 0.0D+00       22      121       22      220  S
     13      1   2.3608578678590608D-01 5.5D-09 0.0D+00 3.0D-09 0.0D+00       22      149       22      220  S
     13      1   2.3608578678573394D-01 5.5D-09 0.0D+00 5.4D-10 0.0D+00       21      125       21      210  S
     13      1   2.3608578678595959D-01 5.5D-09 0.0D+00 2.2D-09 0.0D+00       22      142       22      220  S
     13      1   2.3608578678582767D-01 5.5D-09 0.0D+00 7.4D-09 0.0D+00       22      124       22      220  S
     13      1   2.3608578678578818D-01 5.5D-09 0.0D+00 7.3D-09 0.0D+00       22      121       22      220  S
     13      1   2.3608578678578906D-01 5.5D-09 0.0D+00 5.0D-09 0.0D+00       21      114       21      210  S
     13      1   2.6669069777756266D-01 6.6D-09 0.0D+00 3.4D-08 0.0D+00       23      154       23      230  S
     13      1   2.3608578678592942D-01 5.5D-09 0.0D+00 8.0D-09 0.0D+00       22      137       22      220  S
     13      1   2.6669069777428994D-01 6.6D-09 0.0D+00 2.1D-07 0.0D+00       23      190       23      230  S
     13      1   2.3608578678596567D-01 5.5D-09 0.0D+00 3.8D-09 0.0D+00       22      130       22      220  S
     13      1   2.3608578678600470D-01 5.5D-09 0.0D+00 1.1D-09 0.0D+00       22      121       22      220  S
     13      1   2.3608578678572451D-01 5.5D-09 0.0D+00 9.9D-09 0.0D+00       22      127       22      220  S
     13      1   2.3608578678585418D-01 5.5D-09 0.0D+00 5.2D-09 0.0D+00       22      145       22      220  S
     13      1   2.8382297778178250D-01 5.9D-09 0.0D+00 2.8D-08 0.0D+00       24      174       24      240  S
     13      1   2.3608578678585054D-01 5.5D-09 0.0D+00 8.7D-09 0.0D+00       22      132       22      220  S
     13      1   2.3608578678583070D-01 5.5D-09 0.0D+00 2.2D-09 0.0D+00       22      119       22      220  S
     13      1   2.3608578678588160D-01 5.5D-09 0.0D+00 7.8D-09 0.0D+00       22      123       22      220  S
     13      1   2.3608578678590778D-01 5.5D-09 0.0D+00 1.9D-09 0.0D+00       22      120       22      220  S
     13      1   2.7145986628207414D-01 8.4D-09 0.0D+00 6.1D-09 0.0D+00       21      142       21      210  S
     13      1   2.6669069777363397D-01 6.6D-09 0.0D+00 2.3D-07 0.0D+00       24      179       24      240  S
     13      1   2.3608578678588921D-01 5.5D-09 0.0D+00 9.7D-09 0.0D+00       22      124       22      220  S
     13      1   2.3608578678570555D-01 5.5D-09 0.0D+00 1.4D-09 0.0D+00       20      106       20      200  S
     13      1   2.3608578678582501D-01 5.5D-09 0.0D+00 6.9D-09 0.0D+00       22      120       22      220  S
     13      1   2.7218427755749913D-01 7.5D-09 0.0D+00 3.1D-09 0.0D+00       21      150       21      210  S
     13      1   2.3608578678590320D-01 5.5D-09 0.0D+00 8.9D-09 0.0D+00       22      120       22      220  S
     13      1   2.3608578678590991D-01 5.5D-09 0.0D+00 7.9D-10 0.0D+00       22      123       22      220  S
     13      1   2.3608578678602068D-01 5.5D-09 0.0D+00 9.2D-09 0.0D+00       22      119       22      220  S
     13      1   2.3608578678591305D-01 5.5D-09 0.0D+00 1.0D-09 0.0D+00       22      132       22      220  S
     13      1   2.3608578678602646D-01 5.5D-09 0.0D+00 7.8D-09 0.0D+00       22      121       22      220  S
     13      1   2.3608578678587530D-01 5.5D-09 0.0D+00 6.0D-09 0.0D+00       22      131       22      220  S
     13      1   2.3608578678599623D-01 5.5D-09 0.0D+00 5.8D-09 0.0D+00       22      125       22      220  S
     13      1   2.3608578678587686D-01 5.5D-09 0.0D+00 3.2D-09 0.0D+00       22      125       22      220  S
     13      1   2.3608578678588302D-01 5.5D-09 0.0D+00 9.2D-09 0.0D+00       22      127       22      220  S
     13      1   2.7145986628216928D-01 8.4D-09 0.0D+00 1.8D-09 0.0D+00       21      163       21      210  S
     13      1   2.7145986628232016D-01 8.4D-09 0.0D+00 8.8D-09 0.0D+00       21      155       21      210  S
     13      1   2.3608578678598383D-01 5.5D-09 0.0D+00 8.9D-09 0.0D+00       22      122       22      220  S
     13      1   2.3608578678592598D-01 5.5D-09 0.0D+00 7.1D-10 0.0D+00       22      140       22      220  S
     13      1   2.3608578678583930D-01 5.5D-09 0.0D+00 6.6D-09 0.0D+00       22      144       22      220  S
     13      1   2.3608578678565864D-01 5.5D-09 0.0D+00 4.4D-09 0.0D+00       21      117       21      210  S
     13      1   2.8382297777993032D-01 5.9D-09 0.0D+00 1.5D-07 0.0D+00       23      156       23      230  S
     13      1   2.6669069777460203D-01 6.6D-09 0.0D+00 1.6D-07 0.0D+00       23      154       23      230  S
     13      1   2.3608578678595415D-01 5.5D-09 0.0D+00 8.3D-09 0.0D+00       22      125       22      220  S
     13      1   2.3608578678603900D-01 5.5D-09 0.0D+00 2.8D-09 0.0D+00       22      118       22      220  S
     13      1   2.7145986627461693D-01 8.4D-09 0.0D+00 3.3D-07 0.0D+00       23      151       23      230  S
     13      1   2.3608578678579381D-01 5.5D-09 0.0D+00 8.8D-09 0.0D+00       22      130       22      220  S
     13      1   2.3608578678596423D-01 5.5D-09 0.0D+00 2.8D-09 0.0D+00       22      137       22      220  S
     13      1   2.3608578678584519D-01 5.5D-09 0.0D+00 9.5D-09 0.0D+00       22      147       22      220  S
     13      1   2.3608578678613251D-01 5.5D-09 0.0D+00 1.0D-10 0.0D+00       22      120       22      220  S
     13      1   2.3608578678593728D-01 5.5D-09 0.0D+00 2.5D-09 0.0D+00       22      134       22      220  S
 no information
     13      1   2.6669069777581272D-01 6.6D-09 0.0D+00 1.5D-07 0.0D+00       23      180       23      230  S
     13      1   2.6669069777659760D-01 6.6D-09 0.0D+00 2.6D-08 0.0D+00       23      181       23      230  S
     13      1   2.3608578678597986D-01 5.5D-09 0.0D+00 4.5D-09 0.0D+00       22      140       22      220  S
     13      1   2.7145986627152791D-01 8.4D-09 0.0D+00 7.3D-09 0.0D+00       22      184       22      220  S
     13      1   2.3608578678591571D-01 5.5D-09 0.0D+00 7.3D-10 0.0D+00       22      144       22      220  S
     13      1   2.6669069777677035D-01 6.6D-09 0.0D+00 6.2D-09 0.0D+00       22      168       22      220  S
     13      1   2.3608578678583703D-01 5.5D-09 0.0D+00 9.9D-09 0.0D+00       22      122       22      220  S
     13      1   2.3608578678595973D-01 5.5D-09 0.0D+00 9.5D-09 0.0D+00       22      124       22      220  S
     13      1   2.3608578678585115D-01 5.5D-09 0.0D+00 5.2D-09 0.0D+00       22      124       22      220  S
     13      1   2.3608578678589751D-01 5.5D-09 0.0D+00 4.9D-09 0.0D+00       22      124       22      220  S
     13      1   2.3608578678571293D-01 5.5D-09 0.0D+00 4.7D-09 0.0D+00       21      118       21      210  S
     13      1   2.3608578678594724D-01 5.5D-09 0.0D+00 6.2D-09 0.0D+00       22      119       22      220  S
     13      1   2.3608578678579603D-01 5.5D-09 0.0D+00 2.1D-09 0.0D+00       22      126       22      220  S
     13      1   2.3608578678592657D-01 5.5D-09 0.0D+00 8.1D-09 0.0D+00       22      124       22      220  S
     13      1   2.3608578678588080D-01 5.5D-09 0.0D+00 3.2D-09 0.0D+00       22      123       22      220  S
     13      1   2.6829639682698697D-01 6.7D-09 0.0D+00 1.1D-08 0.0D+00       23      179       23      230  S
     13      1   2.3608578678585351D-01 5.5D-09 0.0D+00 7.0D-10 0.0D+00       22      121       22      220  S
     13      1   2.3608578678577485D-01 5.5D-09 0.0D+00 5.6D-09 0.0D+00       22      127       22      220  S
     13      1   2.3608578678583897D-01 5.5D-09 0.0D+00 2.1D-09 0.0D+00       22      131       22      220  S
     13      1   2.3608578678591671D-01 5.5D-09 0.0D+00 6.0D-11 0.0D+00       22      122       22      220  S
     13      1   2.3608578678600217D-01 5.5D-09 0.0D+00 9.4D-09 0.0D+00       22      133       22      220  S
     13      1   2.6669069777637999D-01 6.6D-09 0.0D+00 5.1D-09 0.0D+00       22      170       22      220  S
     13      1   2.3608578678600206D-01 5.5D-09 0.0D+00 8.6D-11 0.0D+00       22      139       22      220  S
     13      1   2.3608578678602229D-01 5.5D-09 0.0D+00 2.6D-08 0.0D+00       23      150       23      230  S
     13      1   2.3608578678590442D-01 5.5D-09 0.0D+00 1.1D-09 0.0D+00       22      118       22      220  S
     13      1   2.3608578678586906D-01 5.5D-09 0.0D+00 2.6D-11 0.0D+00       22      116       22      220  S
     13      1   2.7145986628182966D-01 8.4D-09 0.0D+00 4.5D-10 0.0D+00       21      146       21      210  S
     13      1   2.3608578678600523D-01 5.5D-09 0.0D+00 5.7D-10 0.0D+00       22      126       22      220  S
     13      1   2.3608578678586883D-01 5.5D-09 0.0D+00 5.3D-10 0.0D+00       22      120       22      220  S
     13      1   2.3608578678586131D-01 5.5D-09 0.0D+00 7.5D-09 0.0D+00       22      122       22      220  S
     13      1   2.3608578678589415D-01 5.5D-09 0.0D+00 9.4D-11 0.0D+00       22      123       22      220  S
     13      1   2.3608578678589720D-01 5.5D-09 0.0D+00 1.8D-09 0.0D+00       22      123       22      220  S
     13      1   2.6669069777523041D-01 6.6D-09 0.0D+00 1.5D-07 0.0D+00       23      188       23      230  S
     13      1   2.3608578678594175D-01 5.5D-09 0.0D+00 5.0D-09 0.0D+00       22      131       22      220  S
     13      1   2.6829639682691186D-01 6.7D-09 0.0D+00 2.2D-09 0.0D+00       22      171       22      220  S
     13      1   2.6669069777420967D-01 6.6D-09 0.0D+00 1.9D-07 0.0D+00       24      186       24      240  S
     13      1   2.3608578678600928D-01 5.5D-09 0.0D+00 6.0D-09 0.0D+00       22      126       22      220  S
     13      1   2.3608578678597258D-01 5.5D-09 0.0D+00 3.0D-10 0.0D+00       22      120       22      220  S
     13      1   2.6669069777635029D-01 6.6D-09 0.0D+00 5.9D-09 0.0D+00       22      162       22      220  S
     13      1   3.3471734334669445D-01 8.2D-04 0.0D+00 1.0D+00 0.0D+00       23      159       24      240  S
     13      1   2.3608578678599909D-01 5.5D-09 0.0D+00 2.3D-09 0.0D+00       22      131       22      220  S
     13      1   2.3608578678568096D-01 5.5D-09 0.0D+00 3.4D-09 0.0D+00       20      119       20      200  S
     13      1   2.3608578678595282D-01 5.5D-09 0.0D+00 4.6D-09 0.0D+00       22      119       22      220  S
     13      1   2.3608578678596914D-01 5.5D-09 0.0D+00 4.9D-09 0.0D+00       22      138       22      220  S
     13      1   2.3608578678583417D-01 5.5D-09 0.0D+00 8.1D-09 0.0D+00       22      126       22      220  S
     13      1   2.3608578678591288D-01 5.5D-09 0.0D+00 6.5D-09 0.0D+00       22      117       22      220  S
     13      1   2.3608578678590791D-01 5.5D-09 0.0D+00 6.0D-09 0.0D+00       22      121       22      220  S
     13      1   2.3608578678589839D-01 5.5D-09 0.0D+00 9.6D-10 0.0D+00       22      129       22      220  S
     13      1   2.8436583998789128D-01 6.2D-09 0.0D+00 3.3D-09 0.0D+00       22      218       22      220  S
     13      1   2.3608578678595202D-01 5.5D-09 0.0D+00 3.6D-08 0.0D+00       23      162       23      230  S
     13      1   2.7145986628222868D-01 8.4D-09 0.0D+00 5.8D-09 0.0D+00       21      141       21      210  S
     13      1   2.3608578678598638D-01 5.5D-09 0.0D+00 3.1D-09 0.0D+00       22      121       22      220  S
     13      1   2.3608578678597186D-01 5.5D-09 0.0D+00 8.9D-09 0.0D+00       22      120       22      220  S
     13      1   2.3608578678597616D-01 5.5D-09 0.0D+00 6.7D-09 0.0D+00       22      135       22      220  S
     13      1   2.6829639682686185D-01 6.7D-09 0.0D+00 7.5D-09 0.0D+00       22      142       22      220  S
     13      1   2.3608578678578679D-01 5.5D-09 0.0D+00 1.6D-09 0.0D+00       22      129       22      220  S
     13      1   2.6829639682332385D-01 6.7D-09 0.0D+00 3.1D-07 0.0D+00       23      162       23      230  S
     13      1   2.3608578678589429D-01 5.5D-09 0.0D+00 6.8D-09 0.0D+00       22      118       22      220  S
     13      1   2.3608578678581171D-01 5.5D-09 0.0D+00 6.9D-09 0.0D+00       22      124       22      220  S
     13      1   2.3608578678600509D-01 5.5D-09 0.0D+00 3.7D-09 0.0D+00       22      128       22      220  S
     13      1   2.3608578678579090D-01 5.5D-09 0.0D+00 4.7D-09 0.0D+00       22      117       22      220  S
     13      1   2.3608578678584816D-01 5.5D-09 0.0D+00 5.3D-09 0.0D+00       22      120       22      220  S
     13      1   2.3608578678610642D-01 5.5D-09 0.0D+00 3.1D-09 0.0D+00       22      126       22      220  S
     13      1   2.3608578678605358D-01 5.5D-09 0.0D+00 1.2D-08 0.0D+00       23      143       23      230  S
     13      1   2.7145986627702484D-01 8.4D-09 0.0D+00 3.2D-07 0.0D+00       22      156       22      220  S
     13      1   2.3608578678591252D-01 5.5D-09 0.0D+00 4.5D-09 0.0D+00       22      122       22      220  S
     13      1   2.3608578678596787D-01 5.5D-09 0.0D+00 7.2D-09 0.0D+00       22      117       22      220  S
     13      1   2.6829639682677769D-01 6.7D-09 0.0D+00 4.5D-11 0.0D+00       22      149       22      220  S
     13      1   2.3608578678585396D-01 5.5D-09 0.0D+00 7.0D-09 0.0D+00       22      141       22      220  S
     13      1   2.3608578678569078D-01 5.5D-09 0.0D+00 4.3D-09 0.0D+00       22      122       22      220  S
     13      1   2.3608578678577163D-01 5.5D-09 0.0D+00 3.3D-10 0.0D+00       22      126       22      220  S
     13      1   2.3608578678587483D-01 5.5D-09 0.0D+00 1.6D-09 0.0D+00       22      117       22      220  S
     13      1   2.6669069777660021D-01 6.6D-09 0.0D+00 2.0D-09 0.0D+00       22      170       22      220  S
     13      1   2.3608578678607620D-01 5.5D-09 0.0D+00 3.7D-11 0.0D+00       22      145       22      220  S
     13      1   2.3608578678601716D-01 5.5D-09 0.0D+00 3.2D-08 0.0D+00       23      134       23      230  S
     13      1   2.3608578678584105D-01 5.5D-09 0.0D+00 3.8D-09 0.0D+00       22      126       22      220  S
     13      1   2.3608578678596107D-01 5.5D-09 0.0D+00 3.2D-08 0.0D+00       23      136       23      230  S
     13      1   2.3608578678594119D-01 5.5D-09 0.0D+00 1.4D-08 0.0D+00       23      137       23      230  S
     13      1   2.3608578678612246D-01 5.5D-09 0.0D+00 8.7D-09 0.0D+00       22      136       22      220  S
     13      1   2.3608578678593417D-01 5.5D-09 0.0D+00 7.9D-09 0.0D+00       22      137       22      220  S
     13      1   2.3608578678587233D-01 5.5D-09 0.0D+00 2.7D-09 0.0D+00       22      123       22      220  S
     13      1   2.3608578678596648D-01 5.5D-09 0.0D+00 4.4D-09 0.0D+00       22      126       22      220  S
     13      1   2.3608578678589295D-01 5.5D-09 0.0D+00 6.2D-09 0.0D+00       22      133       22      220  S
     13      1   2.3945079647062414D-01 5.8D-09 0.0D+00 1.5D-07 0.0D+00       23      199       23      230  S
     13      1   2.3608578678586381D-01 5.5D-09 0.0D+00 8.4D-09 0.0D+00       22      119       22      220  S
     13      1   2.3608578678602490D-01 5.5D-09 0.0D+00 8.8D-10 0.0D+00       22      163       22      220  S
     13      1   2.3608578678589931D-01 5.5D-09 0.0D+00 7.7D-09 0.0D+00       22      143       22      220  S
     13      1   2.3608578678581477D-01 5.5D-09 0.0D+00 1.1D-09 0.0D+00       22      136       22      220  S
     13      1   2.3608578678546135D-01 5.5D-09 0.0D+00 6.3D-09 0.0D+00       22      149       22      220  S
     13      1   2.3608578678591549D-01 5.5D-09 0.0D+00 2.2D-09 0.0D+00       22      119       22      220  S
     13      1   2.3608578678583927D-01 5.5D-09 0.0D+00 6.4D-09 0.0D+00       22      118       22      220  S
     13      1   2.3608578678604911D-01 5.5D-09 0.0D+00 4.9D-10 0.0D+00       22      120       22      220  S
     13      1   2.3608578678596387D-01 5.5D-09 0.0D+00 6.4D-09 0.0D+00       22      122       22      220  S
     13      1   2.6669069777277260D-01 6.6D-09 0.0D+00 3.1D-07 0.0D+00       23      179       23      230  S
     13      1   2.3608578678584921D-01 5.5D-09 0.0D+00 2.6D-09 0.0D+00       22      148       22      220  S
     13      1   2.7145986662341942D-01 8.4D-09 0.0D+00 4.0D-09 0.0D+00       20      147       20      200  S
     13      1   2.3608578678567924D-01 5.5D-09 0.0D+00 7.5D-09 0.0D+00       21      112       21      210  S
     13      1   2.3608578678577480D-01 5.5D-09 0.0D+00 9.1D-09 0.0D+00       22      137       22      220  S
     13      1   2.3608578678599990D-01 5.5D-09 0.0D+00 2.3D-09 0.0D+00       22      117       22      220  S
     13      1   2.3608578678594405D-01 5.5D-09 0.0D+00 2.1D-09 0.0D+00       22      119       22      220  S
     13      1   2.7287445172703245D-01 6.0D-09 0.0D+00 8.9D-09 0.0D+00       22      164       22      220  S
     13      1   2.6829639682694051D-01 6.7D-09 0.0D+00 5.7D-09 0.0D+00       22      161       22      220  S
     13      1   2.3608578678595543D-01 5.5D-09 0.0D+00 3.7D-09 0.0D+00       22      139       22      220  S
     13      1   2.3608578678592956D-01 5.5D-09 0.0D+00 7.5D-09 0.0D+00       22      137       22      220  S
     13      1   2.3608578678606251D-01 5.5D-09 0.0D+00 4.1D-09 0.0D+00       22      134       22      220  S
     13      1   2.3608578678585557D-01 5.5D-09 0.0D+00 3.6D-09 0.0D+00       22      133       22      220  S
     13      1   2.6861039008928689D-01 6.6D-09 0.0D+00 4.8D-09 0.0D+00       22      150       22      220  S
     13      1   2.3608578678599779D-01 5.5D-09 0.0D+00 5.9D-09 0.0D+00       22      122       22      220  S
     13      1   2.3608578678575109D-01 5.5D-09 0.0D+00 9.9D-09 0.0D+00       21      111       21      210  S
     13      1   2.7145986628090363D-01 8.4D-09 0.0D+00 1.7D-09 0.0D+00       21      138       21      210  S
     13      1   2.3608578678594547D-01 5.5D-09 0.0D+00 1.6D-09 0.0D+00       22      122       22      220  S
     13      1   2.3608578678600978D-01 5.5D-09 0.0D+00 4.1D-10 0.0D+00       22      121       22      220  S
     13      1   2.3608578678597628D-01 5.5D-09 0.0D+00 7.9D-09 0.0D+00       22      128       22      220  S
     13      1   2.3608578678586128D-01 5.5D-09 0.0D+00 8.6D-10 0.0D+00       22      118       22      220  S
     13      1   2.3608578678588263D-01 5.5D-09 0.0D+00 8.0D-09 0.0D+00       22      133       22      220  S
     13      1   2.3608578678602915D-01 5.5D-09 0.0D+00 9.9D-09 0.0D+00       22      116       22      220  S
     13      1   2.3608578678598557D-01 5.5D-09 0.0D+00 2.2D-08 0.0D+00       23      132       23      230  S
     13      1   2.3608578678599199D-01 5.5D-09 0.0D+00 3.2D-09 0.0D+00       22      126       22      220  S
     13      1   2.3608578678587527D-01 5.5D-09 0.0D+00 4.8D-09 0.0D+00       22      145       22      220  S
     13      1   2.6669069777757753D-01 6.6D-09 0.0D+00 2.4D-09 0.0D+00       22      164       22      220  S
     13      1   2.3608578678596129D-01 5.5D-09 0.0D+00 2.1D-09 0.0D+00       22      125       22      220  S
     13      1   2.3608578678586029D-01 5.5D-09 0.0D+00 2.8D-09 0.0D+00       22      142       22      220  S
     13      1   2.3608578678600703D-01 5.5D-09 0.0D+00 8.7D-09 0.0D+00       22      123       22      220  S
     13      1   2.3608578678586034D-01 5.5D-09 0.0D+00 1.0D-09 0.0D+00       22      123       22      220  S
     13      1   2.3608578678583833D-01 5.5D-09 0.0D+00 3.0D-09 0.0D+00       22      132       22      220  S
     13      1   2.3608578678570999D-01 5.5D-09 0.0D+00 1.3D-09 0.0D+00       22      129       22      220  S
     13      1   2.3608578678578604D-01 5.5D-09 0.0D+00 6.4D-09 0.0D+00       22      126       22      220  S
     13      1   2.3608578678562242D-01 5.5D-09 0.0D+00 6.7D-09 0.0D+00       21      107       21      210  S
     13      1   2.3608578678598610D-01 5.5D-09 0.0D+00 3.0D-08 0.0D+00       23      139       23      230  S
     13      1   2.8680639580684819D-01 5.6D-09 0.0D+00 3.1D-07 0.0D+00       23      184       23      230  S
     13      1   2.3945079647124015D-01 5.8D-09 0.0D+00 3.0D-09 0.0D+00       21      177       21      210  S
     13      1   2.3608578678608294D-01 5.5D-09 0.0D+00 2.8D-08 0.0D+00       23      133       23      230  S
     13      1   2.3608578678590439D-01 5.5D-09 0.0D+00 1.3D-09 0.0D+00       22      121       22      220  S
     13      1   2.3608578678579609D-01 5.5D-09 0.0D+00 3.5D-09 0.0D+00       22      123       22      220  S
     13      1   2.3608578678582604D-01 5.5D-09 0.0D+00 2.4D-09 0.0D+00       22      123       22      220  S
     13      1   2.3608578678585171D-01 5.5D-09 0.0D+00 4.7D-09 0.0D+00       22      131       22      220  S
     13      1   2.3608578678584907D-01 5.5D-09 0.0D+00 5.5D-09 0.0D+00       22      146       22      220  S
     13      1   2.3608578678587055D-01 5.5D-09 0.0D+00 8.7D-09 0.0D+00       22      137       22      220  S
     13      1   2.3608578678589340D-01 5.5D-09 0.0D+00 4.0D-09 0.0D+00       22      126       22      220  S
     13      1   2.3608578678591544D-01 5.5D-09 0.0D+00 6.0D-09 0.0D+00       22      115       22      220  S
     13      1   2.6669069777550120D-01 6.6D-09 0.0D+00 1.4D-07 0.0D+00       24      164       24      240  S
     13      1   2.3608578678600747D-01 5.5D-09 0.0D+00 4.6D-09 0.0D+00       22      140       22      220  S
     13      1   2.3608578678581285D-01 5.5D-09 0.0D+00 2.4D-09 0.0D+00       22      135       22      220  S
     13      1   2.3608578678589653D-01 5.5D-09 0.0D+00 2.2D-10 0.0D+00       22      128       22      220  S
     13      1   2.3608578678580133D-01 5.5D-09 0.0D+00 6.1D-09 0.0D+00       22      126       22      220  S
     13      1   2.3608578678603803D-01 5.5D-09 0.0D+00 6.3D-09 0.0D+00       22      124       22      220  S
     13      1   2.3608578678581799D-01 5.5D-09 0.0D+00 2.3D-09 0.0D+00       22      128       22      220  S
     13      1   2.3608578678587805D-01 5.5D-09 0.0D+00 8.0D-09 0.0D+00       22      123       22      220  S
     13      1   2.3608578678585593D-01 5.5D-09 0.0D+00 7.1D-09 0.0D+00       22      116       22      220  S
     13      1   2.3608578678612557D-01 5.5D-09 0.0D+00 3.0D-09 0.0D+00       22      120       22      220  S
     13      1   2.3608578678584521D-01 5.5D-09 0.0D+00 2.6D-09 0.0D+00       22      125       22      220  S
     13      1   2.3608578678587255D-01 5.5D-09 0.0D+00 2.9D-09 0.0D+00       22      126       22      220  S
     13      1   2.3608578678609424D-01 5.5D-09 0.0D+00 5.2D-09 0.0D+00       22      140       22      220  S
     13      1   2.3608578678591796D-01 5.5D-09 0.0D+00 2.2D-09 0.0D+00       22      114       22      220  S
     13      1   2.3608578678581391D-01 5.5D-09 0.0D+00 3.8D-09 0.0D+00       22      138       22      220  S
     13      1   2.6669069777635857D-01 6.6D-09 0.0D+00 5.0D-09 0.0D+00       22      157       22      220  S
     13      1   2.3608578678589237D-01 5.5D-09 0.0D+00 6.3D-09 0.0D+00       22      163       22      220  S
     13      1   2.3608578678581449D-01 5.5D-09 0.0D+00 3.1D-09 0.0D+00       22      120       22      220  S
     13      1   2.6829639682692319D-01 6.7D-09 0.0D+00 1.5D-09 0.0D+00       22      172       22      220  S
     13      1   2.3608578678593037D-01 5.5D-09 0.0D+00 1.8D-09 0.0D+00       22      127       22      220  S
     13      1   2.6669069777557258D-01 6.6D-09 0.0D+00 5.2D-08 0.0D+00       23      189       23      230  S
     13      1   2.7145986628233282D-01 8.4D-09 0.0D+00 7.8D-10 0.0D+00       21      165       21      210  S
     13      1   2.6669069777681970D-01 6.6D-09 0.0D+00 2.9D-08 0.0D+00       24      179       24      240  S
     13      1   2.3608578678595629D-01 5.5D-09 0.0D+00 2.6D-09 0.0D+00       22      119       22      220  S
     13      1   2.3608578678598494D-01 5.5D-09 0.0D+00 5.0D-09 0.0D+00       22      121       22      220  S
     13      1   2.3608578678587103D-01 5.5D-09 0.0D+00 9.5D-10 0.0D+00       22      129       22      220  S
     13      1   2.6829639682405404D-01 6.7D-09 0.0D+00 2.5D-07 0.0D+00       23      176       23      230  S
     13      1   2.3608578678600942D-01 5.5D-09 0.0D+00 6.8D-09 0.0D+00       22      121       22      220  S
     13      1   2.3608578678591000D-01 5.5D-09 0.0D+00 3.8D-09 0.0D+00       22      116       22      220  S
     13      1   2.3608578678586997D-01 5.5D-09 0.0D+00 5.6D-09 0.0D+00       22      125       22      220  S
     13      1   2.3608578678587455D-01 5.5D-09 0.0D+00 6.4D-09 0.0D+00       22      136       22      220  S
     13      1   2.3608578678591746D-01 5.5D-09 0.0D+00 7.9D-09 0.0D+00       22      129       22      220  S
     13      1   2.3608578678588427D-01 5.5D-09 0.0D+00 1.0D-08 0.0D+00       22      128       22      220  S
     13      1   2.6689518208406482D-01 2.1D-07 0.0D+00 7.5D+00 0.0D+00       25      133       26      260  S
     13      1   2.3608578678589803D-01 5.5D-09 0.0D+00 1.5D-09 0.0D+00       22      128       22      220  S
     13      1   2.3608578678586417D-01 5.5D-09 0.0D+00 3.0D-09 0.0D+00       22      132       22      220  S
     13      1   2.3608578678591788D-01 5.5D-09 0.0D+00 1.6D-09 0.0D+00       22      137       22      220  S
     13      1   2.3608578678594841D-01 5.5D-09 0.0D+00 3.2D-08 0.0D+00       23      153       23      230  S
     13      1   2.3608578678574899D-01 5.5D-09 0.0D+00 1.9D-09 0.0D+00       22      122       22      220  S
     13      1   2.3608578678589073D-01 5.5D-09 0.0D+00 6.3D-09 0.0D+00       22      123       22      220  S
     13      1   2.3608578678598416D-01 5.5D-09 0.0D+00 6.4D-09 0.0D+00       22      127       22      220  S
     13      1   2.6669069777438359D-01 6.6D-09 0.0D+00 2.3D-07 0.0D+00       23      180       23      230  S
     13      1   2.3608578678589287D-01 5.5D-09 0.0D+00 4.6D-09 0.0D+00       22      123       22      220  S
     13      1   2.3608578678585901D-01 5.5D-09 0.0D+00 1.9D-09 0.0D+00       22      119       22      220  S
     13      1   2.6669069777643994D-01 6.6D-09 0.0D+00 4.0D-09 0.0D+00       22      171       22      220  S
     13      1   2.3608578678596295D-01 5.5D-09 0.0D+00 8.2D-09 0.0D+00       22      125       22      220  S
     13      1   2.3608578678590486D-01 5.5D-09 0.0D+00 5.5D-09 0.0D+00       22      117       22      220  S
     13      1   2.3608578678579670D-01 5.5D-09 0.0D+00 2.8D-09 0.0D+00       22      138       22      220  S
     13      1   2.3608578678595660D-01 5.5D-09 0.0D+00 4.2D-09 0.0D+00       22      127       22      220  S
     13      1   2.3608578678593470D-01 5.5D-09 0.0D+00 7.3D-09 0.0D+00       22      133       22      220  S
     13      1   2.3608578678600994D-01 5.5D-09 0.0D+00 1.4D-09 0.0D+00       22      138       22      220  S
     13      1   2.6669069777657256D-01 6.6D-09 0.0D+00 3.4D-09 0.0D+00       22      153       22      220  S
     13      1   2.3608578678577888D-01 5.5D-09 0.0D+00 3.4D-09 0.0D+00       22      132       22      220  S
     13      1   2.3608578678582895D-01 5.5D-09 0.0D+00 7.0D-09 0.0D+00       22      129       22      220  S
     13      1   2.7287445172722558D-01 6.0D-09 0.0D+00 2.6D-08 0.0D+00       24      189       24      240  S
     13      1   2.3608578678589778D-01 5.5D-09 0.0D+00 1.8D-08 0.0D+00       23      127       23      230  S
     13      1   2.7145986628048535D-01 8.4D-09 0.0D+00 1.9D-09 0.0D+00       21      146       21      210  S
     13      1   2.3608578678583603D-01 5.5D-09 0.0D+00 1.6D-09 0.0D+00       22      126       22      220  S
     13      1   2.3608578678572947D-01 5.5D-09 0.0D+00 8.6D-09 0.0D+00       22      117       22      220  S
     13      1   2.3608578678592318D-01 5.5D-09 0.0D+00 2.5D-10 0.0D+00       22      140       22      220  S
     13      1   2.7145986627732677D-01 8.4D-09 0.0D+00 2.5D-07 0.0D+00       23      180       23      230  S
