      9      1   3.0022138278825566D-01 7.7D-09 0.0D+00 9.0D-09 0.0D+00       22      156       22      220  S
      9      1   3.0022138278164279D-01 7.7D-09 0.0D+00 3.2D-07 0.0D+00       22      147       22      220  S
      9      1   3.0022138278453975D-01 7.7D-09 0.0D+00 1.3D-07 0.0D+00       22      156       22      220  S
      9      1   3.0022138278745253D-01 7.7D-09 0.0D+00 4.7D-10 0.0D+00       23      175       23      230  S
      9      1   3.0022138278261340D-01 7.7D-09 0.0D+00 3.3D-07 0.0D+00       24      201       24      240  S
      9      1   3.0022138278732274D-01 7.7D-09 0.0D+00 2.7D-09 0.0D+00       21      166       21      210  S
      9      1   3.8119334675317357D-01 8.4D-09 0.0D+00 7.7D-09 0.0D+00       21      135       21      210  S
      9      1   3.0022138278782623D-01 7.7D-09 0.0D+00 1.4D-10 0.0D+00       22      175       22      220  S
      9      1   3.0022138278853483D-01 7.7D-09 0.0D+00 8.3D-09 0.0D+00       22      184       22      220  S
      9      1   3.0022138278866350D-01 7.7D-09 0.0D+00 6.4D-09 0.0D+00       22      186       22      220  S
      9      1   3.0022138278880517D-01 7.7D-09 0.0D+00 1.3D-09 0.0D+00       22      224       22      220  S
      9      1   3.8119334675283489D-01 8.4D-09 0.0D+00 8.1D-09 0.0D+00       20      180       20      200  S
      9      1   3.0022138278551591D-01 7.7D-09 0.0D+00 7.1D-08 0.0D+00       23      170       23      230  S
      9      1   3.0022138278293370D-01 7.7D-09 0.0D+00 3.1D-07 0.0D+00       24      196       24      240  S
      9      1   3.0022138278879074D-01 7.7D-09 0.0D+00 1.9D-08 0.0D+00       23      216       23      230  S
      9      1   3.0022138278806471D-01 7.7D-09 0.0D+00 1.6D-08 0.0D+00       23      187       23      230  S
      9      1   3.0022138278391214D-01 7.7D-09 0.0D+00 1.4D-07 0.0D+00       21      144       21      210  S
      9      1   3.0022138278417909D-01 7.7D-09 0.0D+00 1.6D-07 0.0D+00       24      155       24      240  S
      9      1   3.0022138278483212D-01 7.7D-09 0.0D+00 1.1D-07 0.0D+00       22      166       22      220  S
      9      1   3.2632853652801092D-01 8.5D-09 0.0D+00 2.9D-09 0.0D+00       21      164       21      210  S
      9      1   3.0022138278350075D-01 7.7D-09 0.0D+00 3.3D-07 0.0D+00       22      169       22      220  S
      9      1   3.0022138278856275D-01 7.7D-09 0.0D+00 3.0D-09 0.0D+00       21      158       21      210  S
      9      1   3.0022138278947025D-01 7.7D-09 0.0D+00 1.6D-09 0.0D+00       21      159       21      210  S
      9      1   3.0022138278856564D-01 7.7D-09 0.0D+00 2.2D-09 0.0D+00       22      200       22      220  S
      9      1   4.1393559528487966D-01 6.4D-09 0.0D+00 2.4D-07 0.0D+00       22      146       22      220  S
      9      1   3.0022138278624866D-01 7.7D-09 0.0D+00 7.7D-09 0.0D+00       20      126       20      200  S
      9      1   4.1393559528772395D-01 6.4D-09 0.0D+00 8.9D-09 0.0D+00       21      140       21      210  S
      9      1   3.0022138278721477D-01 7.7D-09 0.0D+00 1.2D-10 0.0D+00       22      162       22      220  S
      9      1   3.0022138278775123D-01 7.7D-09 0.0D+00 8.6D-09 0.0D+00       22      142       22      220  S
      9      1   3.0022138278216315D-01 7.7D-09 0.0D+00 3.2D-07 0.0D+00       24      176       24      240  S
      9      1   3.0022138278217886D-01 7.7D-09 0.0D+00 2.7D-07 0.0D+00       22      168       22      220  S
      9      1   3.0022138278793675D-01 7.7D-09 0.0D+00 2.4D-09 0.0D+00       21      142       21      210  S
      9      1   3.0022138278892713D-01 7.7D-09 0.0D+00 9.1D-09 0.0D+00       22      171       22      220  S
      9      1   3.0022138278704302D-01 7.7D-09 0.0D+00 6.5D-09 0.0D+00       22      165       22      220  S
      9      1   3.0022138278785554D-01 7.7D-09 0.0D+00 8.2D-10 0.0D+00       22      168       22      220  S
      9      1   3.0022138278660315D-01 7.7D-09 0.0D+00 1.6D-08 0.0D+00       22      186       22      220  S
      9      1   3.2632853652811616D-01 8.5D-09 0.0D+00 1.2D-08 0.0D+00       22      167       22      220  S
      9      1   3.0022138278621308D-01 7.7D-09 0.0D+00 1.3D-07 0.0D+00       22      177       22      220  S
      9      1   3.0022138278761068D-01 7.7D-09 0.0D+00 3.6D-09 0.0D+00       22      141       22      220  S
      9      1   3.0022138278612315D-01 7.7D-09 0.0D+00 5.0D-10 0.0D+00       20      141       20      200  S
      9      1   3.0022138278746868D-01 7.7D-09 0.0D+00 1.1D-07 0.0D+00       23      196       23      230  S
      9      1   3.0022138278747934D-01 7.7D-09 0.0D+00 3.4D-09 0.0D+00       23      174       23      230  S
      9      1   3.0022138278664651D-01 7.7D-09 0.0D+00 2.8D-09 0.0D+00       21      151       21      210  S
      9      1   3.0022138278641153D-01 7.7D-09 0.0D+00 9.7D-08 0.0D+00       24      247       24      240  S
      9      1   3.0022138278805593D-01 7.7D-09 0.0D+00 1.6D-09 0.0D+00       22      196       22      220  S
      9      1   3.0022138278168703D-01 7.7D-09 0.0D+00 3.2D-07 0.0D+00       22      164       22      220  S
      9      1   3.0022138278498345D-01 7.7D-09 0.0D+00 2.2D-07 0.0D+00       24      218       24      240  S
      9      1   3.0022138278200694D-01 7.7D-09 0.0D+00 2.9D-07 0.0D+00       22      165       22      220  S
      9      1   3.0022138278377536D-01 7.7D-09 0.0D+00 3.2D-07 0.0D+00       23      175       23      230  S
      9      1   3.0022138278829580D-01 7.7D-09 0.0D+00 3.8D-10 0.0D+00       22      187       22      220  S
      9      1   3.0022138278807003D-01 7.7D-09 0.0D+00 2.5D-09 0.0D+00       22      214       22      220  S
      9      1   3.0022138278735949D-01 7.7D-09 0.0D+00 3.4D-09 0.0D+00       21      176       21      210  S
      9      1   3.0022138278385041D-01 7.7D-09 0.0D+00 2.4D-07 0.0D+00       24      205       24      240  S
      9      1   3.0022138278675214D-01 7.7D-09 0.0D+00 6.8D-08 0.0D+00       23      217       23      230  S
      9      1   3.0022138278669641D-01 7.7D-09 0.0D+00 4.2D-09 0.0D+00       21      135       21      210  S
      9      1   3.0022138278765703D-01 7.7D-09 0.0D+00 3.1D-09 0.0D+00       22      169       22      220  S
      9      1   3.0022138278785920D-01 7.7D-09 0.0D+00 7.8D-09 0.0D+00       22      189       22      220  S
      9      1   3.0022138278687727D-01 7.7D-09 0.0D+00 5.4D-09 0.0D+00       21      128       21      210  S
      9      1   3.0022138278796001D-01 7.7D-09 0.0D+00 5.9D-09 0.0D+00       22      189       22      220  S
      9      1   3.0022138278831223D-01 7.7D-09 0.0D+00 9.6D-09 0.0D+00       22      179       22      220  S
      9      1   3.0022138278730337D-01 7.7D-09 0.0D+00 2.5D-09 0.0D+00       22      145       22      220  S
      9      1   3.0022138278791011D-01 7.7D-09 0.0D+00 3.4D-09 0.0D+00       22      185       22      220  S
      9      1   3.0022138278206134D-01 7.7D-09 0.0D+00 3.0D-07 0.0D+00       22      152       22      220  S
      9      1   3.0022138278869592D-01 7.7D-09 0.0D+00 8.1D-09 0.0D+00       21      167       21      210  S
      9      1   3.0022138278741473D-01 7.7D-09 0.0D+00 9.2D-09 0.0D+00       21      167       21      210  S
      9      1   3.0022138278871519D-01 7.7D-09 0.0D+00 5.5D-10 0.0D+00       21      158       21      210  S
      9      1   3.0022138278443655D-01 7.7D-09 0.0D+00 1.8D-07 0.0D+00       23      203       23      230  S
      9      1   3.0022138278881039D-01 7.7D-09 0.0D+00 7.7D-09 0.0D+00       21      161       21      210  S
      9      1   3.0022138278538074D-01 7.7D-09 0.0D+00 9.2D-08 0.0D+00       22      154       22      220  S
      9      1   3.0022138278798693D-01 7.7D-09 0.0D+00 7.0D-09 0.0D+00       22      188       22      220  S
      9      1   3.0022138278806665D-01 7.7D-09 0.0D+00 2.0D-09 0.0D+00       21      166       21      210  S
      9      1   3.0022138278814969D-01 7.7D-09 0.0D+00 7.5D-10 0.0D+00       22      207       22      220  S
      9      1   3.0022138278374616D-01 7.7D-09 0.0D+00 3.2D-07 0.0D+00       22      173       22      220  S
      9      1   3.0022138278693500D-01 7.7D-09 0.0D+00 8.6D-09 0.0D+00       21      137       21      210  S
      9      1   3.0022138278806115D-01 7.7D-09 0.0D+00 1.3D-09 0.0D+00       22      168       22      220  S
      9      1   3.0022138278550348D-01 7.7D-09 0.0D+00 1.5D-07 0.0D+00       24      214       24      240  S
      9      1   3.0022138278154326D-01 7.7D-09 0.0D+00 3.3D-07 0.0D+00       22      185       22      220  S
      9      1   3.0022138278561356D-01 7.7D-09 0.0D+00 1.0D-07 0.0D+00       23      173       23      230  S
      9      1   3.0022138278560750D-01 7.7D-09 0.0D+00 7.4D-08 0.0D+00       23      162       23      230  S
      9      1   3.0022138278191474D-01 7.7D-09 0.0D+00 3.3D-07 0.0D+00       23      172       23      230  S
      9      1   3.0022138278338351D-01 7.7D-09 0.0D+00 3.2D-07 0.0D+00       23      183       23      230  S
      9      1   3.0022138278796562D-01 7.7D-09 0.0D+00 3.8D-09 0.0D+00       22      183       22      220  S
      9      1   3.0022138278800420D-01 7.7D-09 0.0D+00 5.9D-09 0.0D+00       21      170       21      210  S
      9      1   3.0022138278561111D-01 7.7D-09 0.0D+00 1.3D-07 0.0D+00       24      206       24      240  S
      9      1   3.0022138278432786D-01 7.7D-09 0.0D+00 1.4D-07 0.0D+00       22      150       22      220  S
      9      1   3.0022138278782695D-01 7.7D-09 0.0D+00 5.5D-09 0.0D+00       22      184       22      220  S
      9      1   3.0022138278623267D-01 7.7D-09 0.0D+00 1.9D-09 0.0D+00       22      154       22      220  S
      9      1   3.0022138278824040D-01 7.7D-09 0.0D+00 3.7D-09 0.0D+00       21      173       21      210  S
      9      1   3.0022138278886334D-01 7.7D-09 0.0D+00 3.8D-09 0.0D+00       22      205       22      220  S
      9      1   3.0022138278749660D-01 7.7D-09 0.0D+00 1.0D-08 0.0D+00       23      207       23      230  S
      9      1   3.0022138278595684D-01 7.7D-09 0.0D+00 1.7D-07 0.0D+00       22      171       22      220  S
      9      1   3.2632853652812926D-01 8.5D-09 0.0D+00 3.1D-09 0.0D+00       21      160       21      210  S
      9      1   3.0022138278386479D-01 7.7D-09 0.0D+00 1.7D-07 0.0D+00       22      155       22      220  S
      9      1   3.0022138278857491D-01 7.7D-09 0.0D+00 2.0D-09 0.0D+00       21      147       21      210  S
      9      1   3.0022138278146632D-01 7.7D-09 0.0D+00 3.3D-07 0.0D+00       23      170       23      230  S
      9      1   3.0022138278353666D-01 7.7D-09 0.0D+00 2.4D-07 0.0D+00       24      161       24      240  S
      9      1   3.0022138278803268D-01 7.7D-09 0.0D+00 2.3D-09 0.0D+00       21      178       21      210  S
      9      1   3.0022138278332827D-01 7.7D-09 0.0D+00 2.9D-07 0.0D+00       23      187       23      230  S
      9      1   3.0022138278821359D-01 7.7D-09 0.0D+00 2.3D-09 0.0D+00       22      188       22      220  S
      9      1   3.0022138278267768D-01 7.7D-09 0.0D+00 3.2D-07 0.0D+00       24      189       24      240  S
      9      1   3.0022138278451765D-01 7.7D-09 0.0D+00 1.3D-07 0.0D+00       22      158       22      220  S
      9      1   3.0022138278681243D-01 7.7D-09 0.0D+00 1.6D-09 0.0D+00       20      145       20      200  S
      9      1   3.0022138278849947D-01 7.7D-09 0.0D+00 1.5D-09 0.0D+00       22      248       22      220  S
      9      1   3.0022138278740118D-01 7.7D-09 0.0D+00 9.4D-10 0.0D+00       21      156       21      210  S
      9      1   3.0022138278629840D-01 7.7D-09 0.0D+00 7.1D-09 0.0D+00       20      134       20      200  S
      9      1   3.0022138278427668D-01 7.7D-09 0.0D+00 1.5D-07 0.0D+00       23      157       23      230  S
      9      1   3.2632853651860411D-01 8.5D-09 0.0D+00 7.8D-08 0.0D+00       22      172       22      220  S
      9      1   3.0022138278622967D-01 7.7D-09 0.0D+00 4.5D-09 0.0D+00       20      118       20      200  S
      9      1   3.0022138278878779D-01 7.7D-09 0.0D+00 6.6D-09 0.0D+00       22      200       22      220  S
      9      1   3.0022138278676014D-01 7.7D-09 0.0D+00 9.1D-09 0.0D+00       21      138       21      210  S
      9      1   3.0022138278599947D-01 7.7D-09 0.0D+00 3.0D-09 0.0D+00       21      136       21      210  S
      9      1   3.0022138278439991D-01 7.7D-09 0.0D+00 1.6D-07 0.0D+00       24      170       24      240  S
      9      1   3.0022138278576632D-01 7.7D-09 0.0D+00 1.4D-07 0.0D+00       24      266       24      240  S
      9      1   3.0022138278676547D-01 7.7D-09 0.0D+00 6.2D-09 0.0D+00       21      146       21      210  S
      9      1   3.0022138278766575D-01 7.7D-09 0.0D+00 1.5D-09 0.0D+00       21      166       21      210  S
      9      1   3.0022138278775057D-01 7.7D-09 0.0D+00 8.7D-09 0.0D+00       21      161       21      210  S
      9      1   3.0022138278784499D-01 7.7D-09 0.0D+00 3.3D-09 0.0D+00       22      200       22      220  S
      9      1   3.0022138278818233D-01 7.7D-09 0.0D+00 9.2D-09 0.0D+00       22      217       22      220  S
      9      1   4.1393559528391854D-01 6.4D-09 0.0D+00 3.4D-07 0.0D+00       22      154       22      220  S
      9      1   3.0022138278617633D-01 7.7D-09 0.0D+00 9.6D-08 0.0D+00       23      245       23      230  S
      9      1   3.0022138278390298D-01 7.7D-09 0.0D+00 2.5D-07 0.0D+00       24      188       24      240  S
      9      1   3.0022138278317217D-01 7.7D-09 0.0D+00 3.2D-07 0.0D+00       23      222       23      230  S
      9      1   3.0022138278768173D-01 7.7D-09 0.0D+00 8.6D-10 0.0D+00       22      167       22      220  S
      9      1   3.0022138278295230D-01 7.7D-09 0.0D+00 5.9D-09 0.0D+00       21      170       21      210  S
      9      1   3.0022138278550675D-01 7.7D-09 0.0D+00 2.4D-07 0.0D+00       23      182       23      230  S
      9      1   3.0022138278704874D-01 7.7D-09 0.0D+00 1.2D-08 0.0D+00       21      142       21      210  S
      9      1   3.0022138278731697D-01 7.7D-09 0.0D+00 5.2D-09 0.0D+00       22      175       22      220  S
      9      1   3.0022138278847998D-01 7.7D-09 0.0D+00 7.8D-10 0.0D+00       21      163       21      210  S
      9      1   3.0022138278767585D-01 7.7D-09 0.0D+00 5.6D-08 0.0D+00       23      188       23      230  S
      9      1   3.0022138278549343D-01 7.7D-09 0.0D+00 1.6D-07 0.0D+00       24      207       24      240  S
      9      1   3.0022138278818544D-01 7.7D-09 0.0D+00 5.0D-09 0.0D+00       22      199       22      220  S
      9      1   3.0022138278815691D-01 7.7D-09 0.0D+00 4.1D-09 0.0D+00       22      189       22      220  S
      9      1   3.0022138278281885D-01 7.7D-09 0.0D+00 2.4D-07 0.0D+00       22      160       22      220  S
      9      1   4.1751248261009455D-01 8.6D-09 0.0D+00 1.3D-07 0.0D+00       22      163       22      220  S
      9      1   3.2632853651989657D-01 8.5D-09 0.0D+00 7.5D-10 0.0D+00       21      151       21      210  S
      9      1   3.0022138278723687D-01 7.7D-09 0.0D+00 6.5D-08 0.0D+00       22      200       22      220  S
      9      1   3.2632853652159000D-01 8.5D-09 0.0D+00 2.8D-07 0.0D+00       21      142       21      210  S
      9      1   4.1393559528416168D-01 6.4D-09 0.0D+00 3.0D-07 0.0D+00       23      156       23      230  S
      9      1   3.0022138278390459D-01 7.7D-09 0.0D+00 1.3D-07 0.0D+00       22      158       22      220  S
      9      1   3.0022138278795296D-01 7.7D-09 0.0D+00 2.1D-09 0.0D+00       21      164       21      210  S
      9      1   3.0022138278867810D-01 7.7D-09 0.0D+00 9.6D-10 0.0D+00       21      166       21      210  S
      9      1   3.0022138278737237D-01 7.7D-09 0.0D+00 2.6D-10 0.0D+00       23      164       23      230  S
      9      1   3.0022138278874494D-01 7.7D-09 0.0D+00 8.2D-09 0.0D+00       21      171       21      210  S
      9      1   3.0022138278806459D-01 7.7D-09 0.0D+00 9.8D-09 0.0D+00       20      182       20      200  S
      9      1   3.0022138278255350D-01 7.7D-09 0.0D+00 3.0D-07 0.0D+00       21      152       21      210  S
      9      1   3.0022138278191474D-01 7.7D-09 0.0D+00 3.1D-07 0.0D+00       21      144       21      210  S
      9      1   3.0022138278699717D-01 7.7D-09 0.0D+00 7.9D-10 0.0D+00       22      173       22      220  S
      9      1   3.0022138278774285D-01 7.7D-09 0.0D+00 1.4D-08 0.0D+00       22      156       22      220  S
      9      1   3.0022138278817678D-01 7.7D-09 0.0D+00 3.2D-09 0.0D+00       22      190       22      220  S
      9      1   3.0022138278168353D-01 7.7D-09 0.0D+00 3.2D-07 0.0D+00       21      143       21      210  S
      9      1   3.0022138278802624D-01 7.7D-09 0.0D+00 1.7D-08 0.0D+00       23      194       23      230  S
      9      1   3.0022138278414151D-01 7.7D-09 0.0D+00 2.4D-07 0.0D+00       23      213       23      230  S
      9      1   3.0022138278872562D-01 7.7D-09 0.0D+00 7.5D-09 0.0D+00       21      160       21      210  S
      9      1   3.0022138278852323D-01 7.7D-09 0.0D+00 5.2D-09 0.0D+00       22      186       22      220  S
      9      1   3.0022138278757682D-01 7.7D-09 0.0D+00 3.6D-11 0.0D+00       21      179       21      210  S
      9      1   3.2632853652792021D-01 8.5D-09 0.0D+00 6.0D-09 0.0D+00       21      162       21      210  S
      9      1   3.0022138278682708D-01 7.7D-09 0.0D+00 1.6D-09 0.0D+00       21      141       21      210  S
      9      1   3.0022138278636334D-01 7.7D-09 0.0D+00 2.7D-09 0.0D+00       20      127       20      200  S
      9      1   3.0022138278664251D-01 7.7D-09 0.0D+00 1.4D-08 0.0D+00       22      162       22      220  S
      9      1   3.0022138278703087D-01 7.7D-09 0.0D+00 1.5D-09 0.0D+00       21      151       21      210  S
      9      1   3.0022138278672905D-01 7.7D-09 0.0D+00 4.4D-09 0.0D+00       21      140       21      210  S
      9      1   3.0022138278818089D-01 7.7D-09 0.0D+00 2.6D-09 0.0D+00       22      189       22      220  S
      9      1   3.0022138278276495D-01 7.7D-09 0.0D+00 3.3D-07 0.0D+00       24      197       24      240  S
      9      1   3.0022138278880850D-01 7.7D-09 0.0D+00 4.0D-09 0.0D+00       21      160       21      210  S
      9      1   3.0022138278672256D-01 7.7D-09 0.0D+00 9.1D-09 0.0D+00       21      136       21      210  S
      9      1   3.0022138278683819D-01 7.7D-09 0.0D+00 7.1D-09 0.0D+00       20      125       20      200  S
      9      1   3.0022138278840355D-01 7.7D-09 0.0D+00 2.9D-09 0.0D+00       21      171       21      210  S
      9      1   3.0022138278554517D-01 7.7D-09 0.0D+00 1.8D-07 0.0D+00       23      201       23      230  S
      9      1   3.0022138278772909D-01 7.7D-09 0.0D+00 7.9D-09 0.0D+00       21      157       21      210  S
      9      1   3.0022138278790045D-01 7.7D-09 0.0D+00 9.9D-09 0.0D+00       22      184       22      220  S
      9      1   3.0022138278852128D-01 7.7D-09 0.0D+00 3.8D-09 0.0D+00       22      184       22      220  S
      9      1   3.0022138278840993D-01 7.7D-09 0.0D+00 1.4D-10 0.0D+00       21      183       21      210  S
      9      1   3.0022138278856925D-01 7.7D-09 0.0D+00 7.3D-09 0.0D+00       22      203       22      220  S
      9      1   3.0022138278743998D-01 7.7D-09 0.0D+00 6.3D-09 0.0D+00       22      156       22      220  S
      9      1   3.0022138278803906D-01 7.7D-09 0.0D+00 4.8D-09 0.0D+00       22      175       22      220  S
      9      1   3.0022138278296745D-01 7.7D-09 0.0D+00 3.1D-07 0.0D+00       22      159       22      220  S
      9      1   3.0022138278697336D-01 7.7D-09 0.0D+00 9.0D-10 0.0D+00       22      146       22      220  S
      9      1   3.0022138278800109D-01 7.7D-09 0.0D+00 1.4D-09 0.0D+00       22      176       22      220  S
      9      1   3.0022138278851884D-01 7.7D-09 0.0D+00 5.0D-09 0.0D+00       21      176       21      210  S
      9      1   3.0022138278555277D-01 7.7D-09 0.0D+00 1.6D-07 0.0D+00       24      297       24      240  S
      9      1   3.0022138278882660D-01 7.7D-09 0.0D+00 2.7D-09 0.0D+00       21      201       21      210  S
      9      1   3.2632853652395177D-01 8.5D-09 0.0D+00 1.5D-07 0.0D+00       22      156       22      220  S
      9      1   3.0022138278529331D-01 7.7D-09 0.0D+00 2.0D-07 0.0D+00       23      268       23      230  S
      9      1   3.0022138278802990D-01 7.7D-09 0.0D+00 2.4D-09 0.0D+00       22      180       22      220  S
      9      1   3.2632853652352173D-01 8.5D-09 0.0D+00 2.3D-07 0.0D+00       22      159       22      220  S
      9      1   3.0022138278731880D-01 7.7D-09 0.0D+00 3.0D-09 0.0D+00       22      153       22      220  S
      9      1   3.2632853652792670D-01 8.5D-09 0.0D+00 4.1D-09 0.0D+00       20      143       20      200  S
      9      1   3.0022138278859822D-01 7.7D-09 0.0D+00 8.5D-09 0.0D+00       21      158       21      210  S
      9      1   3.0022138278620608D-01 7.7D-09 0.0D+00 1.1D-09 0.0D+00       20      141       20      200  S
      9      1   3.0022138278877164D-01 7.7D-09 0.0D+00 1.9D-09 0.0D+00       21      153       21      210  S
      9      1   3.0022138278356331D-01 7.7D-09 0.0D+00 2.7D-07 0.0D+00       23      203       23      230  S
      9      1   3.0022138278828397D-01 7.7D-09 0.0D+00 9.0D-10 0.0D+00       22      191       22      220  S
      9      1   3.0022138278531874D-01 7.7D-09 0.0D+00 1.5D-07 0.0D+00       24      212       24      240  S
      9      1   3.0022138278548299D-01 7.7D-09 0.0D+00 1.6D-07 0.0D+00       24      202       24      240  S
      9      1   3.0022138278321109D-01 7.7D-09 0.0D+00 3.0D-07 0.0D+00       22      169       22      220  S
      9      1   3.0022138278781912D-01 7.7D-09 0.0D+00 6.5D-09 0.0D+00       23      167       23      230  S
      9      1   3.0022138278799448D-01 7.7D-09 0.0D+00 1.9D-08 0.0D+00       24      206       24      240  S
      9      1   3.0022138278699523D-01 7.7D-09 0.0D+00 1.1D-07 0.0D+00       23      206       23      230  S
      9      1   3.0022138278806448D-01 7.7D-09 0.0D+00 3.4D-09 0.0D+00       22      193       22      220  S
      9      1   3.0022138278647720D-01 7.7D-09 0.0D+00 1.0D-08 0.0D+00       21      153       21      210  S
      9      1   3.0022138278723470D-01 7.7D-09 0.0D+00 8.7D-10 0.0D+00       21      148       21      210  S
      9      1   3.0022138278188831D-01 7.7D-09 0.0D+00 3.2D-07 0.0D+00       24      158       24      240  S
      9      1   3.0022138278874477D-01 7.7D-09 0.0D+00 6.0D-09 0.0D+00       22      206       22      220  S
      9      1   3.0022138278176624D-01 7.7D-09 0.0D+00 3.2D-07 0.0D+00       23      159       23      230  S
      9      1   3.8119334673462213D-01 8.4D-09 0.0D+00 2.0D-08 0.0D+00       22      150       22      220  S
      9      1   3.0022138278808452D-01 7.7D-09 0.0D+00 5.6D-09 0.0D+00       22      178       22      220  S
      9      1   3.0022138278324950D-01 7.7D-09 0.0D+00 2.0D-07 0.0D+00       22      159       22      220  S
      9      1   3.0022138278803967D-01 7.7D-09 0.0D+00 6.3D-09 0.0D+00       22      153       22      220  S
      9      1   3.0022138278867838D-01 7.7D-09 0.0D+00 5.0D-09 0.0D+00       21      170       21      210  S
      9      1   3.0022138278650534D-01 7.7D-09 0.0D+00 2.4D-10 0.0D+00       21      154       21      210  S
      9      1   3.0022138278386684D-01 7.7D-09 0.0D+00 2.4D-07 0.0D+00       23      229       23      230  S
      9      1   3.0022138278703708D-01 7.7D-09 0.0D+00 9.2D-09 0.0D+00       21      153       21      210  S
      9      1   3.0022138278795357D-01 7.7D-09 0.0D+00 4.2D-10 0.0D+00       22      199       22      220  S
      9      1   3.0022138278831678D-01 7.7D-09 0.0D+00 2.5D-09 0.0D+00       21      173       21      210  S
      9      1   3.0022138278884086D-01 7.7D-09 0.0D+00 8.3D-09 0.0D+00       21      186       21      210  S
      9      1   3.0022138278691840D-01 7.7D-09 0.0D+00 2.8D-10 0.0D+00       21      147       21      210  S
      9      1   3.0022138278825233D-01 7.7D-09 0.0D+00 2.9D-09 0.0D+00       22      191       22      220  S
      9      1   3.0022138278863514D-01 7.7D-09 0.0D+00 6.1D-09 0.0D+00       21      184       21      210  S
      9      1   3.0022138278666410D-01 7.7D-09 0.0D+00 4.8D-10 0.0D+00       21      153       21      210  S
      9      1   3.0022138278959454D-01 7.7D-09 0.0D+00 1.7D-09 0.0D+00       21      157       21      210  S
      9      1   3.0022138278530341D-01 7.7D-09 0.0D+00 1.6D-07 0.0D+00       24      194       24      240  S
      9      1   3.0022138278803912D-01 7.7D-09 0.0D+00 4.1D-09 0.0D+00       21      165       21      210  S
      9      1   3.0022138278834037D-01 7.7D-09 0.0D+00 1.1D-08 0.0D+00       22      173       22      220  S
      9      1   3.0022138278684352D-01 7.7D-09 0.0D+00 1.8D-09 0.0D+00       22      131       22      220  S
      9      1   3.0022138278696436D-01 7.7D-09 0.0D+00 9.2D-09 0.0D+00       22      137       22      220  S
      9      1   3.0022138278752836D-01 7.7D-09 0.0D+00 1.3D-09 0.0D+00       21      159       21      210  S
      9      1   3.0022138278684624D-01 7.7D-09 0.0D+00 3.9D-09 0.0D+00       21      149       21      210  S
      9      1   3.0022138278253258D-01 7.7D-09 0.0D+00 3.2D-07 0.0D+00       23      156       23      230  S
      9      1   3.0022138278803578D-01 7.7D-09 0.0D+00 1.1D-08 0.0D+00       24      193       24      240  S
      9      1   3.0022138278794402D-01 7.7D-09 0.0D+00 5.1D-09 0.0D+00       22      185       22      220  S
      9      1   3.0022138278150029D-01 7.7D-09 0.0D+00 3.3D-07 0.0D+00       22      147       22      220  S
      9      1   3.0022138278705135D-01 7.7D-09 0.0D+00 6.3D-09 0.0D+00       22      153       22      220  S
      9      1   3.0022138278127547D-01 7.7D-09 0.0D+00 3.3D-07 0.0D+00       22      171       22      220  S
      9      1   3.0022138278689370D-01 7.7D-09 0.0D+00 2.1D-09 0.0D+00       20      135       20      200  S
      9      1   3.0022138278793620D-01 7.7D-09 0.0D+00 5.9D-10 0.0D+00       22      172       22      220  S
      9      1   3.0022138279318367D-01 7.7D-09 0.0D+00 5.9D-09 0.0D+00       21      176       21      210  S
      9      1   3.0022138278857241D-01 7.7D-09 0.0D+00 6.4D-10 0.0D+00       22      200       22      220  S
      9      1   3.0022138278823285D-01 7.7D-09 0.0D+00 1.2D-08 0.0D+00       23      183       23      230  S
      9      1   3.0022138278693794D-01 7.7D-09 0.0D+00 5.3D-09 0.0D+00       21      137       21      210  S
      9      1   3.0022138278571542D-01 7.7D-09 0.0D+00 4.5D-10 0.0D+00       22      146       22      220  S
      9      1   3.0022138278789962D-01 7.7D-09 0.0D+00 5.6D-09 0.0D+00       22      180       22      220  S
      9      1   3.0022138278347399D-01 7.7D-09 0.0D+00 3.2D-07 0.0D+00       23      208       23      230  S
      9      1   3.0022138278735944D-01 7.7D-09 0.0D+00 5.4D-09 0.0D+00       23      163       23      230  S
      9      1   3.0022138278878252D-01 7.7D-09 0.0D+00 2.9D-09 0.0D+00       21      177       21      210  S
      9      1   3.0022138278918037D-01 7.7D-09 0.0D+00 1.4D-09 0.0D+00       21      183       21      210  S
      9      1   3.0102907248146676D-01 2.4D-05 0.0D+00 2.9D-01 0.0D+00        5       81        6       60  F
      9      1   3.0022138278789251D-01 7.7D-09 0.0D+00 8.7D-09 0.0D+00       21      175       21      210  S
      9      1   3.0022138278677984D-01 7.7D-09 0.0D+00 6.8D-09 0.0D+00       21      150       21      210  S
      9      1   3.0022138278291521D-01 7.7D-09 0.0D+00 2.4D-07 0.0D+00       23      176       23      230  S
      9      1   3.0022138278357768D-01 7.7D-09 0.0D+00 3.2D-07 0.0D+00       23      238       23      230  S
      9      1   3.0022138278114757D-01 7.7D-09 0.0D+00 3.3D-07 0.0D+00       21      149       21      210  S
      9      1   4.1393559528600038D-01 6.4D-09 0.0D+00 1.2D-07 0.0D+00       22      156       22      220  S
      9      1   3.0022138278850846D-01 7.7D-09 0.0D+00 3.7D-10 0.0D+00       21      187       21      210  S
      9      1   3.0022138278405475D-01 7.7D-09 0.0D+00 2.8D-07 0.0D+00       23      197       23      230  S
      9      1   3.8119334674925209D-01 8.4D-09 0.0D+00 1.7D-07 0.0D+00       21      166       21      210  S
      9      1   3.0022138278751331D-01 7.7D-09 0.0D+00 3.8D-09 0.0D+00       22      167       22      220  S
      9      1   3.0022138278737337D-01 7.7D-09 0.0D+00 1.6D-09 0.0D+00       21      161       21      210  S
      9      1   3.0022138278826616D-01 7.7D-09 0.0D+00 5.8D-10 0.0D+00       21      164       21      210  S
      9      1   3.2632853652484894D-01 8.5D-09 0.0D+00 1.6D-07 0.0D+00       22      163       22      220  S
      9      1   3.0022138278916027D-01 7.7D-09 0.0D+00 2.6D-09 0.0D+00       21      169       21      210  S
      9      1   3.0022138278810651D-01 7.7D-09 0.0D+00 7.0D-09 0.0D+00       22      183       22      220  S
      9      1   3.0022138278714122D-01 7.7D-09 0.0D+00 1.9D-08 0.0D+00       23      176       23      230  S
      9      1   3.0022138278809779D-01 7.7D-09 0.0D+00 1.2D-08 0.0D+00       23      209       23      230  S
      9      1   3.0022138278633453D-01 7.7D-09 0.0D+00 1.9D-08 0.0D+00       23      153       23      230  S
      9      1   3.2632853652777655D-01 8.5D-09 0.0D+00 5.0D-09 0.0D+00       21      149       21      210  S
      9      1   3.0022138278674187D-01 7.7D-09 0.0D+00 3.4D-09 0.0D+00       21      148       21      210  S
      9      1   3.0022138278900495D-01 7.7D-09 0.0D+00 3.3D-09 0.0D+00       21      164       21      210  S
      9      1   3.0022138278854982D-01 7.7D-09 0.0D+00 1.6D-08 0.0D+00       23      214       23      230  S
      9      1   3.0022138278683802D-01 7.7D-09 0.0D+00 2.5D-09 0.0D+00       21      148       21      210  S
      9      1   3.0022138278819444D-01 7.7D-09 0.0D+00 1.6D-09 0.0D+00       22      212       22      220  S
      9      1   3.0022138278737570D-01 7.7D-09 0.0D+00 8.2D-10 0.0D+00       22      148       22      220  S
      9      1   3.0022138278677135D-01 7.7D-09 0.0D+00 2.4D-09 0.0D+00       22      128       22      220  S
      9      1   3.0022138278223615D-01 7.7D-09 0.0D+00 3.4D-07 0.0D+00       23      155       23      230  S
      9      1   3.0022138278911009D-01 7.7D-09 0.0D+00 9.8D-10 0.0D+00       21      160       21      210  S
      9      1   3.0022138278719246D-01 7.7D-09 0.0D+00 5.8D-09 0.0D+00       20      137       20      200  S
      9      1   3.0022138278534632D-01 7.7D-09 0.0D+00 1.1D-07 0.0D+00       22      191       22      220  S
      9      1   3.0022138278770527D-01 7.7D-09 0.0D+00 5.8D-09 0.0D+00       21      167       21      210  S
      9      1   3.0022138278860500D-01 7.7D-09 0.0D+00 2.6D-09 0.0D+00       21      149       21      210  S
      9      1   3.0022138278798671D-01 7.7D-09 0.0D+00 1.8D-09 0.0D+00       22      182       22      220  S
      9      1   3.0022138278664012D-01 7.7D-09 0.0D+00 2.3D-09 0.0D+00       21      143       21      210  S
      9      1   3.0022138278805621D-01 7.7D-09 0.0D+00 7.8D-10 0.0D+00       22      184       22      220  S
      9      1   3.6337095966012978D-01 6.8D-09 0.0D+00 3.2D-07 0.0D+00       22      158       22      220  S
      9      1   3.0022138278745936D-01 7.7D-09 0.0D+00 2.8D-10 0.0D+00       20      181       20      200  S
      9      1   3.0022138278673199D-01 7.7D-09 0.0D+00 6.3D-08 0.0D+00       23      263       23      230  S
      9      1   3.0022138278811772D-01 7.7D-09 0.0D+00 3.6D-09 0.0D+00       22      177       22      220  S
      9      1   3.0022138278605098D-01 7.7D-09 0.0D+00 2.5D-09 0.0D+00       20      117       20      200  S
      9      1   3.0022138278580990D-01 7.7D-09 0.0D+00 6.7D-09 0.0D+00       22      165       22      220  S
      9      1   3.0022138278305405D-01 7.7D-09 0.0D+00 3.2D-07 0.0D+00       23      186       23      230  S
      9      1   3.0022138278170180D-01 7.7D-09 0.0D+00 3.1D-07 0.0D+00       22      156       22      220  S
      9      1   3.2632853652369564D-01 8.5D-09 0.0D+00 2.5D-07 0.0D+00       22      176       22      220  S
      9      1   3.0022138278365579D-01 7.7D-09 0.0D+00 3.1D-07 0.0D+00       23      251       23      230  S
      9      1   3.0022138278732036D-01 7.7D-09 0.0D+00 1.8D-09 0.0D+00       21      150       21      210  S
      9      1   3.0022138278519783D-01 7.7D-09 0.0D+00 1.6D-07 0.0D+00       24      197       24      240  S
      9      1   3.0022138278780491D-01 7.7D-09 0.0D+00 9.2D-10 0.0D+00       22      189       22      220  S
      9      1   3.0022138278879762D-01 7.7D-09 0.0D+00 7.8D-09 0.0D+00       21      152       21      210  S
      9      1   3.0022138278793753D-01 7.7D-09 0.0D+00 1.5D-09 0.0D+00       22      187       22      220  S
      9      1   3.0022138278737892D-01 7.7D-09 0.0D+00 5.1D-09 0.0D+00       22      165       22      220  S
      9      1   3.0022138278528415D-01 7.7D-09 0.0D+00 1.7D-07 0.0D+00       23      187       23      230  S
      9      1   3.0022138278702748D-01 7.7D-09 0.0D+00 8.7D-09 0.0D+00       22      153       22      220  S
      9      1   3.0022138278787169D-01 7.7D-09 0.0D+00 2.9D-09 0.0D+00       22      179       22      220  S
      9      1   3.0022138278278365D-01 7.7D-09 0.0D+00 3.2D-07 0.0D+00       23      203       23      230  S
      9      1   3.0022138278383703D-01 7.7D-09 0.0D+00 1.9D-07 0.0D+00       22      154       22      220  S
      9      1   3.0022138278476013D-01 7.7D-09 0.0D+00 1.2D-07 0.0D+00       22      155       22      220  S
      9      1   3.0022138278873772D-01 7.7D-09 0.0D+00 2.8D-10 0.0D+00       21      153       21      210  S
      9      1   4.1393559528464108D-01 6.4D-09 0.0D+00 2.6D-07 0.0D+00       22      146       22      220  S
      9      1   3.0022138278536847D-01 7.7D-09 0.0D+00 1.2D-07 0.0D+00       23      160       23      230  S
      9      1   4.1393559528373325D-01 6.4D-09 0.0D+00 3.6D-07 0.0D+00       22      155       22      220  S
      9      1   3.0022138278712690D-01 7.7D-09 0.0D+00 2.8D-09 0.0D+00       22      161       22      220  S
      9      1   3.0022138278397947D-01 7.7D-09 0.0D+00 3.0D-07 0.0D+00       23      191       23      230  S
      9      1   3.0022138278922517D-01 7.7D-09 0.0D+00 2.9D-09 0.0D+00       21      150       21      210  S
      9      1   3.0022138278556043D-01 7.7D-09 0.0D+00 1.5D-07 0.0D+00       23      206       23      230  S
      9      1   3.0022138278734045D-01 7.7D-09 0.0D+00 1.2D-08 0.0D+00       25      171       25      250  S
      9      1   3.2632853651766691D-01 8.5D-09 0.0D+00 1.8D-07 0.0D+00       23      194       23      230  S
      9      1   3.0022138278396931D-01 7.7D-09 0.0D+00 3.0D-07 0.0D+00       23      220       23      230  S
      9      1   3.0022138278622357D-01 7.7D-09 0.0D+00 3.2D-09 0.0D+00       20      128       20      200  S
      9      1   3.0022138278802990D-01 7.7D-09 0.0D+00 2.3D-09 0.0D+00       22      171       22      220  S
      9      1   3.0022138278177124D-01 7.7D-09 0.0D+00 3.2D-07 0.0D+00       23      152       23      230  S
      9      1   3.0022138278252175D-01 7.7D-09 0.0D+00 3.3D-07 0.0D+00       23      183       23      230  S
      9      1   3.0022138278473570D-01 7.7D-09 0.0D+00 2.3D-07 0.0D+00       23      177       23      230  S
      9      1   3.0022138278795990D-01 7.7D-09 0.0D+00 4.4D-10 0.0D+00       22      178       22      220  S
      9      1   3.0022138278796062D-01 7.7D-09 0.0D+00 2.6D-09 0.0D+00       22      178       22      220  S
      9      1   3.0022138278282956D-01 7.7D-09 0.0D+00 3.3D-07 0.0D+00       23      197       23      230  S
      9      1   3.0022138278714838D-01 7.7D-09 0.0D+00 8.3D-10 0.0D+00       21      159       21      210  S
      9      1   3.0022138278809390D-01 7.7D-09 0.0D+00 3.2D-09 0.0D+00       22      202       22      220  S
      9      1   3.0022138278337440D-01 7.7D-09 0.0D+00 3.3D-07 0.0D+00       22      187       22      220  S
      9      1   3.0022138278679172D-01 7.7D-09 0.0D+00 1.8D-08 0.0D+00       23      162       23      230  S
      9      1   3.0022138278688887D-01 7.7D-09 0.0D+00 2.2D-09 0.0D+00       22      138       22      220  S
      9      1   3.0022138278836452D-01 7.7D-09 0.0D+00 3.9D-10 0.0D+00       21      164       21      210  S
      9      1   3.8119334675263944D-01 8.4D-09 0.0D+00 4.0D-09 0.0D+00       20      140       20      200  S
      9      1   3.0022138278686139D-01 7.7D-09 0.0D+00 2.8D-11 0.0D+00       22      135       22      220  S
      9      1   3.0022138278683869D-01 7.7D-09 0.0D+00 9.6D-09 0.0D+00       21      156       21      210  S
      9      1   3.0022138278838861D-01 7.7D-09 0.0D+00 7.3D-10 0.0D+00       22      201       22      220  S
      9      1   3.0022138278557897D-01 7.7D-09 0.0D+00 1.4D-07 0.0D+00       24      205       24      240  S
      9      1   3.0022138278899113D-01 7.7D-09 0.0D+00 9.5D-09 0.0D+00       21      177       21      210  S
      9      1   3.0022138278398031D-01 7.7D-09 0.0D+00 2.4D-07 0.0D+00       24      193       24      240  S
      9      1   3.0022138278282035D-01 7.7D-09 0.0D+00 2.4D-07 0.0D+00       22      180       22      220  S
      9      1   3.0022138278211674D-01 7.7D-09 0.0D+00 3.0D-07 0.0D+00       22      156       22      220  S
      9      1   3.0022138278503119D-01 7.7D-09 0.0D+00 1.8D-07 0.0D+00       23      190       23      230  S
      9      1   3.0022138278565225D-01 7.7D-09 0.0D+00 1.3D-07 0.0D+00       23      207       23      230  S
      9      1   3.0022138278806471D-01 7.7D-09 0.0D+00 5.4D-09 0.0D+00       22      172       22      220  S
      9      1   3.0022138278191429D-01 7.7D-09 0.0D+00 3.2D-07 0.0D+00       23      166       23      230  S
      9      1   3.0022138278142929D-01 7.7D-09 0.0D+00 3.3D-07 0.0D+00       22      172       22      220  S
      9      1   3.0022138278784988D-01 7.7D-09 0.0D+00 4.9D-09 0.0D+00       21      162       21      210  S
      9      1   3.0022138278829630D-01 7.7D-09 0.0D+00 3.0D-09 0.0D+00       21      157       21      210  S
      9      1   3.0022138278830940D-01 7.7D-09 0.0D+00 1.6D-08 0.0D+00       23      181       23      230  S
      9      1   3.0022138278844007D-01 7.7D-09 0.0D+00 9.1D-09 0.0D+00       21      179       21      210  S
      9      1   3.0022138278613325D-01 7.7D-09 0.0D+00 1.4D-08 0.0D+00       21      129       21      210  S
      9      1   3.0022138278804072D-01 7.7D-09 0.0D+00 2.1D-08 0.0D+00       24      204       24      240  S
      9      1   3.0022138278778915D-01 7.7D-09 0.0D+00 1.4D-09 0.0D+00       22      198       22      220  S
      9      1   3.0022138278732602D-01 7.7D-09 0.0D+00 3.8D-09 0.0D+00       23      169       23      230  S
      9      1   3.0022138278868499D-01 7.7D-09 0.0D+00 9.6D-09 0.0D+00       21      192       21      210  S
      9      1   3.0022138278404475D-01 7.7D-09 0.0D+00 1.6D-07 0.0D+00       22      150       22      220  S
      9      1   3.0022138278825788D-01 7.7D-09 0.0D+00 2.8D-09 0.0D+00       22      205       22      220  S
      9      1   3.0022138278713345D-01 7.7D-09 0.0D+00 6.0D-10 0.0D+00       22      163       22      220  S
      9      1   3.0022138278754262D-01 7.7D-09 0.0D+00 7.2D-09 0.0D+00       23      154       23      230  S
      9      1   3.0022138278735305D-01 7.7D-09 0.0D+00 3.9D-09 0.0D+00       21      147       21      210  S
      9      1   3.0022138278364519D-01 7.7D-09 0.0D+00 3.0D-07 0.0D+00       23      195       23      230  S
      9      1   3.0022138278906935D-01 7.7D-09 0.0D+00 6.0D-09 0.0D+00       21      169       21      210  S
      9      1   3.0022138278584526D-01 7.7D-09 0.0D+00 1.5D-07 0.0D+00       24      215       24      240  S
      9      1   3.0022138278492760D-01 7.7D-09 0.0D+00 1.3D-07 0.0D+00       24      177       24      240  S
      9      1   3.0022138278907551D-01 7.7D-09 0.0D+00 8.9D-09 0.0D+00       21      166       21      210  S
      9      1   3.0022138278854504D-01 7.7D-09 0.0D+00 1.4D-09 0.0D+00       21      169       21      210  S
      9      1   3.0022138278800303D-01 7.7D-09 0.0D+00 1.5D-10 0.0D+00       22      200       22      220  S
      9      1   3.0022138278546651D-01 7.7D-09 0.0D+00 1.6D-07 0.0D+00       24      182       24      240  S
      9      1   3.0022138278668076D-01 7.7D-09 0.0D+00 6.4D-09 0.0D+00       21      139       21      210  S
      9      1   3.0022138278727922D-01 7.7D-09 0.0D+00 8.0D-09 0.0D+00       21      160       21      210  S
      9      1   3.0022138278693966D-01 7.7D-09 0.0D+00 5.8D-09 0.0D+00       21      156       21      210  S
      9      1   3.0022138278365323D-01 7.7D-09 0.0D+00 3.2D-07 0.0D+00       23      211       23      230  S
      9      1   3.0022138278737709D-01 7.7D-09 0.0D+00 2.4D-09 0.0D+00       22      165       22      220  S
      9      1   4.1393559528754509D-01 6.4D-09 0.0D+00 5.7D-09 0.0D+00       21      146       21      210  S
      9      1   3.0022138278835053D-01 7.7D-09 0.0D+00 8.8D-09 0.0D+00       21      165       21      210  S
      9      1   3.2632853652456623D-01 8.5D-09 0.0D+00 1.4D-07 0.0D+00       22      167       22      220  S
      9      1   3.0022138278591931D-01 7.7D-09 0.0D+00 1.5D-07 0.0D+00       23      191       23      230  S
      9      1   3.0022138278350730D-01 7.7D-09 0.0D+00 3.2D-07 0.0D+00       23      197       23      230  S
      9      1   3.0022138278533933D-01 7.7D-09 0.0D+00 1.5D-07 0.0D+00       23      188       23      230  S
      9      1   3.0022138278841026D-01 7.7D-09 0.0D+00 2.5D-09 0.0D+00       21      173       21      210  S
      9      1   3.0022138278864319D-01 7.7D-09 0.0D+00 9.3D-09 0.0D+00       22      189       22      220  S
      9      1   3.0022138278858213D-01 7.7D-09 0.0D+00 5.5D-10 0.0D+00       22      206       22      220  S
      9      1   3.0022138278476929D-01 7.7D-09 0.0D+00 2.5D-07 0.0D+00       23      187       23      230  S
      9      1   3.0022138278541566D-01 7.7D-09 0.0D+00 1.6D-07 0.0D+00       23      177       23      230  S
      9      1   3.0022138278171234D-01 7.7D-09 0.0D+00 3.0D-07 0.0D+00       23      163       23      230  S
      9      1   3.0022138278891297D-01 7.7D-09 0.0D+00 3.7D-09 0.0D+00       21      163       21      210  S
      9      1   3.0022138278674021D-01 7.7D-09 0.0D+00 2.9D-09 0.0D+00       21      135       21      210  S
      9      1   3.0022138278712329D-01 7.7D-09 0.0D+00 7.2D-08 0.0D+00       24      225       24      240  S
      9      1   3.0022138278858584D-01 7.7D-09 0.0D+00 4.8D-09 0.0D+00       22      191       22      220  S
      9      1   3.0022138278722316D-01 7.7D-09 0.0D+00 1.8D-09 0.0D+00       21      140       21      210  S
      9      1   3.0022138278280353D-01 7.7D-09 0.0D+00 2.8D-07 0.0D+00       22      169       22      220  S
      9      1   3.0022138278222660D-01 7.7D-09 0.0D+00 2.9D-07 0.0D+00       21      156       21      210  S
      9      1   3.0022138278746335D-01 7.7D-09 0.0D+00 7.5D-08 0.0D+00       24      196       24      240  S
      9      1   3.0022138278292182D-01 7.7D-09 0.0D+00 3.2D-07 0.0D+00       23      207       23      230  S
      9      1   3.0022138278659233D-01 7.7D-09 0.0D+00 1.2D-07 0.0D+00       22      191       22      220  S
      9      1   3.0022138278354366D-01 7.7D-09 0.0D+00 2.7D-07 0.0D+00       24      192       24      240  S
      9      1   3.0022138278807903D-01 7.7D-09 0.0D+00 3.9D-09 0.0D+00       22      183       22      220  S
      9      1   3.8119334675248651D-01 8.4D-09 0.0D+00 9.0D-09 0.0D+00       20      154       20      200  S
      9      1   3.0022138278874938D-01 7.7D-09 0.0D+00 1.1D-09 0.0D+00       21      159       21      210  S
      9      1   4.1393559528604101D-01 6.4D-09 0.0D+00 1.2D-07 0.0D+00       22      151       22      220  S
      9      1   3.0022138278452515D-01 7.7D-09 0.0D+00 1.4D-07 0.0D+00       24      162       24      240  S
      9      1   3.0022138278692312D-01 7.7D-09 0.0D+00 1.2D-08 0.0D+00       23      157       23      230  S
      9      1   3.0022138278680943D-01 7.7D-09 0.0D+00 6.6D-09 0.0D+00       21      137       21      210  S
      9      1   3.0022138278842653D-01 7.7D-09 0.0D+00 7.9D-09 0.0D+00       22      167       22      220  S
      9      1   3.0022138278697658D-01 7.7D-09 0.0D+00 1.5D-09 0.0D+00       21      147       21      210  S
      9      1   3.0022138278957172D-01 7.7D-09 0.0D+00 1.9D-09 0.0D+00       21      156       21      210  S
      9      1   3.0022138278102795D-01 7.7D-09 0.0D+00 3.2D-07 0.0D+00       21      135       21      210  S
      9      1   3.0022138278537897D-01 7.7D-09 0.0D+00 1.4D-07 0.0D+00       23      210       23      230  S
      9      1   3.0022138278233090D-01 7.7D-09 0.0D+00 3.3D-07 0.0D+00       22      167       22      220  S
      9      1   3.2632853652799776D-01 8.5D-09 0.0D+00 1.2D-08 0.0D+00       23      189       23      230  S
      9      1   3.9818654594028052D-01 8.6D-09 0.0D+00 1.3D-08 0.0D+00       23      164       23      230  S
      9      1   3.0022138278813010D-01 7.7D-09 0.0D+00 3.1D-09 0.0D+00       22      190       22      220  S
      9      1   3.0022138278799171D-01 7.7D-09 0.0D+00 6.7D-09 0.0D+00       22      180       22      220  S
      9      1   3.0022138278680760D-01 7.7D-09 0.0D+00 8.3D-09 0.0D+00       22      146       22      220  S
      9      1   3.0022138278469851D-01 7.7D-09 0.0D+00 1.6D-07 0.0D+00       23      163       23      230  S
      9      1   3.0022138278719185D-01 7.7D-09 0.0D+00 7.4D-09 0.0D+00       21      145       21      210  S
      9      1   3.0022138278758448D-01 7.7D-09 0.0D+00 3.3D-08 0.0D+00       24      210       24      240  S
      9      1   3.0022138278424843D-01 7.7D-09 0.0D+00 2.5D-07 0.0D+00       23      153       23      230  S
      9      1   3.0022138278320765D-01 7.7D-09 0.0D+00 3.2D-07 0.0D+00       23      174       23      230  S
      9      1   3.0022138278613286D-01 7.7D-09 0.0D+00 1.0D-09 0.0D+00       20      128       20      200  S
      9      1   3.0022138278438687D-01 7.7D-09 0.0D+00 1.5D-07 0.0D+00       23      160       23      230  S
      9      1   3.2632853652175398D-01 8.5D-09 0.0D+00 3.1D-07 0.0D+00       22      156       22      220  S
      9      1   4.1393559528458423D-01 6.4D-09 0.0D+00 3.0D-07 0.0D+00       22      151       22      220  S
      9      1   3.0022138278873317D-01 7.7D-09 0.0D+00 1.4D-08 0.0D+00       23      193       23      230  S
      9      1   3.0022138278703403D-01 7.7D-09 0.0D+00 2.6D-10 0.0D+00       22      152       22      220  S
      9      1   3.0022138278621180D-01 7.7D-09 0.0D+00 1.3D-07 0.0D+00       22      177       22      220  S
      9      1   3.0022138278721633D-01 7.7D-09 0.0D+00 6.0D-09 0.0D+00       22      162       22      220  S
      9      1   3.0022138278715160D-01 7.7D-09 0.0D+00 8.7D-09 0.0D+00       22      153       22      220  S
      9      1   3.0022138278356786D-01 7.7D-09 0.0D+00 3.1D-07 0.0D+00       22      180       22      220  S
      9      1   3.0022138278730826D-01 7.7D-09 0.0D+00 3.5D-09 0.0D+00       23      166       23      230  S
      9      1   3.0022138278189270D-01 7.7D-09 0.0D+00 3.2D-07 0.0D+00       22      152       22      220  S
      9      1   3.0022138278584626D-01 7.7D-09 0.0D+00 7.7D-08 0.0D+00       24      169       24      240  S
      9      1   3.0022138278881216D-01 7.7D-09 0.0D+00 2.6D-09 0.0D+00       22      161       22      220  S
      9      1   3.0022138278279037D-01 7.7D-09 0.0D+00 3.2D-07 0.0D+00       23      187       23      230  S
      9      1   3.0022138278905580D-01 7.7D-09 0.0D+00 2.8D-09 0.0D+00       22      192       22      220  S
      9      1   3.0022138278702126D-01 7.7D-09 0.0D+00 6.2D-09 0.0D+00       21      152       21      210  S
      9      1   3.0022138278570365D-01 7.7D-09 0.0D+00 1.6D-07 0.0D+00       22      185       22      220  S
      9      1   3.0022138278215332D-01 7.7D-09 0.0D+00 3.2D-07 0.0D+00       24      173       24      240  S
      9      1   3.0022138278803084D-01 7.7D-09 0.0D+00 6.5D-09 0.0D+00       22      191       22      220  S
      9      1   3.0022138278312410D-01 7.7D-09 0.0D+00 3.1D-07 0.0D+00       23      187       23      230  S
      9      1   3.0022138278788657D-01 7.7D-09 0.0D+00 9.6D-09 0.0D+00       21      153       21      210  S
      9      1   3.0022138278720045D-01 7.7D-09 0.0D+00 7.4D-09 0.0D+00       22      163       22      220  S
      9      1   3.0022138278879251D-01 7.7D-09 0.0D+00 1.7D-08 0.0D+00       22      161       22      220  S
      9      1   3.0022138278146915D-01 7.7D-09 0.0D+00 3.3D-07 0.0D+00       23      147       23      230  S
      9      1   3.0022138278401767D-01 7.7D-09 0.0D+00 3.1D-07 0.0D+00       23      212       23      230  S
      9      1   3.0022138278522276D-01 7.7D-09 0.0D+00 1.6D-07 0.0D+00       24      190       24      240  S
      9      1   3.0022138278673016D-01 7.7D-09 0.0D+00 3.0D-09 0.0D+00       21      138       21      210  S
      9      1   3.0022138278300547D-01 7.7D-09 0.0D+00 3.0D-07 0.0D+00       23      176       23      230  S
      9      1   3.0022138278477328D-01 7.7D-09 0.0D+00 2.3D-07 0.0D+00       22      163       22      220  S
      9      1   3.0022138278804922D-01 7.7D-09 0.0D+00 4.0D-09 0.0D+00       22      189       22      220  S
      9      1   3.0022138278665250D-01 7.7D-09 0.0D+00 7.8D-09 0.0D+00       21      154       21      210  S
      9      1   3.0022138278681576D-01 7.7D-09 0.0D+00 4.8D-08 0.0D+00       24      189       24      240  S
      9      1   3.0022138278400884D-01 7.7D-09 0.0D+00 2.4D-07 0.0D+00       24      220       24      240  S
      9      1   3.0022138278867516D-01 7.7D-09 0.0D+00 1.6D-09 0.0D+00       22      202       22      220  S
      9      1   3.0022138278862326D-01 7.7D-09 0.0D+00 7.6D-09 0.0D+00       21      164       21      210  S
      9      1   3.0022138278746507D-01 7.7D-09 0.0D+00 3.3D-09 0.0D+00       23      174       23      230  S
      9      1   3.0022138278173310D-01 7.7D-09 0.0D+00 3.2D-07 0.0D+00       22      176       22      220  S
      9      1   3.0022138278853511D-01 7.7D-09 0.0D+00 1.1D-08 0.0D+00       22      200       22      220  S
      9      1   3.0022138278279559D-01 7.7D-09 0.0D+00 3.2D-07 0.0D+00       24      202       24      240  S
      9      1   3.0022138278763871D-01 7.7D-09 0.0D+00 7.8D-09 0.0D+00       21      159       21      210  S
      9      1   3.0022138278716087D-01 7.7D-09 0.0D+00 9.5D-09 0.0D+00       22      177       22      220  S
      9      1   3.0022138278525251D-01 7.7D-09 0.0D+00 1.6D-07 0.0D+00       24      235       24      240  S
      9      1   3.0022138278803190D-01 7.7D-09 0.0D+00 5.4D-09 0.0D+00       22      194       22      220  S
      9      1   3.0022138278839827D-01 7.7D-09 0.0D+00 9.3D-09 0.0D+00       21      171       21      210  S
      9      1   3.9818654593819780D-01 8.6D-09 0.0D+00 8.6D-08 0.0D+00       23      161       23      230  S
      9      1   3.0022138278786403D-01 7.7D-09 0.0D+00 1.6D-09 0.0D+00       22      192       22      220  S
      9      1   3.0022138278788213D-01 7.7D-09 0.0D+00 1.6D-09 0.0D+00       22      172       22      220  S
      9      1   3.0022138278650351D-01 7.7D-09 0.0D+00 7.1D-11 0.0D+00       20      152       20      200  S
      9      1   3.0022138278404131D-01 7.7D-09 0.0D+00 1.6D-07 0.0D+00       23      167       23      230  S
      9      1   3.0022138278454691D-01 7.7D-09 0.0D+00 1.6D-07 0.0D+00       23      184       23      230  S
      9      1   3.0022138278680954D-01 7.7D-09 0.0D+00 4.4D-08 0.0D+00       23      192       23      230  S
      9      1   3.0022138278223676D-01 7.7D-09 0.0D+00 2.9D-07 0.0D+00       22      162       22      220  S
      9      1   3.0022138278582977D-01 7.7D-09 0.0D+00 1.2D-07 0.0D+00       22      166       22      220  S
      9      1   3.0022138278837851D-01 7.7D-09 0.0D+00 6.9D-09 0.0D+00       21      165       21      210  S
      9      1   3.0022138278812971D-01 7.7D-09 0.0D+00 4.9D-09 0.0D+00       22      184       22      220  S
      9      1   3.0022138278682875D-01 7.7D-09 0.0D+00 1.7D-09 0.0D+00       22      141       22      220  S
      9      1   3.0022138278393834D-01 7.7D-09 0.0D+00 2.5D-07 0.0D+00       23      186       23      230  S
      9      1   3.0022138278171961D-01 7.7D-09 0.0D+00 3.4D-07 0.0D+00       23      169       23      230  S
      9      1   3.0022138278686405D-01 7.7D-09 0.0D+00 8.9D-09 0.0D+00       22      148       22      220  S
      9      1   3.0022138278853344D-01 7.7D-09 0.0D+00 6.7D-09 0.0D+00       21      169       21      210  S
      9      1   3.0022138278689031D-01 7.7D-09 0.0D+00 6.6D-09 0.0D+00       21      162       21      210  S
      9      1   3.0022138278728006D-01 7.7D-09 0.0D+00 5.9D-09 0.0D+00       22      162       22      220  S
      9      1   3.0022138278667548D-01 7.7D-09 0.0D+00 1.9D-09 0.0D+00       22      138       22      220  S
      9      1   3.0022138278419674D-01 7.7D-09 0.0D+00 1.2D-07 0.0D+00       22      160       22      220  S
      9      1   3.0022138278666494D-01 7.7D-09 0.0D+00 7.7D-09 0.0D+00       21      131       21      210  S
      9      1   3.0022138278860477D-01 7.7D-09 0.0D+00 8.5D-09 0.0D+00       21      169       21      210  S
      9      1   3.0022138278684218D-01 7.7D-09 0.0D+00 7.5D-09 0.0D+00       22      148       22      220  S
      9      1   3.0022138278864591D-01 7.7D-09 0.0D+00 8.2D-10 0.0D+00       22      179       22      220  S
      9      1   3.0022138278878718D-01 7.7D-09 0.0D+00 4.4D-09 0.0D+00       21      195       21      210  S
      9      1   3.0022138278877136D-01 7.7D-09 0.0D+00 5.2D-09 0.0D+00       22      182       22      220  S
      9      1   3.0022138278665284D-01 7.7D-09 0.0D+00 8.7D-09 0.0D+00       21      127       21      210  S
      9      1   3.0022138278888411D-01 7.7D-09 0.0D+00 7.7D-10 0.0D+00       21      167       21      210  S
      9      1   3.0022138279262928D-01 7.7D-09 0.0D+00 6.9D-09 0.0D+00       21      170       21      210  S
      9      1   3.0022138278908811D-01 7.7D-09 0.0D+00 8.3D-09 0.0D+00       21      178       21      210  S
      9      1   3.0022138278222654D-01 7.7D-09 0.0D+00 2.4D-07 0.0D+00       21      133       21      210  S
      9      1   3.0022138278609134D-01 7.7D-09 0.0D+00 1.1D-07 0.0D+00       24      225       24      240  S
      9      1   3.0022138278865179D-01 7.7D-09 0.0D+00 9.8D-09 0.0D+00       21      157       21      210  S
      9      1   3.0022138278779648D-01 7.7D-09 0.0D+00 4.9D-09 0.0D+00       22      142       22      220  S
      9      1   3.0022138278874172D-01 7.7D-09 0.0D+00 1.3D-09 0.0D+00       21      154       21      210  S
      9      1   3.0022138278083149D-01 7.7D-09 0.0D+00 3.3D-07 0.0D+00       22      144       22      220  S
      9      1   3.0022138278132005D-01 7.7D-09 0.0D+00 3.4D-07 0.0D+00       22      149       22      220  S
      9      1   3.0022138278794491D-01 7.7D-09 0.0D+00 1.1D-09 0.0D+00       22      214       22      220  S
      9      1   3.0022138278445365D-01 7.7D-09 0.0D+00 2.5D-07 0.0D+00       23      208       23      230  S
      9      1   3.0022138278274235D-01 7.7D-09 0.0D+00 3.1D-07 0.0D+00       22      153       22      220  S
