     11      1   2.7218427755781877D-01 7.5D-09 0.0D+00 5.6D-09 0.0D+00       22      151       22      220  S
     11      1   2.8111714366877555D-01 5.8D-09 0.0D+00 4.6D-09 0.0D+00       22      175       22      220  S
     11      1   2.8111714366392432D-01 5.8D-09 0.0D+00 3.3D-07 0.0D+00       21      146       21      210  S
     11      1   2.8436583998494031D-01 6.2D-09 0.0D+00 2.0D-07 0.0D+00       21      138       21      210  S
     11      1   2.7218427755766267D-01 7.5D-09 0.0D+00 8.7D-09 0.0D+00       21      166       21      210  S
     11      1   2.7218427755787294D-01 7.5D-09 0.0D+00 4.3D-09 0.0D+00       22      149       22      220  S
     11      1   2.7218427755726382D-01 7.5D-09 0.0D+00 8.7D-09 0.0D+00       20      156       20      200  S
     11      1   3.2632853653156807D-01 8.5D-09 0.0D+00 9.6D-09 0.0D+00       21      164       21      210  S
     11      1   2.8680639580841505D-01 5.6D-09 0.0D+00 2.1D-07 0.0D+00       23      172       23      230  S
     11      1   2.8382297778166649D-01 5.9D-09 0.0D+00 6.1D-09 0.0D+00       22      145       22      220  S
     11      1   2.8111714366844553D-01 5.8D-09 0.0D+00 4.8D-11 0.0D+00       21      173       21      210  S
     11      1   2.8680639580663586D-01 5.6D-09 0.0D+00 2.9D-07 0.0D+00       23      173       23      230  S
     11      1   2.8111714366794899D-01 5.8D-09 0.0D+00 5.2D-08 0.0D+00       23      188       23      230  S
     11      1   2.7218427755453339D-01 7.5D-09 0.0D+00 1.9D-07 0.0D+00       22      167       22      220  S
     11      1   2.8382297777861160D-01 5.9D-09 0.0D+00 2.7D-07 0.0D+00       22      152       22      220  S
     11      1   2.7218427755730706D-01 7.5D-09 0.0D+00 3.6D-10 0.0D+00       21      150       21      210  S
     11      1   2.8111714366881951D-01 5.8D-09 0.0D+00 1.8D-09 0.0D+00       23      173       23      230  S
     11      1   2.7218427755794344D-01 7.5D-09 0.0D+00 9.6D-09 0.0D+00       22      158       22      220  S
     11      1   2.7218427755726921D-01 7.5D-09 0.0D+00 2.7D-08 0.0D+00       24      187       24      240  S
     11      1   2.7218427755777147D-01 7.5D-09 0.0D+00 3.3D-09 0.0D+00       22      152       22      220  S
     11      1   2.8111714366908597D-01 5.8D-09 0.0D+00 8.7D-09 0.0D+00       23      211       23      230  S
     11      1   2.7218427755300389D-01 7.5D-09 0.0D+00 3.3D-07 0.0D+00       23      168       23      230  S
     11      1   2.7218427755895785D-01 7.5D-09 0.0D+00 8.0D-09 0.0D+00       22      167       22      220  S
     11      1   2.7218427755803903D-01 7.5D-09 0.0D+00 5.2D-09 0.0D+00       21      167       21      210  S
     11      1   2.7218427755865887D-01 7.5D-09 0.0D+00 3.2D-09 0.0D+00       22      190       22      220  S
     11      1   2.7218427755753716D-01 7.5D-09 0.0D+00 9.5D-09 0.0D+00       21      154       21      210  S
     11      1   2.8436583998422821D-01 6.2D-09 0.0D+00 3.1D-07 0.0D+00       22      186       22      220  S
     11      1   2.8446063218975848D-01 6.1D-09 0.0D+00 2.8D-07 0.0D+00       23      170       23      230  S
     11      1   2.8543205338814054D-01 5.9D-09 0.0D+00 3.0D-10 0.0D+00       20      147       20      200  S
     11      1   2.7218427755280111D-01 7.5D-09 0.0D+00 3.3D-07 0.0D+00       23      176       23      230  S
     11      1   2.8382297777887211D-01 5.9D-09 0.0D+00 3.2D-07 0.0D+00       23      153       23      230  S
     11      1   2.7218427755324237D-01 7.5D-09 0.0D+00 2.7D-07 0.0D+00       22      161       22      220  S
     11      1   2.8111714366851753D-01 5.8D-09 0.0D+00 4.4D-09 0.0D+00       21      174       21      210  S
     11      1   2.8111714366895602D-01 5.8D-09 0.0D+00 3.2D-08 0.0D+00       23      202       23      230  S
     11      1   2.7218427755436092D-01 7.5D-09 0.0D+00 2.4D-07 0.0D+00       24      172       24      240  S
     11      1   2.8436583998715603D-01 6.2D-09 0.0D+00 8.9D-09 0.0D+00       20      153       20      200  S
     11      1   2.8111714366835794D-01 5.8D-09 0.0D+00 8.1D-09 0.0D+00       21      167       21      210  S
     11      1   2.8497537449662785D-01 5.9D-09 0.0D+00 1.1D-09 0.0D+00       21      180       21      210  S
     11      1   2.8111714366877621D-01 5.8D-09 0.0D+00 3.8D-09 0.0D+00       22      169       22      220  S
     11      1   2.8680639580694284D-01 5.6D-09 0.0D+00 3.2D-07 0.0D+00       24      202       24      240  S
     11      1   2.7218427755248242D-01 7.5D-09 0.0D+00 3.2D-07 0.0D+00       23      192       23      230  S
     11      1   2.8436583998761017D-01 6.2D-09 0.0D+00 4.6D-09 0.0D+00       22      190       22      220  S
     11      1   2.7218427755273467D-01 7.5D-09 0.0D+00 3.0D-07 0.0D+00       23      172       23      230  S
     11      1   2.7218427755376756D-01 7.5D-09 0.0D+00 3.2D-07 0.0D+00       23      160       23      230  S
     11      1   2.8111714366716151D-01 5.8D-09 0.0D+00 1.5D-07 0.0D+00       23      201       23      230  S
     11      1   3.0022138278709826D-01 7.7D-09 0.0D+00 1.4D-10 0.0D+00       21      155       21      210  S
     11      1   2.7218427755776242D-01 7.5D-09 0.0D+00 3.4D-09 0.0D+00       22      143       22      220  S
     11      1   2.8382297778114013D-01 5.9D-09 0.0D+00 7.3D-08 0.0D+00       23      178       23      230  S
     11      1   2.8436583998767601D-01 6.2D-09 0.0D+00 7.6D-09 0.0D+00       21      160       21      210  S
     11      1   2.7218427755792923D-01 7.5D-09 0.0D+00 6.2D-09 0.0D+00       22      167       22      220  S
     11      1   2.7218427755393654D-01 7.5D-09 0.0D+00 2.7D-07 0.0D+00       22      187       22      220  S
     11      1   2.7218427755339375D-01 7.5D-09 0.0D+00 2.9D-07 0.0D+00       24      191       24      240  S
     11      1   2.8436583998823572D-01 6.2D-09 0.0D+00 9.2D-09 0.0D+00       22      185       22      220  S
     11      1   2.7218427755337132D-01 7.5D-09 0.0D+00 2.5D-07 0.0D+00       23      154       23      230  S
     11      1   2.7218427755885644D-01 7.5D-09 0.0D+00 9.7D-09 0.0D+00       22      155       22      220  S
     11      1   2.8111714366935653D-01 5.8D-09 0.0D+00 7.1D-09 0.0D+00       23      197       23      230  S
 no information
     11      1   2.8382297778156029D-01 5.9D-09 0.0D+00 2.3D-09 0.0D+00       22      130       22      220  S
     11      1   2.8382297778161253D-01 5.9D-09 0.0D+00 3.7D-09 0.0D+00       22      159       22      220  S
     11      1   2.7218427755446928D-01 7.5D-09 0.0D+00 2.4D-07 0.0D+00       22      167       22      220  S
     11      1   2.8382297778149501D-01 5.9D-09 0.0D+00 5.8D-09 0.0D+00       22      127       22      220  S
     11      1   2.8543205338768562D-01 5.9D-09 0.0D+00 7.9D-08 0.0D+00       23      171       23      230  S
     11      1   2.8111714366765295D-01 5.8D-09 0.0D+00 1.4D-07 0.0D+00       23      209       23      230  S
     11      1   2.8680639580788675D-01 5.6D-09 0.0D+00 2.9D-07 0.0D+00       23      182       23      230  S
     11      1   2.8111714366676221D-01 5.8D-09 0.0D+00 2.3D-07 0.0D+00       22      192       22      220  S
     11      1   2.7218427755798419D-01 7.5D-09 0.0D+00 6.4D-09 0.0D+00       22      166       22      220  S
     11      1   2.7218427755746405D-01 7.5D-09 0.0D+00 2.2D-10 0.0D+00       21      150       21      210  S
     11      1   2.7218427755800384D-01 7.5D-09 0.0D+00 8.5D-09 0.0D+00       22      157       22      220  S
     11      1   2.8111714366583573D-01 5.8D-09 0.0D+00 3.1D-07 0.0D+00       22      178       22      220  S
     11      1   2.7218427755861097D-01 7.5D-09 0.0D+00 9.4D-09 0.0D+00       22      161       22      220  S
     11      1   2.8382297778173088D-01 5.9D-09 0.0D+00 8.9D-09 0.0D+00       22      157       22      220  S
     11      1   2.8514772614657902D-01 8.4D-02 0.0D+00 1.0D+00 0.0D+00        0        0        1       10  F
     11      1   2.7218427755305941D-01 7.5D-09 0.0D+00 3.4D-07 0.0D+00       22      168       22      220  S
     11      1   2.8436583998739401D-01 6.2D-09 0.0D+00 2.7D-09 0.0D+00       22      146       22      220  S
     11      1   2.7218427755791402D-01 7.5D-09 0.0D+00 9.4D-09 0.0D+00       22      158       22      220  S
     11      1   2.8543205338862510D-01 5.9D-09 0.0D+00 3.0D-09 0.0D+00       21      156       21      210  S
     11      1   2.8543205338681510D-01 5.9D-09 0.0D+00 1.4D-07 0.0D+00       22      156       22      220  S
     11      1   2.8111714366895657D-01 5.8D-09 0.0D+00 1.1D-08 0.0D+00       23      183       23      230  S
     11      1   2.8111714366574680D-01 5.8D-09 0.0D+00 3.2D-07 0.0D+00       24      181       24      240  S
     11      1   2.7218427755783586D-01 7.5D-09 0.0D+00 1.7D-10 0.0D+00       22      148       22      220  S
     11      1   2.4360166104851472D-01 2.9D-01 0.0D+00 1.0D+00 0.0D+00        0        0        1       10  F
     11      1   2.8382297778192844D-01 5.9D-09 0.0D+00 5.8D-09 0.0D+00       22      149       22      220  S
     11      1   2.8680639580818917D-01 5.6D-09 0.0D+00 1.4D-07 0.0D+00       23      200       23      230  S
     11      1   2.8436583998713588D-01 6.2D-09 0.0D+00 2.2D-10 0.0D+00       20      140       20      200  S
     11      1   2.8436583998776599D-01 6.2D-09 0.0D+00 2.1D-09 0.0D+00       22      170       22      220  S
     11      1   2.8543205338906902D-01 5.9D-09 0.0D+00 4.0D-09 0.0D+00       22      157       22      220  S
     11      1   1.1576130698154434D-01 4.5D-01 0.0D+00 1.0D+00 0.0D+00        0        0        1       10  F
     11      1   2.7218427755768060D-01 7.5D-09 0.0D+00 3.1D-08 0.0D+00       23      175       23      230  S
     11      1   2.8543205338827993D-01 5.9D-09 0.0D+00 7.2D-08 0.0D+00       23      170       23      230  S
     11      1   2.7218427755819286D-01 7.5D-09 0.0D+00 2.0D-08 0.0D+00       22      160       22      220  S
     11      1   2.8436583998679349D-01 6.2D-09 0.0D+00 1.0D-07 0.0D+00       24      204       24      240  S
     11      1   2.7218427755461472D-01 7.5D-09 0.0D+00 1.6D-07 0.0D+00       21      148       21      210  S
     11      1   2.7218427755778940D-01 7.5D-09 0.0D+00 1.0D-09 0.0D+00       22      174       22      220  S
     11      1   2.8543205338599026D-01 5.9D-09 0.0D+00 2.8D-07 0.0D+00       22      147       22      220  S
     11      1   2.7218427755308133D-01 7.5D-09 0.0D+00 3.1D-07 0.0D+00       23      169       23      230  S
     11      1   2.8382297778076693D-01 5.9D-09 0.0D+00 6.2D-08 0.0D+00       24      157       24      240  S
     11      1   2.8111714366932700D-01 5.8D-09 0.0D+00 4.0D-10 0.0D+00       22      177       22      220  S
     11      1   2.7218427755851227D-01 7.5D-09 0.0D+00 4.8D-09 0.0D+00       21      158       21      210  S
     11      1   2.8111714366913820D-01 5.8D-09 0.0D+00 4.1D-09 0.0D+00       22      180       22      220  S
     11      1   2.8446063219265305D-01 6.1D-09 0.0D+00 3.8D-09 0.0D+00       22      161       22      220  S
     11      1   2.8111714366708035D-01 5.8D-09 0.0D+00 1.7D-07 0.0D+00       24      189       24      240  S
     11      1   2.7218427755818425D-01 7.5D-09 0.0D+00 7.3D-09 0.0D+00       21      174       21      210  S
     11      1   2.7218427755744312D-01 7.5D-09 0.0D+00 9.4D-10 0.0D+00       21      130       21      210  S
     11      1   2.8543205338878341D-01 5.9D-09 0.0D+00 4.8D-09 0.0D+00       21      174       21      210  S
     11      1   2.8111714366833829D-01 5.8D-09 0.0D+00 3.6D-08 0.0D+00       23      172       23      230  S
     11      1   2.8111714366885771D-01 5.8D-09 0.0D+00 8.8D-09 0.0D+00       22      173       22      220  S
     11      1   2.8680639580843065D-01 5.6D-09 0.0D+00 1.3D-07 0.0D+00       24      206       24      240  S
     11      1   2.8111714366867868D-01 5.8D-09 0.0D+00 5.6D-09 0.0D+00       22      168       22      220  S
     11      1   2.7218427755741786D-01 7.5D-09 0.0D+00 5.7D-09 0.0D+00       21      142       21      210  S
     11      1   2.8111714366572649D-01 5.8D-09 0.0D+00 3.0D-07 0.0D+00       24      200       24      240  S
     11      1   2.8680639580935496D-01 5.6D-09 0.0D+00 1.4D-07 0.0D+00       23      162       23      230  S
     11      1   2.8382297778202925D-01 5.9D-09 0.0D+00 9.2D-09 0.0D+00       22      132       22      220  S
     11      1   2.8382297777839877D-01 5.9D-09 0.0D+00 3.2D-07 0.0D+00       23      145       23      230  S
     11      1   2.7218427755714159D-01 7.5D-09 0.0D+00 4.6D-08 0.0D+00       24      181       24      240  S
     11      1   2.7218427755783631D-01 7.5D-09 0.0D+00 1.7D-08 0.0D+00       23      172       23      230  S
     11      1   2.8543205338820987D-01 5.9D-09 0.0D+00 4.0D-10 0.0D+00       21      159       21      210  S
     11      1   2.7218427755739433D-01 7.5D-09 0.0D+00 4.2D-09 0.0D+00       21      154       21      210  S
     11      1   2.7218427755815555D-01 7.5D-09 0.0D+00 9.9D-09 0.0D+00       22      169       22      220  S
     11      1   2.8111714366846025D-01 5.8D-09 0.0D+00 6.5D-09 0.0D+00       21      163       21      210  S
     11      1   2.7218427755841246D-01 7.5D-09 0.0D+00 1.2D-09 0.0D+00       22      147       22      220  S
     11      1   2.7218427755809271D-01 7.5D-09 0.0D+00 8.0D-10 0.0D+00       22      155       22      220  S
     11      1   2.7218427755797375D-01 7.5D-09 0.0D+00 9.7D-09 0.0D+00       22      160       22      220  S
     11      1   2.8382297778129240D-01 5.9D-09 0.0D+00 2.3D-09 0.0D+00       22      155       22      220  S
     11      1   2.7218427755331720D-01 7.5D-09 0.0D+00 2.5D-07 0.0D+00       22      177       22      220  S
     11      1   2.7218427755766017D-01 7.5D-09 0.0D+00 9.7D-09 0.0D+00       21      156       21      210  S
     11      1   2.8436583998481879D-01 6.2D-09 0.0D+00 2.1D-07 0.0D+00       21      153       21      210  S
     11      1   2.7218427755313451D-01 7.5D-09 0.0D+00 3.2D-07 0.0D+00       23      154       23      230  S
     11      1   2.8111714366685303D-01 5.8D-09 0.0D+00 1.6D-07 0.0D+00       23      192       23      230  S
     11      1   2.8446063219263873D-01 6.1D-09 0.0D+00 6.9D-09 0.0D+00       22      171       22      220  S
     11      1   2.8111714366821172D-01 5.8D-09 0.0D+00 8.0D-09 0.0D+00       20      143       20      200  S
     11      1   2.8111714366874463D-01 5.8D-09 0.0D+00 2.4D-08 0.0D+00       24      200       24      240  S
     11      1   2.8382297778149451D-01 5.9D-09 0.0D+00 6.8D-09 0.0D+00       22      150       22      220  S
     11      1   2.7218427755237856D-01 7.5D-09 0.0D+00 3.3D-07 0.0D+00       22      171       22      220  S
     11      1   2.8543205338828898D-01 5.9D-09 0.0D+00 6.8D-09 0.0D+00       21      134       21      210  S
     11      1   2.7218427755370039D-01 7.5D-09 0.0D+00 3.1D-07 0.0D+00       24      194       24      240  S
     11      1   2.8111714366900487D-01 5.8D-09 0.0D+00 8.2D-09 0.0D+00       22      201       22      220  S
     11      1   2.8436583998621268D-01 6.2D-09 0.0D+00 1.5D-07 0.0D+00       23      189       23      230  S
     11      1   2.8111714366788432D-01 5.8D-09 0.0D+00 6.9D-08 0.0D+00       23      193       23      230  S
     11      1   2.8680639581063089D-01 5.6D-09 0.0D+00 6.7D-09 0.0D+00       22      172       22      220  S
     11      1   2.7218427755804442D-01 7.5D-09 0.0D+00 3.9D-09 0.0D+00       22      150       22      220  S
     11      1   2.7218427755810226D-01 7.5D-09 0.0D+00 3.9D-09 0.0D+00       22      155       22      220  S
     11      1   2.7218427755236135D-01 7.5D-09 0.0D+00 3.3D-07 0.0D+00       23      183       23      230  S
     11      1   2.7218427755785551D-01 7.5D-09 0.0D+00 9.2D-09 0.0D+00       22      151       22      220  S
     11      1   2.8382297778168192D-01 5.9D-09 0.0D+00 1.5D-08 0.0D+00       23      195       23      230  S
     11      1   2.8382297778155441D-01 5.9D-09 0.0D+00 9.7D-09 0.0D+00       22      150       22      220  S
     11      1   2.7218427755446156D-01 7.5D-09 0.0D+00 2.3D-07 0.0D+00       24      187       24      240  S
     11      1   2.7218427755288749D-01 7.5D-09 0.0D+00 3.3D-07 0.0D+00       23      161       23      230  S
     11      1   2.8680639580637762D-01 5.6D-09 0.0D+00 3.3D-07 0.0D+00       24      177       24      240  S
     11      1   2.7218427755785102D-01 7.5D-09 0.0D+00 1.5D-09 0.0D+00       22      164       22      220  S
     11      1   2.7218427755751146D-01 7.5D-09 0.0D+00 9.1D-09 0.0D+00       21      151       21      210  S
     11      1   3.0021408099389979D-01 7.7D-09 0.0D+00 1.7D-09 0.0D+00       22      152       22      220  S
     11      1   2.8382297778160814D-01 5.9D-09 0.0D+00 3.1D-09 0.0D+00       22      176       22      220  S
     11      1   2.8382297778160154D-01 5.9D-09 0.0D+00 4.1D-09 0.0D+00       22      139       22      220  S
     11      1   2.7218427755251640D-01 7.5D-09 0.0D+00 3.3D-07 0.0D+00       22      166       22      220  S
     11      1   2.8436583998807530D-01 6.2D-09 0.0D+00 5.2D-09 0.0D+00       21      166       21      210  S
     11      1   2.8111714366873325D-01 5.8D-09 0.0D+00 4.9D-09 0.0D+00       22      162       22      220  S
     11      1   2.7218427755430363D-01 7.5D-09 0.0D+00 2.3D-07 0.0D+00       24      187       24      240  S
     11      1   2.8436583998795117D-01 6.2D-09 0.0D+00 9.5D-09 0.0D+00       22      169       22      220  S
     11      1   2.8111714366864315D-01 5.8D-09 0.0D+00 1.4D-09 0.0D+00       21      178       21      210  S
     11      1   2.8111714366876855D-01 5.8D-09 0.0D+00 3.6D-09 0.0D+00       22      169       22      220  S
     11      1   2.7218427755861768D-01 7.5D-09 0.0D+00 1.1D-09 0.0D+00       22      157       22      220  S
     11      1   2.8680639580896472D-01 5.6D-09 0.0D+00 4.8D-09 0.0D+00       21      160       21      210  S
     11      1   2.7218427755773505D-01 7.5D-09 0.0D+00 4.2D-09 0.0D+00       22      151       22      220  S
     11      1   2.8382297777996895D-01 5.9D-09 0.0D+00 1.5D-07 0.0D+00       23      165       23      230  S
     11      1   2.8382297778070154D-01 5.9D-09 0.0D+00 6.5D-08 0.0D+00       23      156       23      230  S
     11      1   2.8680639580923362D-01 5.6D-09 0.0D+00 1.2D-08 0.0D+00       23      150       23      230  S
     11      1   2.7218427755548602D-01 7.5D-09 0.0D+00 1.5D-07 0.0D+00       24      169       24      240  S
     11      1   2.8543205338888195D-01 5.9D-09 0.0D+00 1.6D-08 0.0D+00       23      177       23      230  S
     11      1   2.8680639581036560D-01 5.6D-09 0.0D+00 9.8D-09 0.0D+00       22      164       22      220  S
     11      1   2.7218427755750840D-01 7.5D-09 0.0D+00 1.7D-09 0.0D+00       21      162       21      210  S
     11      1   2.7218427755832181D-01 7.5D-09 0.0D+00 6.9D-09 0.0D+00       22      156       22      220  S
     11      1   2.8680639580909040D-01 5.6D-09 0.0D+00 4.4D-09 0.0D+00       22      177       22      220  S
     11      1   2.8382297777963472D-01 5.9D-09 0.0D+00 2.3D-07 0.0D+00       23      159       23      230  S
     11      1   2.8111714366790752D-01 5.8D-09 0.0D+00 1.0D-07 0.0D+00       22      186       22      220  S
     11      1   2.8111714366865947D-01 5.8D-09 0.0D+00 1.5D-08 0.0D+00       23      182       23      230  S
     11      1   2.7218427755582558D-01 7.5D-09 0.0D+00 1.8D-07 0.0D+00       23      159       23      230  S
     11      1   2.8543205338861799D-01 5.9D-09 0.0D+00 9.9D-09 0.0D+00       22      180       22      220  S
     11      1   2.7218427755770208D-01 7.5D-09 0.0D+00 5.5D-09 0.0D+00       22      154       22      220  S
     11      1   2.8543205338628996D-01 5.9D-09 0.0D+00 2.2D-07 0.0D+00       23      168       23      230  S
     11      1   2.8680639581046258D-01 5.6D-09 0.0D+00 5.3D-09 0.0D+00       22      150       22      220  S
     11      1   2.7218427755563973D-01 7.5D-09 0.0D+00 1.6D-07 0.0D+00       23      167       23      230  S
     11      1   2.8382297778156429D-01 5.9D-09 0.0D+00 1.5D-08 0.0D+00       23      154       23      230  S
     11      1   2.8382297778153581D-01 5.9D-09 0.0D+00 6.2D-09 0.0D+00       22      141       22      220  S
     11      1   2.8111714366599821D-01 5.8D-09 0.0D+00 2.9D-07 0.0D+00       23      194       23      230  S
     11      1   2.8543205338714428D-01 5.9D-09 0.0D+00 1.4D-07 0.0D+00       23      171       23      230  S
     11      1   2.7218427755566832D-01 7.5D-09 0.0D+00 1.5D-07 0.0D+00       24      182       24      240  S
     11      1   2.8436583998760606D-01 6.2D-09 0.0D+00 6.4D-09 0.0D+00       21      182       21      210  S
     11      1   2.8436583998800907D-01 6.2D-09 0.0D+00 1.0D-09 0.0D+00       21      194       21      210  S
     11      1   2.7218427755335090D-01 7.5D-09 0.0D+00 2.9D-07 0.0D+00       23      162       23      230  S
     11      1   2.8111714366910523D-01 5.8D-09 0.0D+00 2.7D-09 0.0D+00       22      164       22      220  S
     11      1   2.8382297778194104D-01 5.9D-09 0.0D+00 5.7D-09 0.0D+00       22      154       22      220  S
     11      1   2.7218427755760127D-01 7.5D-09 0.0D+00 6.4D-10 0.0D+00       22      156       22      220  S
     11      1   2.7218427755838132D-01 7.5D-09 0.0D+00 7.6D-09 0.0D+00       21      152       21      210  S
     11      1   2.7218427755363839D-01 7.5D-09 0.0D+00 2.7D-07 0.0D+00       23      147       23      230  S
     11      1   2.8543205338854849D-01 5.9D-09 0.0D+00 4.8D-09 0.0D+00       22      160       22      220  S
     11      1   2.7218427755768693D-01 7.5D-09 0.0D+00 1.5D-08 0.0D+00       23      160       23      230  S
     11      1   2.8111714366892859D-01 5.8D-09 0.0D+00 5.0D-09 0.0D+00       23      182       23      230  S
     11      1   2.8111714366613988D-01 5.8D-09 0.0D+00 2.9D-07 0.0D+00       23      185       23      230  S
     11      1   2.7218427755344027D-01 7.5D-09 0.0D+00 3.0D-07 0.0D+00       22      180       22      220  S
     11      1   2.7218427755314351D-01 7.5D-09 0.0D+00 3.2D-07 0.0D+00       23      173       23      230  S
     11      1   2.7218427755775848D-01 7.5D-09 0.0D+00 5.5D-09 0.0D+00       22      149       22      220  S
     11      1   2.7218427755370567D-01 7.5D-09 0.0D+00 2.4D-07 0.0D+00       22      181       22      220  S
     11      1   2.8382297778202753D-01 5.9D-09 0.0D+00 2.0D-09 0.0D+00       22      151       22      220  S
     11      1   2.8111714366924762D-01 5.8D-09 0.0D+00 2.5D-08 0.0D+00       24      221       24      240  S
     11      1   2.8680639581011136D-01 5.6D-09 0.0D+00 4.5D-09 0.0D+00       22      164       22      220  S
     11      1   2.8382297778151466D-01 5.9D-09 0.0D+00 7.1D-09 0.0D+00       22      141       22      220  S
     11      1   2.8382297778172172D-01 5.9D-09 0.0D+00 6.7D-09 0.0D+00       22      173       22      220  S
     11      1   2.8436583998740989D-01 6.2D-09 0.0D+00 9.4D-09 0.0D+00       21      167       21      210  S
     11      1   2.8543205338533623D-01 5.9D-09 0.0D+00 3.2D-07 0.0D+00       23      172       23      230  S
     11      1   2.8436583998486314D-01 6.2D-09 0.0D+00 3.2D-07 0.0D+00       24      195       24      240  S
     11      1   3.0022138297208650D-01 7.7D-09 0.0D+00 9.0D-09 0.0D+00       21      170       21      210  S
     11      1   2.8382297777909016D-01 5.9D-09 0.0D+00 2.8D-07 0.0D+00       24      168       24      240  S
     11      1   2.8111714366539003D-01 5.8D-09 0.0D+00 3.3D-07 0.0D+00       22      174       22      220  S
     11      1   2.7218427755270791D-01 7.5D-09 0.0D+00 3.2D-07 0.0D+00       24      187       24      240  S
     11      1   2.8111714366912005D-01 5.8D-09 0.0D+00 1.1D-09 0.0D+00       22      202       22      220  S
     11      1   2.7218427755707064D-01 7.5D-09 0.0D+00 6.2D-08 0.0D+00       23      190       23      230  S
     11      1   2.8436583998784126D-01 6.2D-09 0.0D+00 3.6D-09 0.0D+00       22      192       22      220  S
     11      1   2.7218427755786873D-01 7.5D-09 0.0D+00 4.2D-09 0.0D+00       21      166       21      210  S
     11      1   2.8382297778144594D-01 5.9D-09 0.0D+00 9.2D-09 0.0D+00       22      155       22      220  S
     11      1   2.8382297778165927D-01 5.9D-09 0.0D+00 1.7D-08 0.0D+00       24      176       24      240  S
     11      1   2.8111714366840523D-01 5.8D-09 0.0D+00 7.3D-11 0.0D+00       21      174       21      210  S
     11      1   2.7218427755770536D-01 7.5D-09 0.0D+00 8.4D-09 0.0D+00       22      150       22      220  S
     11      1   2.8680639581043388D-01 5.6D-09 0.0D+00 2.5D-08 0.0D+00       24      208       24      240  S
     11      1   2.7218427755279356D-01 7.5D-09 0.0D+00 3.2D-07 0.0D+00       23      148       23      230  S
     11      1   2.7218427755563007D-01 7.5D-09 0.0D+00 1.6D-07 0.0D+00       23      166       23      230  S
     11      1   2.7218427755316438D-01 7.5D-09 0.0D+00 3.3D-07 0.0D+00       24      193       24      240  S
     11      1   2.8497537449390220D-01 5.9D-09 0.0D+00 7.9D-08 0.0D+00       22      191       22      220  S
     11      1   2.8111714366732521D-01 5.8D-09 0.0D+00 1.8D-07 0.0D+00       24      200       24      240  S
     11      1   2.8680639580919037D-01 5.6D-09 0.0D+00 1.5D-08 0.0D+00       23      157       23      230  S
     11      1   3.4755432732690789D-01 6.7D-07 0.0D+00 5.2D-01 0.0D+00       10       72       11      110  F
     11      1   3.2632853653004312D-01 8.5D-09 0.0D+00 7.6D-08 0.0D+00       24      176       24      240  S
     11      1   2.8680639581022188D-01 5.6D-09 0.0D+00 5.8D-09 0.0D+00       22      156       22      220  S
     11      1   2.8111714366597323D-01 5.8D-09 0.0D+00 3.0D-07 0.0D+00       23      192       23      230  S
     11      1   3.0022138297152579D-01 7.7D-09 0.0D+00 8.9D-09 0.0D+00       21      165       21      210  S
     11      1   2.8111714366902102D-01 5.8D-09 0.0D+00 2.3D-08 0.0D+00       24      217       24      240  S
     11      1   2.7218427755765373D-01 7.5D-09 0.0D+00 1.1D-09 0.0D+00       22      149       22      220  S
     11      1   2.7218427755752367D-01 7.5D-09 0.0D+00 5.2D-09 0.0D+00       21      175       21      210  S
     11      1   2.7218427755785063D-01 7.5D-09 0.0D+00 9.6D-09 0.0D+00       22      153       22      220  S
     11      1   2.8680639580924655D-01 5.6D-09 0.0D+00 6.1D-11 0.0D+00       22      158       22      220  S
     11      1   2.8497537449441779D-01 5.9D-09 0.0D+00 4.9D-09 0.0D+00       21      164       21      210  S
     11      1   2.7218427755281804D-01 7.5D-09 0.0D+00 3.1D-07 0.0D+00       23      141       23      230  S
     11      1   2.7218427755789498D-01 7.5D-09 0.0D+00 3.5D-09 0.0D+00       22      160       22      220  S
     11      1   2.7218427755245111D-01 7.5D-09 0.0D+00 3.1D-07 0.0D+00       22      168       22      220  S
     11      1   2.8111714366652168D-01 5.8D-09 0.0D+00 2.3D-07 0.0D+00       24      190       24      240  S
     11      1   2.7218427755779867D-01 7.5D-09 0.0D+00 1.8D-10 0.0D+00       22      163       22      220  S
     11      1   2.8111714366889051D-01 5.8D-09 0.0D+00 7.3D-09 0.0D+00       22      185       22      220  S
     11      1   2.8680639580925021D-01 5.6D-09 0.0D+00 8.1D-09 0.0D+00       21      169       21      210  S
     11      1   2.8111714366867058D-01 5.8D-09 0.0D+00 2.0D-09 0.0D+00       22      161       22      220  S
     11      1   2.8543205338819755D-01 5.9D-09 0.0D+00 4.6D-09 0.0D+00       21      128       21      210  S
     11      1   2.7218427755736158D-01 7.5D-09 0.0D+00 1.9D-09 0.0D+00       21      153       21      210  S
     11      1   2.7218427755769170D-01 7.5D-09 0.0D+00 1.3D-09 0.0D+00       21      155       21      210  S
     11      1   2.8111714366859997D-01 5.8D-09 0.0D+00 6.4D-09 0.0D+00       22      175       22      220  S
     11      1   2.8111714366666740D-01 5.8D-09 0.0D+00 1.6D-07 0.0D+00       21      162       21      210  S
     11      1   2.7218427755510222D-01 7.5D-09 0.0D+00 1.4D-07 0.0D+00       21      152       21      210  S
     11      1   2.8111714366859808D-01 5.8D-09 0.0D+00 4.8D-09 0.0D+00       21      182       21      210  S
     11      1   2.8382297778192367D-01 5.9D-09 0.0D+00 7.3D-09 0.0D+00       22      174       22      220  S
     11      1   2.8111714366923568D-01 5.8D-09 0.0D+00 7.8D-09 0.0D+00       22      186       22      220  S
     11      1   2.8543205338847033D-01 5.9D-09 0.0D+00 7.5D-09 0.0D+00       22      159       22      220  S
     11      1   2.8680639581063500D-01 5.6D-09 0.0D+00 3.9D-09 0.0D+00       22      165       22      220  S
     11      1   2.8436583998412163D-01 6.2D-09 0.0D+00 3.3D-07 0.0D+00       22      195       22      220  S
     11      1   2.7218427755346292D-01 7.5D-09 0.0D+00 3.3D-07 0.0D+00       24      156       24      240  S
     11      1   2.8382297777888926D-01 5.9D-09 0.0D+00 3.2D-07 0.0D+00       23      158       23      230  S
     11      1   2.8111714366840285D-01 5.8D-09 0.0D+00 5.9D-08 0.0D+00       24      171       24      240  S
     11      1   2.7549196648702240D-01 5.1D-09 0.0D+00 3.7D-09 0.0D+00       21      164       21      210  S
     11      1   2.8111714366554291D-01 5.8D-09 0.0D+00 3.0D-07 0.0D+00       22      158       22      220  S
     11      1   2.7218427755326413D-01 7.5D-09 0.0D+00 3.2D-07 0.0D+00       24      185       24      240  S
     11      1   2.8111714366799384D-01 5.8D-09 0.0D+00 7.7D-08 0.0D+00       22      180       22      220  S
     11      1   2.8436583998808534D-01 6.2D-09 0.0D+00 2.1D-09 0.0D+00       22      206       22      220  S
     11      1   2.8446063219259882D-01 6.1D-09 0.0D+00 2.7D-08 0.0D+00       23      173       23      230  S
     11      1   2.8382297777971938D-01 5.9D-09 0.0D+00 1.8D-07 0.0D+00       23      172       23      230  S
     11      1   2.7218427755295344D-01 7.5D-09 0.0D+00 3.2D-07 0.0D+00       23      209       23      230  S
     11      1   2.8111714366892976D-01 5.8D-09 0.0D+00 5.0D-09 0.0D+00       23      167       23      230  S
     11      1   2.8111714366921903D-01 5.8D-09 0.0D+00 5.2D-09 0.0D+00       22      170       22      220  S
     11      1   2.8382297778186999D-01 5.9D-09 0.0D+00 2.1D-08 0.0D+00       24      185       24      240  S
     11      1   2.7218427755542807D-01 7.5D-09 0.0D+00 1.5D-07 0.0D+00       23      166       23      230  S
     11      1   2.7218427755329705D-01 7.5D-09 0.0D+00 3.3D-07 0.0D+00       24      215       24      240  S
     11      1   2.7218427755852753D-01 7.5D-09 0.0D+00 6.9D-09 0.0D+00       22      165       22      220  S
     11      1   2.8111714366868362D-01 5.8D-09 0.0D+00 1.8D-09 0.0D+00       22      148       22      220  S
     11      1   2.7218427755568492D-01 7.5D-09 0.0D+00 1.2D-07 0.0D+00       22      170       22      220  S
     11      1   2.9564160179007576D-01 6.2D-09 0.0D+00 3.1D-09 0.0D+00       22      153       22      220  S
     11      1   2.8382297778146698D-01 5.9D-09 0.0D+00 2.2D-09 0.0D+00       22      145       22      220  S
     11      1   2.8436583998829151D-01 6.2D-09 0.0D+00 4.9D-09 0.0D+00       22      196       22      220  S
     11      1   2.8111714366850965D-01 5.8D-09 0.0D+00 7.1D-09 0.0D+00       21      181       21      210  S
     11      1   2.7218427755755847D-01 7.5D-09 0.0D+00 2.3D-08 0.0D+00       23      193       23      230  S
     11      1   2.8680639581018913D-01 5.6D-09 0.0D+00 9.1D-10 0.0D+00       22      187       22      220  S
     11      1   2.7218427755471081D-01 7.5D-09 0.0D+00 2.3D-07 0.0D+00       23      170       23      230  S
     11      1   2.7218427755787322D-01 7.5D-09 0.0D+00 5.8D-09 0.0D+00       22      144       22      220  S
     11      1   2.8111714366751178D-01 5.8D-09 0.0D+00 1.2D-07 0.0D+00       23      183       23      230  S
     11      1   2.8543205338843652D-01 5.9D-09 0.0D+00 3.3D-09 0.0D+00       22      164       22      220  S
     11      1   3.0021408098652747D-01 7.7D-09 0.0D+00 3.3D-07 0.0D+00       23      181       23      230  S
     11      1   2.8111714366856272D-01 5.8D-09 0.0D+00 6.2D-10 0.0D+00       22      172       22      220  S
     11      1   2.8680639580913514D-01 5.6D-09 0.0D+00 3.4D-09 0.0D+00       22      148       22      220  S
     11      1   2.8382297778202209D-01 5.9D-09 0.0D+00 6.6D-09 0.0D+00       22      148       22      220  S
     11      1   2.8543205338557387D-01 5.9D-09 0.0D+00 3.3D-07 0.0D+00       23      162       23      230  S
     11      1   2.8436583998736770D-01 6.2D-09 0.0D+00 4.6D-09 0.0D+00       21      181       21      210  S
     11      1   2.8111714366889057D-01 5.8D-09 0.0D+00 7.1D-10 0.0D+00       23      182       23      230  S
     11      1   2.8111714366872670D-01 5.8D-09 0.0D+00 3.1D-08 0.0D+00       24      196       24      240  S
     11      1   2.8111714366864732D-01 5.8D-09 0.0D+00 6.7D-09 0.0D+00       21      176       21      210  S
     11      1   3.0021408098805630D-01 7.7D-09 0.0D+00 2.4D-07 0.0D+00       23      170       23      230  S
     11      1   2.8436583998603293D-01 6.2D-09 0.0D+00 1.6D-07 0.0D+00       24      180       24      240  S
