     13      1   2.3608578678608463D-01 5.5D-09 0.0D+00 8.1D-09 0.0D+00       22      125       22      220  S
     13      1   2.7145986628226920D-01 8.4D-09 0.0D+00 3.6D-09 0.0D+00       21      144       21      210  S
     13      1   2.3608578678603043D-01 5.5D-09 0.0D+00 9.3D-09 0.0D+00       22      133       22      220  S
     13      1   2.8382297778206467D-01 5.9D-09 0.0D+00 8.1D-09 0.0D+00       22      148       22      220  S
     13      1   2.3608578678584324D-01 5.5D-09 0.0D+00 5.4D-09 0.0D+00       22      142       22      220  S
     13      1   2.8382297777992888D-01 5.9D-09 0.0D+00 1.5D-07 0.0D+00       24      187       24      240  S
     13      1   2.6669069777677357D-01 6.6D-09 0.0D+00 1.4D-09 0.0D+00       22      170       22      220  S
     13      1   2.3608578678581590D-01 5.5D-09 0.0D+00 5.4D-09 0.0D+00       22      131       22      220  S
     13      1   2.7145986628218066D-01 8.4D-09 0.0D+00 3.5D-10 0.0D+00       21      134       21      210  S
     13      1   2.3608578678593023D-01 5.5D-09 0.0D+00 5.7D-09 0.0D+00       22      130       22      220  S
     13      1   2.3608578678592651D-01 5.5D-09 0.0D+00 3.0D-09 0.0D+00       22      123       22      220  S
     13      1   2.3608578678583197D-01 5.5D-09 0.0D+00 5.1D-09 0.0D+00       22      121       22      220  S
     13      1   2.3608578678601413D-01 5.5D-09 0.0D+00 8.0D-09 0.0D+00       22      135       22      220  S
     13      1   2.6669069777645754D-01 6.6D-09 0.0D+00 7.8D-10 0.0D+00       21      142       21      210  S
     13      1   2.3608578678585673D-01 5.5D-09 0.0D+00 1.8D-09 0.0D+00       22      128       22      220  S
     13      1   2.3608578678586817D-01 5.5D-09 0.0D+00 1.4D-09 0.0D+00       22      127       22      220  S
     13      1   2.7145986603555600D-01 8.4D-09 0.0D+00 2.4D-10 0.0D+00       22      170       22      220  S
     13      1   2.3608578678538483D-01 5.5D-09 0.0D+00 7.4D-09 0.0D+00       21      125       21      210  S
     13      1   2.3608578678578485D-01 5.5D-09 0.0D+00 6.6D-09 0.0D+00       22      128       22      220  S
     13      1   2.3608578678584646D-01 5.5D-09 0.0D+00 9.1D-09 0.0D+00       22      141       22      220  S
     13      1   2.3608578678591047D-01 5.5D-09 0.0D+00 4.0D-09 0.0D+00       22      122       22      220  S
     13      1   2.3608578678591607D-01 5.5D-09 0.0D+00 2.2D-09 0.0D+00       22      126       22      220  S
     13      1   2.3608578678588291D-01 5.5D-09 0.0D+00 4.7D-09 0.0D+00       22      122       22      220  S
     13      1   2.3608578678561704D-01 5.5D-09 0.0D+00 8.6D-09 0.0D+00       21      117       21      210  S
     13      1   2.3608578678594319D-01 5.5D-09 0.0D+00 1.3D-09 0.0D+00       22      123       22      220  S
     13      1   2.3608578678591399D-01 5.5D-09 0.0D+00 1.4D-09 0.0D+00       22      123       22      220  S
     13      1   2.6669069777666421D-01 6.6D-09 0.0D+00 5.7D-09 0.0D+00       22      170       22      220  S
     13      1   2.6669069777797727D-01 6.6D-09 0.0D+00 1.6D-08 0.0D+00       23      169       23      230  S
     13      1   2.3608578678588332D-01 5.5D-09 0.0D+00 1.3D-09 0.0D+00       22      136       22      220  S
     13      1   2.3608578678586195D-01 5.5D-09 0.0D+00 6.7D-09 0.0D+00       22      123       22      220  S
     13      1   2.7145986628018876D-01 8.4D-09 0.0D+00 6.6D-09 0.0D+00       21      158       21      210  S
     13      1   2.3608578678585487D-01 5.5D-09 0.0D+00 4.1D-09 0.0D+00       22      148       22      220  S
     13      1   2.3608578678593448D-01 5.5D-09 0.0D+00 1.3D-08 0.0D+00       23      143       23      230  S
     13      1   2.3608578678601785D-01 5.5D-09 0.0D+00 7.2D-09 0.0D+00       22      158       22      220  S
     13      1   2.3608578678591371D-01 5.5D-09 0.0D+00 5.3D-09 0.0D+00       22      141       22      220  S
     13      1   2.3608578678599071D-01 5.5D-09 0.0D+00 1.7D-09 0.0D+00       22      133       22      220  S
     13      1   2.3608578678589126D-01 5.5D-09 0.0D+00 9.7D-09 0.0D+00       22      133       22      220  S
     13      1   2.6669069777445215D-01 6.6D-09 0.0D+00 1.5D-07 0.0D+00       23      177       23      230  S
     13      1   2.3608578678595962D-01 5.5D-09 0.0D+00 6.9D-09 0.0D+00       22      134       22      220  S
     13      1   2.6669069777796983D-01 6.6D-09 0.0D+00 4.7D-09 0.0D+00       22      174       22      220  S
     13      1   2.7145986626716506D-01 8.4D-09 0.0D+00 1.6D-09 0.0D+00       22      185       22      220  S
     13      1   2.3608578678586253D-01 5.5D-09 0.0D+00 7.0D-09 0.0D+00       22      121       22      220  S
     13      1   2.3608578678589393D-01 5.5D-09 0.0D+00 9.2D-09 0.0D+00       22      132       22      220  S
     13      1   2.6669069777639814D-01 6.6D-09 0.0D+00 7.2D-08 0.0D+00       23      166       23      230  S
     13      1   2.3608578678584455D-01 5.5D-09 0.0D+00 4.2D-10 0.0D+00       22      126       22      220  S
     13      1   2.6669069777249821D-01 6.6D-09 0.0D+00 3.3D-07 0.0D+00       23      194       23      230  S
     13      1   2.3608578678589079D-01 5.5D-09 0.0D+00 2.1D-09 0.0D+00       22      128       22      220  S
     13      1   2.3608578678588885D-01 5.5D-09 0.0D+00 3.2D-09 0.0D+00       22      132       22      220  S
     13      1   2.3608578678604181D-01 5.5D-09 0.0D+00 8.5D-09 0.0D+00       22      132       22      220  S
     13      1   1.2203201404818274D-01 4.9D-01 0.0D+00 1.0D+00 0.0D+00        0        0        1       10  F
     13      1   2.6669069777786530D-01 6.6D-09 0.0D+00 3.2D-09 0.0D+00       22      162       22      220  S
     13      1   2.7145986628202512D-01 8.4D-09 0.0D+00 5.4D-09 0.0D+00       20      166       20      200  S
     13      1   2.3608578678578793D-01 5.5D-09 0.0D+00 3.1D-09 0.0D+00       22      121       22      220  S
     13      1   2.3608578678590181D-01 5.5D-09 0.0D+00 7.8D-09 0.0D+00       22      131       22      220  S
     13      1   2.7287445172764857D-01 6.0D-09 0.0D+00 3.4D-09 0.0D+00       22      186       22      220  S
     13      1   2.3608578678578868D-01 5.5D-09 0.0D+00 7.9D-09 0.0D+00       22      152       22      220  S
     13      1   2.3608578678604061D-01 5.5D-09 0.0D+00 1.7D-08 0.0D+00       23      131       23      230  S
     13      1   2.3608578678600306D-01 5.5D-09 0.0D+00 1.1D-09 0.0D+00       22      119       22      220  S
     13      1   2.3608578678578424D-01 5.5D-09 0.0D+00 6.8D-09 0.0D+00       22      134       22      220  S
     13      1   2.7287445172680375D-01 6.0D-09 0.0D+00 1.0D-09 0.0D+00       21      149       21      210  S
     13      1   2.3608578678563483D-01 5.5D-09 0.0D+00 7.0D-09 0.0D+00       21      117       21      210  S
     13      1   2.3608578678595168D-01 5.5D-09 0.0D+00 7.9D-09 0.0D+00       22      126       22      220  S
     13      1   2.3608578678597994D-01 5.5D-09 0.0D+00 2.5D-09 0.0D+00       22      117       22      220  S
     13      1   2.3608578678587100D-01 5.5D-09 0.0D+00 2.3D-09 0.0D+00       22      136       22      220  S
     13      1   2.3608578678593317D-01 5.5D-09 0.0D+00 9.1D-09 0.0D+00       22      123       22      220  S
     13      1   2.6669069777354182D-01 6.6D-09 0.0D+00 3.4D-07 0.0D+00       23      155       23      230  S
     13      1   2.3608578678592881D-01 5.5D-09 0.0D+00 9.9D-10 0.0D+00       22      128       22      220  S
     13      1   2.3608578678591488D-01 5.5D-09 0.0D+00 9.1D-09 0.0D+00       22      129       22      220  S
     13      1   2.3608578678585943D-01 5.5D-09 0.0D+00 2.7D-09 0.0D+00       22      151       22      220  S
     13      1   2.3608578678602396D-01 5.5D-09 0.0D+00 5.4D-09 0.0D+00       22      138       22      220  S
     13      1   2.3608578678594166D-01 5.5D-09 0.0D+00 9.0D-10 0.0D+00       22      122       22      220  S
     13      1   2.3608578678588851D-01 5.5D-09 0.0D+00 4.2D-09 0.0D+00       22      123       22      220  S
     13      1   2.3608578678584066D-01 5.5D-09 0.0D+00 8.6D-09 0.0D+00       22      133       22      220  S
     13      1   2.3608578678556599D-01 5.5D-09 0.0D+00 7.6D-09 0.0D+00       21      118       21      210  S
     13      1   2.3608578678572478D-01 5.5D-09 0.0D+00 2.8D-10 0.0D+00       21      119       21      210  S
     13      1   2.3608578678592337D-01 5.5D-09 0.0D+00 8.2D-09 0.0D+00       22      120       22      220  S
     13      1   2.3608578678599748D-01 5.5D-09 0.0D+00 4.9D-09 0.0D+00       22      125       22      220  S
     13      1   2.3608578678592554D-01 5.5D-09 0.0D+00 1.2D-09 0.0D+00       22      134       22      220  S
     13      1   2.6669069777714555D-01 6.6D-09 0.0D+00 2.3D-08 0.0D+00       22      142       22      220  S
     13      1   2.3608578678593761D-01 5.5D-09 0.0D+00 5.0D-09 0.0D+00       22      138       22      220  S
     13      1   2.3608578678594763D-01 5.5D-09 0.0D+00 9.9D-09 0.0D+00       22      133       22      220  S
     13      1   2.3608578678581835D-01 5.5D-09 0.0D+00 4.6D-09 0.0D+00       21      113       21      210  S
     13      1   2.3608578678607503D-01 5.5D-09 0.0D+00 3.4D-09 0.0D+00       22      128       22      220  S
     13      1   2.3608578678588804D-01 5.5D-09 0.0D+00 3.1D-09 0.0D+00       22      122       22      220  S
     13      1   2.3608578678591646D-01 5.5D-09 0.0D+00 1.5D-09 0.0D+00       22      122       22      220  S
     13      1   2.3608578678589548D-01 5.5D-09 0.0D+00 3.4D-10 0.0D+00       22      141       22      220  S
     13      1   2.3608578678607009D-01 5.5D-09 0.0D+00 4.4D-10 0.0D+00       22      118       22      220  S
     13      1   2.3608578678579337D-01 5.5D-09 0.0D+00 3.3D-09 0.0D+00       22      121       22      220  S
 no information
     13      1   2.6669069777630955D-01 6.6D-09 0.0D+00 4.8D-10 0.0D+00       22      172       22      220  S
     13      1   2.3608578678603651D-01 5.5D-09 0.0D+00 2.3D-09 0.0D+00       21      137       21      210  S
     13      1   2.3608578678547310D-01 5.5D-09 0.0D+00 4.2D-09 0.0D+00       21      156       21      210  S
     13      1   2.6829639682445389D-01 6.7D-09 0.0D+00 1.9D-07 0.0D+00       24      179       24      240  S
     13      1   2.3608578678597941D-01 5.5D-09 0.0D+00 7.1D-09 0.0D+00       22      120       22      220  S
     13      1   2.8382297778158772D-01 5.9D-09 0.0D+00 2.1D-08 0.0D+00       24      177       24      240  S
     13      1   2.3608578678584849D-01 5.5D-09 0.0D+00 3.2D-09 0.0D+00       22      143       22      220  S
     13      1   2.7145986625478447D-01 8.4D-09 0.0D+00 2.5D-07 0.0D+00       23      177       23      230  S
     13      1   2.3608578678586573D-01 5.5D-09 0.0D+00 9.6D-09 0.0D+00       22      124       22      220  S
     13      1   2.3608578678596820D-01 5.5D-09 0.0D+00 6.7D-09 0.0D+00       22      117       22      220  S
     13      1   2.3608578678588171D-01 5.5D-09 0.0D+00 3.1D-09 0.0D+00       22      120       22      220  S
     13      1   2.3608578678588207D-01 5.5D-09 0.0D+00 7.5D-10 0.0D+00       22      125       22      220  S
     13      1   2.3608578678586051D-01 5.5D-09 0.0D+00 3.4D-09 0.0D+00       22      132       22      220  S
     13      1   2.3608578678578832D-01 5.5D-09 0.0D+00 9.8D-09 0.0D+00       22      128       22      220  S
     13      1   2.3608578678589970D-01 5.5D-09 0.0D+00 3.4D-10 0.0D+00       22      127       22      220  S
     13      1   2.3608578678601930D-01 5.5D-09 0.0D+00 6.6D-09 0.0D+00       22      129       22      220  S
     13      1   2.3608578678583231D-01 5.5D-09 0.0D+00 1.0D-09 0.0D+00       20      107       20      200  S
     13      1   2.3608578678587430D-01 5.5D-09 0.0D+00 3.3D-09 0.0D+00       22      126       22      220  S
     13      1   2.6829639682714418D-01 6.7D-09 0.0D+00 2.7D-09 0.0D+00       22      179       22      220  S
     13      1   2.3608578678582248D-01 5.5D-09 0.0D+00 3.0D-09 0.0D+00       22      127       22      220  S
     13      1   2.6669069777502080D-01 6.6D-09 0.0D+00 1.1D-07 0.0D+00       24      190       24      240  S
     13      1   2.3608578678590020D-01 5.5D-09 0.0D+00 4.5D-09 0.0D+00       22      143       22      220  S
     13      1   2.3608578678598460D-01 5.5D-09 0.0D+00 7.6D-09 0.0D+00       22      123       22      220  S
     13      1   2.3608578678571887D-01 5.5D-09 0.0D+00 3.6D-09 0.0D+00       21      114       21      210  S
     13      1   2.3608578678602490D-01 5.5D-09 0.0D+00 5.3D-09 0.0D+00       22      132       22      220  S
     13      1   2.3608578678584685D-01 5.5D-09 0.0D+00 3.0D-09 0.0D+00       22      119       22      220  S
     13      1   2.3608578678571557D-01 5.5D-09 0.0D+00 5.9D-09 0.0D+00       21      125       21      210  S
     13      1   2.3608578678565426D-01 5.5D-09 0.0D+00 2.2D-11 0.0D+00       21      121       21      210  S
     13      1   2.3608578678587325D-01 5.5D-09 0.0D+00 3.1D-09 0.0D+00       22      130       22      220  S
     13      1   2.3608578678596470D-01 5.5D-09 0.0D+00 4.0D-09 0.0D+00       22      127       22      220  S
     13      1   2.3608578678591591D-01 5.5D-09 0.0D+00 8.1D-09 0.0D+00       22      121       22      220  S
     13      1   2.3608578678564351D-01 5.5D-09 0.0D+00 6.3D-09 0.0D+00       21      112       21      210  S
     13      1   2.3608578678590142D-01 5.5D-09 0.0D+00 7.4D-09 0.0D+00       22      146       22      220  S
     13      1   2.3608578678586262D-01 5.5D-09 0.0D+00 9.1D-09 0.0D+00       22      115       22      220  S
     13      1   2.3608578678612421D-01 5.5D-09 0.0D+00 3.6D-09 0.0D+00       22      126       22      220  S
     13      1   2.3608578678572420D-01 5.5D-09 0.0D+00 5.4D-10 0.0D+00       20      115       20      200  S
     13      1   2.3608578678594563D-01 5.5D-09 0.0D+00 8.1D-09 0.0D+00       22      128       22      220  S
     13      1   2.6669069777631510D-01 6.6D-09 0.0D+00 5.3D-09 0.0D+00       21      134       21      210  S
     13      1   2.6669069777647358D-01 6.6D-09 0.0D+00 8.6D-09 0.0D+00       22      167       22      220  S
     13      1   2.6669069777665316D-01 6.6D-09 0.0D+00 1.6D-09 0.0D+00       22      172       22      220  S
     13      1   2.3608578678595504D-01 5.5D-09 0.0D+00 2.3D-09 0.0D+00       22      121       22      220  S
     13      1   2.3608578678596870D-01 5.5D-09 0.0D+00 3.1D-09 0.0D+00       22      130       22      220  S
     13      1   2.7466162912021391D-01 5.9D-09 0.0D+00 9.4D-09 0.0D+00       21      143       21      210  S
     13      1   2.3608578678596681D-01 5.5D-09 0.0D+00 3.6D-09 0.0D+00       22      132       22      220  S
     13      1   2.7145986627388458D-01 8.4D-09 0.0D+00 3.2D-07 0.0D+00       23      161       23      230  S
     13      1   2.3608578678589764D-01 5.5D-09 0.0D+00 6.7D-09 0.0D+00       22      130       22      220  S
     13      1   2.3608578678569994D-01 5.5D-09 0.0D+00 5.8D-09 0.0D+00       21      111       21      210  S
     13      1   2.3608578678594519D-01 5.5D-09 0.0D+00 6.1D-09 0.0D+00       22      143       22      220  S
     13      1   2.6829639682486722D-01 6.7D-09 0.0D+00 1.6D-07 0.0D+00       24      179       24      240  S
     13      1   2.6669069777228283D-01 6.6D-09 0.0D+00 3.2D-07 0.0D+00       22      135       22      220  S
     13      1   2.3608578678596856D-01 5.5D-09 0.0D+00 7.7D-09 0.0D+00       22      123       22      220  S
     13      1   2.3608578678597866D-01 5.5D-09 0.0D+00 2.7D-09 0.0D+00       22      130       22      220  S
     13      1   2.6669069777251098D-01 6.6D-09 0.0D+00 2.6D-07 0.0D+00       22      147       22      220  S
     13      1   2.3608578678591807D-01 5.5D-09 0.0D+00 9.3D-09 0.0D+00       22      128       22      220  S
     13      1   2.3608578678580514D-01 5.5D-09 0.0D+00 2.8D-09 0.0D+00       22      122       22      220  S
     13      1   2.3608578678590689D-01 5.5D-09 0.0D+00 1.3D-09 0.0D+00       22      123       22      220  S
     13      1   2.3608578678600955D-01 5.5D-09 0.0D+00 2.2D-08 0.0D+00       23      130       23      230  S
     13      1   2.8382297778154253D-01 5.9D-09 0.0D+00 2.2D-09 0.0D+00       22      135       22      220  S
     13      1   2.3608578678598752D-01 5.5D-09 0.0D+00 3.8D-09 0.0D+00       22      155       22      220  S
     13      1   2.3608578678575909D-01 5.5D-09 0.0D+00 1.3D-09 0.0D+00       22      119       22      220  S
     13      1   2.3608578678581074D-01 5.5D-09 0.0D+00 1.8D-09 0.0D+00       22      133       22      220  S
     13      1   2.3608578678598316D-01 5.5D-09 0.0D+00 8.5D-09 0.0D+00       22      136       22      220  S
     13      1   2.3608578678603637D-01 5.5D-09 0.0D+00 1.6D-09 0.0D+00       22      139       22      220  S
     13      1   2.3608578678581349D-01 5.5D-09 0.0D+00 6.7D-09 0.0D+00       22      126       22      220  S
     13      1   2.3608578678611369D-01 5.5D-09 0.0D+00 4.5D-08 0.0D+00       23      138       23      230  S
     13      1   2.6669069784341837D-01 6.6D-09 0.0D+00 3.1D-07 0.0D+00       23      191       23      230  S
     13      1   2.3608578678595493D-01 5.5D-09 0.0D+00 8.7D-09 0.0D+00       22      116       22      220  S
     13      1   2.3608578678586062D-01 5.5D-09 0.0D+00 9.7D-09 0.0D+00       22      118       22      220  S
     13      1   2.3608578678595540D-01 5.5D-09 0.0D+00 3.8D-09 0.0D+00       22      124       22      220  S
     13      1   2.3608578678596845D-01 5.5D-09 0.0D+00 1.0D-08 0.0D+00       22      135       22      220  S
     13      1   2.7145986628036756D-01 8.4D-09 0.0D+00 3.4D-09 0.0D+00       21      137       21      210  S
     13      1   2.3608578678582565D-01 5.5D-09 0.0D+00 6.1D-09 0.0D+00       22      125       22      220  S
     13      1   2.3608578678574657D-01 5.5D-09 0.0D+00 4.0D-09 0.0D+00       22      128       22      220  S
     13      1   2.8382297778160720D-01 5.9D-09 0.0D+00 6.4D-09 0.0D+00       22      149       22      220  S
     13      1   2.3608578678591233D-01 5.5D-09 0.0D+00 3.3D-09 0.0D+00       22      135       22      220  S
     13      1   2.3608578678593306D-01 5.5D-09 0.0D+00 8.5D-09 0.0D+00       22      124       22      220  S
     13      1   2.3608578678582948D-01 5.5D-09 0.0D+00 7.3D-09 0.0D+00       22      121       22      220  S
     13      1   2.3608578678586142D-01 5.5D-09 0.0D+00 1.7D-09 0.0D+00       22      129       22      220  S
     13      1   2.3608578678605946D-01 5.5D-09 0.0D+00 1.9D-09 0.0D+00       22      131       22      220  S
     13      1   2.6669069777568383D-01 6.6D-09 0.0D+00 3.6D-09 0.0D+00       20      129       20      200  S
     13      1   2.6669069777245591D-01 6.6D-09 0.0D+00 3.2D-07 0.0D+00       23      160       23      230  S
     13      1   2.3608578678587822D-01 5.5D-09 0.0D+00 6.4D-10 0.0D+00       22      115       22      220  S
     13      1   2.6669069777720139D-01 6.6D-09 0.0D+00 4.4D-09 0.0D+00       22      165       22      220  S
     13      1   2.3608578678591019D-01 5.5D-09 0.0D+00 3.9D-09 0.0D+00       22      130       22      220  S
     13      1   2.7145986627992719D-01 8.4D-09 0.0D+00 3.4D-09 0.0D+00       21      140       21      210  S
     13      1   2.3608578678588804D-01 5.5D-09 0.0D+00 7.6D-09 0.0D+00       22      124       22      220  S
     13      1   2.3608578678589037D-01 5.5D-09 0.0D+00 7.9D-10 0.0D+00       22      137       22      220  S
     13      1   2.7145986628127294D-01 8.4D-09 0.0D+00 6.4D-09 0.0D+00       21      143       21      210  S
     13      1   2.3608578678588865D-01 5.5D-09 0.0D+00 8.9D-10 0.0D+00       22      124       22      220  S
     13      1   2.3608578678585704D-01 5.5D-09 0.0D+00 9.5D-09 0.0D+00       22      134       22      220  S
     13      1   2.3608578678588496D-01 5.5D-09 0.0D+00 3.3D-09 0.0D+00       22      130       22      220  S
     13      1   2.3608578678597039D-01 5.5D-09 0.0D+00 4.3D-08 0.0D+00       23      132       23      230  S
     13      1   2.3608578678593650D-01 5.5D-09 0.0D+00 5.8D-09 0.0D+00       22      127       22      220  S
     13      1   2.7287445172631386D-01 6.0D-09 0.0D+00 5.7D-08 0.0D+00       23      204       23      230  S
     13      1   2.3608578678604994D-01 5.5D-09 0.0D+00 6.0D-09 0.0D+00       22      123       22      220  S
     13      1   2.3608578678583542D-01 5.5D-09 0.0D+00 3.4D-09 0.0D+00       22      119       22      220  S
     13      1   2.6669069777271698D-01 6.6D-09 0.0D+00 3.1D-07 0.0D+00       22      158       22      220  S
     13      1   2.6829639682715234D-01 6.7D-09 0.0D+00 9.3D-09 0.0D+00       22      153       22      220  S
     13      1   2.3608578678603068D-01 5.5D-09 0.0D+00 1.7D-09 0.0D+00       22      143       22      220  S
     13      1   2.7466162912036524D-01 5.9D-09 0.0D+00 1.9D-09 0.0D+00       21      142       21      210  S
     13      1   2.3608578678595002D-01 5.5D-09 0.0D+00 2.5D-08 0.0D+00       23      136       23      230  S
     13      1   2.3608578678598505D-01 5.5D-09 0.0D+00 1.2D-09 0.0D+00       22      120       22      220  S
     13      1   2.3608578678582332D-01 5.5D-09 0.0D+00 3.8D-09 0.0D+00       22      127       22      220  S
     13      1   2.3608578678588554D-01 5.5D-09 0.0D+00 9.5D-09 0.0D+00       22      137       22      220  S
     13      1   2.3608578678592460D-01 5.5D-09 0.0D+00 5.7D-09 0.0D+00       22      123       22      220  S
     13      1   2.3608578678581052D-01 5.5D-09 0.0D+00 2.6D-09 0.0D+00       22      118       22      220  S
     13      1   2.3608578678603107D-01 5.5D-09 0.0D+00 3.8D-09 0.0D+00       22      121       22      220  S
     13      1   2.3608578678599068D-01 5.5D-09 0.0D+00 6.9D-10 0.0D+00       22      128       22      220  S
     13      1   2.6669069784502641D-01 6.6D-09 0.0D+00 1.6D-07 0.0D+00       23      177       23      230  S
     13      1   2.3608578678566672D-01 5.5D-09 0.0D+00 5.8D-09 0.0D+00       21      109       21      210  S
     13      1   2.3608578678576542D-01 5.5D-09 0.0D+00 6.7D-09 0.0D+00       22      117       22      220  S
     13      1   2.3608578678583073D-01 5.5D-09 0.0D+00 3.9D-09 0.0D+00       22      120       22      220  S
     13      1   2.3608578678597478D-01 5.5D-09 0.0D+00 7.9D-09 0.0D+00       22      146       22      220  S
     13      1   2.3608578678594383D-01 5.5D-09 0.0D+00 8.1D-09 0.0D+00       22      121       22      220  S
     13      1   2.7285824073316428D-01 6.2D-09 0.0D+00 1.2D-08 0.0D+00       23      179       23      230  S
     13      1   2.3608578678579592D-01 5.5D-09 0.0D+00 2.5D-09 0.0D+00       22      130       22      220  S
     13      1   2.3608578678607561D-01 5.5D-09 0.0D+00 6.6D-09 0.0D+00       22      130       22      220  S
     13      1   2.3608578678574504D-01 5.5D-09 0.0D+00 1.0D-08 0.0D+00       21      115       21      210  S
     13      1   2.3608578678583761D-01 5.5D-09 0.0D+00 7.5D-09 0.0D+00       22      119       22      220  S
     13      1   2.3608578678578759D-01 5.5D-09 0.0D+00 7.7D-09 0.0D+00       22      123       22      220  S
     13      1   2.6829639682547718D-01 6.7D-09 0.0D+00 1.1D-07 0.0D+00       24      190       24      240  S
     13      1   2.7145986626085944D-01 8.4D-09 0.0D+00 2.2D-10 0.0D+00       21      168       21      210  S
     13      1   2.8382297778165932D-01 5.9D-09 0.0D+00 1.5D-08 0.0D+00       23      199       23      230  S
     13      1   2.8382297778205356D-01 5.9D-09 0.0D+00 8.1D-09 0.0D+00       22      153       22      220  S
     13      1   2.3608578678579589D-01 5.5D-09 0.0D+00 8.2D-09 0.0D+00       22      127       22      220  S
     13      1   2.3608578678571060D-01 5.5D-09 0.0D+00 6.5D-09 0.0D+00       22      122       22      220  S
     13      1   2.3608578678575404D-01 5.5D-09 0.0D+00 9.1D-09 0.0D+00       22      134       22      220  S
     13      1   2.3608578678584893D-01 5.5D-09 0.0D+00 1.3D-09 0.0D+00       22      116       22      220  S
     13      1   2.3608578678593176D-01 5.5D-09 0.0D+00 7.5D-09 0.0D+00       22      125       22      220  S
     13      1   2.3608578678597666D-01 5.5D-09 0.0D+00 6.8D-09 0.0D+00       22      116       22      220  S
     13      1   2.3608578678590303D-01 5.5D-09 0.0D+00 1.1D-09 0.0D+00       22      130       22      220  S
     13      1   2.3608578678576123D-01 5.5D-09 0.0D+00 8.2D-09 0.0D+00       22      122       22      220  S
     13      1   2.3608578678599923D-01 5.5D-09 0.0D+00 3.7D-10 0.0D+00       22      152       22      220  S
     13      1   2.3608578678584843D-01 5.5D-09 0.0D+00 4.4D-09 0.0D+00       22      124       22      220  S
     13      1   2.7145986627239738D-01 8.4D-09 0.0D+00 4.1D-09 0.0D+00       22      162       22      220  S
     13      1   2.7145986628162927D-01 8.4D-09 0.0D+00 1.0D-08 0.0D+00       22      157       22      220  S
     13      1   2.3608578678584097D-01 5.5D-09 0.0D+00 5.8D-09 0.0D+00       22      141       22      220  S
     13      1   2.3608578678588890D-01 5.5D-09 0.0D+00 1.6D-09 0.0D+00       22      120       22      220  S
     13      1   2.3608578678573164D-01 5.5D-09 0.0D+00 2.9D-09 0.0D+00       22      129       22      220  S
     13      1   3.0021408098733060D-01 7.7D-09 0.0D+00 3.3D-07 0.0D+00       24      205       24      240  S
     13      1   2.7466162911981468D-01 5.9D-09 0.0D+00 7.7D-09 0.0D+00       21      131       21      210  S
     13      1   2.3608578678566081D-01 5.5D-09 0.0D+00 3.1D-10 0.0D+00       21      117       21      210  S
     13      1   2.6669069777448712D-01 6.6D-09 0.0D+00 1.5D-07 0.0D+00       24      205       24      240  S
     13      1   2.3608578678610526D-01 5.5D-09 0.0D+00 2.9D-09 0.0D+00       22      131       22      220  S
     13      1   2.8382297778191490D-01 5.9D-09 0.0D+00 3.4D-08 0.0D+00       24      175       24      240  S
     13      1   2.3608578678605532D-01 5.5D-09 0.0D+00 9.9D-09 0.0D+00       22      123       22      220  S
     13      1   2.3608578678604616D-01 5.5D-09 0.0D+00 4.9D-10 0.0D+00       22      124       22      220  S
     13      1   2.6669069777612486D-01 6.6D-09 0.0D+00 2.7D-09 0.0D+00       21      135       21      210  S
     13      1   2.3608578678582792D-01 5.5D-09 0.0D+00 3.1D-09 0.0D+00       22      117       22      220  S
     13      1   2.6669069777247217D-01 6.6D-09 0.0D+00 3.2D-07 0.0D+00       23      172       23      230  S
     13      1   2.3608578678592074D-01 5.5D-09 0.0D+00 9.0D-09 0.0D+00       22      123       22      220  S
     13      1   2.8382297778199322D-01 5.9D-09 0.0D+00 7.3D-09 0.0D+00       22      146       22      220  S
     13      1   2.3608578678574763D-01 5.5D-09 0.0D+00 1.2D-09 0.0D+00       22      129       22      220  S
     13      1   2.3608578678607425D-01 5.5D-09 0.0D+00 1.5D-09 0.0D+00       22      136       22      220  S
     13      1   2.6669069777633519D-01 6.6D-09 0.0D+00 5.4D-10 0.0D+00       22      171       22      220  S
     13      1   2.3608578678572498D-01 5.5D-09 0.0D+00 9.0D-09 0.0D+00       22      121       22      220  S
     13      1   2.3608578678596201D-01 5.5D-09 0.0D+00 9.7D-09 0.0D+00       22      122       22      220  S
     13      1   2.3608578678589795D-01 5.5D-09 0.0D+00 1.3D-10 0.0D+00       22      122       22      220  S
     13      1   2.6669069777616089D-01 6.6D-09 0.0D+00 2.9D-09 0.0D+00       21      140       21      210  S
     13      1   2.3608578678554590D-01 5.5D-09 0.0D+00 1.2D-09 0.0D+00       22      149       22      220  S
     13      1   2.3608578678578238D-01 5.5D-09 0.0D+00 7.9D-09 0.0D+00       22      123       22      220  S
     13      1   2.3608578678600187D-01 5.5D-09 0.0D+00 4.9D-09 0.0D+00       22      133       22      220  S
     13      1   2.3608578678563938D-01 5.5D-09 0.0D+00 4.7D-09 0.0D+00       21      114       21      210  S
     13      1   2.3608578678582484D-01 5.5D-09 0.0D+00 5.2D-09 0.0D+00       22      126       22      220  S
     13      1   2.6669069777644416D-01 6.6D-09 0.0D+00 7.2D-08 0.0D+00       23      172       23      230  S
     13      1   2.3608578678589018D-01 5.5D-09 0.0D+00 5.4D-09 0.0D+00       22      128       22      220  S
     13      1   2.6669069777420007D-01 6.6D-09 0.0D+00 2.8D-07 0.0D+00       23      149       23      230  S
     13      1   2.3608578678583342D-01 5.5D-09 0.0D+00 8.7D-09 0.0D+00       22      149       22      220  S
     13      1   2.3608578678590819D-01 5.5D-09 0.0D+00 2.7D-09 0.0D+00       22      124       22      220  S
     13      1   2.3608578678589229D-01 5.5D-09 0.0D+00 3.8D-09 0.0D+00       22      118       22      220  S
     13      1   2.6669069777730048D-01 6.6D-09 0.0D+00 7.3D-10 0.0D+00       22      158       22      220  S
     13      1   2.3608578678595907D-01 5.5D-09 0.0D+00 8.6D-11 0.0D+00       22      130       22      220  S
     13      1   2.3608578678595279D-01 5.5D-09 0.0D+00 5.5D-09 0.0D+00       22      124       22      220  S
     13      1   2.3608578678591480D-01 5.5D-09 0.0D+00 1.5D-10 0.0D+00       22      144       22      220  S
     13      1   2.8382297777865767D-01 5.9D-09 0.0D+00 3.0D-07 0.0D+00       22      167       22      220  S
     13      1   2.3608578678597417D-01 5.5D-09 0.0D+00 2.4D-09 0.0D+00       21      141       21      210  S
     13      1   2.3608578678601960D-01 5.5D-09 0.0D+00 5.2D-09 0.0D+00       22      125       22      220  S
     13      1   2.6669069777347615D-01 6.6D-09 0.0D+00 3.0D-07 0.0D+00       23      183       23      230  S
     13      1   2.3608578678595304D-01 5.5D-09 0.0D+00 7.2D-09 0.0D+00       22      131       22      220  S
     13      1   2.3608578678614586D-01 5.5D-09 0.0D+00 2.9D-08 0.0D+00       23      152       23      230  S
     13      1   1.3644371960021406D-01 4.2D-01 0.0D+00 1.0D+00 0.0D+00        0        0        1       10  F
     13      1   2.3608578678587672D-01 5.5D-09 0.0D+00 8.2D-09 0.0D+00       22      123       22      220  S
     13      1   2.3608578678606387D-01 5.5D-09 0.0D+00 1.8D-09 0.0D+00       22      133       22      220  S
     13      1   2.6829639682423251D-01 6.7D-09 0.0D+00 2.1D-07 0.0D+00       23      178       23      230  S
     13      1   2.3608578678600844D-01 5.5D-09 0.0D+00 9.3D-09 0.0D+00       22      116       22      220  S
     13      1   2.3608578678583797D-01 5.5D-09 0.0D+00 2.2D-09 0.0D+00       22      125       22      220  S
     13      1   2.6669069777410181D-01 6.6D-09 0.0D+00 2.7D-07 0.0D+00       24      195       24      240  S
     13      1   2.6829639682633410D-01 6.7D-09 0.0D+00 3.7D-08 0.0D+00       23      173       23      230  S
     13      1   2.3608578678598441D-01 5.5D-09 0.0D+00 8.0D-09 0.0D+00       22      135       22      220  S
     13      1   2.3608578678588846D-01 5.5D-09 0.0D+00 4.6D-09 0.0D+00       22      128       22      220  S
     13      1   2.8382297778157711D-01 5.9D-09 0.0D+00 2.2D-09 0.0D+00       22      133       22      220  S
     13      1   2.3608578678582853D-01 5.5D-09 0.0D+00 2.0D-09 0.0D+00       22      129       22      220  S
     13      1   2.3608578678600978D-01 5.5D-09 0.0D+00 5.3D-09 0.0D+00       22      139       22      220  S
     13      1   2.3608578678590178D-01 5.5D-09 0.0D+00 5.8D-09 0.0D+00       22      121       22      220  S
     13      1   2.3608578678582012D-01 5.5D-09 0.0D+00 4.9D-09 0.0D+00       22      124       22      220  S
     13      1   2.3608578678602235D-01 5.5D-09 0.0D+00 1.8D-09 0.0D+00       22      126       22      220  S
     13      1   2.3608578678582548D-01 5.5D-09 0.0D+00 3.3D-09 0.0D+00       22      138       22      220  S
     13      1   2.6829639682737083D-01 6.7D-09 0.0D+00 2.1D-08 0.0D+00       24      175       24      240  S
     13      1   2.3608578678598025D-01 5.5D-09 0.0D+00 8.6D-09 0.0D+00       22      119       22      220  S
     13      1   2.3608578678593028D-01 5.5D-09 0.0D+00 2.6D-08 0.0D+00       23      134       23      230  S
     13      1   2.3608578678602474D-01 5.5D-09 0.0D+00 6.1D-08 0.0D+00       23      143       23      230  S
     13      1   2.3608578678597350D-01 5.5D-09 0.0D+00 3.7D-09 0.0D+00       22      134       22      220  S
     13      1   2.6669069777698184D-01 6.6D-09 0.0D+00 1.0D-08 0.0D+00       22      173       22      220  S
     13      1   2.3608578678592970D-01 5.5D-09 0.0D+00 3.2D-09 0.0D+00       22      143       22      220  S
     13      1   2.3608578678598274D-01 5.5D-09 0.0D+00 9.2D-09 0.0D+00       22      119       22      220  S
     13      1   2.6669069777632176D-01 6.6D-09 0.0D+00 3.0D-10 0.0D+00       21      205       21      210  S
     13      1   2.3608578678589437D-01 5.5D-09 0.0D+00 8.8D-09 0.0D+00       22      121       22      220  S
     13      1   2.3608578678590358D-01 5.5D-09 0.0D+00 6.5D-09 0.0D+00       22      115       22      220  S
     13      1   2.3608578678588424D-01 5.5D-09 0.0D+00 6.4D-09 0.0D+00       22      125       22      220  S
     13      1   2.7218427755885699D-01 7.5D-09 0.0D+00 8.1D-09 0.0D+00       22      139       22      220  S
     13      1   2.3608578678596717D-01 5.5D-09 0.0D+00 9.3D-09 0.0D+00       22      124       22      220  S
     13      1   2.3608578678606809D-01 5.5D-09 0.0D+00 1.5D-08 0.0D+00       23      127       23      230  S
     13      1   2.3608578678581782D-01 5.5D-09 0.0D+00 6.9D-09 0.0D+00       22      125       22      220  S
     13      1   2.3608578678582495D-01 5.5D-09 0.0D+00 2.7D-09 0.0D+00       22      121       22      220  S
     13      1   2.3608578678597472D-01 5.5D-09 0.0D+00 7.0D-09 0.0D+00       22      125       22      220  S
     13      1   2.3608578678565148D-01 5.5D-09 0.0D+00 1.7D-09 0.0D+00       21      115       21      210  S
     13      1   2.3608578678601214D-01 5.5D-09 0.0D+00 3.5D-09 0.0D+00       22      129       22      220  S
     13      1   2.3608578678592895D-01 5.5D-09 0.0D+00 6.6D-09 0.0D+00       22      130       22      220  S
     13      1   2.7218427755749963D-01 7.5D-09 0.0D+00 2.9D-09 0.0D+00       21      163       21      210  S
     13      1   2.3608578678584588D-01 5.5D-09 0.0D+00 4.5D-09 0.0D+00       22      123       22      220  S
     13      1   2.7145986628231156D-01 8.4D-09 0.0D+00 8.1D-09 0.0D+00       21      186       21      210  S
     13      1   2.3608578678593889D-01 5.5D-09 0.0D+00 1.1D-09 0.0D+00       22      147       22      220  S
     13      1   2.3608578678583225D-01 5.5D-09 0.0D+00 3.2D-09 0.0D+00       22      132       22      220  S
     13      1   2.3608578678544442D-01 5.5D-09 0.0D+00 5.2D-09 0.0D+00       22      179       22      220  S
     13      1   2.3608578678609710D-01 5.5D-09 0.0D+00 6.1D-09 0.0D+00       22      125       22      220  S
     13      1   2.8382297778208759D-01 5.9D-09 0.0D+00 4.6D-09 0.0D+00       22      184       22      220  S
     13      1   2.3608578678587561D-01 5.5D-09 0.0D+00 5.3D-10 0.0D+00       22      123       22      220  S
     13      1   2.3608578678587777D-01 5.5D-09 0.0D+00 2.3D-09 0.0D+00       22      121       22      220  S
     13      1   2.3608578678600570D-01 5.5D-09 0.0D+00 5.7D-09 0.0D+00       22      123       22      220  S
     13      1   2.3608578678577125D-01 5.5D-09 0.0D+00 7.3D-09 0.0D+00       22      127       22      220  S
     13      1   2.7285824028865474D-01 6.2D-09 0.0D+00 2.3D-09 0.0D+00       21      194       21      210  S
     13      1   2.3608578678584191D-01 5.5D-09 0.0D+00 2.8D-10 0.0D+00       22      125       22      220  S
     13      1   2.3608578678597236D-01 5.5D-09 0.0D+00 4.5D-09 0.0D+00       22      131       22      220  S
     13      1   2.7145986625970858D-01 8.4D-09 0.0D+00 3.2D-09 0.0D+00       21      169       21      210  S
     13      1   2.3608578678600223D-01 5.5D-09 0.0D+00 5.8D-09 0.0D+00       22      122       22      220  S
     13      1   2.3608578678593814D-01 5.5D-09 0.0D+00 2.0D-09 0.0D+00       22      128       22      220  S
     13      1   2.3608578678580786D-01 5.5D-09 0.0D+00 7.2D-09 0.0D+00       22      122       22      220  S
     13      1   2.6669069777305388D-01 6.6D-09 0.0D+00 2.8D-07 0.0D+00       23      171       23      230  S
     13      1   2.3608578678593709D-01 5.5D-09 0.0D+00 2.8D-09 0.0D+00       22      119       22      220  S
     13      1   2.6669069777645210D-01 6.6D-09 0.0D+00 1.9D-09 0.0D+00       22      166       22      220  S
     13      1   2.3608578678585088D-01 5.5D-09 0.0D+00 5.8D-09 0.0D+00       22      134       22      220  S
     13      1   2.3608578678579228D-01 5.5D-09 0.0D+00 9.5D-09 0.0D+00       22      123       22      220  S
     13      1   2.3608578678588185D-01 5.5D-09 0.0D+00 6.7D-09 0.0D+00       22      126       22      220  S
     13      1   2.3608578678601916D-01 5.5D-09 0.0D+00 2.9D-08 0.0D+00       23      125       23      230  S
     13      1   2.6669069777649845D-01 6.6D-09 0.0D+00 1.8D-09 0.0D+00       22      179       22      220  S
     13      1   2.3608578678579614D-01 5.5D-09 0.0D+00 8.8D-09 0.0D+00       21      118       21      210  S
     13      1   2.3608578678616152D-01 5.5D-09 0.0D+00 5.4D-09 0.0D+00       22      131       22      220  S
     13      1   2.3608578678587422D-01 5.5D-09 0.0D+00 3.4D-11 0.0D+00       22      120       22      220  S
     13      1   2.3608578678601072D-01 5.5D-09 0.0D+00 5.9D-09 0.0D+00       22      143       22      220  S
     13      1   2.6829639682769424D-01 6.7D-09 0.0D+00 8.0D-10 0.0D+00       22      171       22      220  S
     13      1   2.3608578678582076D-01 5.5D-09 0.0D+00 3.2D-09 0.0D+00       22      127       22      220  S
     13      1   2.3608578678578829D-01 5.5D-09 0.0D+00 2.3D-09 0.0D+00       22      123       22      220  S
     13      1   2.3608578678586956D-01 5.5D-09 0.0D+00 2.8D-09 0.0D+00       22      144       22      220  S
     13      1   2.6669069784711247D-01 6.6D-09 0.0D+00 6.4D-09 0.0D+00       22      161       22      220  S
     13      1   2.3608578678585443D-01 5.5D-09 0.0D+00 2.0D-09 0.0D+00       22      137       22      220  S
     13      1   2.3608578678581865D-01 5.5D-09 0.0D+00 7.4D-09 0.0D+00       21      112       21      210  S
     13      1   2.3608578678591596D-01 5.5D-09 0.0D+00 4.3D-09 0.0D+00       22      115       22      220  S
     13      1   2.3608578678581160D-01 5.5D-09 0.0D+00 8.2D-09 0.0D+00       22      161       22      220  S
     13      1   2.6669069777801047D-01 6.6D-09 0.0D+00 4.9D-09 0.0D+00       22      179       22      220  S
     13      1   2.8382297778206905D-01 5.9D-09 0.0D+00 9.9D-09 0.0D+00       22      152       22      220  S
     13      1   2.3608578678580486D-01 5.5D-09 0.0D+00 4.3D-09 0.0D+00       22      111       22      220  S
     13      1   2.3608578678589714D-01 5.5D-09 0.0D+00 8.1D-09 0.0D+00       22      132       22      220  S
     13      1   2.3608578678590825D-01 5.5D-09 0.0D+00 3.8D-09 0.0D+00       22      120       22      220  S
     13      1   2.3608578678592076D-01 5.5D-09 0.0D+00 9.5D-09 0.0D+00       22      136       22      220  S
     13      1   2.7467796869736361D-01 7.0D-02 0.0D+00 9.3D+18 0.0D+00       21     5182       22      220  S
     13      1   2.3608578678575584D-01 5.5D-09 0.0D+00 1.0D-09 0.0D+00       22      117       22      220  S
     13      1   2.3608578678580858D-01 5.5D-09 0.0D+00 9.4D-09 0.0D+00       22      120       22      220  S
     13      1   2.3608578678578679D-01 5.5D-09 0.0D+00 5.6D-11 0.0D+00       22      134       22      220  S
     13      1   2.3608578678575046D-01 5.5D-09 0.0D+00 6.7D-09 0.0D+00       22      132       22      220  S
     13      1   2.3608578678593192D-01 5.5D-09 0.0D+00 4.7D-09 0.0D+00       22      119       22      220  S
     13      1   2.3608578678579104D-01 5.5D-09 0.0D+00 9.7D-09 0.0D+00       22      125       22      220  S
     13      1   2.3608578678591907D-01 5.5D-09 0.0D+00 4.8D-09 0.0D+00       22      120       22      220  S
     13      1   2.3608578678594433D-01 5.5D-09 0.0D+00 5.2D-09 0.0D+00       22      120       22      220  S
     13      1   2.3608578678592890D-01 5.5D-09 0.0D+00 5.6D-09 0.0D+00       22      125       22      220  S
     13      1   2.3608578678588493D-01 5.5D-09 0.0D+00 1.1D-09 0.0D+00       22      121       22      220  S
     13      1   2.8382297777883658D-01 5.9D-09 0.0D+00 3.0D-07 0.0D+00       23      154       23      230  S
     13      1   2.3608578678599101D-01 5.5D-09 0.0D+00 6.7D-09 0.0D+00       22      137       22      220  S
     13      1   2.7145986628299407D-01 8.4D-09 0.0D+00 8.7D-10 0.0D+00       21      145       21      210  S
     13      1   2.3608578678588088D-01 5.5D-09 0.0D+00 6.8D-09 0.0D+00       22      134       22      220  S
     13      1   2.3608578678579845D-01 5.5D-09 0.0D+00 4.4D-10 0.0D+00       22      145       22      220  S
     13      1   2.3608578678594017D-01 5.5D-09 0.0D+00 8.3D-09 0.0D+00       22      123       22      220  S
     13      1   2.3608578678612718D-01 5.5D-09 0.0D+00 3.7D-09 0.0D+00       22      121       22      220  S
     13      1   2.3608578678601788D-01 5.5D-09 0.0D+00 9.8D-09 0.0D+00       22      133       22      220  S
     13      1   2.3608578678597519D-01 5.5D-09 0.0D+00 5.5D-09 0.0D+00       22      121       22      220  S
     13      1   2.3608578678600084D-01 5.5D-09 0.0D+00 7.2D-09 0.0D+00       22      126       22      220  S
     13      1   2.3608578678579792D-01 5.5D-09 0.0D+00 4.6D-10 0.0D+00       22      123       22      220  S
     13      1   2.6669069777631610D-01 6.6D-09 0.0D+00 1.6D-09 0.0D+00       21      157       21      210  S
     13      1   2.3608578678583847D-01 5.5D-09 0.0D+00 3.4D-09 0.0D+00       22      123       22      220  S
     13      1   2.7145986627700214D-01 8.4D-09 0.0D+00 1.6D-07 0.0D+00       23      185       23      230  S
     13      1   2.3608578678581188D-01 5.5D-09 0.0D+00 9.8D-09 0.0D+00       22      118       22      220  S
     13      1   2.3608578678592534D-01 5.5D-09 0.0D+00 1.7D-09 0.0D+00       22      131       22      220  S
     13      1   2.3608578678595446D-01 5.5D-09 0.0D+00 9.3D-09 0.0D+00       22      133       22      220  S
     13      1   2.6669069777367649D-01 6.6D-09 0.0D+00 2.8D-07 0.0D+00       24      185       24      240  S
     13      1   2.3608578678591632D-01 5.5D-09 0.0D+00 6.1D-09 0.0D+00       22      133       22      220  S
     13      1   2.3608578678609954D-01 5.5D-09 0.0D+00 9.6D-09 0.0D+00       22      120       22      220  S
     13      1   2.6861039008938681D-01 6.6D-09 0.0D+00 4.8D-09 0.0D+00       22      200       22      220  S
     13      1   2.3608578678583089D-01 5.5D-09 0.0D+00 2.0D-09 0.0D+00       22      117       22      220  S
     13      1   2.6829639682702461D-01 6.7D-09 0.0D+00 2.5D-09 0.0D+00       22      137       22      220  S
     13      1   2.3608578678594713D-01 5.5D-09 0.0D+00 3.6D-09 0.0D+00       22      128       22      220  S
     13      1   2.3608578678599854D-01 5.5D-09 0.0D+00 4.3D-09 0.0D+00       22      121       22      220  S
     13      1   2.3608578678581743D-01 5.5D-09 0.0D+00 2.3D-08 0.0D+00       23      132       23      230  S
     13      1   2.3608578678576575D-01 5.5D-09 0.0D+00 9.3D-09 0.0D+00       22      131       22      220  S
     13      1   2.3608578678591199D-01 5.5D-09 0.0D+00 6.9D-10 0.0D+00       22      122       22      220  S
     13      1   2.3608578678600642D-01 5.5D-09 0.0D+00 9.8D-09 0.0D+00       22      126       22      220  S
     13      1   2.3608578678603645D-01 5.5D-09 0.0D+00 4.3D-10 0.0D+00       22      122       22      220  S
     13      1   2.3608578678583789D-01 5.5D-09 0.0D+00 1.3D-09 0.0D+00       22      116       22      220  S
     13      1   2.3608578678608155D-01 5.5D-09 0.0D+00 7.3D-09 0.0D+00       22      133       22      220  S
     13      1   2.3608578678590658D-01 5.5D-09 0.0D+00 1.9D-09 0.0D+00       22      123       22      220  S
     13      1   2.3608578678586570D-01 5.5D-09 0.0D+00 6.8D-09 0.0D+00       22      126       22      220  S
     13      1   2.3608578678607905D-01 5.5D-09 0.0D+00 4.8D-09 0.0D+00       22      142       22      220  S
     13      1   2.3608578678579961D-01 5.5D-09 0.0D+00 5.6D-09 0.0D+00       22      113       22      220  S
     13      1   2.3608578678588130D-01 5.5D-09 0.0D+00 1.2D-09 0.0D+00       22      120       22      220  S
     13      1   2.3608578678593156D-01 5.5D-09 0.0D+00 2.5D-08 0.0D+00       23      147       23      230  S
     13      1   2.3608578678596287D-01 5.5D-09 0.0D+00 1.2D-09 0.0D+00       22      122       22      220  S
     13      1   2.3608578678578215D-01 5.5D-09 0.0D+00 1.5D-10 0.0D+00       22      121       22      220  S
     13      1   2.3608578678591449D-01 5.5D-09 0.0D+00 1.4D-09 0.0D+00       22      135       22      220  S
     13      1   2.3608578678587389D-01 5.5D-09 0.0D+00 3.4D-10 0.0D+00       22      133       22      220  S
     13      1   2.3608578678562475D-01 5.5D-09 0.0D+00 8.1D-09 0.0D+00       21      119       21      210  S
     13      1   2.3608578678593545D-01 5.5D-09 0.0D+00 3.9D-09 0.0D+00       22      132       22      220  S
     13      1   2.3608578678595002D-01 5.5D-09 0.0D+00 5.9D-09 0.0D+00       22      127       22      220  S
     13      1   2.3608578678585593D-01 5.5D-09 0.0D+00 7.6D-09 0.0D+00       22      125       22      220  S
     13      1   2.3608578678599840D-01 5.5D-09 0.0D+00 8.3D-09 0.0D+00       22      124       22      220  S
     13      1   2.3608578678594833D-01 5.5D-09 0.0D+00 9.4D-09 0.0D+00       22      118       22      220  S
     13      1   2.3608578678595926D-01 5.5D-09 0.0D+00 7.9D-10 0.0D+00       22      123       22      220  S
     13      1   2.3608578678586484D-01 5.5D-09 0.0D+00 7.7D-09 0.0D+00       22      123       22      220  S
     13      1   2.3608578678627914D-01 5.5D-09 0.0D+00 2.2D-09 0.0D+00       22      135       22      220  S
     13      1   2.3608578678594919D-01 5.5D-09 0.0D+00 5.1D-09 0.0D+00       22      120       22      220  S
     13      1   2.8382297777938559D-01 5.9D-09 0.0D+00 2.7D-07 0.0D+00       23      162       23      230  S
     13      1   2.3608578678585662D-01 5.5D-09 0.0D+00 1.7D-09 0.0D+00       22      117       22      220  S
     13      1   2.3608578678603176D-01 5.5D-09 0.0D+00 8.2D-09 0.0D+00       22      128       22      220  S
     13      1   2.3608578678593989D-01 5.5D-09 0.0D+00 8.5D-10 0.0D+00       22      125       22      220  S
     13      1   2.3608578678592479D-01 5.5D-09 0.0D+00 5.2D-11 0.0D+00       22      127       22      220  S
     13      1   2.3608578678595732D-01 5.5D-09 0.0D+00 4.3D-09 0.0D+00       22      122       22      220  S
     13      1   2.3608578678588552D-01 5.5D-09 0.0D+00 7.9D-09 0.0D+00       22      122       22      220  S
     13      1   2.3608578678595607D-01 5.5D-09 0.0D+00 2.5D-09 0.0D+00       22      135       22      220  S
     13      1   2.6669069777662924D-01 6.6D-09 0.0D+00 3.5D-09 0.0D+00       22      158       22      220  S
     13      1   2.3608578678595152D-01 5.5D-09 0.0D+00 6.5D-09 0.0D+00       22      131       22      220  S
     13      1   2.3608578678595685D-01 5.5D-09 0.0D+00 7.5D-09 0.0D+00       22      161       22      220  S
     13      1   2.3608578678585024D-01 5.5D-09 0.0D+00 9.3D-09 0.0D+00       22      147       22      220  S
     13      1   2.3608578678592504D-01 5.5D-09 0.0D+00 5.8D-09 0.0D+00       22      157       22      220  S
     13      1   2.3608578678591755D-01 5.5D-09 0.0D+00 6.1D-09 0.0D+00       22      134       22      220  S
     13      1   2.6669069777626553D-01 6.6D-09 0.0D+00 4.4D-09 0.0D+00       22      175       22      220  S
     13      1   2.3608578678593942D-01 5.5D-09 0.0D+00 8.1D-09 0.0D+00       22      125       22      220  S
     13      1   2.3608578678613762D-01 5.5D-09 0.0D+00 6.6D-09 0.0D+00       22      126       22      220  S
     13      1   2.3608578678575828D-01 5.5D-09 0.0D+00 1.3D-08 0.0D+00       23      141       23      230  S
     13      1   2.6669069777459659D-01 6.6D-09 0.0D+00 1.5D-07 0.0D+00       24      191       24      240  S
     13      1   2.6861039008987203D-01 6.6D-09 0.0D+00 3.0D-09 0.0D+00       22      160       22      220  S
     13      1   2.3608578678602268D-01 5.5D-09 0.0D+00 2.3D-09 0.0D+00       22      149       22      220  S
     13      1   2.3608578678556458D-01 5.5D-09 0.0D+00 1.4D-09 0.0D+00       21      110       21      210  S
     13      1   2.7145986628222141D-01 8.4D-09 0.0D+00 6.8D-10 0.0D+00       21      146       21      210  S
     13      1   2.3608578678560749D-01 5.5D-09 0.0D+00 7.1D-10 0.0D+00       21      113       21      210  S
     13      1   2.3608578678540909D-01 5.5D-09 0.0D+00 9.0D-09 0.0D+00       22      150       22      220  S
     13      1   2.6829639682514556D-01 6.7D-09 0.0D+00 1.3D-07 0.0D+00       23      165       23      230  S
     13      1   2.3608578678601627D-01 5.5D-09 0.0D+00 6.2D-09 0.0D+00       22      141       22      220  S
     13      1   2.3608578678585718D-01 5.5D-09 0.0D+00 7.0D-09 0.0D+00       22      119       22      220  S
     13      1   2.3608578678596762D-01 5.5D-09 0.0D+00 3.9D-09 0.0D+00       22      121       22      220  S
     13      1   2.6829639682303758D-01 6.7D-09 0.0D+00 3.2D-07 0.0D+00       23      179       23      230  S
     13      1   2.6829639682698608D-01 6.7D-09 0.0D+00 7.9D-09 0.0D+00       22      188       22      220  S
     13      1   2.3608578678590170D-01 5.5D-09 0.0D+00 4.1D-10 0.0D+00       22      120       22      220  S
     13      1   2.3608578678597228D-01 5.5D-09 0.0D+00 4.6D-09 0.0D+00       22      129       22      220  S
     13      1   2.3608578678580094D-01 5.5D-09 0.0D+00 9.1D-09 0.0D+00       22      121       22      220  S
     13      1   2.3608578678602718D-01 5.5D-09 0.0D+00 1.1D-09 0.0D+00       22      125       22      220  S
     13      1   2.3608578678591902D-01 5.5D-09 0.0D+00 2.9D-09 0.0D+00       22      134       22      220  S
     13      1   2.3608578678576728D-01 5.5D-09 0.0D+00 8.1D-09 0.0D+00       22      122       22      220  S
     13      1   2.3608578678589712D-01 5.5D-09 0.0D+00 2.4D-09 0.0D+00       22      124       22      220  S
     13      1   2.3608578678582071D-01 5.5D-09 0.0D+00 8.0D-09 0.0D+00       22      138       22      220  S
     13      1   2.3608578678595615D-01 5.5D-09 0.0D+00 5.9D-09 0.0D+00       22      118       22      220  S
     13      1   2.3608578678600531D-01 5.5D-09 0.0D+00 2.0D-09 0.0D+00       22      153       22      220  S
     13      1   2.3608578678598702D-01 5.5D-09 0.0D+00 6.6D-09 0.0D+00       22      125       22      220  S
     13      1   1.3646992934578098D-01 4.3D-01 0.0D+00 1.0D+00 0.0D+00        0        0        1       10  F
     13      1   2.3608578678560307D-01 5.5D-09 0.0D+00 4.4D-09 0.0D+00       21      122       21      210  S
     13      1   2.6829639682700546D-01 6.7D-09 0.0D+00 4.4D-09 0.0D+00       22      176       22      220  S
     13      1   2.3608578678587308D-01 5.5D-09 0.0D+00 4.4D-09 0.0D+00       22      120       22      220  S
     13      1   2.3608578678586570D-01 5.5D-09 0.0D+00 7.2D-09 0.0D+00       22      118       22      220  S
     13      1   2.6669069777641236D-01 6.6D-09 0.0D+00 7.0D-09 0.0D+00       22      162       22      220  S
     13      1   2.3608578678583089D-01 5.5D-09 0.0D+00 9.3D-09 0.0D+00       22      127       22      220  S
     13      1   2.3608578678586403D-01 5.5D-09 0.0D+00 6.1D-09 0.0D+00       22      127       22      220  S
     13      1   2.3608578678587311D-01 5.5D-09 0.0D+00 4.0D-09 0.0D+00       22      133       22      220  S
     13      1   2.3608578678589776D-01 5.5D-09 0.0D+00 3.0D-09 0.0D+00       22      143       22      220  S
     13      1   2.3608578678585962D-01 5.5D-09 0.0D+00 9.5D-09 0.0D+00       22      124       22      220  S
     13      1   2.3608578678574721D-01 5.5D-09 0.0D+00 6.8D-10 0.0D+00       22      128       22      220  S
     13      1   2.3608578678563111D-01 5.5D-09 0.0D+00 5.8D-09 0.0D+00       21      117       21      210  S
     13      1   2.3608578678609782D-01 5.5D-09 0.0D+00 2.4D-10 0.0D+00       22      123       22      220  S
     13      1   2.3608578678598768D-01 5.5D-09 0.0D+00 2.4D-09 0.0D+00       22      151       22      220  S
     13      1   2.3608578678588357D-01 5.5D-09 0.0D+00 1.3D-09 0.0D+00       22      122       22      220  S
     13      1   2.3608578678592929D-01 5.5D-09 0.0D+00 5.5D-09 0.0D+00       22      118       22      220  S
     13      1   2.6669069764599207D-01 6.6D-09 0.0D+00 2.4D-08 0.0D+00       23      183       23      230  S
     13      1   2.3608578678553208D-01 5.5D-09 0.0D+00 6.0D-09 0.0D+00       22      162       22      220  S
     13      1   2.3608578678588135D-01 5.5D-09 0.0D+00 2.0D-09 0.0D+00       22      118       22      220  S
     13      1   2.6669069777739551D-01 6.6D-09 0.0D+00 8.9D-09 0.0D+00       22      169       22      220  S
     13      1   2.3608578678598813D-01 5.5D-09 0.0D+00 5.8D-09 0.0D+00       22      132       22      220  S
     13      1   2.3608578678584619D-01 5.5D-09 0.0D+00 4.8D-09 0.0D+00       22      116       22      220  S
     13      1   2.5857985399392208D-01 6.3D-09 0.0D+00 1.0D-08 0.0D+00       22      158       22      220  S
     13      1   2.3608578678592276D-01 5.5D-09 0.0D+00 2.7D-09 0.0D+00       22      124       22      220  S
     13      1   2.3608578678605630D-01 5.5D-09 0.0D+00 2.6D-10 0.0D+00       22      122       22      220  S
     13      1   2.6669069777371340D-01 6.6D-09 0.0D+00 3.0D-07 0.0D+00       24      181       24      240  S
     13      1   2.6829639682681350D-01 6.7D-09 0.0D+00 5.9D-09 0.0D+00       22      164       22      220  S
     13      1   2.3608578678593214D-01 5.5D-09 0.0D+00 6.7D-09 0.0D+00       22      120       22      220  S
     13      1   2.3608578678581343D-01 5.5D-09 0.0D+00 6.9D-09 0.0D+00       22      119       22      220  S
     13      1   2.3608578678547562D-01 5.5D-09 0.0D+00 6.0D-09 0.0D+00       21      163       21      210  S
     13      1   2.3608578678609801D-01 5.5D-09 0.0D+00 1.2D-08 0.0D+00       23      129       23      230  S
     13      1   2.3608578678579684D-01 5.5D-09 0.0D+00 5.0D-09 0.0D+00       22      119       22      220  S
     13      1   2.3608578678593575D-01 5.5D-09 0.0D+00 3.8D-10 0.0D+00       22      124       22      220  S
     13      1   2.3608578678587297D-01 5.5D-09 0.0D+00 5.0D-09 0.0D+00       22      124       22      220  S
     13      1   2.3608578678581510D-01 5.5D-09 0.0D+00 4.9D-09 0.0D+00       22      131       22      220  S
     13      1   2.3608578678587974D-01 5.5D-09 0.0D+00 6.2D-10 0.0D+00       22      116       22      220  S
     13      1   2.6669069777456100D-01 6.6D-09 0.0D+00 1.6D-07 0.0D+00       23      219       23      230  S
     13      1   2.3608578678592995D-01 5.5D-09 0.0D+00 7.6D-09 0.0D+00       22      126       22      220  S
     13      1   2.3608578678599454D-01 5.5D-09 0.0D+00 7.4D-09 0.0D+00       22      115       22      220  S
     13      1   2.7145986627947943D-01 8.4D-09 0.0D+00 1.5D-07 0.0D+00       21      160       21      210  S
     13      1   2.3608578678584963D-01 5.5D-09 0.0D+00 8.8D-09 0.0D+00       22      142       22      220  S
