     21      1   1.8529023433728350D-01 5.4D-09 0.0D+00 2.5D-10 0.0D+00       22      220       22      220  S
     21      1   1.8266642033782046D-01 5.5D-09 0.0D+00 3.8D-09 0.0D+00       22      185       22      220  S
     21      1   1.8266642034672459D-01 5.5D-09 0.0D+00 1.1D-07 0.0D+00       23      196       23      230  S
     21      1   1.8266642034534200D-01 5.5D-09 0.0D+00 3.3D-07 0.0D+00       23      185       23      230  S
     21      1   1.8036241277465961D-01 5.3D-09 0.0D+00 1.3D-07 0.0D+00       23      174       23      230  S
 no information
     21      1   1.8402086316031635D-01 5.3D-09 0.0D+00 3.4D-09 0.0D+00       22      192       22      220  S
     21      1   1.8224587591474212D-01 5.4D-09 0.0D+00 2.3D-07 0.0D+00       23      195       23      230  S
     21      1   1.8266642034561645D-01 5.5D-09 0.0D+00 2.9D-07 0.0D+00       23      218       23      230  S
     21      1   2.0724830760125929D-01 1.4D-05 0.0D+00 1.0D+00 0.0D+00       25      209       26      260  S
     21      1   1.8529023433768765D-01 5.4D-09 0.0D+00 8.5D-09 0.0D+00       22      206       22      220  S
     21      1   1.8247753182823662D-01 4.9D-09 0.0D+00 4.7D-09 0.0D+00       22      230       22      220  S
     21      1   1.8266642034779021D-01 5.5D-09 0.0D+00 3.7D-09 0.0D+00       22      172       22      220  S
     21      1   1.8009891497687999D-01 4.8D-09 0.0D+00 7.4D-09 0.0D+00       22      140       22      220  S
     21      1   1.8266642034794936D-01 5.5D-09 0.0D+00 2.9D-09 0.0D+00       22      159       22      220  S
     21      1   1.8247753182724649D-01 4.9D-09 0.0D+00 1.5D-07 0.0D+00       24      212       24      240  S
     21      1   1.8009891497835093D-01 4.8D-09 0.0D+00 5.0D-08 0.0D+00       23      174       23      230  S
     21      1   1.8946300792676232D-01 5.0D-09 0.0D+00 2.8D-08 0.0D+00       23      185       23      230  S
     21      1   1.8402086315892577D-01 5.3D-09 0.0D+00 1.1D-07 0.0D+00       23      200       23      230  S
     21      1   1.8266642034710071D-01 5.5D-09 0.0D+00 2.7D-08 0.0D+00       23      200       23      230  S
     21      1   1.8036241277577289D-01 5.3D-09 0.0D+00 3.6D-08 0.0D+00       24      201       24      240  S
     21      1   1.9186265686907567D-01 5.5D-09 0.0D+00 4.1D-08 0.0D+00       23      213       23      230  S
     21      1   1.8009891497708813D-01 4.8D-09 0.0D+00 4.2D-09 0.0D+00       22      163       22      220  S
     21      1   1.8050439422859316D-01 4.8D-09 0.0D+00 3.0D-07 0.0D+00       23      149       23      230  S
     21      1   1.9186265686945961D-01 5.5D-09 0.0D+00 7.6D-09 0.0D+00       22      180       22      220  S
     21      1   1.8266642034744768D-01 5.5D-09 0.0D+00 3.0D-08 0.0D+00       23      220       23      230  S
     21      1   1.8247753182753107D-01 4.9D-09 0.0D+00 1.8D-09 0.0D+00       21      223       21      210  S
     21      1   1.8247753182837220D-01 4.9D-09 0.0D+00 3.7D-10 0.0D+00       22      195       22      220  S
     21      1   1.8036241277324225D-01 5.3D-09 0.0D+00 3.2D-07 0.0D+00       24      193       24      240  S
     21      1   1.8009891497694105D-01 4.8D-09 0.0D+00 1.0D-09 0.0D+00       22      145       22      220  S
     21      1   1.8009891497700675D-01 4.8D-09 0.0D+00 9.4D-09 0.0D+00       22      135       22      220  S
     21      1   1.8009891497697694D-01 4.8D-09 0.0D+00 9.1D-09 0.0D+00       22      127       22      220  S
     21      1   1.8036241277444318D-01 5.3D-09 0.0D+00 1.6D-07 0.0D+00       23      157       23      230  S
     21      1   1.8266642033796351D-01 5.5D-09 0.0D+00 8.3D-09 0.0D+00       22      178       22      220  S
     21      1   1.8009891497708691D-01 4.8D-09 0.0D+00 5.2D-09 0.0D+00       22      131       22      220  S
     21      1   1.8224587591446012D-01 5.4D-09 0.0D+00 3.3D-07 0.0D+00       23      185       23      230  S
     21      1   1.8009891497677694D-01 4.8D-09 0.0D+00 1.7D-09 0.0D+00       21      127       21      210  S
     21      1   1.8247753182792154D-01 4.9D-09 0.0D+00 4.5D-08 0.0D+00       24      234       24      240  S
     21      1   1.8266642033528338D-01 5.5D-09 0.0D+00 3.0D-07 0.0D+00       23      175       23      230  S
     21      1   1.9186265686775872D-01 5.5D-09 0.0D+00 1.8D-07 0.0D+00       22      184       22      220  S
     21      1   1.8266642034795100D-01 5.5D-09 0.0D+00 3.5D-09 0.0D+00       22      151       22      220  S
     21      1   1.8247753182821783D-01 4.9D-09 0.0D+00 5.7D-09 0.0D+00       22      172       22      220  S
     21      1   1.8266642034479758D-01 5.5D-09 0.0D+00 1.0D-09 0.0D+00       22      205       22      220  S
     21      1   1.8036241277591245D-01 5.3D-09 0.0D+00 6.7D-10 0.0D+00       22      151       22      220  S
     21      1   1.8266642034960165D-01 5.5D-09 0.0D+00 4.8D-08 0.0D+00       25      241       25      250  S
     21      1   1.8009891497700825D-01 4.8D-09 0.0D+00 3.8D-10 0.0D+00       22      145       22      220  S
     21      1   1.9867772184858074D-01 6.5D-09 0.0D+00 5.0D-01 0.0D+00       24      259       24      240  S
     21      1   1.8036241277582155D-01 5.3D-09 0.0D+00 3.4D-08 0.0D+00       23      166       23      230  S
     21      1   1.8036241277580017D-01 5.3D-09 0.0D+00 4.3D-09 0.0D+00       22      133       22      220  S
     21      1   1.9165178769624716D-01 5.8D-09 0.0D+00 7.7D-09 0.0D+00       22      168       22      220  S
     21      1   1.8036241277494425D-01 5.3D-09 0.0D+00 8.5D-08 0.0D+00       23      195       23      230  S
     21      1   1.8224587591430882D-01 5.4D-09 0.0D+00 2.9D-07 0.0D+00       23      186       23      230  S
     21      1   1.8009891497707325D-01 4.8D-09 0.0D+00 1.0D-08 0.0D+00       22      130       22      220  S
     21      1   1.8266642034499150D-01 5.5D-09 0.0D+00 3.3D-07 0.0D+00       23      149       23      230  S
     21      1   1.8266642034777644D-01 5.5D-09 0.0D+00 6.5D-09 0.0D+00       22      175       22      220  S
     21      1   1.8247753182613646D-01 4.9D-09 0.0D+00 2.9D-07 0.0D+00       23      222       23      230  S
     21      1   1.8266642033787131D-01 5.5D-09 0.0D+00 1.5D-08 0.0D+00       23      191       23      230  S
     21      1   1.8266642034831748D-01 5.5D-09 0.0D+00 7.0D-09 0.0D+00       22      171       22      220  S
     21      1   1.8009891497700559D-01 4.8D-09 0.0D+00 4.6D-09 0.0D+00       22      132       22      220  S
     21      1   1.8266642034778430D-01 5.5D-09 0.0D+00 2.2D-09 0.0D+00       22      176       22      220  S
     21      1   1.8036241240463374D-01 5.3D-09 0.0D+00 6.5D-09 0.0D+00       22      148       22      220  S
     21      1   1.8050439423065942D-01 4.8D-09 0.0D+00 3.5D-08 0.0D+00       23      164       23      230  S
     21      1   1.8050439422944364D-01 4.8D-09 0.0D+00 1.5D-07 0.0D+00       23      172       23      230  S
     21      1   1.8247753182766899D-01 4.9D-09 0.0D+00 6.8D-08 0.0D+00       23      208       23      230  S
     21      1   1.8224587591681618D-01 5.4D-09 0.0D+00 1.9D-08 0.0D+00       24      225       24      240  S
     21      1   1.8266642034647027D-01 5.5D-09 0.0D+00 1.0D-07 0.0D+00       23      197       23      230  S
     21      1   1.8009891497709041D-01 4.8D-09 0.0D+00 1.5D-08 0.0D+00       23      149       23      230  S
     21      1   1.8009891497702799D-01 4.8D-09 0.0D+00 2.8D-08 0.0D+00       23      131       23      230  S
     21      1   1.8050439423064771D-01 4.8D-09 0.0D+00 8.9D-09 0.0D+00       22      156       22      220  S
     21      1   1.8266642033685340D-01 5.5D-09 0.0D+00 1.0D-07 0.0D+00       24      205       24      240  S
     21      1   1.8266642034784583D-01 5.5D-09 0.0D+00 2.7D-09 0.0D+00       22      171       22      220  S
     21      1   1.9645300531371457D-01 6.1D-09 0.0D+00 6.1D-09 0.0D+00       22      306       22      220  S
     21      1   1.8009891497701552D-01 4.8D-09 0.0D+00 5.0D-09 0.0D+00       22      147       22      220  S
     21      1   1.8266642034780195D-01 5.5D-09 0.0D+00 2.8D-09 0.0D+00       22      196       22      220  S
     21      1   1.8266642034776684D-01 5.5D-09 0.0D+00 2.1D-10 0.0D+00       22      171       22      220  S
     21      1   1.8009891497703723D-01 4.8D-09 0.0D+00 3.6D-09 0.0D+00       22      130       22      220  S
     21      1   1.8050439423080078D-01 4.8D-09 0.0D+00 7.0D-09 0.0D+00       22      166       22      220  S
     21      1   1.8050439423073342D-01 4.8D-09 0.0D+00 8.0D-10 0.0D+00       22      142       22      220  S
 no information
     21      1   1.8009891497700625D-01 4.8D-09 0.0D+00 5.0D-10 0.0D+00       22      149       22      220  S
     21      1   1.9186265686677026D-01 5.5D-09 0.0D+00 3.1D-07 0.0D+00       23      204       23      230  S
     21      1   1.8050439422851861D-01 4.8D-09 0.0D+00 3.2D-07 0.0D+00       23      192       23      230  S
     21      1   1.8050439423083167D-01 4.8D-09 0.0D+00 1.6D-09 0.0D+00       22      146       22      220  S
     21      1   1.8266642034812144D-01 5.5D-09 0.0D+00 6.2D-09 0.0D+00       22      204       22      220  S
     21      1   1.8050439423046158D-01 4.8D-09 0.0D+00 7.7D-09 0.0D+00       22      174       22      220  S
     21      1   1.8224587591578695D-01 5.4D-09 0.0D+00 1.4D-07 0.0D+00       23      185       23      230  S
     21      1   2.0928560215478886D-01 5.4D-05 0.0D+00 3.2D-01 0.0D+00        1       10        2       20  F
     21      1   1.8224587591667912D-01 5.4D-09 0.0D+00 1.1D-09 0.0D+00       22      160       22      220  S
     21      1   1.9186265686922571D-01 5.5D-09 0.0D+00 6.4D-09 0.0D+00       21      156       21      210  S
     21      1   1.8050439423038814D-01 4.8D-09 0.0D+00 7.8D-09 0.0D+00       21      162       21      210  S
     21      1   1.8009891497695482D-01 4.8D-09 0.0D+00 3.0D-09 0.0D+00       22      128       22      220  S
     21      1   1.8224587592233596D-01 5.4D-09 0.0D+00 3.6D-09 0.0D+00       22      206       22      220  S
     21      1   1.8247753182592863D-01 4.9D-09 0.0D+00 3.1D-07 0.0D+00       24      166       24      240  S
     21      1   1.8036241277581230D-01 5.3D-09 0.0D+00 5.9D-09 0.0D+00       22      174       22      220  S
     21      1   1.8009891497704428D-01 4.8D-09 0.0D+00 9.9D-09 0.0D+00       22      138       22      220  S
     21      1   1.8050439423064457D-01 4.8D-09 0.0D+00 3.6D-09 0.0D+00       22      166       22      220  S
     21      1   1.8017186413078823D-01 1.8D-06 0.0D+00 1.2D-01 0.0D+00       26      238       27      270  S
     21      1   1.8036241277608728D-01 5.3D-09 0.0D+00 8.2D-09 0.0D+00       22      179       22      220  S
     21      1   1.8577766507188057D-01 5.1D-09 0.0D+00 9.3D-09 0.0D+00       21      144       21      210  S
     21      1   1.8036241277582168D-01 5.3D-09 0.0D+00 9.6D-09 0.0D+00       22      177       22      220  S
     21      1   2.0577984419569872D-01 5.1D-09 0.0D+00 4.6D-09 0.0D+00       22      202       22      220  S
     21      1   1.8009891497706557D-01 4.8D-09 0.0D+00 9.4D-09 0.0D+00       22      157       22      220  S
     21      1   1.8266642034786917D-01 5.5D-09 0.0D+00 9.3D-09 0.0D+00       22      209       22      220  S
     21      1   2.0002548137015358D-01 6.6D-09 0.0D+00 3.4D-09 0.0D+00       22      181       22      220  S
     21      1   1.8266642034796077D-01 5.5D-09 0.0D+00 2.1D-08 0.0D+00       24      201       24      240  S
     21      1   1.8577766507094928D-01 5.1D-09 0.0D+00 1.1D-07 0.0D+00       23      160       23      230  S
     21      1   1.8036241277406109D-01 5.3D-09 0.0D+00 2.2D-07 0.0D+00       24      196       24      240  S
     21      1   1.9483761875691707D-01 6.7D-09 0.0D+00 4.7D-10 0.0D+00       22      218       22      220  S
     21      1   1.8009891497696154D-01 4.8D-09 0.0D+00 5.5D-09 0.0D+00       22      135       22      220  S
     21      1   1.8247753182795035D-01 4.9D-09 0.0D+00 2.0D-09 0.0D+00       21      166       21      210  S
     21      1   1.8224587375161447D-01 5.4D-09 0.0D+00 5.1D-05 0.0D+00       23      206       23      230  S
     21      1   1.8402086316048766D-01 5.3D-09 0.0D+00 1.8D-09 0.0D+00       22      168       22      220  S
     21      1   1.8009891497695196D-01 4.8D-09 0.0D+00 4.7D-09 0.0D+00       22      133       22      220  S
     21      1   1.8529023433728875D-01 5.4D-09 0.0D+00 7.6D-09 0.0D+00       21      191       21      210  S
     21      1   1.8009891497693481D-01 4.8D-09 0.0D+00 3.3D-09 0.0D+00       22      135       22      220  S
     21      1   1.8266642034706962D-01 5.5D-09 0.0D+00 6.4D-08 0.0D+00       23      224       23      230  S
     21      1   1.8224587595268868D-01 5.4D-09 0.0D+00 4.2D-09 0.0D+00       22      174       22      220  S
     21      1   1.8050439423020337D-01 4.8D-09 0.0D+00 8.3D-08 0.0D+00       24      194       24      240  S
     21      1   1.8266642034513397D-01 5.5D-09 0.0D+00 3.0D-07 0.0D+00       23      167       23      230  S
     21      1   1.8224587591445710D-01 5.4D-09 0.0D+00 2.9D-07 0.0D+00       23      185       23      230  S
     21      1   1.8266642034629896D-01 5.5D-09 0.0D+00 1.7D-07 0.0D+00       24      172       24      240  S
     21      1   1.9495695441606464D-01 5.8D-09 0.0D+00 1.5D-07 0.0D+00       24      207       24      240  S
     21      1   1.8009891497704530D-01 4.8D-09 0.0D+00 7.6D-09 0.0D+00       22      132       22      220  S
     21      1   1.8316266739930620D-01 5.0D-09 0.0D+00 2.0D-07 0.0D+00       24      180       24      240  S
     21      1   1.8009891497696995D-01 4.8D-09 0.0D+00 2.3D-09 0.0D+00       22      123       22      220  S
     21      1   1.8268018852432891D-01 8.6D-09 0.0D+00 4.2D+05 0.0D+00       25      171       26      260  S
     21      1   1.8050439423057446D-01 4.8D-09 0.0D+00 8.0D-09 0.0D+00       22      168       22      220  S
     21      1   1.8266642034200356D-01 5.5D-09 0.0D+00 3.1D-07 0.0D+00       24      193       24      240  S
     21      1   1.8036241277558210D-01 5.3D-09 0.0D+00 2.7D-09 0.0D+00       22      149       22      220  S
     21      1   1.9186265686936022D-01 5.5D-09 0.0D+00 9.9D-09 0.0D+00       22      184       22      220  S
     21      1   1.9483761875705766D-01 6.7D-09 0.0D+00 2.7D-08 0.0D+00       23      216       23      230  S
     21      1   1.8266642034653496D-01 5.5D-09 0.0D+00 1.5D-07 0.0D+00       23      182       23      230  S
     21      1   1.8266642034794289D-01 5.5D-09 0.0D+00 2.7D-09 0.0D+00       22      197       22      220  S
     21      1   1.8009891497695929D-01 4.8D-09 0.0D+00 6.5D-09 0.0D+00       22      139       22      220  S
     21      1   1.8266642034713046D-01 5.5D-09 0.0D+00 1.1D-08 0.0D+00       24      212       24      240  S
     21      1   1.8266642034786926D-01 5.5D-09 0.0D+00 1.6D-08 0.0D+00       23      186       23      230  S
     21      1   1.9485170617867711D-01 6.6D-09 0.0D+00 6.4D-03 0.0D+00       23      241       23      230  S
     21      1   4.3311030271587647D-01 2.2D-16 0.0D+00 4.3D-01 0.0D+00        3       34        3       30  S
     21      1   1.8009891497706959D-01 4.8D-09 0.0D+00 4.0D-09 0.0D+00       22      132       22      220  S
     21      1   1.8009891497693808D-01 4.8D-09 0.0D+00 2.0D-09 0.0D+00       22      131       22      220  S
     21      1   1.8036241277607076D-01 5.3D-09 0.0D+00 9.2D-09 0.0D+00       22      151       22      220  S
     21      1   2.1334131414070934D-01 3.6D-04 0.0D+00 1.2D-01 0.0D+00        1       10        2       20  F
     21      1   1.8050439422962669D-01 4.8D-09 0.0D+00 1.3D-07 0.0D+00       23      165       23      230  S
     21      1   1.8266642034469641D-01 5.5D-09 0.0D+00 2.8D-07 0.0D+00       23      201       23      230  S
     21      1   1.8036241277566764D-01 5.3D-09 0.0D+00 4.7D-09 0.0D+00       22      154       22      220  S
     21      1   1.8050439423068101D-01 4.8D-09 0.0D+00 9.5D-09 0.0D+00       22      164       22      220  S
     21      1   1.8009891497696534D-01 4.8D-09 0.0D+00 3.6D-09 0.0D+00       22      141       22      220  S
     21      1   1.8009891497708636D-01 4.8D-09 0.0D+00 1.3D-08 0.0D+00       23      140       23      230  S
     21      1   1.8009891497715555D-01 4.8D-09 0.0D+00 5.8D-09 0.0D+00       22      131       22      220  S
     21      1   1.8316266740033332D-01 5.0D-09 0.0D+00 9.6D-08 0.0D+00       23      174       23      230  S
     21      1   1.8009891497706981D-01 4.8D-09 0.0D+00 4.0D-09 0.0D+00       22      129       22      220  S
     21      1   1.8050439423067122D-01 4.8D-09 0.0D+00 3.8D-10 0.0D+00       22      149       22      220  S
     21      1   1.8009891497698755D-01 4.8D-09 0.0D+00 7.2D-09 0.0D+00       22      128       22      220  S
 no information
     21      1   1.8266642034776429D-01 5.5D-09 0.0D+00 4.7D-09 0.0D+00       22      211       22      220  S
     21      1   1.8224587591675165D-01 5.4D-09 0.0D+00 5.7D-09 0.0D+00       22      159       22      220  S
     21      1   1.8036241277462975D-01 5.3D-09 0.0D+00 1.9D-07 0.0D+00       23      188       23      230  S
     21      1   1.8050439423068332D-01 4.8D-09 0.0D+00 7.1D-09 0.0D+00       22      184       22      220  S
     21      1   1.8266642034759331D-01 5.5D-09 0.0D+00 9.7D-09 0.0D+00       22      177       22      220  S
     21      1   1.8266642034816619D-01 5.5D-09 0.0D+00 4.7D-09 0.0D+00       22      163       22      220  S
     21      1   1.8266642034784455D-01 5.5D-09 0.0D+00 3.3D-09 0.0D+00       22      168       22      220  S
     21      1   1.8050439423057935D-01 4.8D-09 0.0D+00 7.9D-09 0.0D+00       22      183       22      220  S
     21      1   1.8009891497707378D-01 4.8D-09 0.0D+00 6.1D-09 0.0D+00       22      147       22      220  S
     21      1   1.8316266740303982D-01 5.0D-09 0.0D+00 6.1D-09 0.0D+00       22      185       22      220  S
     21      1   1.8266642034651384D-01 5.5D-09 0.0D+00 1.6D-07 0.0D+00       23      205       23      230  S
     21      1   1.8266642034773534D-01 5.5D-09 0.0D+00 9.8D-09 0.0D+00       22      178       22      220  S
     21      1   1.8224587595854744D-01 5.4D-09 0.0D+00 1.2D-07 0.0D+00       24      202       24      240  S
     21      1   1.8361234485282529D-01 4.6D-09 0.0D+00 1.2D-08 0.0D+00       24      190       24      240  S
     21      1   1.8009891497699446D-01 4.8D-09 0.0D+00 7.0D-10 0.0D+00       22      135       22      220  S
     21      1   1.8316266739622816D-01 5.0D-09 0.0D+00 2.9D-07 0.0D+00       23      155       23      230  S
     21      1   1.8009891497697875D-01 4.8D-09 0.0D+00 1.4D-09 0.0D+00       22      135       22      220  S
     21      1   1.8266642034781858D-01 5.5D-09 0.0D+00 9.6D-09 0.0D+00       22      165       22      220  S
 no information
     21      1   1.8266642034691574D-01 5.5D-09 0.0D+00 1.4D-07 0.0D+00       24      206       24      240  S
     21      1   1.8266642034584540D-01 5.5D-09 0.0D+00 2.4D-07 0.0D+00       23      228       23      230  S
     21      1   1.8050439423088166D-01 4.8D-09 0.0D+00 3.4D-08 0.0D+00       23      196       23      230  S
     21      1   1.8050439423082565D-01 4.8D-09 0.0D+00 1.0D-09 0.0D+00       22      164       22      220  S
     21      1   1.9186265686831433D-01 5.5D-09 0.0D+00 1.3D-07 0.0D+00       24      220       24      240  S
     21      1   1.8009891497692596D-01 4.8D-09 0.0D+00 7.4D-09 0.0D+00       22      141       22      220  S
     21      1   1.8050439422898540D-01 4.8D-09 0.0D+00 2.5D-07 0.0D+00       23      161       23      230  S
     21      1   1.8402086316042474D-01 5.3D-09 0.0D+00 7.9D-09 0.0D+00       22      193       22      220  S
     21      1   1.8402086316046060D-01 5.3D-09 0.0D+00 9.3D-09 0.0D+00       22      164       22      220  S
     21      1   1.9186265686965973D-01 5.5D-09 0.0D+00 3.4D-09 0.0D+00       22      192       22      220  S
     21      1   1.8009891497827321D-01 4.8D-09 0.0D+00 1.7D-09 0.0D+00       22      204       22      220  S
     21      1   1.8266642034667249D-01 5.5D-09 0.0D+00 1.3D-07 0.0D+00       24      232       24      240  S
     21      1   1.8009891497703234D-01 4.8D-09 0.0D+00 9.9D-09 0.0D+00       22      138       22      220  S
     21      1   1.8266642034629257D-01 5.5D-09 0.0D+00 1.5D-07 0.0D+00       23      184       23      230  S
     21      1   1.8247753182838827D-01 4.9D-09 0.0D+00 1.4D-08 0.0D+00       23      249       23      230  S
     21      1   1.8266642034585348D-01 5.5D-09 0.0D+00 2.1D-07 0.0D+00       23      198       23      230  S
     21      1   1.8224587595456629D-01 5.4D-09 0.0D+00 3.1D-09 0.0D+00       22      189       22      220  S
     21      1   1.8224587591556837D-01 5.4D-09 0.0D+00 1.6D-07 0.0D+00       24      207       24      240  S
     21      1   1.8266642033768254D-01 5.5D-09 0.0D+00 9.4D-10 0.0D+00       22      183       22      220  S
     21      1   1.8266642034529182D-01 5.5D-09 0.0D+00 2.8D-07 0.0D+00       23      196       23      230  S
     21      1   1.8050439422921175D-01 4.8D-09 0.0D+00 2.3D-07 0.0D+00       23      168       23      230  S
     21      1   1.8224587591569108D-01 5.4D-09 0.0D+00 1.6D-07 0.0D+00       23      206       23      230  S
     21      1   1.8009891497706529D-01 4.8D-09 0.0D+00 9.5D-09 0.0D+00       22      135       22      220  S
     21      1   1.8036241277565440D-01 5.3D-09 0.0D+00 1.8D-09 0.0D+00       22      161       22      220  S
     21      1   1.8266642033831090D-01 5.5D-09 0.0D+00 7.2D-09 0.0D+00       22      180       22      220  S
     21      1   1.8247753182817461D-01 4.9D-09 0.0D+00 4.2D-08 0.0D+00       23      201       23      230  S
     21      1   1.8247753182530044D-01 4.9D-09 0.0D+00 3.1D-07 0.0D+00       22      228       22      220  S
     21      1   1.8266642034799194D-01 5.5D-09 0.0D+00 8.8D-09 0.0D+00       22      174       22      220  S
     21      1   1.8036241277577139D-01 5.3D-09 0.0D+00 9.1D-09 0.0D+00       22      144       22      220  S
     21      1   1.8009891497695613D-01 4.8D-09 0.0D+00 6.3D-09 0.0D+00       22      149       22      220  S
     21      1   1.8266642034764205D-01 5.5D-09 0.0D+00 4.4D-09 0.0D+00       22      161       22      220  S
     21      1   1.9550486339842418D-01 6.0D-09 0.0D+00 5.8D-09 0.0D+00       21      179       21      210  S
     21      1   1.8224587591699551D-01 5.4D-09 0.0D+00 2.2D-09 0.0D+00       22      178       22      220  S
     21      1   1.8266642034612413D-01 5.5D-09 0.0D+00 1.4D-07 0.0D+00       23      191       23      230  S
     21      1   1.8009891497694103D-01 4.8D-09 0.0D+00 1.4D-09 0.0D+00       22      123       22      220  S
     21      1   1.8247753182844292D-01 4.9D-09 0.0D+00 2.0D-09 0.0D+00       22      210       22      220  S
     21      1   1.8224587591684624D-01 5.4D-09 0.0D+00 2.3D-09 0.0D+00       22      174       22      220  S
     21      1   1.8402086316046215D-01 5.3D-09 0.0D+00 6.8D-09 0.0D+00       22      173       22      220  S
     21      1   1.8361234485262559D-01 4.6D-09 0.0D+00 3.4D-10 0.0D+00       22      172       22      220  S
     21      1   1.8050439423066797D-01 4.8D-09 0.0D+00 1.2D-08 0.0D+00       23      163       23      230  S
     21      1   1.8361234485290129D-01 4.6D-09 0.0D+00 9.4D-09 0.0D+00       22      151       22      220  S
     21      1   1.3875882587334964D-01 2.2D-01 0.0D+00 1.0D+00 0.0D+00        0        0        1       10  F
     21      1   1.8036241359804775D-01 5.3D-09 0.0D+00 4.3D-09 0.0D+00       22      146       22      220  S
     21      1   1.8009891497680405D-01 4.8D-09 0.0D+00 3.9D-09 0.0D+00       21      130       21      210  S
     21      1   1.8224587591701774D-01 5.4D-09 0.0D+00 2.8D-10 0.0D+00       22      155       22      220  S
     21      1   1.8009891497692390D-01 4.8D-09 0.0D+00 3.8D-09 0.0D+00       22      128       22      220  S
     21      1   1.8036241277558601D-01 5.3D-09 0.0D+00 3.8D-09 0.0D+00       22      132       22      220  S
     21      1   1.9485171801443896D-01 6.6D-09 0.0D+00 6.6D-09 0.0D+00       22      223       22      220  S
     21      1   1.8266642033805885D-01 5.5D-09 0.0D+00 3.0D-08 0.0D+00       24      206       24      240  S
     21      1   1.8009891497705163D-01 4.8D-09 0.0D+00 5.0D-09 0.0D+00       22      123       22      220  S
     21      1   1.9186265686937498D-01 5.5D-09 0.0D+00 6.8D-09 0.0D+00       22      161       22      220  S
     21      1   1.8224587591504965D-01 5.4D-09 0.0D+00 1.8D-07 0.0D+00       23      181       23      230  S
     21      1   1.8266642034820563D-01 5.5D-09 0.0D+00 9.8D-09 0.0D+00       22      175       22      220  S
     21      1   1.8247753182598669D-01 4.9D-09 0.0D+00 3.0D-07 0.0D+00       24      197       24      240  S
     21      1   1.8266642034544070D-01 5.5D-09 0.0D+00 2.8D-07 0.0D+00       23      187       23      230  S
     21      1   1.8247753182769777D-01 4.9D-09 0.0D+00 3.2D-09 0.0D+00       21      179       21      210  S
     21      1   1.8224587591707397D-01 5.4D-09 0.0D+00 3.1D-09 0.0D+00       22      158       22      220  S
     21      1   1.8266642034559338D-01 5.5D-09 0.0D+00 2.7D-07 0.0D+00       24      200       24      240  S
     21      1   1.8577766507211774D-01 5.1D-09 0.0D+00 6.8D-09 0.0D+00       21      162       21      210  S
     21      1   1.8224587591454272D-01 5.4D-09 0.0D+00 2.4D-07 0.0D+00       23      174       23      230  S
     21      1   1.8266642034747999D-01 5.5D-09 0.0D+00 1.8D-08 0.0D+00       23      185       23      230  S
     21      1   1.8036241277433737D-01 5.3D-09 0.0D+00 2.1D-07 0.0D+00       24      173       24      240  S
     21      1   1.8529023433765646D-01 5.4D-09 0.0D+00 7.3D-09 0.0D+00       22      211       22      220  S
     21      1   1.8050439423023990D-01 4.8D-09 0.0D+00 3.3D-08 0.0D+00       24      199       24      240  S
     21      1   1.8036241277526446D-01 5.3D-09 0.0D+00 6.7D-09 0.0D+00       21      128       21      210  S
     21      1   1.8009891497701980D-01 4.8D-09 0.0D+00 4.9D-09 0.0D+00       22      132       22      220  S
     21      1   1.8247753182790452D-01 4.9D-09 0.0D+00 3.7D-09 0.0D+00       22      192       22      220  S
     21      1   1.8050439423051259D-01 4.8D-09 0.0D+00 4.9D-09 0.0D+00       22      132       22      220  S
     21      1   1.8009891497701844D-01 4.8D-09 0.0D+00 4.6D-09 0.0D+00       22      129       22      220  S
     21      1   1.8036241277488713D-01 5.3D-09 0.0D+00 9.1D-08 0.0D+00       23      179       23      230  S
     21      1   1.8266642034497613D-01 5.5D-09 0.0D+00 2.7D-07 0.0D+00       24      182       24      240  S
     21      1   1.8266642033779967D-01 5.5D-09 0.0D+00 9.6D-09 0.0D+00       22      194       22      220  S
     21      1   1.8050439423027353D-01 4.8D-09 0.0D+00 4.8D-08 0.0D+00       24      160       24      240  S
     21      1   1.8266642034744029D-01 5.5D-09 0.0D+00 4.4D-09 0.0D+00       21      191       21      210  S
     21      1   1.8009891497700253D-01 4.8D-09 0.0D+00 5.1D-09 0.0D+00       22      140       22      220  S
     21      1   1.8050439423061188D-01 4.8D-09 0.0D+00 7.5D-09 0.0D+00       21      161       21      210  S
     21      1   1.8266642033793642D-01 5.5D-09 0.0D+00 1.8D-09 0.0D+00       22      183       22      220  S
     21      1   1.8266642034507741D-01 5.5D-09 0.0D+00 3.3D-07 0.0D+00       23      172       23      230  S
     21      1   1.8050439422984399D-01 4.8D-09 0.0D+00 1.3D-07 0.0D+00       24      183       24      240  S
     21      1   1.8050439423081194D-01 4.8D-09 0.0D+00 6.2D-09 0.0D+00       22      155       22      220  S
     21      1   1.8050439422980985D-01 4.8D-09 0.0D+00 1.1D-07 0.0D+00       23      155       23      230  S
     21      1   1.9483761875757352D-01 6.7D-09 0.0D+00 9.8D-09 0.0D+00       22      199       22      220  S
     21      1   1.8009891497691102D-01 4.8D-09 0.0D+00 6.5D-09 0.0D+00       22      141       22      220  S
     21      1   1.8266642034792782D-01 5.5D-09 0.0D+00 1.1D-08 0.0D+00       23      200       23      230  S
     21      1   1.8266642034788694D-01 5.5D-09 0.0D+00 7.0D-09 0.0D+00       22      174       22      220  S
     21      1   1.8050439423077860D-01 4.8D-09 0.0D+00 9.9D-09 0.0D+00       22      172       22      220  S
 no information
     21      1   1.8036241277578147D-01 5.3D-09 0.0D+00 1.3D-09 0.0D+00       22      174       22      220  S
     21      1   1.8266642034775302D-01 5.5D-09 0.0D+00 8.5D-09 0.0D+00       22      168       22      220  S
     21      1   2.0385904777083699D-01 5.9D-09 0.0D+00 5.3D-09 0.0D+00       22      176       22      220  S
     21      1   1.8251374311687704D-01 7.3D-07 0.0D+00 1.4D-01 0.0D+00       25      155       26      260  S
     21      1   1.8036241277326501D-01 5.3D-09 0.0D+00 3.0D-07 0.0D+00       23      168       23      230  S
     21      1   1.8009891497692879D-01 4.8D-09 0.0D+00 7.3D-10 0.0D+00       22      130       22      220  S
     21      1   1.8266642034539174D-01 5.5D-09 0.0D+00 3.4D-07 0.0D+00       23      182       23      230  S
     21      1   1.8009891497691083D-01 4.8D-09 0.0D+00 6.6D-09 0.0D+00       22      124       22      220  S
     21      1   1.8009891497704011D-01 4.8D-09 0.0D+00 2.6D-09 0.0D+00       22      138       22      220  S
     21      1   1.8050439423052964D-01 4.8D-09 0.0D+00 2.7D-08 0.0D+00       23      162       23      230  S
     21      1   2.0033059034135556D-01 5.1D-09 0.0D+00 5.6D-08 0.0D+00       24      209       24      240  S
     21      1   1.8009891497698388D-01 4.8D-09 0.0D+00 4.9D-09 0.0D+00       22      146       22      220  S
     21      1   1.8266642034648267D-01 5.5D-09 0.0D+00 1.5D-07 0.0D+00       24      200       24      240  S
     21      1   1.8036241277354681D-01 5.3D-09 0.0D+00 3.1D-07 0.0D+00       23      152       23      230  S
     21      1   2.0270016875120808D-01 6.2D-09 0.0D+00 3.1D-07 0.0D+00       24      187       24      240  S
     21      1   1.8224587591535593D-01 5.4D-09 0.0D+00 1.5D-07 0.0D+00       23      200       23      230  S
     21      1   1.8266642034687763D-01 5.5D-09 0.0D+00 1.3D-07 0.0D+00       23      195       23      230  S
     21      1   1.8266642033689046D-01 5.5D-09 0.0D+00 1.0D-07 0.0D+00       23      191       23      230  S
     21      1   1.8009891497704394D-01 4.8D-09 0.0D+00 2.5D-08 0.0D+00       23      145       23      230  S
     21      1   1.8224587378520987D-01 5.4D-09 0.0D+00 5.1D-05 0.0D+00       24      195       24      240  S
     21      1   1.8009891497686775D-01 4.8D-09 0.0D+00 3.0D-09 0.0D+00       22      143       22      220  S
     21      1   1.8224587591633296D-01 5.4D-09 0.0D+00 2.2D-09 0.0D+00       21      180       21      210  S
     21      1   1.8266642034786396D-01 5.5D-09 0.0D+00 5.2D-09 0.0D+00       22      177       22      220  S
     21      1   1.8266642033593505D-01 5.5D-09 0.0D+00 2.3D-07 0.0D+00       24      206       24      240  S
     21      1   1.8050439423056522D-01 4.8D-09 0.0D+00 4.6D-09 0.0D+00       22      160       22      220  S
     21      1   1.8316266739901735D-01 5.0D-09 0.0D+00 2.5D-09 0.0D+00       22      230       22      220  S
     21      1   1.8224587591690336D-01 5.4D-09 0.0D+00 2.1D-08 0.0D+00       23      227       23      230  S
     21      1   1.8050439423063297D-01 4.8D-09 0.0D+00 4.9D-09 0.0D+00       22      161       22      220  S
     21      1   1.8009891497713779D-01 4.8D-09 0.0D+00 3.8D-08 0.0D+00       23      149       23      230  S
     21      1   1.8266642034531350D-01 5.5D-09 0.0D+00 2.0D-07 0.0D+00       24      222       24      240  S
     21      1   1.8266642034673478D-01 5.5D-09 0.0D+00 1.5D-07 0.0D+00       23      170       23      230  S
     21      1   2.1717743020440811D-01 7.6D-09 0.0D+00 8.9D-08 0.0D+00       25      287       25      250  S
     21      1   1.8009891497702096D-01 4.8D-09 0.0D+00 1.4D-08 0.0D+00       23      131       23      230  S
     21      1   1.8009891497701200D-01 4.8D-09 0.0D+00 2.6D-09 0.0D+00       22      124       22      220  S
     21      1   1.9164448829737757D-01 5.7D-09 0.0D+00 2.4D-08 0.0D+00       24      206       24      240  S
     21      1   1.8266642034950328D-01 5.5D-09 0.0D+00 1.0D-09 0.0D+00       23      218       23      230  S
     21      1   1.8009891497682365D-01 4.8D-09 0.0D+00 8.1D-09 0.0D+00       22      127       22      220  S
     21      1   1.8009891497695393D-01 4.8D-09 0.0D+00 9.6D-09 0.0D+00       22      123       22      220  S
     21      1   1.8402086316036173D-01 5.3D-09 0.0D+00 7.6D-09 0.0D+00       21      204       21      210  S
     21      1   1.8050439423065640D-01 4.8D-09 0.0D+00 2.6D-08 0.0D+00       22      170       22      220  S
