     19   0.00    0.00    0.00   1.9186265686938497D-01 5.5D-09 0.0D+00 7.0D-09 0.0D+00       22      160       22      220     734     369     938     369     380   0.57     0    0      1  BR
     19   0.00    0.00    0.00   1.9014025231873058D-01 4.6D-09 0.0D+00 1.4D-07 0.0D+00       22      166       22      220     634     373     826     373     386   0.42     0    0      2  BR
     19      1   2.0099200314031163D-01 4.9D-09 0.0D+00 5.2D-09 0.0D+00       22      143       22      220  S
     19      1   2.0270016875137120D-01 6.2D-09 0.0D+00 2.8D-07 0.0D+00       24      204       24      240  S
     19      1   2.1033119060624172D-01 5.5D-09 0.0D+00 2.0D-08 0.0D+00       23      267       23      230  S
     19      1   1.9186265686964751D-01 5.5D-09 0.0D+00 8.3D-09 0.0D+00       22      183       22      220  S
     19      1   1.9186265686943471D-01 5.5D-09 0.0D+00 3.3D-08 0.0D+00       23      164       23      230  S
     19      1   2.0359227585025527D-01 6.2D-09 0.0D+00 3.1D-07 0.0D+00       23      210       23      230  S
     19   0.00    0.00    0.00   1.8946300792678727D-01 5.0D-09 0.0D+00 2.5D-09 0.0D+00       22      163       22      220     571     370     758     370     383   0.47     0    0      9  BR
     19      1   1.9186265686938167D-01 5.5D-09 0.0D+00 2.4D-08 0.0D+00       23      173       23      230  S
     19      1   2.1785651016493304D-01 6.2D-09 0.0D+00 9.8D-09 0.0D+00       22      191       22      220  S
     19      1   1.9186265686941772D-01 5.5D-09 0.0D+00 7.5D-09 0.0D+00       22      187       22      220  S
     19      1   1.8946300792658352D-01 5.0D-09 0.0D+00 1.2D-08 0.0D+00       24      193       24      240  S
     19      1   1.8946300792491852D-01 5.0D-09 0.0D+00 3.0D-07 0.0D+00       23      177       23      230  S
     19      1   2.0285285712170525D-01 6.4D-09 0.0D+00 9.2D-09 0.0D+00       22      168       22      220  S
     19      1   1.8946300792682341D-01 5.0D-09 0.0D+00 9.8D-09 0.0D+00       22      195       22      220  S
     19      1   1.9186265686940382D-01 5.5D-09 0.0D+00 1.4D-09 0.0D+00       22      219       22      220  S
     19      1   1.9186265686950543D-01 5.5D-09 0.0D+00 1.2D-08 0.0D+00       23      163       23      230  S
     19      1   1.8946300792617676D-01 5.0D-09 0.0D+00 7.1D-08 0.0D+00       23      207       23      230  S
     19      1   1.8946300792726134D-01 5.0D-09 0.0D+00 2.9D-09 0.0D+00       22      183       22      220  S
     19      1   1.8946300792622717D-01 5.0D-09 0.0D+00 9.9D-09 0.0D+00       21      171       21      210  S
     19      1   1.9186265686765561D-01 5.5D-09 0.0D+00 2.4D-07 0.0D+00       23      187       23      230  S
     19      1   2.0359227585339063D-01 6.2D-09 0.0D+00 3.4D-09 0.0D+00       22      190       22      220  S
     19      1   1.9186265686944215D-01 5.5D-09 0.0D+00 1.7D-08 0.0D+00       23      201       23      230  S
     19      1   2.0217254445901536D-01 5.7D-09 0.0D+00 9.0D-09 0.0D+00       22      168       22      220  S
     19      1   1.9959839953895617D-01 4.9D-09 0.0D+00 2.2D-09 0.0D+00       22      155       22      220  S
     19      1   2.1717172016938713D-01 7.8D-09 0.0D+00 3.2D-07 0.0D+00       23      157       23      230  S
     19      1   1.9186265686889628D-01 5.5D-09 0.0D+00 5.9D-09 0.0D+00       21      188       21      210  S
     19      1   1.9186265686922335D-01 5.5D-09 0.0D+00 2.8D-10 0.0D+00       22      186       22      220  S
     19      1   1.9186265686939893D-01 5.5D-09 0.0D+00 1.2D-08 0.0D+00       24      179       24      240  S
     19      1   1.9931664610799227D-01 5.3D-09 0.0D+00 8.0D-09 0.0D+00       22      123       22      220  S
     19      1   1.8946300792600329D-01 5.0D-09 0.0D+00 1.1D-07 0.0D+00       23      194       23      230  S
     19      1   1.8946300792731152D-01 5.0D-09 0.0D+00 3.9D-09 0.0D+00       22      176       22      220  S
     19      1   1.8946300792517709D-01 5.0D-09 0.0D+00 2.4D-07 0.0D+00       24      209       24      240  S
     19      1   2.0270016875439900D-01 6.2D-09 0.0D+00 5.7D-09 0.0D+00       22      204       22      220  S
     19      1   1.9186265686711554D-01 5.5D-09 0.0D+00 3.0D-07 0.0D+00       24      178       24      240  S
     19      1   1.9186265692768564D-01 5.5D-09 0.0D+00 9.7D-11 0.0D+00       23      176       23      230  S
     19      1   2.0270016875431937D-01 6.2D-09 0.0D+00 3.5D-09 0.0D+00       22      181       22      220  S
     19      1   1.9186265686766710D-01 5.5D-09 0.0D+00 2.0D-07 0.0D+00       23      162       23      230  S
     19      1   2.0509496025131144D-01 6.3D-09 0.0D+00 2.0D-07 0.0D+00       23      227       23      230  S
     19      1   1.8946300792702883D-01 5.0D-09 0.0D+00 3.0D-09 0.0D+00       22      195       22      220  S
     19      1   2.0285285712174819D-01 6.4D-09 0.0D+00 2.5D-08 0.0D+00       23      180       23      230  S
     19      1   2.0285285712140300D-01 6.4D-09 0.0D+00 6.7D-09 0.0D+00       22      150       22      220  S
     19      1   1.9186265686959394D-01 5.5D-09 0.0D+00 8.2D-09 0.0D+00       22      171       22      220  S
     19      1   1.8946300792651879D-01 5.0D-09 0.0D+00 2.7D-09 0.0D+00       21      174       21      210  S
     19      1   1.8946300792521939D-01 5.0D-09 0.0D+00 2.4D-07 0.0D+00       23      197       23      230  S
     19      1   2.0385904776866143D-01 5.9D-09 0.0D+00 2.3D-07 0.0D+00       23      179       23      230  S
     19      1   1.9186265686710799D-01 5.5D-09 0.0D+00 3.2D-07 0.0D+00       24      216       24      240  S
     19      1   1.8946300792705359D-01 5.0D-09 0.0D+00 7.0D-09 0.0D+00       22      175       22      220  S
     19      1   2.0491601149598174D-01 5.5D-09 0.0D+00 6.8D-09 0.0D+00       21      168       21      210  S
     19      1   1.9186265686796863D-01 5.5D-09 0.0D+00 1.6D-07 0.0D+00       24      167       24      240  S
     19      1   1.9959839953881833D-01 4.9D-09 0.0D+00 7.0D-10 0.0D+00       22      198       22      220  S
     19      1   1.9186265686865672D-01 5.5D-09 0.0D+00 8.1D-08 0.0D+00       23      176       23      230  S
     19      1   1.8946300792675816D-01 5.0D-09 0.0D+00 8.4D-09 0.0D+00       22      161       22      220  S
     19      1   2.0492849845946751D-01 5.0D-09 0.0D+00 2.6D-09 0.0D+00       22      189       22      220  S
     19      1   2.0359227585332335D-01 6.2D-09 0.0D+00 1.4D-09 0.0D+00       22      196       22      220  S
     19      1   1.9186265686750578D-01 5.5D-09 0.0D+00 2.4D-07 0.0D+00       23      198       23      230  S
     19      1   1.8946300792538506D-01 5.0D-09 0.0D+00 2.2D-07 0.0D+00       23      194       23      230  S
     19      1   2.0270016875450075D-01 6.2D-09 0.0D+00 7.8D-09 0.0D+00       22      149       22      220  S
     19      1   2.0270016875477215D-01 6.2D-09 0.0D+00 9.6D-09 0.0D+00       22      192       22      220  S
     19      1   2.0491601149641026D-01 5.5D-09 0.0D+00 7.7D-09 0.0D+00       21      152       21      210  S
     19      1   2.0385904777094280D-01 5.9D-09 0.0D+00 3.1D-08 0.0D+00       23      209       23      230  S
     19      1   1.9186265686985085D-01 5.5D-09 0.0D+00 5.0D-09 0.0D+00       22      155       22      220  S
     19      1   2.4094072469771521D-01 2.3D-04 0.0D+00 2.1D-01 0.0D+00        1       10        2       20  F
     19      1   2.1031987736259858D-01 5.3D-09 0.0D+00 2.2D-07 0.0D+00       24      414       24      240  S
     19      1   1.9846857281150967D-01 5.6D-09 0.0D+00 8.2D-09 0.0D+00       21      178       21      210  S
     19      1   1.8946300792704085D-01 5.0D-09 0.0D+00 3.6D-08 0.0D+00       23      207       23      230  S
     19      1   2.0217254445838018D-01 5.7D-09 0.0D+00 8.5D-08 0.0D+00       24      198       24      240  S
     19      1   1.9186265686940637D-01 5.5D-09 0.0D+00 5.5D-09 0.0D+00       22      141       22      220  S
     19      1   2.1093559885770405D-01 6.1D-09 0.0D+00 7.8D-09 0.0D+00       21      169       21      210  S
     19      1   2.0491601149593311D-01 5.5D-09 0.0D+00 9.6D-09 0.0D+00       21      198       21      210  S
     19      1   1.8946300792669893D-01 5.0D-09 0.0D+00 9.1D-09 0.0D+00       22      162       22      220  S
     19      1   2.0491601149597635D-01 5.5D-09 0.0D+00 2.2D-09 0.0D+00       21      150       21      210  S
     19      1   2.0628881306706448D-01 5.0D-09 0.0D+00 2.0D-09 0.0D+00       22      194       22      220  S
     19      1   1.8946300792540346D-01 5.0D-09 0.0D+00 2.0D-07 0.0D+00       23      177       23      230  S
     19      1   1.8946300792677906D-01 5.0D-09 0.0D+00 1.0D-08 0.0D+00       22      170       22      220  S
     19      1   1.8946300792637522D-01 5.0D-09 0.0D+00 1.9D-08 0.0D+00       22      189       22      220  S
     19      1   2.0285285712175030D-01 6.4D-09 0.0D+00 3.0D-10 0.0D+00       22      169       22      220  S
     19      1   1.9186265686703791D-01 5.5D-09 0.0D+00 2.8D-07 0.0D+00       23      176       23      230  S
     19      1   1.8946300792464046D-01 5.0D-09 0.0D+00 3.1D-07 0.0D+00       23      171       23      230  S
     19      1   2.1033119060630195D-01 5.5D-09 0.0D+00 2.4D-08 0.0D+00       24      229       24      240  S
     19      1   1.9186265686953627D-01 5.5D-09 0.0D+00 2.8D-08 0.0D+00       23      189       23      230  S
     19      1   1.8946300792714624D-01 5.0D-09 0.0D+00 9.0D-09 0.0D+00       22      208       22      220  S
     19      1   2.1717172017259709D-01 7.8D-09 0.0D+00 1.2D-07 0.0D+00       23      224       23      230  S
     19      1   2.1031987736689303D-01 5.3D-09 0.0D+00 8.7D-08 0.0D+00       25      227       25      250  S
     19      1   2.1838988109923052D-01 6.8D-09 0.0D+00 4.7D-09 0.0D+00       22      143       22      220  S
     19      1   1.8946300792683549D-01 5.0D-09 0.0D+00 5.8D-09 0.0D+00       22      160       22      220  S
     19      1   1.9186265686935605D-01 5.5D-09 0.0D+00 7.0D-09 0.0D+00       22      154       22      220  S
     19      1   1.9186265686941623D-01 5.5D-09 0.0D+00 8.9D-09 0.0D+00       22      183       22      220  S
     19      1   1.9186265686928908D-01 5.5D-09 0.0D+00 2.6D-09 0.0D+00       22      180       22      220  S
     19      1   1.9186265686953985D-01 5.5D-09 0.0D+00 3.5D-08 0.0D+00       23      185       23      230  S
     19      1   2.0270016875116109D-01 6.2D-09 0.0D+00 2.9D-07 0.0D+00       22      192       22      220  S
     19      1   1.8946300792671916D-01 5.0D-09 0.0D+00 2.5D-10 0.0D+00       22      172       22      220  S
     19      1   1.8946300792453233D-01 5.0D-09 0.0D+00 3.1D-07 0.0D+00       24      212       24      240  S
     19      1   2.0270016875486263D-01 6.2D-09 0.0D+00 1.9D-09 0.0D+00       22      170       22      220  S
     19      1   1.9186265686949580D-01 5.5D-09 0.0D+00 7.1D-09 0.0D+00       22      166       22      220  S
     19      1   1.9186265686928389D-01 5.5D-09 0.0D+00 2.1D-08 0.0D+00       24      188       24      240  S
     19      1   1.8946300792697382D-01 5.0D-09 0.0D+00 9.6D-09 0.0D+00       22      184       22      220  S
     19      1   2.0270016875276195D-01 6.2D-09 0.0D+00 1.4D-07 0.0D+00       22      208       22      220  S
     19      1   1.8946300792685061D-01 5.0D-09 0.0D+00 2.7D-09 0.0D+00       22      169       22      220  S
