      5      1   2.5491358759084559D-01 4.2D-01 0.0D+00 1.0D+00 0.0D+00        0        0        1       10  F
      5      1   4.9201975354287814D-01 9.0D-09 0.0D+00 2.0D-09 0.0D+00       21      125       21      210  S
      5      1   5.1385521439417292D-01 6.3D-05 0.0D+00 6.1D-01 0.0D+00        1       10        2       20  F
      5      1   6.3460419855127470D-01 1.5D-01 0.0D+00 1.0D+00 0.0D+00        0        0        1       10  F
 no information
      5      1   4.9201975353375316D-01 9.0D-09 0.0D+00 3.2D-07 0.0D+00       23      157       23      230  S
 no information
      5      1   4.9201975354169325D-01 9.0D-09 0.0D+00 2.0D-09 0.0D+00       22      138       22      220  S
      5      1   4.9201975354207228D-01 9.0D-09 0.0D+00 4.2D-09 0.0D+00       21      168       21      210  S
      5      1   6.0513602211832995D-01 1.3D-03 0.0D+00 1.0D+00 0.0D+00        1       10        2       20  F
      5      1   4.5561046557608231D-01 8.8D-02 0.0D+00 1.0D+00 0.0D+00        0        0        1       10  F
      5      1   4.6437908154376067D-01 2.5D-02 0.0D+00 9.4D-01 0.0D+00        1       10        2       20  F
 no information
 no information
      5      1   6.2568441118723672D-01 1.4D-02 0.0D+00 1.0D+00 0.0D+00        0        0        1       10  F
      5      1   4.3094268122708057D-01 5.3D-02 0.0D+00 1.0D+00 0.0D+00        0        0        1       10  F
      5      1   4.1801582330324250D-01 7.1D-02 0.0D+00 1.0D+00 0.0D+00        0        0        1       10  F
      5      1   4.9201975354293415D-01 9.0D-09 0.0D+00 5.3D-09 0.0D+00       21      138       21      210  S
 no information
      5      1   3.8610875844987125D-01 1.2D-01 0.0D+00 1.0D+00 0.0D+00        0        0        1       10  F
      5      1   5.4213973682328342D-01 9.2D-03 0.0D+00 1.0D+00 0.0D+00        0        0        1       10  F
      5      1   4.9201975353563709D-01 9.0D-09 0.0D+00 3.0D-07 0.0D+00       22      149       22      220  S
      5      1   5.9644671916364489D-01 4.0D-02 0.0D+00 1.0D+00 0.0D+00        0        0        1       10  F
      5      1   4.9201975353544214D-01 9.0D-09 0.0D+00 2.9D-07 0.0D+00       23      136       23      230  S
      5      1   6.6626365034332435D-01 0.0D+00 0.0D+00 1.0D+00 0.0D+00        0        0        1       10  F
 no information
      5      1   4.1734799098927156D-01 7.4D-02 0.0D+00 7.1D-01 0.0D+00        1       10        2       20  F
      5      1   7.2434725562137470D-01 0.0D+00 0.0D+00 1.0D+00 0.0D+00        0        0        1       10  F
      5      1   4.9201975354225330D-01 9.0D-09 0.0D+00 2.3D-09 0.0D+00       21      143       21      210  S
      5      1   4.8937689769058079D-01 5.0D-05 0.0D+00 1.1D-01 0.0D+00        1       10        2       20  F
 no information
      5      1   5.1711552231911395D-01 7.8D-09 0.0D+00 2.9D-09 0.0D+00       22      153       22      220  S
 no information
      5      1   3.6748719336659164D-01 3.0D-01 0.0D+00 1.0D+00 0.0D+00        0        0        1       10  F
      5      1   4.3802231394998231D-01 1.6D-01 0.0D+00 1.0D+00 0.0D+00        0        0        1       10  F
      5      1   4.9201975354040645D-01 9.0D-09 0.0D+00 2.8D-10 0.0D+00       20      133       20      200  S
 no information
      5      1   4.9201975355419686D-01 9.0D-09 0.0D+00 1.1D-09 0.0D+00       21      128       21      210  S
 no information
      5      1   3.4780501368768441D-01 2.1D-01 0.0D+00 1.0D+00 0.0D+00        0        0        1       10  F
 no information
      5      1   6.2573344648496376D-01 0.0D+00 0.0D+00 1.0D+00 0.0D+00        0        0        1       10  F
      5      1   4.8879063939622658D-01 6.4D-05 0.0D+00 2.5D-01 0.0D+00        1       10        2       20  F
 no information
 no information
      5      1   4.9201975354304178D-01 9.0D-09 0.0D+00 5.7D-10 0.0D+00       21      136       21      210  S
      5      1   3.7811922636516226D-01 1.6D-01 0.0D+00 1.0D+00 0.0D+00        0        0        1       10  F
      5      1   7.2963635317295217D-01 8.6D-03 0.0D+00 1.0D+00 0.0D+00        0        0        1       10  F
      5      1   4.9201975355450595D-01 9.0D-09 0.0D+00 1.6D-09 0.0D+00       21      153       21      210  S
      5      1   4.9201975354132355D-01 9.0D-09 0.0D+00 6.2D-08 0.0D+00       22      139       22      220  S
      5      1   4.9785101866338222D-01 7.2D-02 0.0D+00 1.0D+00 0.0D+00        0        0        1       10  F
      5      1   4.9201975353513888D-01 9.0D-09 0.0D+00 3.2D-07 0.0D+00       23      141       23      230  S
      5      1   4.9201975353897914D-01 9.0D-09 0.0D+00 1.3D-07 0.0D+00       23      132       23      230  S
      5      1   6.9116202340980748D-01 1.8D-05 0.0D+00 1.0D+00 0.0D+00        0        0        1       10  F
      5      1   2.6280819485492835D-01 3.3D-01 0.0D+00 1.0D+00 0.0D+00        0        0        1       10  F
      5      1   5.9795221235068075D-01 2.2D-01 0.0D+00 1.0D+00 0.0D+00        0        0        1       10  F
      5      1   4.9201975353815691D-01 9.0D-09 0.0D+00 1.2D-07 0.0D+00       24      167       24      240  S
      5      1   5.0775851291957985D-01 4.2D-03 0.0D+00 3.0D-01 0.0D+00        2       18        3       30  F
      5      1   4.2357065954892703D-01 4.5D-02 0.0D+00 1.0D+00 0.0D+00        0        0        1       10  F
      5      1   4.9201975354095118D-01 9.0D-09 0.0D+00 9.0D-10 0.0D+00       22      150       22      220  S
      5      1   4.9201975354717065D-01 9.0D-09 0.0D+00 3.3D-07 0.0D+00       23      154       23      230  S
      5      1   7.4918910672078098D-01 0.0D+00 0.0D+00 1.0D+00 0.0D+00        0        0        1       10  F
      5      1   6.8192001845825478D-01 5.7D-03 0.0D+00 1.0D+00 0.0D+00        0        0        1       10  F
      5      1   6.0896184123972064D-01 1.2D-02 0.0D+00 1.0D+00 0.0D+00        0        0        1       10  F
      5      1   4.9201975353670380D-01 9.0D-09 0.0D+00 2.8D-07 0.0D+00       22      144       22      220  S
      5      1   4.9201975354195471D-01 9.0D-09 0.0D+00 5.8D-09 0.0D+00       21      136       21      210  S
      5      1   3.5524144679927822D-01 3.0D-01 0.0D+00 1.0D+00 0.0D+00        0        0        1       10  F
      5      1   7.4958267013679869D-01 0.0D+00 0.0D+00 1.0D+00 0.0D+00        0        0        1       10  F
      5      1   6.6076818917142510D-01 1.1D-16 0.0D+00 1.0D+00 0.0D+00        0        0        1       10  F
      5      1   4.9201975355068767D-01 9.0D-09 0.0D+00 2.1D-07 0.0D+00       22      142       22      220  S
      5      1   4.9201975353444122D-01 9.0D-09 0.0D+00 3.3D-07 0.0D+00       23      163       23      230  S
      5      1   6.3887619359642067D-01 4.7D-02 0.0D+00 1.0D+00 0.0D+00        0        0        1       10  F
      5      1   4.5511548765090520D-01 8.9D-02 0.0D+00 1.0D+00 0.0D+00        0        0        1       10  F
      5      1   3.1178159106279651D-01 3.7D-01 0.0D+00 1.0D+00 0.0D+00        0        0        1       10  F
      5      1   5.4007048474493891D-01 1.9D-03 0.0D+00 1.0D+00 0.0D+00        0        0        1       10  F
      5      1   6.2384354780962092D-01 4.3D-03 0.0D+00 1.0D+00 0.0D+00        0        0        1       10  F
      5      1   4.9201975354285776D-01 9.0D-09 0.0D+00 7.8D-10 0.0D+00       21      122       21      210  S
      5      1   4.8582082507623808D-01 2.0D-02 0.0D+00 1.0D+00 0.0D+00        0        0        1       10  F
      5      1   4.2034923594959062D-01 3.1D-01 0.0D+00 1.0D+00 0.0D+00        0        0        1       10  F
      5      1   3.0417227235065386D-01 2.5D-01 0.0D+00 1.0D+00 0.0D+00        0        0        1       10  F
      5      1   3.6048861155191636D-01 2.8D-01 0.0D+00 1.0D+00 0.0D+00        0        0        1       10  F
      5      1   4.9201975354209682D-01 9.0D-09 0.0D+00 7.4D-09 0.0D+00       21      126       21      210  S
      5      1   7.1606039647629049D-01 1.0D-02 0.0D+00 1.0D+00 0.0D+00        0        0        1       10  F
      5      1   4.9201975354083494D-01 9.0D-09 0.0D+00 2.8D-09 0.0D+00       22      132       22      220  S
      5      1   5.0608106640697159D-01 2.3D-03 0.0D+00 7.3D-01 0.0D+00        1       10        2       20  F
      5      1   4.7650692225472607D-01 1.1D-01 0.0D+00 1.0D+00 0.0D+00        0        0        1       10  F
      5      1   3.0539174636318950D-01 4.3D-01 0.0D+00 1.0D+00 0.0D+00        0        0        1       10  F
      5      1   6.9870489830982052D-01 2.8D-02 0.0D+00 1.0D+00 0.0D+00        0        0        1       10  F
      5      1   4.9201975353466954D-01 9.0D-09 0.0D+00 3.4D-07 0.0D+00       22      136       22      220  S
 no information
      5      1   5.6118548953715308D-01 2.9D-02 0.0D+00 1.0D+00 0.0D+00        0        0        1       10  F
      5      1   5.0537357862406695D-01 3.2D-02 0.0D+00 1.0D+00 0.0D+00        0        0        1       10  F
      5      1   5.1711552231842461D-01 7.8D-09 0.0D+00 4.2D-09 0.0D+00       22      146       22      220  S
      5      1   4.7139455294064181D-01 5.9D-02 0.0D+00 1.0D+00 0.0D+00        0        0        1       10  F
      5      1   3.3099202582231319D-01 4.5D-01 0.0D+00 1.0D+00 0.0D+00        0        0        1       10  F
      5      1   4.9201975354095623D-01 9.0D-09 0.0D+00 1.3D-09 0.0D+00       22      147       22      220  S
      5      1   5.4807099060354925D-01 1.8D-01 0.0D+00 1.0D+00 0.0D+00        0        0        1       10  F
      5      1   4.9201975354189975D-01 9.0D-09 0.0D+00 7.9D-09 0.0D+00       22      157       22      220  S
      5      1   7.1255605058284643D-01 1.3D-03 0.0D+00 1.0D+00 0.0D+00        0        0        1       10  F
      5      1   3.6858702898265083D-01 1.6D-01 0.0D+00 1.0D+00 0.0D+00        0        0        1       10  F
      5      1   4.1464587783457718D-01 4.6D-02 0.0D+00 3.6D-01 0.0D+00        1       10        2       20  F
      5      1   6.8064898572947519D-01 1.3D-03 0.0D+00 1.0D+00 0.0D+00        0        0        1       10  F
      5      1   3.3667996412927959D-01 3.5D-01 0.0D+00 1.0D+00 0.0D+00        0        0        1       10  F
      5      1   6.7209143092587853D-01 0.0D+00 0.0D+00 1.0D+00 0.0D+00        0        0        1       10  F
 no information
 no information
      5      1   4.6080387764932051D-01 1.3D-01 0.0D+00 1.0D+00 0.0D+00        0        0        1       10  F
      5      1   6.1683485602273269D-01 1.1D-16 0.0D+00 1.0D+00 0.0D+00        0        0        1       10  F
      5      1   4.9201975353343180D-01 9.0D-09 0.0D+00 3.3D-07 0.0D+00       23      145       23      230  S
      5      1   4.2889681279594927D-01 7.7D-02 0.0D+00 1.0D+00 0.0D+00        0        0        1       10  F
      5      1   4.6257924553401886D-01 4.9D-02 0.0D+00 1.0D+00 0.0D+00        0        0        1       10  F
      5      1   6.7616322654199601D-01 2.8D-03 0.0D+00 1.0D+00 0.0D+00        0        0        1       10  F
      5      1   4.9201975353556049D-01 9.0D-09 0.0D+00 2.4D-07 0.0D+00       23      144       23      230  S
      5      1   3.7278830893750758D-01 1.7D-01 0.0D+00 1.0D+00 0.0D+00        0        0        1       10  F
      5      1   7.3716583751698206D-01 0.0D+00 0.0D+00 1.0D+00 0.0D+00        0        0        1       10  F
      5      1   4.9201975354173844D-01 9.0D-09 0.0D+00 9.9D-09 0.0D+00       22      138       22      220  S
      5      1   5.2111366146261895D-01 4.4D-02 0.0D+00 1.0D+00 0.0D+00        0        0        1       10  F
      5      1   6.8588371965404349D-01 1.1D-16 0.0D+00 1.0D+00 0.0D+00        0        0        1       10  F
      5      1   5.0212301370852808D-01 4.9D-02 0.0D+00 1.0D+00 0.0D+00        0        0        1       10  F
      5      1   5.1711552231868674D-01 7.8D-09 0.0D+00 1.7D-10 0.0D+00       21      130       21      210  S
      5      1   3.1078566869436547D-01 2.5D-01 0.0D+00 1.0D+00 0.0D+00        0        0        1       10  F
 no information
      5      1   4.9201975354215555D-01 9.0D-09 0.0D+00 2.1D-09 0.0D+00       21      118       21      210  S
      5      1   5.8331948392816657D-01 8.6D-03 0.0D+00 1.0D+00 0.0D+00        0        0        1       10  F
 no information
      5      1   5.1362456252507016D-01 1.6D-02 0.0D+00 1.0D+00 0.0D+00        0        0        1       10  F
 no information
      5      1   4.9201975354345484D-01 9.0D-09 0.0D+00 1.0D-09 0.0D+00       21      146       21      210  S
      5      1   4.9201975353738220D-01 9.0D-09 0.0D+00 1.6D-07 0.0D+00       24      153       24      240  S
      5      1   4.9045613241450398D-01 1.7D-05 0.0D+00 2.5D-01 0.0D+00        1       10        2       20  F
      5      1   7.0554735879595820D-01 1.3D-02 0.0D+00 1.0D+00 0.0D+00        0        0        1       10  F
      5      1   3.3404268933204756D-01 2.2D-01 0.0D+00 1.0D+00 0.0D+00        0        0        1       10  F
 no information
      5      1   4.9201975354191724D-01 9.0D-09 0.0D+00 2.4D-09 0.0D+00       22      142       22      220  S
 no information
 no information
      5      1   5.0924205704448677D-01 7.6D-07 0.0D+00 7.7D-01 0.0D+00        1       10        2       20  F
      5      1   4.9201975355424660D-01 9.0D-09 0.0D+00 1.1D-09 0.0D+00       21      123       21      210  S
      5      1   6.2453050391379561D-01 0.0D+00 0.0D+00 1.0D+00 0.0D+00        0        0        1       10  F
      5      1   4.9201975354202093D-01 9.0D-09 0.0D+00 5.9D-09 0.0D+00       21      130       21      210  S
      5      1   4.9201975354056909D-01 9.0D-09 0.0D+00 5.0D-10 0.0D+00       22      144       22      220  S
      5      1   4.3234769844528187D-01 6.5D-02 0.0D+00 1.0D+00 0.0D+00        0        0        1       10  F
      5      1   5.4088718083589993D-01 4.4D-02 0.0D+00 1.0D+00 0.0D+00        0        0        1       10  F
 no information
      5      1   4.4494863072077301D-01 3.0D-01 0.0D+00 1.0D+00 0.0D+00        0        0        1       10  F
      5      1   7.0959636820829441D-01 1.1D-16 0.0D+00 1.0D+00 0.0D+00        0        0        1       10  F
      5      1   5.5568032893636710D-01 2.7D-04 0.0D+00 6.9D-01 0.0D+00        2       17        3       30  F
      5      1   5.6153533686188983D-01 6.5D-09 0.0D+00 4.0D-09 0.0D+00       22      124       22      220  S
      5      1   4.9201975353844613D-01 9.0D-09 0.0D+00 1.6D-07 0.0D+00       22      151       22      220  S
      5      1   4.9201975353952077D-01 9.0D-09 0.0D+00 1.6D-07 0.0D+00       22      148       22      220  S
      5      1   6.2178042313532800D-01 3.2D-02 0.0D+00 1.0D+00 0.0D+00        0        0        1       10  F
      5      1   4.9960774772477962D-01 2.9D-05 0.0D+00 6.7D-01 0.0D+00        1       10        2       20  F
 no information
      5      1   5.1711552231324409D-01 7.8D-09 0.0D+00 3.3D-07 0.0D+00       22      164       22      220  S
      5      1   4.9201975354217625D-01 9.0D-09 0.0D+00 8.1D-09 0.0D+00       21      131       21      210  S
      5      1   7.0297689335496649D-01 0.0D+00 0.0D+00 1.0D+00 0.0D+00        0        0        1       10  F
      5      1   5.1998479815171139D-01 2.6D-02 0.0D+00 1.0D+00 0.0D+00        0        0        1       10  F
      5      1   4.3868718420495223D-01 2.4D-01 0.0D+00 1.0D+00 0.0D+00        0        0        1       10  F
      5      1   3.4349074986898026D-01 2.7D-01 0.0D+00 1.0D+00 0.0D+00        0        0        1       10  F
 no information
      5      1   4.6606363551298713D-01 4.5D-02 0.0D+00 1.0D+00 0.0D+00        0        0        1       10  F
      5      1   3.9871640977171813D-01 6.1D-02 0.0D+00 3.6D-01 0.0D+00        1       10        2       20  F
      5      1   5.1711552231791469D-01 7.8D-09 0.0D+00 5.4D-09 0.0D+00       21      126       21      210  S
      5      1   3.2021631117083926D-01 2.5D-01 0.0D+00 1.0D+00 0.0D+00        0        0        1       10  F
      5      1   5.4913053976615100D-01 1.4D-01 0.0D+00 1.0D+00 0.0D+00        0        0        1       10  F
      5      1   3.6536983382063559D-01 3.2D-01 0.0D+00 1.0D+00 0.0D+00        0        0        1       10  F
      5      1   7.0404730709389751D-01 6.8D-02 0.0D+00 1.0D+00 0.0D+00        0        0        1       10  F
      5      1   2.5655145012112746D-01 4.3D-01 0.0D+00 1.0D+00 0.0D+00        0        0        1       10  F
      5      1   4.9201975353898642D-01 9.0D-09 0.0D+00 7.9D-08 0.0D+00       23      151       23      230  S
      5      1   6.0283214660027873D-01 2.3D-03 0.0D+00 1.0D+00 0.0D+00        0        0        1       10  F
      5      1   4.4678649407554416D-01 1.6D-01 0.0D+00 1.0D+00 0.0D+00        0        0        1       10  F
      5      1   3.1917504806133629D-01 3.0D-01 0.0D+00 1.0D+00 0.0D+00        0        0        1       10  F
      5      1   4.9201975354123095D-01 9.0D-09 0.0D+00 3.1D-09 0.0D+00       22      161       22      220  S
      5      1   5.1711552231852309D-01 7.8D-09 0.0D+00 4.4D-09 0.0D+00       22      161       22      220  S
      5      1   4.1595930449755297D-01 4.7D-02 0.0D+00 4.2D-01 0.0D+00        1       10        2       20  F
      5      1   4.9201975353600907D-01 9.0D-09 0.0D+00 2.9D-07 0.0D+00       22      138       22      220  S
      5      1   4.9201975353901850D-01 9.0D-09 0.0D+00 1.6D-07 0.0D+00       23      155       23      230  S
      5      1   4.9201975353340321D-01 9.0D-09 0.0D+00 3.3D-07 0.0D+00       23      146       23      230  S
      5      1   4.9201975354204558D-01 9.0D-09 0.0D+00 3.0D-10 0.0D+00       21      139       21      210  S
      5      1   3.9738770370869003D-01 4.0D-01 0.0D+00 1.0D+00 0.0D+00        0        0        1       10  F
      5      1   7.0179792814915298D-01 1.5D-02 0.0D+00 1.0D+00 0.0D+00        0        0        1       10  F
      5      1   6.7907540424747304D-01 1.1D-16 0.0D+00 1.0D+00 0.0D+00        0        0        1       10  F
      5      1   3.4255918168712651D-01 8.5D-02 0.0D+00 5.3D-02 0.0D+00        1       10        2       20  F
      5      1   4.7518921303547135D-01 1.1D-01 0.0D+00 1.0D+00 0.0D+00        0        0        1       10  F
      5      1   7.4773614268811228D-01 4.0D-04 0.0D+00 1.0D+00 0.0D+00        0        0        1       10  F
      5      1   4.9201975354313177D-01 9.0D-09 0.0D+00 6.4D-09 0.0D+00       21      147       21      210  S
      5      1   6.9387415628580351D-01 0.0D+00 0.0D+00 1.0D+00 0.0D+00        0        0        1       10  F
      5      1   6.5794520609160090D-01 2.0D-01 0.0D+00 1.0D+00 0.0D+00        0        0        1       10  F
      5      1   3.5867092693054708D-01 1.3D-01 0.0D+00 1.0D+00 0.0D+00        0        0        1       10  F
      5      1   5.9808458169392675D-01 3.0D-02 0.0D+00 1.0D+00 0.0D+00        0        0        1       10  F
      5      1   5.6740606170214103D-01 1.8D-02 0.0D+00 1.0D+00 0.0D+00        0        0        1       10  F
      5      1   7.2343704007555321D-01 0.0D+00 0.0D+00 1.0D+00 0.0D+00        0        0        1       10  F
      5      1   3.7946801847535760D-01 1.4D-01 0.0D+00 1.0D+00 0.0D+00        0        0        1       10  F
      5      1   5.3549899684876978D-01 8.8D-02 0.0D+00 1.0D+00 0.0D+00        0        0        1       10  F
      5      1   6.8494026543835096D-01 1.1D-16 0.0D+00 1.0D+00 0.0D+00        0        0        1       10  F
      5      1   4.8514084039612437D-01 3.0D-04 0.0D+00 2.3D-01 0.0D+00        1       10        2       20  F
 no information
      5      1   6.5962291036881071D-01 9.7D-02 0.0D+00 1.0D+00 0.0D+00        0        0        1       10  F
 no information
      5      1   4.7168486714202729D-01 6.4D-02 0.0D+00 1.0D+00 0.0D+00        0        0        1       10  F
      5      1   6.2771584551543946D-01 7.3D-04 0.0D+00 1.0D+00 0.0D+00        0        0        1       10  F
      5      1   6.3021900320170054D-01 9.8D-07 0.0D+00 6.1D-01 0.0D+00        1       10        2       20  F
      5      1   4.9201975354121458D-01 9.0D-09 0.0D+00 1.7D-09 0.0D+00       22      144       22      220  S
      5      1   5.1294528843515530D-01 1.0D-01 0.0D+00 1.0D+00 0.0D+00        0        0        1       10  F
 no information
      5      1   6.1919958648614093D-01 0.0D+00 0.0D+00 1.0D+00 0.0D+00        1       10        2       20  F
      5      1   5.3047841809563590D-01 6.9D-03 0.0D+00 5.0D-01 0.0D+00        1       10        2       20  F
      5      1   6.4742018368671239D-01 1.1D-02 0.0D+00 1.0D+00 0.0D+00        0        0        1       10  F
      5      1   4.6365947774119692D-01 1.1D-01 0.0D+00 1.0D+00 0.0D+00        0        0        1       10  F
      5      1   4.9201975354146066D-01 9.0D-09 0.0D+00 9.9D-10 0.0D+00       22      150       22      220  S
      5      1   4.9201975353667199D-01 9.0D-09 0.0D+00 2.3D-07 0.0D+00       23      156       23      230  S
      5      1   5.1711552231652380D-01 7.8D-09 0.0D+00 1.1D-07 0.0D+00       23      160       23      230  S
      5      1   4.9201975354192906D-01 9.0D-09 0.0D+00 8.7D-10 0.0D+00       21      118       21      210  S
      5      1   5.7376440697678577D-01 1.2D-02 0.0D+00 1.0D+00 0.0D+00        0        0        1       10  F
 no information
      5      1   4.6426939577329029D-01 1.1D-01 0.0D+00 1.0D+00 0.0D+00        0        0        1       10  F
      5      1   4.9357383009789690D-01 1.1D-01 0.0D+00 1.0D+00 0.0D+00        0        0        1       10  F
 no information
 no information
      5      1   4.9201975353497246D-01 9.0D-09 0.0D+00 3.3D-07 0.0D+00       23      136       23      230  S
 no information
      5      1   4.0436639154184068D-01 2.2D-01 0.0D+00 1.0D+00 0.0D+00        0        0        1       10  F
      5      1   6.1038427907951798D-01 3.5D-03 0.0D+00 1.0D+00 0.0D+00        0        0        1       10  F
 no information
      5      1   3.7245932668846943D-01 1.3D-01 0.0D+00 1.0D+00 0.0D+00        0        0        1       10  F
      5      1   5.2849030506188166D-01 4.5D-02 0.0D+00 1.0D+00 0.0D+00        0        0        1       10  F
      5      1   4.9201975355214456D-01 9.0D-09 0.0D+00 9.2D-08 0.0D+00       22      126       22      220  S
      5      1   2.6674318453988305D-01 3.5D-01 0.0D+00 1.0D+00 0.0D+00        0        0        1       10  F
      5      1   4.3080240588649538D-01 5.9D-02 0.0D+00 1.0D+00 0.0D+00        0        0        1       10  F
      5      1   4.8382214932111911D-01 1.5D-01 0.0D+00 1.0D+00 0.0D+00        0        0        1       10  F
      5      1   4.9201975353404487D-01 9.0D-09 0.0D+00 2.8D-07 0.0D+00       23      143       23      230  S
      5      1   7.0090111410235512D-01 1.7D-02 0.0D+00 1.0D+00 0.0D+00        0        0        1       10  F
      5      1   4.9201975353522237D-01 9.0D-09 0.0D+00 2.4D-07 0.0D+00       23      159       23      230  S
      5      1   4.9201975354077870D-01 9.0D-09 0.0D+00 7.1D-10 0.0D+00       22      130       22      220  S
      5      1   4.1489734928279537D-01 4.6D-02 0.0D+00 3.7D-01 0.0D+00        1       10        2       20  F
 no information
      5      1   5.1711552231863356D-01 7.8D-09 0.0D+00 6.3D-09 0.0D+00       21      145       21      210  S
      5      1   4.9201975354262917D-01 9.0D-09 0.0D+00 8.9D-09 0.0D+00       21      126       21      210  S
      5      1   4.9201975354246513D-01 9.0D-09 0.0D+00 5.6D-09 0.0D+00       21      122       21      210  S
      5      1   6.8118531297999851D-01 1.1D-16 0.0D+00 1.0D+00 0.0D+00        0        0        1       10  F
      5      1   5.1711552231830626D-01 7.8D-09 0.0D+00 2.3D-09 0.0D+00       21      148       21      210  S
      5      1   2.8629593808771187D-01 3.3D-01 0.0D+00 1.0D+00 0.0D+00        0        0        1       10  F
      5      1   4.9201975354216643D-01 9.0D-09 0.0D+00 9.9D-09 0.0D+00       21      128       21      210  S
      5      1   4.4030912996676608D-01 1.9D-01 0.0D+00 1.0D+00 0.0D+00        0        0        1       10  F
      5      1   6.1191438525956587D-01 4.2D-04 0.0D+00 1.0D+00 0.0D+00        0        0        1       10  F
 no information
      5      1   4.8075265144211987D-01 2.9D-01 0.0D+00 1.0D+00 0.0D+00        0        0        1       10  F
      5      1   4.9201975353568606D-01 9.0D-09 0.0D+00 2.4D-07 0.0D+00       24      156       24      240  S
      5      1   4.9201975354308974D-01 9.0D-09 0.0D+00 3.6D-09 0.0D+00       21      124       21      210  S
      5      1   4.1361807456476207D-01 2.7D-01 0.0D+00 1.0D+00 0.0D+00        0        0        1       10  F
      5      1   5.2020766294403487D-01 9.2D-04 0.0D+00 2.2D-01 0.0D+00        2       16        3       30  F
      5      1   4.7744804489268911D-01 1.2D-03 0.0D+00 7.6D-02 0.0D+00        1       10        2       20  F
 no information
      5      1   4.9201975355363359D-01 9.0D-09 0.0D+00 2.7D-08 0.0D+00       22      150       22      220  S
      5      1   4.9201975354303124D-01 9.0D-09 0.0D+00 9.3D-09 0.0D+00       21      159       21      210  S
      5      1   3.0584869163554068D-01 2.3D-01 0.0D+00 1.0D+00 0.0D+00        0        0        1       10  F
      5      1   5.9275366426627207D-01 1.6D-01 0.0D+00 1.0D+00 0.0D+00        0        0        1       10  F
      5      1   4.9201975353889543D-01 9.0D-09 0.0D+00 1.6D-07 0.0D+00       22      129       22      220  S
      5      1   5.1786288909497658D-01 2.0D-01 0.0D+00 1.0D+00 0.0D+00        0        0        1       10  F
      5      1   4.9201975355548228D-01 9.0D-09 0.0D+00 7.4D-11 0.0D+00       21      142       21      210  S
      5      1   4.0810276807294288D-01 2.4D-01 0.0D+00 1.0D+00 0.0D+00        0        0        1       10  F
      5      1   5.6371768041428028D-01 1.0D-01 0.0D+00 1.0D+00 0.0D+00        0        0        1       10  F
      5      1   4.1317179107324953D-01 3.0D-01 0.0D+00 1.0D+00 0.0D+00        0        0        1       10  F
      5      1   4.5766748356825093D-01 2.9D-01 0.0D+00 1.0D+00 0.0D+00        0        0        1       10  F
      5      1   9.9955977130424256D-01 0.0D+00 0.0D+00 1.0D+00 0.0D+00        1       10        2       20  F
      5      1   4.9201975353401023D-01 9.0D-09 0.0D+00 3.1D-07 0.0D+00       24      152       24      240  S
 no information
      5      1   5.4256585112745048D-01 8.9D-02 0.0D+00 1.0D+00 0.0D+00        0        0        1       10  F
      5      1   7.1951384559101084D-01 4.9D-03 0.0D+00 1.0D+00 0.0D+00        0        0        1       10  F
      5      1   7.0365960565499752D-01 1.2D-02 0.0D+00 1.0D+00 0.0D+00        0        0        1       10  F
      5      1   4.9201975355550431D-01 9.0D-09 0.0D+00 4.4D-09 0.0D+00       21      127       21      210  S
      5      1   6.1232562284975067D-01 3.6D-03 0.0D+00 1.0D+00 0.0D+00        1       10        2       20  F
      5      1   4.4638736926676992D-01 1.5D-01 0.0D+00 1.0D+00 0.0D+00        0        0        1       10  F
      5      1   5.8393835685964923D-01 1.1D-01 0.0D+00 1.0D+00 0.0D+00        0        0        1       10  F
      5      1   4.9201975354064348D-01 9.0D-09 0.0D+00 1.3D-09 0.0D+00       22      145       22      220  S
      5      1   4.9201975354242927D-01 9.0D-09 0.0D+00 5.4D-09 0.0D+00       21      130       21      210  S
      5      1   4.9414742026313785D-01 1.8D-01 0.0D+00 1.0D+00 0.0D+00        0        0        1       10  F
      5      1   4.9201975354180227D-01 9.0D-09 0.0D+00 4.1D-09 0.0D+00       21      128       21      210  S
      5      1   3.4022731545558954D-01 8.7D-02 0.0D+00 4.2D-02 0.0D+00        1       10        2       20  F
      5      1   4.5416313767480687D-01 8.2D-02 0.0D+00 1.0D+00 0.0D+00        0        0        1       10  F
      5      1   4.9201975354302602D-01 9.0D-09 0.0D+00 5.2D-09 0.0D+00       21      135       21      210  S
      5      1   6.2787523392357003D-01 1.9D-02 0.0D+00 1.0D+00 0.0D+00        0        0        1       10  F
      5      1   4.9201975354207317D-01 9.0D-09 0.0D+00 4.5D-09 0.0D+00       21      135       21      210  S
      5      1   5.7828705119484780D-01 0.0D+00 0.0D+00 1.0D+00 0.0D+00        0        0        1       10  F
      5      1   4.9784582514304276D-01 1.0D-01 0.0D+00 1.0D+00 0.0D+00        0        0        1       10  F
      5      1   7.2477461044721170D-01 0.0D+00 0.0D+00 1.0D+00 0.0D+00        1       10        2       20  F
      5      1   6.9484429824837468D-01 1.1D-16 0.0D+00 1.0D+00 0.0D+00        0        0        1       10  F
      5      1   4.9201975354316640D-01 9.0D-09 0.0D+00 2.9D-09 0.0D+00       21      144       21      210  S
      5      1   4.1714266920330939D-01 5.6D-02 0.0D+00 6.5D-01 0.0D+00        1       10        2       20  F
      5      1   5.7904229536268126D-01 3.2D-03 0.0D+00 1.0D+00 0.0D+00        0        0        1       10  F
      5      1   6.0473057549191667D-01 5.4D-05 0.0D+00 1.0D+00 0.0D+00        0        0        1       10  F
      5      1   4.9201975353417204D-01 9.0D-09 0.0D+00 3.0D-07 0.0D+00       24      159       24      240  S
      5      1   5.1526242505535202D-01 5.1D-03 0.0D+00 1.0D+00 0.0D+00        0        0        1       10  F
      5      1   4.8533211285651490D-01 7.5D-02 0.0D+00 1.0D+00 0.0D+00        0        0        1       10  F
      5      1   5.3888850508078090D-01 4.3D-02 0.0D+00 1.0D+00 0.0D+00        0        0        1       10  F
      5      1   5.4231998313180374D-01 1.6D-02 0.0D+00 1.0D+00 0.0D+00        0        0        1       10  F
      5      1   4.6671504955373222D-01 6.8D-02 0.0D+00 1.0D+00 0.0D+00        0        0        1       10  F
 no information
      5      1   4.9201975353541816D-01 9.0D-09 0.0D+00 2.5D-07 0.0D+00       24      175       24      240  S
 no information
      5      1   6.8674410362133642D-01 1.1D-16 0.0D+00 1.0D+00 0.0D+00        0        0        1       10  F
      5      1   4.9201975353463284D-01 9.0D-09 0.0D+00 3.3D-07 0.0D+00       22      151       22      220  S
 no information
      5      1   6.7339857592033447D-01 1.1D-16 0.0D+00 1.0D+00 0.0D+00        0        0        1       10  F
      5      1   4.2527954368519305D-01 2.7D-02 0.0D+00 4.9D-01 0.0D+00        1       10        2       20  F
      5      1   6.2616836644407747D-01 1.7D-01 0.0D+00 1.0D+00 0.0D+00        0        0        1       10  F
      5      1   6.6699955396807331D-01 6.2D-02 0.0D+00 1.0D+00 0.0D+00        0        0        1       10  F
 no information
      5      1   4.7906151074128994D-01 1.3D-01 0.0D+00 1.0D+00 0.0D+00        0        0        1       10  F
      5      1   4.9201975354188920D-01 9.0D-09 0.0D+00 3.0D-10 0.0D+00       21      126       21      210  S
 no information
      5      1   4.4658649325105487D-01 1.9D-01 0.0D+00 1.0D+00 0.0D+00        0        0        1       10  F
      5      1   4.9201975354015187D-01 9.0D-09 0.0D+00 9.8D-08 0.0D+00       22      149       22      220  S
      5      1   4.9201975354201927D-01 9.0D-09 0.0D+00 5.8D-10 0.0D+00       21      123       21      210  S
      5      1   4.8489864112133652D-01 3.2D-04 0.0D+00 2.2D-01 0.0D+00        1       10        2       20  F
      5      1   4.9201975353817712D-01 9.0D-09 0.0D+00 1.7D-07 0.0D+00       23      152       23      230  S
      5      1   7.2730933778137175D-01 2.2D-16 0.0D+00 1.0D+00 0.0D+00        1       10        2       20  F
      5      1   5.1711552231805202D-01 7.8D-09 0.0D+00 8.9D-09 0.0D+00       21      131       21      210  S
      5      1   7.4998182265241953D-01 4.8D-05 0.0D+00 1.0D+00 0.0D+00        0        0        1       10  F
      5      1   4.9201975354199756D-01 9.0D-09 0.0D+00 7.3D-09 0.0D+00       21      121       21      210  S
      5      1   6.7721368343512878D-01 3.8D-02 0.0D+00 1.0D+00 0.0D+00        0        0        1       10  F
      5      1   4.9201975355466721D-01 9.0D-09 0.0D+00 3.7D-09 0.0D+00       21      126       21      210  S
      5      1   4.2221023382278605D-01 1.1D-01 0.0D+00 1.0D+00 0.0D+00        0        0        1       10  F
      5      1   4.9201975354192989D-01 9.0D-09 0.0D+00 1.7D-09 0.0D+00       21      139       21      210  S
      5      1   5.5749243463978027D-01 6.7D-02 0.0D+00 1.0D+00 0.0D+00        0        0        1       10  F
      5      1   4.0886470612178405D-01 1.6D-01 0.0D+00 1.0D+00 0.0D+00        0        0        1       10  F
      5      1   5.1711552231804336D-01 7.8D-09 0.0D+00 4.9D-09 0.0D+00       21      136       21      210  S
      5      1   6.2069142415592082D-01 7.9D-04 0.0D+00 1.0D+00 0.0D+00        0        0        1       10  F
      5      1   4.9201975353486221D-01 9.0D-09 0.0D+00 3.2D-07 0.0D+00       22      136       22      220  S
      5      1   7.2861405714618099D-01 1.3D-02 0.0D+00 1.0D+00 0.0D+00        0        0        1       10  F
      5      1   4.4630987135416711D-01 2.0D-01 0.0D+00 1.0D+00 0.0D+00        0        0        1       10  F
      5      1   5.5484935374478517D-01 2.1D-02 0.0D+00 1.0D+00 0.0D+00        0        0        1       10  F
      5      1   4.9201975354284372D-01 9.0D-09 0.0D+00 2.9D-10 0.0D+00       21      124       21      210  S
 no information
      5      1   3.0981052739221171D-01 2.8D-01 0.0D+00 1.0D+00 0.0D+00        0        0        1       10  F
      5      1   4.3727382955422889D-01 3.1D-02 0.0D+00 1.0D+00 0.0D+00        0        0        1       10  F
      5      1   4.4228911547478866D-01 1.0D-01 0.0D+00 1.0D+00 0.0D+00        0        0        1       10  F
      5      1   4.9201975354184746D-01 9.0D-09 0.0D+00 8.7D-11 0.0D+00       21      115       21      210  S
      5      1   6.8436741939984747D-01 1.2D-03 0.0D+00 1.0D+00 0.0D+00        0        0        1       10  F
      5      1   4.9201975354205468D-01 9.0D-09 0.0D+00 5.1D-10 0.0D+00       21      131       21      210  S
      5      1   5.3170469531313169D-01 1.0D-01 0.0D+00 1.0D+00 0.0D+00        0        0        1       10  F
      5      1   6.4024417770374964D-01 8.3D-02 0.0D+00 1.0D+00 0.0D+00        0        0        1       10  F
      5      1   4.9201975354258454D-01 9.0D-09 0.0D+00 2.4D-09 0.0D+00       21      143       21      210  S
      5      1   3.3945233590973467D-01 8.8D-02 0.0D+00 8.3D-02 0.0D+00        1       10        2       20  F
      5      1   4.5888619063664604D-01 2.2D-01 0.0D+00 1.0D+00 0.0D+00        0        0        1       10  F
      5      1   4.9201975354289129D-01 9.0D-09 0.0D+00 5.6D-09 0.0D+00       21      140       21      210  S
      5      1   6.8294158968323193D-01 7.5D-03 0.0D+00 1.0D+00 0.0D+00        0        0        1       10  F
      5      1   3.6909525404013477D-01 1.9D-01 0.0D+00 1.0D+00 0.0D+00        0        0        1       10  F
      5      1   4.9201975354319477D-01 9.0D-09 0.0D+00 5.8D-09 0.0D+00       21      130       21      210  S
      5      1   3.0923462964246057D-01 3.3D-01 0.0D+00 1.0D+00 0.0D+00        0        0        1       10  F
      5      1   4.9088578479661316D-01 8.9D-06 0.0D+00 2.8D-01 0.0D+00        1       10        2       20  F
      5      1   6.2914693091817631D-01 2.1D-04 0.0D+00 1.0D+00 0.0D+00        0        0        1       10  F
 no information
      5      1   5.0045553791432895D-01 2.7D-01 0.0D+00 1.0D+00 0.0D+00        0        0        1       10  F
      5      1   5.9917361024282567D-01 2.2D-02 0.0D+00 1.0D+00 0.0D+00        0        0        1       10  F
      5      1   7.3406721834521571D-01 6.2D-02 0.0D+00 1.0D+00 0.0D+00        0        0        1       10  F
 no information
      5      1   4.8436260578082557D-01 4.6D-04 0.0D+00 1.4D-01 0.0D+00        1       10        2       20  F
      5      1   4.9201975354071253D-01 9.0D-09 0.0D+00 1.8D-10 0.0D+00       22      145       22      220  S
      5      1   4.9201975354297334D-01 9.0D-09 0.0D+00 1.6D-09 0.0D+00       21      138       21      210  S
      5      1   4.9201975355428357D-01 9.0D-09 0.0D+00 2.1D-09 0.0D+00       21      132       21      210  S
 no information
      5      1   4.9201975353667138D-01 9.0D-09 0.0D+00 2.4D-07 0.0D+00       23      144       23      230  S
      5      1   4.9201975353928190D-01 9.0D-09 0.0D+00 1.7D-07 0.0D+00       23      149       23      230  S
      5      1   4.9201975354195382D-01 9.0D-09 0.0D+00 1.8D-09 0.0D+00       21      116       21      210  S
      5      1   3.3034963443467474D-01 3.5D-01 0.0D+00 1.0D+00 0.0D+00        0        0        1       10  F
      5      1   4.2946793681901163D-01 9.8D-02 0.0D+00 1.0D+00 0.0D+00        0        0        1       10  F
      5      1   4.9201975354289162D-01 9.0D-09 0.0D+00 6.9D-09 0.0D+00       21      130       21      210  S
      5      1   4.9201975353550492D-01 9.0D-09 0.0D+00 3.0D-07 0.0D+00       22      142       22      220  S
      5      1   4.9695119202088489D-01 1.3D-01 0.0D+00 1.0D+00 0.0D+00        0        0        1       10  F
      5      1   5.1711552231282232D-01 7.8D-09 0.0D+00 3.4D-07 0.0D+00       23      173       23      230  S
      5      1   5.1711552231849600D-01 7.8D-09 0.0D+00 2.6D-09 0.0D+00       22      135       22      220  S
      5      1   4.6504412716751364D-01 1.6D-01 0.0D+00 1.0D+00 0.0D+00        0        0        1       10  F
      5      1   4.9201975353753447D-01 9.0D-09 0.0D+00 3.3D-07 0.0D+00       22      170       22      220  S
      5      1   7.2204709677888956D-01 1.1D-16 0.0D+00 1.0D+00 0.0D+00        1       10        2       20  F
 no information
      5      1   5.0111620022107439D-01 5.7D-02 0.0D+00 1.0D+00 0.0D+00        0        0        1       10  F
      5      1   4.9201975354230032D-01 9.0D-09 0.0D+00 5.0D-09 0.0D+00       21      150       21      210  S
      5      1   4.0122999746077115D-01 1.4D-01 0.0D+00 1.0D+00 0.0D+00        0        0        1       10  F
      5      1   4.9201975354291427D-01 9.0D-09 0.0D+00 4.6D-09 0.0D+00       21      142       21      210  S
      5      1   7.1329195420759550D-01 0.0D+00 0.0D+00 1.0D+00 0.0D+00        0        0        1       10  F
      5      1   4.8182347356600008D-01 1.2D-01 0.0D+00 1.0D+00 0.0D+00        0        0        1       10  F
      5      1   5.1711552231829616D-01 7.8D-09 0.0D+00 8.6D-09 0.0D+00       22      138       22      220  S
      5      1   4.8418450388481782D-01 2.9D-01 0.0D+00 1.0D+00 0.0D+00        0        0        1       10  F
      5      1   4.9201975354075689D-01 9.0D-09 0.0D+00 5.3D-09 0.0D+00       22      151       22      220  S
      5      1   4.3801452366947308D-01 2.3D-01 0.0D+00 1.0D+00 0.0D+00        0        0        1       10  F
 no information
      5      1   4.9201975353827454D-01 9.0D-09 0.0D+00 1.8D-07 0.0D+00       22      153       22      220  S
      5      1   4.9201975354062677D-01 9.0D-09 0.0D+00 7.4D-08 0.0D+00       23      163       23      230  S
      5      1   5.1711552231335978D-01 7.8D-09 0.0D+00 3.2D-07 0.0D+00       23      146       23      230  S
      5      1   5.1921099388911152D-01 2.4D-02 0.0D+00 1.0D+00 0.0D+00        0        0        1       10  F
      5      1   5.5216151721212570D-01 1.7D-02 0.0D+00 1.0D+00 0.0D+00        0        0        1       10  F
      5      1   5.8566369479411051D-01 6.7D-02 0.0D+00 1.0D+00 0.0D+00        0        0        1       10  F
      5      1   2.7303274489027535D-01 2.6D-01 0.0D+00 1.0D+00 0.0D+00        0        0        1       10  F
      5      1   3.9283674472321090D-01 2.1D-01 0.0D+00 1.0D+00 0.0D+00        0        0        1       10  F
 no information
      5      1   4.9201975354199096D-01 9.0D-09 0.0D+00 7.8D-09 0.0D+00       21      130       21      210  S
      5      1   7.1845519189506490D-01 1.1D-16 0.0D+00 1.0D+00 0.0D+00        0        0        1       10  F
      5      1   3.2699467431207518D-01 2.3D-01 0.0D+00 1.0D+00 0.0D+00        0        0        1       10  F
      5      1   6.7788054346078019D-01 1.1D-16 0.0D+00 1.0D+00 0.0D+00        0        0        1       10  F
      5      1   4.9201975353430433D-01 9.0D-09 0.0D+00 3.1D-07 0.0D+00       23      166       23      230  S
      5      1   4.8994250023399671D-01 4.3D-02 0.0D+00 1.0D+00 0.0D+00        0        0        1       10  F
      5      1   4.9201975354193778D-01 9.0D-09 0.0D+00 1.8D-09 0.0D+00       21      144       21      210  S
      5      1   4.9201975353636296D-01 9.0D-09 0.0D+00 2.5D-07 0.0D+00       23      132       23      230  S
      5      1   4.9201975354243538D-01 9.0D-09 0.0D+00 1.0D-09 0.0D+00       21      151       21      210  S
 no information
 no information
      5      1   4.2612837052725422D-01 1.2D-01 0.0D+00 1.0D+00 0.0D+00        0        0        1       10  F
      5      1   5.2044835468167305D-01 1.0D-03 0.0D+00 4.4D-01 0.0D+00        1        8        2       20  F
      5      1   4.9201975354223582D-01 9.0D-09 0.0D+00 1.5D-08 0.0D+00       22      136       22      220  S
      5      1   4.1593605648214460D-01 4.1D-02 0.0D+00 4.3D-01 0.0D+00        1       10        2       20  F
      5      1   4.5355527320899142D-01 1.9D-01 0.0D+00 1.0D+00 0.0D+00        0        0        1       10  F
      5      1   4.9201975353616151D-01 9.0D-09 0.0D+00 2.1D-07 0.0D+00       23      146       23      230  S
      5      1   2.9271475693111909D-01 2.9D-01 0.0D+00 1.0D+00 0.0D+00        0        0        1       10  F
 no information
 no information
      5      1   4.3396209048252055D-01 2.7D-01 0.0D+00 1.0D+00 0.0D+00        0        0        1       10  F
      5      1   4.9201975355478622D-01 9.0D-09 0.0D+00 6.0D-10 0.0D+00       21      143       21      210  S
      5      1   4.6859365221756288D-01 3.2D-02 0.0D+00 1.0D+00 0.0D+00        0        0        1       10  F
      5      1   6.7338617582590965D-01 1.1D-16 0.0D+00 1.0D+00 0.0D+00        0        0        1       10  F
      5      1   5.1790409825627515D-01 9.7D-03 0.0D+00 1.0D+00 0.0D+00        0        0        1       10  F
 no information
      5      1   6.3886840331591133D-01 2.0D-02 0.0D+00 1.0D+00 0.0D+00        0        0        1       10  F
      5      1   5.9439152679655405D-01 1.5D-03 0.0D+00 1.0D+00 0.0D+00        0        0        1       10  F
      5      1   6.4902121660010459D-01 4.4D-02 0.0D+00 1.0D+00 0.0D+00        0        0        1       10  F
      5      1   4.9201975354199839D-01 9.0D-09 0.0D+00 8.6D-09 0.0D+00       21      123       21      210  S
      5      1   4.9201975353799310D-01 9.0D-09 0.0D+00 1.8D-07 0.0D+00       22      140       22      220  S
      5      1   3.1185040346106485D-01 4.0D-01 0.0D+00 1.0D+00 0.0D+00        0        0        1       10  F
      5      1   2.8400158836978834D-01 3.3D-01 0.0D+00 1.0D+00 0.0D+00        0        0        1       10  F
      5      1   4.1480965360353139D-01 1.4D-01 0.0D+00 1.0D+00 0.0D+00        0        0        1       10  F
 no information
      5      1   4.0879759338721511D-01 7.2D-02 0.0D+00 1.0D+00 0.0D+00        0        0        1       10  F
      5      1   3.0126134378158054D-01 2.3D-01 0.0D+00 1.0D+00 0.0D+00        0        0        1       10  F
      5      1   3.4019677980042429D-01 8.7D-02 0.0D+00 4.2D-02 0.0D+00        1       10        2       20  F
 no information
      5      1   5.4277953121792155D-01 2.3D-02 0.0D+00 1.0D+00 0.0D+00        0        0        1       10  F
      5      1   5.1711552231844848D-01 7.8D-09 0.0D+00 1.9D-09 0.0D+00       22      153       22      220  S
 no information
      5      1   6.8973871641321693D-01 3.3D-02 0.0D+00 1.0D+00 0.0D+00        0        0        1       10  F
      5      1   6.1550653158876811D-01 3.4D-02 0.0D+00 1.0D+00 0.0D+00        0        0        1       10  F
      5      1   5.8557621938993099D-01 1.0D-02 0.0D+00 1.0D+00 0.0D+00        0        0        1       10  F
      5      1   6.4741499016637283D-01 1.4D-02 0.0D+00 1.0D+00 0.0D+00        0        0        1       10  F
      5      1   4.9201975353969424D-01 9.0D-09 0.0D+00 1.4D-07 0.0D+00       22      146       22      220  S
      5      1   7.1127138212741570D-01 1.1D-16 0.0D+00 1.0D+00 0.0D+00        0        0        1       10  F
      5      1   5.4615877394684964D-01 1.8D-01 0.0D+00 1.0D+00 0.0D+00        0        0        1       10  F
      5      1   4.2835034693504392D-01 2.3D-01 0.0D+00 1.0D+00 0.0D+00        0        0        1       10  F
      5      1   6.8176864132956794D-01 2.7D-04 0.0D+00 8.4D-01 0.0D+00        1       10        2       20  F
      5      1   5.3281324624584769D-01 4.2D-02 0.0D+00 1.0D+00 0.0D+00        0        0        1       10  F
      5      1   4.9201975354060790D-01 9.0D-09 0.0D+00 2.0D-09 0.0D+00       22      130       22      220  S
      5      1   4.9201975354058458D-01 9.0D-09 0.0D+00 2.1D-11 0.0D+00       22      132       22      220  S
      5      1   4.9201975353700467D-01 9.0D-09 0.0D+00 1.6D-07 0.0D+00       24      151       24      240  S
      5      1   4.3788784098186995D-01 2.0D-01 0.0D+00 1.0D+00 0.0D+00        0        0        1       10  F
      5      1   5.1711552231819080D-01 7.8D-09 0.0D+00 3.4D-09 0.0D+00       21      120       21      210  S
      5      1   5.0612219084384380D-01 2.1D-02 0.0D+00 1.0D+00 0.0D+00        0        0        1       10  F
      5      1   4.9201975353725624D-01 9.0D-09 0.0D+00 1.5D-07 0.0D+00       24      148       24      240  S
      5      1   4.1561533284692198D-01 1.5D-01 0.0D+00 1.0D+00 0.0D+00        0        0        1       10  F
      5      1   6.2228465328462645D-01 2.1D-01 0.0D+00 1.0D+00 0.0D+00        0        0        1       10  F
      5      1   7.3082413567524451D-01 4.6D-02 0.0D+00 1.0D+00 0.0D+00        0        0        1       10  F
      5      1   3.3936361809225468D-01 1.9D-01 0.0D+00 1.0D+00 0.0D+00        0        0        1       10  F
      5      1   5.1711552231849489D-01 7.8D-09 0.0D+00 2.1D-09 0.0D+00       22      144       22      220  S
      5      1   4.9201975353913752D-01 9.0D-09 0.0D+00 1.6D-07 0.0D+00       22      148       22      220  S
      5      1   4.9201975354072069D-01 9.0D-09 0.0D+00 3.1D-09 0.0D+00       22      138       22      220  S
      5      1   4.9086332157883611D-01 9.3D-06 0.0D+00 2.8D-01 0.0D+00        1       10        2       20  F
      5      1   4.9201975354072530D-01 9.0D-09 0.0D+00 5.8D-08 0.0D+00       23      150       23      230  S
      5      1   3.1989413828680824D-01 3.2D-01 0.0D+00 1.0D+00 0.0D+00        0        0        1       10  F
      5      1   4.9201975354099386D-01 9.0D-09 0.0D+00 6.9D-08 0.0D+00       23      144       23      230  S
      5      1   6.5723481325482636D-01 1.1D-16 0.0D+00 1.0D+00 0.0D+00        0        0        1       10  F
      5      1   7.3654977159174040D-01 1.1D-16 0.0D+00 1.0D+00 0.0D+00        1       10        2       20  F
      5      1   6.8587592937353437D-01 0.0D+00 0.0D+00 1.0D+00 0.0D+00        1       10        2       20  F
      5      1   6.0004903018026123D-01 5.9D-02 0.0D+00 1.0D+00 0.0D+00        0        0        1       10  F
      5      1   5.1711552231823421D-01 7.8D-09 0.0D+00 5.9D-09 0.0D+00       21      147       21      210  S
      5      1   4.1211098695347792D-01 1.8D-01 0.0D+00 1.0D+00 0.0D+00        0        0        1       10  F
      5      1   2.5493384874629538D-01 4.2D-01 0.0D+00 1.0D+00 0.0D+00        0        0        1       10  F
      5      1   4.6745585403070156D-01 9.2D-02 0.0D+00 1.0D+00 0.0D+00        0        0        1       10  F
      5      1   5.7599533642131950D-01 3.6D-03 0.0D+00 1.0D+00 0.0D+00        0        0        1       10  F
      5      1   6.8453481881193756D-01 1.1D-16 0.0D+00 1.0D+00 0.0D+00        0        0        1       10  F
 no information
 no information
      5      1   4.9201975354178390D-01 9.0D-09 0.0D+00 7.2D-09 0.0D+00       21      111       21      210  S
      5      1   4.9201975354310307D-01 9.0D-09 0.0D+00 2.9D-09 0.0D+00       21      148       21      210  S
      5      1   3.8601244153482606D-01 7.5D-02 0.0D+00 1.0D+00 0.0D+00        0        0        1       10  F
      5      1   4.9201975354192257D-01 9.0D-09 0.0D+00 2.5D-09 0.0D+00       21      113       21      210  S
 no information
      5      1   4.9201975354056798D-01 9.0D-09 0.0D+00 1.0D-09 0.0D+00       22      124       22      220  S
      5      1   7.0711235557929464D-01 9.2D-06 0.0D+00 1.0D+00 0.0D+00        1       10        2       20  F
      5      1   5.9654468428681717D-01 1.2D-01 0.0D+00 1.0D+00 0.0D+00        0        0        1       10  F
      5      1   4.4245873281395004D-01 3.0D-02 0.0D+00 4.3D-01 0.0D+00        2       20        3       30  F
      5      1   4.9201975354173488D-01 9.0D-09 0.0D+00 1.3D-09 0.0D+00       21      138       21      210  S
      5      1   4.9201975353578947D-01 9.0D-09 0.0D+00 2.8D-07 0.0D+00       22      155       22      220  S
      5      1   7.0408757235976638D-01 0.0D+00 0.0D+00 1.0D+00 0.0D+00        0        0        1       10  F
      5      1   4.9201975354218980D-01 9.0D-09 0.0D+00 4.1D-10 0.0D+00       21      145       21      210  S
      5      1   4.9201975353870764D-01 9.0D-09 0.0D+00 1.6D-07 0.0D+00       22      168       22      220  S
      5      1   4.9937225283175007D-01 8.4D-02 0.0D+00 1.0D+00 0.0D+00        0        0        1       10  F
      5      1   4.9926967277238798D-01 1.0D-01 0.0D+00 1.0D+00 0.0D+00        0        0        1       10  F
      5      1   5.0082348972670343D-01 2.1D-02 0.0D+00 1.0D+00 0.0D+00        0        0        1       10  F
      5      1   6.5685446810011561D-01 0.0D+00 0.0D+00 1.0D+00 0.0D+00        0        0        1       10  F
      5      1   3.1288544649992006D-01 2.0D-01 0.0D+00 1.0D+00 0.0D+00        0        0        1       10  F
      5      1   4.9201975354198291D-01 9.0D-09 0.0D+00 9.6D-10 0.0D+00       21      131       21      210  S
      5      1   6.8094291392811290D-01 1.1D-16 0.0D+00 1.0D+00 0.0D+00        0        0        1       10  F
      5      1   5.1711552231830571D-01 7.8D-09 0.0D+00 1.9D-09 0.0D+00       22      153       22      220  S
