      7      1   4.1393559528382928D-01 6.4D-09 0.0D+00 3.4D-07 0.0D+00       23      165       23      230  S
      7      1   4.1393559528389950D-01 6.4D-09 0.0D+00 3.2D-07 0.0D+00       24      161       24      240  S
      7      1   3.8119334673484107D-01 8.4D-09 0.0D+00 6.6D-09 0.0D+00       20      120       20      200  S
      7      1   3.8119334673462957D-01 8.4D-09 0.0D+00 6.8D-09 0.0D+00       20      127       20      200  S
      7      1   4.1393559528368840D-01 6.4D-09 0.0D+00 3.5D-07 0.0D+00       23      152       23      230  S
      7      1   3.8119334672953398D-01 8.4D-09 0.0D+00 3.3D-07 0.0D+00       22      177       22      220  S
      7      1   5.5160950066222469D-01 6.4D-09 0.0D+00 2.6D-07 0.0D+00       22      141       22      220  S
      7      1   4.1393559528761786D-01 6.4D-09 0.0D+00 1.4D-09 0.0D+00       22      128       22      220  S
      7      1   3.8119334674935779D-01 8.4D-09 0.0D+00 1.7D-09 0.0D+00       20      129       20      200  S
      7      1   4.1393559528743451D-01 6.4D-09 0.0D+00 2.7D-09 0.0D+00       21      150       21      210  S
      7      1   4.1393559528797885D-01 6.4D-09 0.0D+00 9.7D-09 0.0D+00       21      130       21      210  S
      7      1   4.1393559528460960D-01 6.4D-09 0.0D+00 2.5D-07 0.0D+00       23      149       23      230  S
      7      1   3.8119334673481281D-01 8.4D-09 0.0D+00 1.6D-09 0.0D+00       20      135       20      200  S
      7      1   4.1393559528820006D-01 6.4D-09 0.0D+00 5.0D-10 0.0D+00       22      144       22      220  S
      7      1   3.8119334673470356D-01 8.4D-09 0.0D+00 6.3D-10 0.0D+00       20      127       20      200  S
      7      1   4.1393559528779478D-01 6.4D-09 0.0D+00 1.6D-09 0.0D+00       21      148       21      210  S
      7      1   3.8119334673466371D-01 8.4D-09 0.0D+00 1.4D-09 0.0D+00       20      137       20      200  S
      7      1   4.1393559528475937D-01 6.4D-09 0.0D+00 2.5D-07 0.0D+00       23      149       23      230  S
      7      1   4.1393559528782237D-01 6.4D-09 0.0D+00 4.8D-10 0.0D+00       21      158       21      210  S
      7      1   4.1393559528382584D-01 6.4D-09 0.0D+00 3.5D-07 0.0D+00       24      152       24      240  S
      7      1   4.1393559528789220D-01 6.4D-09 0.0D+00 6.7D-09 0.0D+00       21      142       21      210  S
      7      1   4.1393559528785029D-01 6.4D-09 0.0D+00 5.9D-09 0.0D+00       22      143       22      220  S
      7      1   4.1393559528753471D-01 6.4D-09 0.0D+00 2.1D-09 0.0D+00       22      123       22      220  S
      7      1   4.1751248261205010D-01 8.6D-09 0.0D+00 5.9D-10 0.0D+00       20      134       20      200  S
      7      1   3.8119334674859723D-01 8.4D-09 0.0D+00 1.1D-09 0.0D+00       20      131       20      200  S
      7      1   4.1393559528403728D-01 6.4D-09 0.0D+00 3.5D-07 0.0D+00       22      140       22      220  S
      7      1   4.1393559528759222D-01 6.4D-09 0.0D+00 3.2D-09 0.0D+00       23      141       23      230  S
      7      1   3.8119334673474525D-01 8.4D-09 0.0D+00 1.9D-09 0.0D+00       20      121       20      200  S
      7      1   3.5993081657065323D-01 3.6D-03 0.0D+00 4.0D-01 0.0D+00        1       10        2       20  F
      7      1   4.1393559528737134D-01 6.4D-09 0.0D+00 1.5D-09 0.0D+00       21      139       21      210  S
      7      1   3.8119334673502153D-01 8.4D-09 0.0D+00 5.4D-09 0.0D+00       20      148       20      200  S
      7      1   3.8119334674692573D-01 8.4D-09 0.0D+00 1.1D-07 0.0D+00       21      139       21      210  S
      7      1   3.8119334673163774D-01 8.4D-09 0.0D+00 1.6D-07 0.0D+00       21      131       21      210  S
      7      1   3.8119334673008964D-01 8.4D-09 0.0D+00 2.5D-07 0.0D+00       21      146       21      210  S
      7      1   4.1393559528755836D-01 6.4D-09 0.0D+00 1.9D-08 0.0D+00       22      140       22      220  S
      7      1   4.1393559528753920D-01 6.4D-09 0.0D+00 3.3D-09 0.0D+00       22      144       22      220  S
      7      1   4.9201975354172406D-01 9.0D-09 0.0D+00 5.9D-10 0.0D+00       22      165       22      220  S
      7      1   3.8119334674305194D-01 8.4D-09 0.0D+00 3.2D-07 0.0D+00       22      157       22      220  S
      7      1   4.1393559528379348D-01 6.4D-09 0.0D+00 3.4D-07 0.0D+00       23      164       23      230  S
      7      1   3.8119334673447491D-01 8.4D-09 0.0D+00 5.9D-10 0.0D+00       21      143       21      210  S
      7      1   4.1393559528763241D-01 6.4D-09 0.0D+00 3.0D-09 0.0D+00       21      156       21      210  S
      7      1   3.8119334673478794D-01 8.4D-09 0.0D+00 1.6D-09 0.0D+00       20      125       20      200  S
      7      1   4.1393559528745516D-01 6.4D-09 0.0D+00 5.0D-09 0.0D+00       21      155       21      210  S
      7      1   3.8119334674936639D-01 8.4D-09 0.0D+00 1.9D-09 0.0D+00       20      153       20      200  S
      7      1   4.1393559528574309D-01 6.4D-09 0.0D+00 1.7D-07 0.0D+00       23      158       23      230  S
      7      1   3.8119334673467503D-01 8.4D-09 0.0D+00 1.3D-09 0.0D+00       20      117       20      200  S
      7      1   3.8119334674961652D-01 8.4D-09 0.0D+00 9.0D-09 0.0D+00       20      156       20      200  S
      7      1   3.8119334673460314D-01 8.4D-09 0.0D+00 8.0D-09 0.0D+00       21      148       21      210  S
      7      1   4.1393559528760815D-01 6.4D-09 0.0D+00 6.4D-09 0.0D+00       22      135       22      220  S
      7      1   3.8119334673186123D-01 8.4D-09 0.0D+00 1.4D-07 0.0D+00       22      146       22      220  S
      7      1   4.1663917756816093D-01 8.9D-09 0.0D+00 2.2D-07 0.0D+00       22      161       22      220  S
      7      1   4.1393559528517682D-01 6.4D-09 0.0D+00 2.6D-07 0.0D+00       22      151       22      220  S
      7      1   4.1393559528769264D-01 6.4D-09 0.0D+00 1.1D-08 0.0D+00       22      163       22      220  S
      7      1   4.1393559528748547D-01 6.4D-09 0.0D+00 1.2D-09 0.0D+00       22      147       22      220  S
      7      1   3.8119334673210459D-01 8.4D-09 0.0D+00 1.3D-07 0.0D+00       22      170       22      220  S
      7      1   3.8119334674823080D-01 8.4D-09 0.0D+00 3.1D-09 0.0D+00       22      142       22      220  S
      7      1   3.8119334674845462D-01 8.4D-09 0.0D+00 8.4D-10 0.0D+00       20      136       20      200  S
      7      1   4.1393559528812801D-01 6.4D-09 0.0D+00 6.3D-09 0.0D+00       23      145       23      230  S
      7      1   4.1393559528580587D-01 6.4D-09 0.0D+00 1.5D-07 0.0D+00       22      134       22      220  S
      7      1   3.8119334673470012D-01 8.4D-09 0.0D+00 9.4D-09 0.0D+00       20      128       20      200  S
      7      1   4.1393559528753443D-01 6.4D-09 0.0D+00 4.9D-09 0.0D+00       21      130       21      210  S
      7      1   4.1393559528749141D-01 6.4D-09 0.0D+00 2.8D-09 0.0D+00       21      138       21      210  S
      7      1   4.1393559528595275D-01 6.4D-09 0.0D+00 1.6D-07 0.0D+00       23      166       23      230  S
      7      1   4.1663917757364743D-01 8.9D-09 0.0D+00 9.8D-10 0.0D+00       21      136       21      210  S
      7      1   4.1393559528764934D-01 6.4D-09 0.0D+00 9.6D-09 0.0D+00       23      135       23      230  S
      7      1   3.8119334674219885D-01 8.4D-09 0.0D+00 3.2D-07 0.0D+00       21      151       21      210  S
      7      1   4.1751248259880935D-01 8.6D-09 0.0D+00 2.0D-09 0.0D+00       20      129       20      200  S
      7      1   4.1663917757267893D-01 8.9D-09 0.0D+00 8.3D-10 0.0D+00       21      144       21      210  S
      7      1   3.8119334673592969D-01 8.4D-09 0.0D+00 2.7D-09 0.0D+00       20      153       20      200  S
      7      1   4.1393559528812651D-01 6.4D-09 0.0D+00 7.8D-10 0.0D+00       21      138       21      210  S
      7      1   4.1393559528729812D-01 6.4D-09 0.0D+00 4.7D-09 0.0D+00       21      138       21      210  S
      7      1   4.1393559528631241D-01 6.4D-09 0.0D+00 5.6D-09 0.0D+00       21      170       21      210  S
      7      1   4.1393559528758339D-01 6.4D-09 0.0D+00 9.1D-09 0.0D+00       21      119       21      210  S
      7      1   4.1393559528820550D-01 6.4D-09 0.0D+00 6.5D-09 0.0D+00       23      154       23      230  S
      7      1   4.1751248260544699D-01 8.6D-09 0.0D+00 3.2D-07 0.0D+00       21      130       21      210  S
      7      1   3.8119334674883082D-01 8.4D-09 0.0D+00 8.5D-09 0.0D+00       20      133       20      200  S
      7      1   3.8119334674680316D-01 8.4D-09 0.0D+00 6.8D-08 0.0D+00       21      149       21      210  S
      7      1   4.1393559528793028D-01 6.4D-09 0.0D+00 4.2D-09 0.0D+00       22      139       22      220  S
      7      1   3.8119334673564953D-01 8.4D-09 0.0D+00 3.6D-10 0.0D+00       20      131       20      200  S
      7      1   3.8119334673013583D-01 8.4D-09 0.0D+00 2.4D-07 0.0D+00       23      165       23      230  S
      7      1   4.1393559528543111D-01 6.4D-09 0.0D+00 1.9D-07 0.0D+00       23      146       23      230  S
      7      1   4.1393559528805418D-01 6.4D-09 0.0D+00 9.7D-09 0.0D+00       22      144       22      220  S
      7      1   4.1393559528762058D-01 6.4D-09 0.0D+00 9.8D-09 0.0D+00       23      159       23      230  S
      7      1   4.1663917757266195D-01 8.9D-09 0.0D+00 3.3D-10 0.0D+00       21      153       21      210  S
      7      1   3.8119334674829730D-01 8.4D-09 0.0D+00 7.6D-10 0.0D+00       20      142       20      200  S
      7      1   3.8119334673477412D-01 8.4D-09 0.0D+00 3.9D-09 0.0D+00       20      123       20      200  S
      7      1   4.1393559528748730D-01 6.4D-09 0.0D+00 3.1D-10 0.0D+00       22      129       22      220  S
      7      1   4.1751248261215496D-01 8.6D-09 0.0D+00 7.5D-09 0.0D+00       20      141       20      200  S
      7      1   4.1393559528752816D-01 6.4D-09 0.0D+00 4.5D-09 0.0D+00       22      138       22      220  S
      7      1   4.1393559528749330D-01 6.4D-09 0.0D+00 9.6D-09 0.0D+00       21      141       21      210  S
      7      1   4.1393559528465268D-01 6.4D-09 0.0D+00 3.0D-07 0.0D+00       23      149       23      230  S
      7      1   4.1393559528556034D-01 6.4D-09 0.0D+00 1.9D-07 0.0D+00       25      184       25      250  S
      7      1   3.8119334672917660D-01 8.4D-09 0.0D+00 3.3D-07 0.0D+00       21      159       21      210  S
      7      1   3.8119334674834127D-01 8.4D-09 0.0D+00 7.3D-10 0.0D+00       20      137       20      200  S
      7      1   4.1393559528826990D-01 6.4D-09 0.0D+00 9.9D-10 0.0D+00       23      145       23      230  S
      7      1   3.8119334673499539D-01 8.4D-09 0.0D+00 1.4D-09 0.0D+00       21      135       21      210  S
      7      1   3.8119334674850519D-01 8.4D-09 0.0D+00 5.3D-09 0.0D+00       20      155       20      200  S
      7      1   4.1751248260631973D-01 8.6D-09 0.0D+00 3.3D-07 0.0D+00       22      158       22      220  S
      7      1   4.1663917756892105D-01 8.9D-09 0.0D+00 2.1D-07 0.0D+00       23      186       23      230  S
      7      1   4.1751248260592616D-01 8.6D-09 0.0D+00 3.2D-07 0.0D+00       21      140       21      210  S
      7      1   4.7641673308857974D-01 2.3D-02 0.0D+00 1.0D+00 0.0D+00        0        0        1       10  F
      7      1   3.8119334674198352D-01 8.4D-09 0.0D+00 3.3D-07 0.0D+00       21      165       21      210  S
      7      1   3.8119334673482286D-01 8.4D-09 0.0D+00 9.0D-10 0.0D+00       21      129       21      210  S
      7      1   3.8119334673495980D-01 8.4D-09 0.0D+00 4.6D-09 0.0D+00       20      150       20      200  S
      7      1   4.1393559528414442D-01 6.4D-09 0.0D+00 3.5D-07 0.0D+00       24      178       24      240  S
      7      1   4.1393559528568957D-01 6.4D-09 0.0D+00 1.6D-07 0.0D+00       23      150       23      230  S
      7      1   4.1393559528439661D-01 6.4D-09 0.0D+00 3.3D-07 0.0D+00       22      160       22      220  S
      7      1   3.8119334674855476D-01 8.4D-09 0.0D+00 4.2D-09 0.0D+00       20      146       20      200  S
      7      1   3.8119334673497829D-01 8.4D-09 0.0D+00 4.0D-10 0.0D+00       20      180       20      200  S
      7      1   4.1393559528753049D-01 6.4D-09 0.0D+00 1.2D-10 0.0D+00       21      146       21      210  S
      7      1   3.8119334674839539D-01 8.4D-09 0.0D+00 1.2D-09 0.0D+00       20      123       20      200  S
      7      1   3.8119334674841832D-01 8.4D-09 0.0D+00 6.3D-10 0.0D+00       20      154       20      200  S
      7      1   4.1663917757337998D-01 8.9D-09 0.0D+00 5.9D-09 0.0D+00       21      147       21      210  S
      7      1   3.8119334673570737D-01 8.4D-09 0.0D+00 4.2D-09 0.0D+00       20      124       20      200  S
      7      1   4.1393559528763690D-01 6.4D-09 0.0D+00 7.0D-09 0.0D+00       22      140       22      220  S
      7      1   4.1393559528438723D-01 6.4D-09 0.0D+00 2.9D-07 0.0D+00       23      148       23      230  S
      7      1   4.1663917757270075D-01 8.9D-09 0.0D+00 4.7D-09 0.0D+00       21      142       21      210  S
      7      1   4.1393559528806628D-01 6.4D-09 0.0D+00 2.9D-09 0.0D+00       21      158       21      210  S
      7      1   4.1393559528354451D-01 6.4D-09 0.0D+00 3.5D-07 0.0D+00       22      142       22      220  S
      7      1   3.8119334673484445D-01 8.4D-09 0.0D+00 6.4D-09 0.0D+00       20      121       20      200  S
      7      1   4.1393559528407192D-01 6.4D-09 0.0D+00 3.0D-07 0.0D+00       23      157       23      230  S
      7      1   3.8119334673460453D-01 8.4D-09 0.0D+00 7.9D-10 0.0D+00       21      135       21      210  S
      7      1   4.1751248261228346D-01 8.6D-09 0.0D+00 1.8D-10 0.0D+00       20      134       20      200  S
      7      1   4.1393559528775103D-01 6.4D-09 0.0D+00 5.2D-09 0.0D+00       23      157       23      230  S
 no information
      7      1   4.1393559528473411D-01 6.4D-09 0.0D+00 3.0D-07 0.0D+00       23      155       23      230  S
      7      1   4.1393559528819213D-01 6.4D-09 0.0D+00 8.7D-09 0.0D+00       23      155       23      230  S
      7      1   4.1393559528778406D-01 6.4D-09 0.0D+00 4.5D-09 0.0D+00       22      148       22      220  S
      7      1   4.1393559528817903D-01 6.4D-09 0.0D+00 7.3D-09 0.0D+00       21      142       21      210  S
      7      1   4.1393559528754831D-01 6.4D-09 0.0D+00 6.2D-09 0.0D+00       21      127       21      210  S
      7      1   3.8119334674957994D-01 8.4D-09 0.0D+00 4.5D-09 0.0D+00       20      151       20      200  S
      7      1   4.1393559528809459D-01 6.4D-09 0.0D+00 7.7D-09 0.0D+00       22      159       22      220  S
      7      1   4.1393559528768292D-01 6.4D-09 0.0D+00 7.6D-09 0.0D+00       23      149       23      230  S
      7      1   3.8119334673031291D-01 8.4D-09 0.0D+00 2.4D-07 0.0D+00       21      134       21      210  S
      7      1   4.1393559528772905D-01 6.4D-09 0.0D+00 2.2D-09 0.0D+00       23      156       23      230  S
      7      1   4.1393559528760854D-01 6.4D-09 0.0D+00 7.5D-09 0.0D+00       21      152       21      210  S
      7      1   3.8119334674199551D-01 8.4D-09 0.0D+00 3.3D-07 0.0D+00       22      160       22      220  S
      7      1   4.1393559528527990D-01 6.4D-09 0.0D+00 2.6D-07 0.0D+00       22      145       22      220  S
      7      1   4.1393559528804708D-01 6.4D-09 0.0D+00 3.2D-09 0.0D+00       22      145       22      220  S
      7      1   4.1393559528742185D-01 6.4D-09 0.0D+00 3.7D-09 0.0D+00       21      138       21      210  S
      7      1   4.1393559528744622D-01 6.4D-09 0.0D+00 5.7D-10 0.0D+00       21      158       21      210  S
      7      1   4.1393559528362600D-01 6.4D-09 0.0D+00 3.5D-07 0.0D+00       24      162       24      240  S
      7      1   4.1393559528418511D-01 6.4D-09 0.0D+00 3.4D-07 0.0D+00       22      168       22      220  S
      7      1   4.1393559528381457D-01 6.4D-09 0.0D+00 3.5D-07 0.0D+00       22      152       22      220  S
      7      1   4.1393559528748863D-01 6.4D-09 0.0D+00 1.7D-09 0.0D+00       21      158       21      210  S
      7      1   4.1393559528386331D-01 6.4D-09 0.0D+00 3.5D-07 0.0D+00       24      151       24      240  S
      7      1   3.8119334673496402D-01 8.4D-09 0.0D+00 2.0D-09 0.0D+00       20      131       20      200  S
      7      1   3.8119334673472821D-01 8.4D-09 0.0D+00 7.1D-09 0.0D+00       20      125       20      200  S
      7      1   1.5674557947845087D+00 0.0D+00 0.0D+00 1.0D+00 0.0D+00       24      144       25      250  S
      7      1   3.8119334674822453D-01 8.4D-09 0.0D+00 5.3D-09 0.0D+00       20      123       20      200  S
      7      1   4.1393559528418533D-01 6.4D-09 0.0D+00 2.9D-07 0.0D+00       23      168       23      230  S
      7      1   3.8119334674962113D-01 8.4D-09 0.0D+00 5.7D-09 0.0D+00       20      143       20      200  S
      7      1   4.1393559528593016D-01 6.4D-09 0.0D+00 1.4D-07 0.0D+00       24      152       24      240  S
      7      1   4.1393559528789459D-01 6.4D-09 0.0D+00 9.9D-09 0.0D+00       23      141       23      230  S
      7      1   4.1393559528750473D-01 6.4D-09 0.0D+00 1.4D-08 0.0D+00       23      166       23      230  S
      7      1   4.1751248261208229D-01 8.6D-09 0.0D+00 1.9D-08 0.0D+00       22      138       22      220  S
      7      1   3.8119334673434341D-01 8.4D-09 0.0D+00 6.6D-09 0.0D+00       20      125       20      200  S
      7      1   4.1393559528750529D-01 6.4D-09 0.0D+00 9.9D-09 0.0D+00       22      148       22      220  S
      7      1   3.8119334673447353D-01 8.4D-09 0.0D+00 2.4D-09 0.0D+00       21      124       21      210  S
      7      1   4.1393559528736001D-01 6.4D-09 0.0D+00 3.4D-09 0.0D+00       21      144       21      210  S
      7      1   4.1393559528735696D-01 6.4D-09 0.0D+00 6.2D-11 0.0D+00       21      128       21      210  S
      7      1   3.8119334674847505D-01 8.4D-09 0.0D+00 5.1D-09 0.0D+00       20      149       20      200  S
      7      1   4.1393559528825452D-01 6.4D-09 0.0D+00 8.8D-09 0.0D+00       22      147       22      220  S
      7      1   4.1751248260665269D-01 8.6D-09 0.0D+00 3.0D-07 0.0D+00       21      163       21      210  S
      7      1   3.8119334672876326D-01 8.4D-09 0.0D+00 3.1D-07 0.0D+00       22      160       22      220  S
      7      1   4.1393559528608920D-01 6.4D-09 0.0D+00 1.2D-07 0.0D+00       23      143       23      230  S
      7      1   4.1393559528763479D-01 6.4D-09 0.0D+00 6.3D-09 0.0D+00       23      152       23      230  S
      7      1   4.1393559528492840D-01 6.4D-09 0.0D+00 2.3D-07 0.0D+00       25      189       25      250  S
      7      1   4.1393559528775009D-01 6.4D-09 0.0D+00 6.2D-09 0.0D+00       23      137       23      230  S
      7      1   4.1393559528757545D-01 6.4D-09 0.0D+00 5.8D-09 0.0D+00       21      144       21      210  S
      7      1   4.1393559528750817D-01 6.4D-09 0.0D+00 9.7D-09 0.0D+00       21      132       21      210  S
      7      1   4.1393559528410107D-01 6.4D-09 0.0D+00 3.4D-07 0.0D+00       22      159       22      220  S
      7      1   3.8119334712508079D-01 8.4D-09 0.0D+00 3.3D-07 0.0D+00       22      164       22      220  S
      7      1   3.8119334673468486D-01 8.4D-09 0.0D+00 3.1D-09 0.0D+00       20      131       20      200  S
      7      1   3.8119334674258831D-01 8.4D-09 0.0D+00 3.0D-07 0.0D+00       21      142       21      210  S
      7      1   3.8119334673506927D-01 8.4D-09 0.0D+00 4.2D-09 0.0D+00       20      162       20      200  S
      7      1   3.8119334673198646D-01 8.4D-09 0.0D+00 1.5D-07 0.0D+00       22      150       22      220  S
      7      1   3.8119334674860067D-01 8.4D-09 0.0D+00 4.5D-09 0.0D+00       20      143       20      200  S
      7      1   4.1393559528810653D-01 6.4D-09 0.0D+00 6.2D-09 0.0D+00       21      143       21      210  S
      7      1   4.1393559528823060D-01 6.4D-09 0.0D+00 1.9D-09 0.0D+00       22      137       22      220  S
      7      1   4.1393559528755303D-01 6.4D-09 0.0D+00 2.5D-09 0.0D+00       23      141       23      230  S
      7      1   3.8119334673536975D-01 8.4D-09 0.0D+00 5.5D-09 0.0D+00       21      131       21      210  S
      7      1   3.8119334672910171D-01 8.4D-09 0.0D+00 3.0D-07 0.0D+00       21      136       21      210  S
      7      1   4.1393559528781987D-01 6.4D-09 0.0D+00 5.5D-09 0.0D+00       22      144       22      220  S
      7      1   4.1393559528559648D-01 6.4D-09 0.0D+00 1.6D-07 0.0D+00       23      184       23      230  S
      7      1   3.8119334674688488D-01 8.4D-09 0.0D+00 7.2D-08 0.0D+00       21      139       21      210  S
      7      1   4.1393559528809415D-01 6.4D-09 0.0D+00 6.6D-09 0.0D+00       22      149       22      220  S
      7      1   3.8119334673213179D-01 8.4D-09 0.0D+00 1.5D-07 0.0D+00       21      174       21      210  S
      7      1   3.8119334674851035D-01 8.4D-09 0.0D+00 9.4D-10 0.0D+00       20      122       20      200  S
      7      1   4.1393559528757001D-01 6.4D-09 0.0D+00 4.6D-09 0.0D+00       21      142       21      210  S
      7      1   4.1393559528360135D-01 6.4D-09 0.0D+00 3.5D-07 0.0D+00       22      143       22      220  S
      7      1   4.1393559528751123D-01 6.4D-09 0.0D+00 2.9D-09 0.0D+00       22      142       22      220  S
      7      1   4.1393559528645002D-01 6.4D-09 0.0D+00 1.6D-07 0.0D+00       23      173       23      230  S
      7      1   3.8119334673476718D-01 8.4D-09 0.0D+00 1.7D-10 0.0D+00       20      146       20      200  S
      7      1   4.1393559528395768D-01 6.4D-09 0.0D+00 3.4D-07 0.0D+00       22      142       22      220  S
      7      1   3.8119334673162086D-01 8.4D-09 0.0D+00 1.6D-07 0.0D+00       22      147       22      220  S
      7      1   4.1393559528785256D-01 6.4D-09 0.0D+00 3.1D-09 0.0D+00       22      137       22      220  S
      7      1   4.1393559528838830D-01 6.4D-09 0.0D+00 7.6D-10 0.0D+00       23      144       23      230  S
      7      1   4.1393559528565704D-01 6.4D-09 0.0D+00 1.6D-07 0.0D+00       23      157       23      230  S
      7      1   4.1393559528780904D-01 6.4D-09 0.0D+00 1.9D-09 0.0D+00       23      139       23      230  S
      7      1   3.8119334673231292D-01 8.4D-09 0.0D+00 1.5D-07 0.0D+00       21      146       21      210  S
      7      1   3.8119334674368077D-01 8.4D-09 0.0D+00 2.4D-07 0.0D+00       21      149       21      210  S
      7      1   3.8119334674846717D-01 8.4D-09 0.0D+00 8.2D-09 0.0D+00       20      129       20      200  S
      7      1   3.8534526613566894D-01 1.7D-01 0.0D+00 1.0D+00 0.0D+00        0        0        1       10  F
      7      1   4.1393559528731055D-01 6.4D-09 0.0D+00 2.0D-09 0.0D+00       21      144       21      210  S
      7      1   4.1393559528686491D-01 6.4D-09 0.0D+00 5.5D-08 0.0D+00       23      152       23      230  S
      7      1   3.8119334673588895D-01 8.4D-09 0.0D+00 9.2D-09 0.0D+00       20      162       20      200  S
      7      1   4.1393559528523566D-01 6.4D-09 0.0D+00 2.2D-07 0.0D+00       24      164       24      240  S
      7      1   4.1393559528814616D-01 6.4D-09 0.0D+00 9.6D-09 0.0D+00       23      140       23      230  S
      7      1   4.1393559528818641D-01 6.4D-09 0.0D+00 2.5D-09 0.0D+00       23      146       23      230  S
      7      1   3.8119334674215832D-01 8.4D-09 0.0D+00 3.3D-07 0.0D+00       21      155       21      210  S
      7      1   3.8119334673467203D-01 8.4D-09 0.0D+00 5.4D-09 0.0D+00       20      134       20      200  S
      7      1   3.8119334674534627D-01 8.4D-09 0.0D+00 1.5D-07 0.0D+00       21      150       21      210  S
      7      1   3.8119334673339161D-01 8.4D-09 0.0D+00 6.7D-08 0.0D+00       21      143       21      210  S
      7      1   4.1663917757287278D-01 8.9D-09 0.0D+00 8.9D-10 0.0D+00       21      135       21      210  S
      7      1   4.1393559528398649D-01 6.4D-09 0.0D+00 3.5D-07 0.0D+00       22      161       22      220  S
      7      1   3.8119334674886651D-01 8.4D-09 0.0D+00 1.2D-09 0.0D+00       20      133       20      200  S
      7      1   4.1393559528749202D-01 6.4D-09 0.0D+00 8.6D-09 0.0D+00       22      143       22      220  S
      7      1   4.1393559528618262D-01 6.4D-09 0.0D+00 1.3D-07 0.0D+00       22      144       22      220  S
      7      1   3.8119334674851507D-01 8.4D-09 0.0D+00 5.9D-09 0.0D+00       20      124       20      200  S
      7      1   3.8119334673551353D-01 8.4D-09 0.0D+00 4.6D-09 0.0D+00       20      156       20      200  S
      7      1   3.8119334674830441D-01 8.4D-09 0.0D+00 6.8D-09 0.0D+00       20      142       20      200  S
      7      1   4.1393559528750612D-01 6.4D-09 0.0D+00 1.1D-10 0.0D+00       22      140       22      220  S
      7      1   4.1393559528754281D-01 6.4D-09 0.0D+00 4.2D-09 0.0D+00       21      141       21      210  S
      7      1   4.1393559528459706D-01 6.4D-09 0.0D+00 2.6D-07 0.0D+00       22      152       22      220  S
      7      1   4.1393559528759555D-01 6.4D-09 0.0D+00 2.4D-09 0.0D+00       21      132       21      210  S
      7      1   3.8119334673470640D-01 8.4D-09 0.0D+00 9.5D-09 0.0D+00       21      151       21      210  S
      7      1   3.8119334674686373D-01 8.4D-09 0.0D+00 7.5D-08 0.0D+00       21      132       21      210  S
      7      1   3.8119334673084287D-01 8.4D-09 0.0D+00 2.3D-07 0.0D+00       22      182       22      220  S
      7      1   4.1393559528817125D-01 6.4D-09 0.0D+00 6.2D-09 0.0D+00       21      155       21      210  S
      7      1   4.1393559528463497D-01 6.4D-09 0.0D+00 2.8D-07 0.0D+00       25      174       25      250  S
      7      1   4.1393559528764079D-01 6.4D-09 0.0D+00 8.7D-09 0.0D+00       21      152       21      210  S
      7      1   3.8119334673594485D-01 8.4D-09 0.0D+00 9.7D-09 0.0D+00       20      132       20      200  S
      7      1   3.8119334674876576D-01 8.4D-09 0.0D+00 8.9D-09 0.0D+00       20      162       20      200  S
      7      1   4.1393559528371715D-01 6.4D-09 0.0D+00 3.4D-07 0.0D+00       23      153       23      230  S
      7      1   4.1393559528772433D-01 6.4D-09 0.0D+00 3.5D-09 0.0D+00       22      147       22      220  S
      7      1   3.8119334673496397D-01 8.4D-09 0.0D+00 4.8D-09 0.0D+00       21      151       21      210  S
      7      1   4.1393559528751872D-01 6.4D-09 0.0D+00 4.0D-09 0.0D+00       22      131       22      220  S
      7      1   3.8119334674876282D-01 8.4D-09 0.0D+00 8.1D-09 0.0D+00       20      148       20      200  S
      7      1   4.1393559528773444D-01 6.4D-09 0.0D+00 2.3D-08 0.0D+00       24      149       24      240  S
      7      1   4.1393559528770169D-01 6.4D-09 0.0D+00 1.5D-09 0.0D+00       23      161       23      230  S
      7      1   4.1393559528462848D-01 6.4D-09 0.0D+00 2.6D-07 0.0D+00       23      156       23      230  S
      7      1   3.8119334674892652D-01 8.4D-09 0.0D+00 2.2D-09 0.0D+00       20      155       20      200  S
      7      1   4.1393559528465135D-01 6.4D-09 0.0D+00 2.6D-07 0.0D+00       23      138       23      230  S
      7      1   4.1393559528767471D-01 6.4D-09 0.0D+00 4.2D-09 0.0D+00       22      153       22      220  S
      7      1   3.8119334673564392D-01 8.4D-09 0.0D+00 1.9D-08 0.0D+00       23      181       23      230  S
      7      1   3.8119334674720551D-01 8.4D-09 0.0D+00 6.8D-08 0.0D+00       23      149       23      230  S
      7      1   4.1393559528797785D-01 6.4D-09 0.0D+00 1.3D-08 0.0D+00       25      149       25      250  S
      7      1   3.8119334674845096D-01 8.4D-09 0.0D+00 6.2D-10 0.0D+00       20      142       20      200  S
      7      1   3.8119334673491145D-01 8.4D-09 0.0D+00 3.3D-09 0.0D+00       20      129       20      200  S
      7      1   4.1751248259483326D-01 8.6D-09 0.0D+00 1.5D-07 0.0D+00       22      134       22      220  S
      7      1   3.8119334674844491D-01 8.4D-09 0.0D+00 2.0D-09 0.0D+00       20      123       20      200  S
      7      1   4.1393559528756796D-01 6.4D-09 0.0D+00 6.2D-09 0.0D+00       21      130       21      210  S
      7      1   4.1393559528743690D-01 6.4D-09 0.0D+00 1.5D-09 0.0D+00       21      141       21      210  S
      7      1   3.8119334673143074D-01 8.4D-09 0.0D+00 1.8D-07 0.0D+00       22      143       22      220  S
      7      1   4.1393559528774504D-01 6.4D-09 0.0D+00 3.0D-09 0.0D+00       23      145       23      230  S
      7      1   3.8119334673489835D-01 8.4D-09 0.0D+00 2.6D-09 0.0D+00       20      137       20      200  S
      7      1   4.1393559528745799D-01 6.4D-09 0.0D+00 1.5D-09 0.0D+00       22      144       22      220  S
      7      1   4.1393559528609719D-01 6.4D-09 0.0D+00 1.3D-07 0.0D+00       24      155       24      240  S
      7      1   4.4387462870797706D-01 1.8D-01 0.0D+00 1.0D+00 0.0D+00        0        0        1       10  F
      7      1   3.8119334673493860D-01 8.4D-09 0.0D+00 1.6D-09 0.0D+00       20      139       20      200  S
      7      1   4.1393559528784490D-01 6.4D-09 0.0D+00 2.8D-09 0.0D+00       21      148       21      210  S
      7      1   3.8119334673156280D-01 8.4D-09 0.0D+00 1.6D-07 0.0D+00       21      138       21      210  S
      7      1   4.1393559528823609D-01 6.4D-09 0.0D+00 5.5D-09 0.0D+00       23      149       23      230  S
      7      1   4.1393559528764939D-01 6.4D-09 0.0D+00 3.0D-09 0.0D+00       23      167       23      230  S
      7      1   4.1393559528479723D-01 6.4D-09 0.0D+00 2.6D-07 0.0D+00       24      147       24      240  S
      7      1   4.1393559528814078D-01 6.4D-09 0.0D+00 9.9D-10 0.0D+00       21      144       21      210  S
      7      1   4.1393559528741564D-01 6.4D-09 0.0D+00 3.1D-10 0.0D+00       22      135       22      220  S
      7      1   3.8119334674840455D-01 8.4D-09 0.0D+00 2.5D-09 0.0D+00       20      124       20      200  S
      7      1   4.1663917757298963D-01 8.9D-09 0.0D+00 9.5D-09 0.0D+00       21      146       21      210  S
      7      1   3.8119334673547978D-01 8.4D-09 0.0D+00 4.2D-09 0.0D+00       21      149       21      210  S
      7      1   4.1393559528754714D-01 6.4D-09 0.0D+00 5.5D-09 0.0D+00       22      143       22      220  S
      7      1   3.8119334673506661D-01 8.4D-09 0.0D+00 6.2D-09 0.0D+00       20      131       20      200  S
      7      1   3.8119334672895300D-01 8.4D-09 0.0D+00 3.0D-07 0.0D+00       22      160       22      220  S
      7      1   3.8119334673501187D-01 8.4D-09 0.0D+00 5.2D-09 0.0D+00       21      135       21      210  S
      7      1   4.1393559528744239D-01 6.4D-09 0.0D+00 1.1D-08 0.0D+00       22      161       22      220  S
      7      1   4.1393559528522106D-01 6.4D-09 0.0D+00 2.0D-07 0.0D+00       23      157       23      230  S
      7      1   4.1751248260889834D-01 8.6D-09 0.0D+00 1.4D-07 0.0D+00       21      134       21      210  S
      7      1   3.8119334674487615D-01 8.4D-09 0.0D+00 2.3D-07 0.0D+00       21      149       21      210  S
      7      1   3.8119334673504468D-01 8.4D-09 0.0D+00 1.1D-04 0.0D+00       21      132       21      210  S
      7      1   4.1393559528743917D-01 6.4D-09 0.0D+00 1.7D-10 0.0D+00       22      141       22      220  S
      7      1   4.1393559528453494D-01 6.4D-09 0.0D+00 3.1D-07 0.0D+00       22      152       22      220  S
      7      1   4.1393559528822937D-01 6.4D-09 0.0D+00 6.8D-10 0.0D+00       22      148       22      220  S
      7      1   3.8119334674854799D-01 8.4D-09 0.0D+00 8.7D-09 0.0D+00       20      135       20      200  S
      7      1   4.1393559528823326D-01 6.4D-09 0.0D+00 6.9D-09 0.0D+00       23      154       23      230  S
      7      1   3.8119334673456740D-01 8.4D-09 0.0D+00 1.6D-09 0.0D+00       21      125       21      210  S
      7      1   2.8459378172419708D-01 7.5D-02 0.0D+00 2.4D-02 0.0D+00        1       10        2       20  F
      7      1   4.1393559528776469D-01 6.4D-09 0.0D+00 5.2D-09 0.0D+00       21      160       21      210  S
      7      1   4.1393559528480833D-01 6.4D-09 0.0D+00 2.5D-07 0.0D+00       23      142       23      230  S
      7      1   4.1393559528773910D-01 6.4D-09 0.0D+00 2.1D-08 0.0D+00       24      161       24      240  S
      7      1   3.8119334673489902D-01 8.4D-09 0.0D+00 4.5D-09 0.0D+00       20      129       20      200  S
      7      1   4.1393559528763446D-01 6.4D-09 0.0D+00 6.6D-09 0.0D+00       21      126       21      210  S
      7      1   4.1393559528756918D-01 6.4D-09 0.0D+00 4.1D-09 0.0D+00       23      151       23      230  S
      7      1   3.8119334673489752D-01 8.4D-09 0.0D+00 2.6D-09 0.0D+00       20      124       20      200  S
      7      1   3.8119334674878175D-01 8.4D-09 0.0D+00 8.1D-10 0.0D+00       20      120       20      200  S
      7      1   3.8119334674845362D-01 8.4D-09 0.0D+00 9.3D-09 0.0D+00       20      130       20      200  S
      7      1   3.8119334673018823D-01 8.4D-09 0.0D+00 2.4D-07 0.0D+00       22      153       22      220  S
      7      1   4.1393559528817653D-01 6.4D-09 0.0D+00 2.5D-09 0.0D+00       23      143       23      230  S
      7      1   4.1393559528392976D-01 6.4D-09 0.0D+00 3.4D-07 0.0D+00       23      146       23      230  S
      7      1   3.8119334674866218D-01 8.4D-09 0.0D+00 2.9D-09 0.0D+00       20      130       20      200  S
      7      1   4.1393559528426410D-01 6.4D-09 0.0D+00 2.9D-07 0.0D+00       23      129       23      230  S
      7      1   4.1393559528762464D-01 6.4D-09 0.0D+00 9.3D-09 0.0D+00       22      130       22      220  S
      7      1   4.1393559528782281D-01 6.4D-09 0.0D+00 5.3D-09 0.0D+00       22      151       22      220  S
      7      1   4.1393559528755786D-01 6.4D-09 0.0D+00 5.6D-10 0.0D+00       21      146       21      210  S
      7      1   4.1751248260632501D-01 8.6D-09 0.0D+00 3.1D-07 0.0D+00       22      147       22      220  S
      7      1   4.1393559528419249D-01 6.4D-09 0.0D+00 3.5D-07 0.0D+00       24      154       24      240  S
      7      1   4.1393559528790397D-01 6.4D-09 0.0D+00 2.6D-09 0.0D+00       23      149       23      230  S
      7      1   4.1393559528627755D-01 6.4D-09 0.0D+00 1.7D-07 0.0D+00       24      167       24      240  S
      7      1   3.8119334673553235D-01 8.4D-09 0.0D+00 4.3D-09 0.0D+00       20      132       20      200  S
 no information
      7      1   3.8119334673550909D-01 8.4D-09 0.0D+00 7.9D-09 0.0D+00       20      161       20      200  S
      7      1   4.1393559528818863D-01 6.4D-09 0.0D+00 1.5D-08 0.0D+00       23      152       23      230  S
      7      1   4.1393559528822521D-01 6.4D-09 0.0D+00 3.1D-09 0.0D+00       23      140       23      230  S
      7      1   4.1393559528755591D-01 6.4D-09 0.0D+00 4.2D-09 0.0D+00       23      146       23      230  S
      7      1   3.8119334674833788D-01 8.4D-09 0.0D+00 4.3D-09 0.0D+00       20      125       20      200  S
      7      1   4.1393559528633034D-01 6.4D-09 0.0D+00 1.5D-07 0.0D+00       23      154       23      230  S
      7      1   4.1393559528796120D-01 6.4D-09 0.0D+00 8.8D-10 0.0D+00       21      141       21      210  S
      7      1   4.1393559528437873D-01 6.4D-09 0.0D+00 2.8D-07 0.0D+00       23      167       23      230  S
      7      1   4.1751248259814427D-01 8.6D-09 0.0D+00 1.7D-08 0.0D+00       22      145       22      220  S
      7      1   4.1751248261283824D-01 8.6D-09 0.0D+00 5.3D-10 0.0D+00       20      126       20      200  S
      7      1   3.8119334673547173D-01 8.4D-09 0.0D+00 5.9D-09 0.0D+00       20      155       20      200  S
      7      1   4.1393559528765200D-01 6.4D-09 0.0D+00 1.5D-09 0.0D+00       21      134       21      210  S
      7      1   3.8119334673492838D-01 8.4D-09 0.0D+00 2.2D-09 0.0D+00       20      152       20      200  S
      7      1   4.1393559528771168D-01 6.4D-09 0.0D+00 4.0D-09 0.0D+00       22      153       22      220  S
      7      1   4.1393559528821844D-01 6.4D-09 0.0D+00 2.1D-08 0.0D+00       23      168       23      230  S
      7      1   3.8119334674891908D-01 8.4D-09 0.0D+00 1.8D-09 0.0D+00       20      157       20      200  S
      7      1   4.1393559528510976D-01 6.4D-09 0.0D+00 2.3D-07 0.0D+00       23      158       23      230  S
      7      1   4.1393559528637375D-01 6.4D-09 0.0D+00 8.5D-08 0.0D+00       22      138       22      220  S
      7      1   4.0116437378819991D-01 7.0D-06 0.0D+00 2.0D-01 0.0D+00        1       10        2       20  F
      7      1   3.8119334673188765D-01 8.4D-09 0.0D+00 1.5D-07 0.0D+00       22      155       22      220  S
      7      1   3.8119334672898630D-01 8.4D-09 0.0D+00 3.2D-07 0.0D+00       22      157       22      220  S
      7      1   3.8119334673467636D-01 8.4D-09 0.0D+00 3.5D-09 0.0D+00       21      168       21      210  S
      7      1   3.8119334673379912D-01 8.4D-09 0.0D+00 4.8D-08 0.0D+00       21      152       21      210  S
      7      1   4.1393559528766050D-01 6.4D-09 0.0D+00 2.0D-08 0.0D+00       22      159       22      220  S
      7      1   4.1393559528616725D-01 6.4D-09 0.0D+00 1.5D-07 0.0D+00       24      161       24      240  S
      7      1   4.1393559528752200D-01 6.4D-09 0.0D+00 5.2D-09 0.0D+00       21      138       21      210  S
      7      1   3.8119334674377719D-01 8.4D-09 0.0D+00 2.4D-07 0.0D+00       22      183       22      220  S
      7      1   3.8119334674832500D-01 8.4D-09 0.0D+00 3.0D-09 0.0D+00       20      116       20      200  S
      7      1   4.1393559528413570D-01 6.4D-09 0.0D+00 3.0D-07 0.0D+00       24      157       24      240  S
      7      1   4.1393559528784296D-01 6.4D-09 0.0D+00 9.4D-09 0.0D+00       23      151       23      230  S
      7      1   3.8119334674628452D-01 8.4D-09 0.0D+00 1.5D-07 0.0D+00       22      186       22      220  S
      7      1   3.8119334672954108D-01 8.4D-09 0.0D+00 3.3D-07 0.0D+00       22      159       22      220  S
      7      1   4.1393559528735180D-01 6.4D-09 0.0D+00 7.1D-10 0.0D+00       21      143       21      210  S
      7      1   3.8119334700427809D-01 8.4D-09 0.0D+00 2.6D-10 0.0D+00       20      147       20      200  S
      7      1   4.1393559528390711D-01 6.4D-09 0.0D+00 3.4D-07 0.0D+00       23      144       23      230  S
      7      1   4.1663917757313601D-01 8.9D-09 0.0D+00 1.6D-10 0.0D+00       21      144       21      210  S
      7      1   4.1393559528814167D-01 6.4D-09 0.0D+00 4.9D-09 0.0D+00       23      151       23      230  S
      7      1   3.8119334673468031D-01 8.4D-09 0.0D+00 6.1D-09 0.0D+00       20      124       20      200  S
      7      1   3.8119334673463934D-01 8.4D-09 0.0D+00 5.3D-09 0.0D+00       21      143       21      210  S
      7      1   4.1393559528795298D-01 6.4D-09 0.0D+00 7.6D-09 0.0D+00       21      133       21      210  S
      7      1   4.1393559528738361D-01 6.4D-09 0.0D+00 6.4D-09 0.0D+00       21      161       21      210  S
      7      1   3.8119334699739760D-01 8.4D-09 0.0D+00 9.5D-08 0.0D+00       21      180       21      210  S
      7      1   3.8119334673493760D-01 8.4D-09 0.0D+00 3.4D-09 0.0D+00       20      118       20      200  S
      7      1   3.8119334674861655D-01 8.4D-09 0.0D+00 7.9D-09 0.0D+00       20      141       20      200  S
      7      1   3.8119334674889593D-01 8.4D-09 0.0D+00 1.0D-09 0.0D+00       20      139       20      200  S
      7      1   3.8119334674840860D-01 8.4D-09 0.0D+00 5.0D-10 0.0D+00       20      134       20      200  S
      7      1   4.1393559528361418D-01 6.4D-09 0.0D+00 3.4D-07 0.0D+00       23      138       23      230  S
      7      1   3.8119334674656741D-01 8.4D-09 0.0D+00 1.4D-07 0.0D+00       22      183       22      220  S
      7      1   4.1751248260659268D-01 8.6D-09 0.0D+00 2.8D-07 0.0D+00       21      143       21      210  S
      7      1   3.8119334674857669D-01 8.4D-09 0.0D+00 1.7D-09 0.0D+00       20      160       20      200  S
      7      1   3.8119334673463950D-01 8.4D-09 0.0D+00 5.7D-09 0.0D+00       20      123       20      200  S
      7      1   4.1751248261343998D-01 8.6D-09 0.0D+00 3.1D-09 0.0D+00       21      151       21      210  S
      7      1   4.1751248259817386D-01 8.6D-09 0.0D+00 1.0D-08 0.0D+00       20      123       20      200  S
      7      1   4.1663917756805607D-01 8.9D-09 0.0D+00 2.1D-07 0.0D+00       22      164       22      220  S
      7      1   3.8119334673430139D-01 8.4D-09 0.0D+00 6.8D-08 0.0D+00       22      162       22      220  S
      7      1   3.8119334673193755D-01 8.4D-09 0.0D+00 1.5D-07 0.0D+00       22      151       22      220  S
      7      1   3.8119334672876520D-01 8.4D-09 0.0D+00 3.1D-07 0.0D+00       21      172       21      210  S
      7      1   4.1393559528789636D-01 6.4D-09 0.0D+00 4.7D-09 0.0D+00       23      139       23      230  S
      7      1   3.8119334673563410D-01 8.4D-09 0.0D+00 9.8D-09 0.0D+00       20      128       20      200  S
      7      1   3.8119334673489741D-01 8.4D-09 0.0D+00 6.1D-09 0.0D+00       21      134       21      210  S
      7      1   3.8119334673503030D-01 8.4D-09 0.0D+00 4.8D-09 0.0D+00       20      154       20      200  S
      7      1   4.1393559528787938D-01 6.4D-09 0.0D+00 8.3D-09 0.0D+00       22      152       22      220  S
      7      1   4.1389163267761520D-01 7.3D-02 0.0D+00 1.0D+00 0.0D+00        0        0        1       10  F
      7      1   4.1393559528450125D-01 6.4D-09 0.0D+00 2.7D-07 0.0D+00       23      156       23      230  S
      7      1   4.1393559528495899D-01 6.4D-09 0.0D+00 3.0D-07 0.0D+00       23      159       23      230  S
      7      1   3.2979796019685970D-01 6.1D-02 0.0D+00 3.9D-01 0.0D+00        1       10        2       20  F
      7      1   4.1393559528827095D-01 6.4D-09 0.0D+00 5.1D-09 0.0D+00       23      156       23      230  S
      7      1   4.1393559528759077D-01 6.4D-09 0.0D+00 5.2D-09 0.0D+00       22      141       22      220  S
      7      1   4.1393559528459728D-01 6.4D-09 0.0D+00 2.5D-07 0.0D+00       23      153       23      230  S
      7      1   4.1393559528765028D-01 6.4D-09 0.0D+00 2.1D-09 0.0D+00       22      149       22      220  S
      7      1   3.8119334673641542D-01 8.4D-09 0.0D+00 1.8D-09 0.0D+00       21      140       21      210  S
      7      1   3.8119334674882510D-01 8.4D-09 0.0D+00 1.7D-09 0.0D+00       20      151       20      200  S
      7      1   4.1393559528762858D-01 6.4D-09 0.0D+00 1.3D-08 0.0D+00       24      162       24      240  S
      7      1   3.8119334673471517D-01 8.4D-09 0.0D+00 8.0D-10 0.0D+00       20      122       20      200  S
      7      1   3.8119334674855471D-01 8.4D-09 0.0D+00 7.0D-09 0.0D+00       20      127       20      200  S
      7      1   4.1393559528760893D-01 6.4D-09 0.0D+00 7.8D-10 0.0D+00       21      142       21      210  S
      7      1   4.1393559528747004D-01 6.4D-09 0.0D+00 1.7D-08 0.0D+00       23      171       23      230  S
      7      1   4.1393559528748808D-01 6.4D-09 0.0D+00 9.5D-09 0.0D+00       21      132       21      210  S
      7      1   4.1393559528473067D-01 6.4D-09 0.0D+00 2.4D-07 0.0D+00       23      165       23      230  S
      7      1   4.1393559528769408D-01 6.4D-09 0.0D+00 4.4D-09 0.0D+00       22      141       22      220  S
      7      1   3.8119334673292726D-01 8.4D-09 0.0D+00 1.2D-07 0.0D+00       22      176       22      220  S
      7      1   3.8119334674465416D-01 8.4D-09 0.0D+00 2.4D-07 0.0D+00       21      133       21      210  S
      7      1   4.1393559528702217D-01 6.4D-09 0.0D+00 7.9D-08 0.0D+00       23      154       23      230  S
      7      1   4.1393559528794477D-01 6.4D-09 0.0D+00 3.3D-09 0.0D+00       22      141       22      220  S
      7      1   3.8119334672869809D-01 8.4D-09 0.0D+00 3.2D-07 0.0D+00       21      151       21      210  S
      7      1   4.1751248261209517D-01 8.6D-09 0.0D+00 3.9D-09 0.0D+00       20      127       20      200  S
      7      1   4.1393559528379192D-01 6.4D-09 0.0D+00 3.2D-07 0.0D+00       22      159       22      220  S
      7      1   3.8119334673478683D-01 8.4D-09 0.0D+00 6.7D-09 0.0D+00       20      138       20      200  S
      7      1   4.1393559528679746D-01 6.4D-09 0.0D+00 6.8D-08 0.0D+00       23      155       23      230  S
      7      1   4.1393559528772722D-01 6.4D-09 0.0D+00 1.7D-09 0.0D+00       22      150       22      220  S
      7      1   3.8119334674846883D-01 8.4D-09 0.0D+00 5.0D-09 0.0D+00       20      144       20      200  S
      7      1   1.6857226348250309D-01 4.4D-01 0.0D+00 1.0D+00 0.0D+00        0        0        1       10  F
      7      1   4.1393559528488028D-01 6.4D-09 0.0D+00 2.8D-07 0.0D+00       24      167       24      240  S
      7      1   4.1393559528797713D-01 6.4D-09 0.0D+00 1.3D-09 0.0D+00       22      135       22      220  S
      7      1   3.8119334674831945D-01 8.4D-09 0.0D+00 2.9D-09 0.0D+00       20      161       20      200  S
      7      1   4.1393559528814033D-01 6.4D-09 0.0D+00 8.7D-09 0.0D+00       22      146       22      220  S
      7      1   4.1393559528772361D-01 6.4D-09 0.0D+00 3.5D-09 0.0D+00       22      128       22      220  S
      7      1   3.8119334674850086D-01 8.4D-09 0.0D+00 9.6D-09 0.0D+00       20      157       20      200  S
      7      1   3.8119334674867755D-01 8.4D-09 0.0D+00 7.6D-10 0.0D+00       20      140       20      200  S
      7      1   3.8119334674871602D-01 8.4D-09 0.0D+00 6.6D-09 0.0D+00       20      163       20      200  S
      7      1   3.8119334674588795D-01 8.4D-09 0.0D+00 1.4D-07 0.0D+00       22      152       22      220  S
      7      1   3.8119334674835276D-01 8.4D-09 0.0D+00 4.5D-09 0.0D+00       20      140       20      200  S
      7      1   4.1393559528751428D-01 6.4D-09 0.0D+00 2.2D-09 0.0D+00       21      139       21      210  S
      7      1   3.8119334674847821D-01 8.4D-09 0.0D+00 4.1D-09 0.0D+00       20      139       20      200  S
      7      1   4.1393559528787932D-01 6.4D-09 0.0D+00 3.1D-09 0.0D+00       22      181       22      220  S
      7      1   4.1751248260575702D-01 8.6D-09 0.0D+00 3.0D-07 0.0D+00       21      126       21      210  S
      7      1   3.8119334674572630D-01 8.4D-09 0.0D+00 1.6D-07 0.0D+00       22      139       22      220  S
      7      1   3.8119334673538025D-01 8.4D-09 0.0D+00 8.4D-09 0.0D+00       20      143       20      200  S
      7      1   4.1393559528760782D-01 6.4D-09 0.0D+00 1.3D-09 0.0D+00       21      150       21      210  S
      7      1   4.1393559528747687D-01 6.4D-09 0.0D+00 2.7D-09 0.0D+00       23      130       23      230  S
      7      1   4.1393559528738050D-01 6.4D-09 0.0D+00 2.3D-09 0.0D+00       21      150       21      210  S
      7      1   4.1393559528599194D-01 6.4D-09 0.0D+00 1.4D-07 0.0D+00       23      178       23      230  S
      7      1   4.1393559528615381D-01 6.4D-09 0.0D+00 1.4D-07 0.0D+00       24      151       24      240  S
      7      1   4.1393559528743007D-01 6.4D-09 0.0D+00 3.0D-09 0.0D+00       21      161       21      210  S
      7      1   3.8119334673565453D-01 8.4D-09 0.0D+00 3.4D-09 0.0D+00       21      148       21      210  S
      7      1   4.1393559528756807D-01 6.4D-09 0.0D+00 5.7D-09 0.0D+00       22      132       22      220  S
      7      1   1.6143922876684975D+00 0.0D+00 0.0D+00 1.0D+00 0.0D+00       24      136       25      250  S
      7      1   3.8119334673557004D-01 8.4D-09 0.0D+00 4.0D-09 0.0D+00       20      152       20      200  S
      7      1   3.8119334674291294D-01 8.4D-09 0.0D+00 2.9D-07 0.0D+00       21      144       21      210  S
      7      1   4.1393559528427043D-01 6.4D-09 0.0D+00 3.3D-07 0.0D+00       24      159       24      240  S
      7      1   4.1393559528780038D-01 6.4D-09 0.0D+00 4.5D-09 0.0D+00       22      148       22      220  S
      7      1   3.8119334674374805D-01 8.4D-09 0.0D+00 2.4D-07 0.0D+00       22      179       22      220  S
      7      1   4.1751248260617080D-01 8.6D-09 0.0D+00 3.3D-07 0.0D+00       21      131       21      210  S
      7      1   4.1393559528815799D-01 6.4D-09 0.0D+00 3.7D-09 0.0D+00       22      147       22      220  S
      7      1   3.8119334673475208D-01 8.4D-09 0.0D+00 1.8D-09 0.0D+00       20      136       20      200  S
      7      1   4.1393559528362128D-01 6.4D-09 0.0D+00 3.4D-07 0.0D+00       23      146       23      230  S
      7      1   3.8119334673510402D-01 8.4D-09 0.0D+00 5.8D-09 0.0D+00       21      164       21      210  S
      7      1   3.8119334674696448D-01 8.4D-09 0.0D+00 1.1D-07 0.0D+00       22      163       22      220  S
      7      1   4.1393559528809609D-01 6.4D-09 0.0D+00 1.2D-10 0.0D+00       22      134       22      220  S
      7      1   4.1393559528742213D-01 6.4D-09 0.0D+00 6.5D-11 0.0D+00       22      136       22      220  S
      7      1   4.1393559528389978D-01 6.4D-09 0.0D+00 3.5D-07 0.0D+00       24      170       24      240  S
      7      1   3.8119334674852950D-01 8.4D-09 0.0D+00 1.7D-09 0.0D+00       20      150       20      200  S
      7      1   3.8119334673477845D-01 8.4D-09 0.0D+00 3.0D-10 0.0D+00       20      135       20      200  S
      7      1   3.8119334673478134D-01 8.4D-09 0.0D+00 4.8D-09 0.0D+00       20      124       20      200  S
      7      1   3.8119334673486654D-01 8.4D-09 0.0D+00 3.2D-09 0.0D+00       20      160       20      200  S
      7      1   3.8119334674854821D-01 8.4D-09 0.0D+00 7.9D-09 0.0D+00       20      135       20      200  S
      7      1   3.8119334674849964D-01 8.4D-09 0.0D+00 3.2D-09 0.0D+00       20      151       20      200  S
      7      1   3.8119334673494565D-01 8.4D-09 0.0D+00 2.6D-09 0.0D+00       21      147       21      210  S
      7      1   4.1393559528756096D-01 6.4D-09 0.0D+00 5.7D-09 0.0D+00       21      152       21      210  S
      7      1   3.8119334674873628D-01 8.4D-09 0.0D+00 9.4D-09 0.0D+00       20      152       20      200  S
      7      1   4.1393559528375640D-01 6.4D-09 0.0D+00 3.5D-07 0.0D+00       24      142       24      240  S
      7      1   3.8119334673535898D-01 8.4D-09 0.0D+00 1.9D-09 0.0D+00       20      153       20      200  S
      7      1   4.1393559528758245D-01 6.4D-09 0.0D+00 5.6D-09 0.0D+00       21      130       21      210  S
      7      1   4.1393559528750878D-01 6.4D-09 0.0D+00 8.1D-09 0.0D+00       22      132       22      220  S
      7      1   3.8119334673575456D-01 8.4D-09 0.0D+00 8.3D-09 0.0D+00       20      153       20      200  S
      7      1   3.8119334674396610D-01 8.4D-09 0.0D+00 2.4D-07 0.0D+00       21      158       21      210  S
      7      1   3.8119334673556710D-01 8.4D-09 0.0D+00 3.7D-09 0.0D+00       21      143       21      210  S
      7      1   3.8119334673195115D-01 8.4D-09 0.0D+00 1.4D-07 0.0D+00       22      176       22      220  S
      7      1   4.1751248261280099D-01 8.6D-09 0.0D+00 9.6D-09 0.0D+00       21      167       21      210  S
      7      1   4.1393559528576784D-01 6.4D-09 0.0D+00 1.7D-07 0.0D+00       23      147       23      230  S
      7      1   4.1393559528746998D-01 6.4D-09 0.0D+00 2.8D-09 0.0D+00       21      154       21      210  S
      7      1   3.8119334674867339D-01 8.4D-09 0.0D+00 4.5D-10 0.0D+00       20      150       20      200  S
      7      1   3.8119334674844219D-01 8.4D-09 0.0D+00 6.5D-09 0.0D+00       20      141       20      200  S
      7      1   4.1663917757350000D-01 8.9D-09 0.0D+00 4.1D-09 0.0D+00       21      142       21      210  S
      7      1   3.8119334673440974D-01 8.4D-09 0.0D+00 8.5D-09 0.0D+00       20      127       20      200  S
      7      1   4.1393559528762108D-01 6.4D-09 0.0D+00 7.4D-09 0.0D+00       22      139       22      220  S
      7      1   3.8119334674890581D-01 8.4D-09 0.0D+00 6.9D-09 0.0D+00       20      154       20      200  S
      7      1   3.8119334674905331D-01 8.4D-09 0.0D+00 1.7D-09 0.0D+00       20      141       20      200  S
      7      1   4.1393559528811724D-01 6.4D-09 0.0D+00 4.7D-09 0.0D+00       21      142       21      210  S
      7      1   4.1751248259807833D-01 8.6D-09 0.0D+00 2.4D-09 0.0D+00       20      138       20      200  S
      7      1   4.1663917757273089D-01 8.9D-09 0.0D+00 7.6D-09 0.0D+00       21      143       21      210  S
      7      1   4.1393559528806034D-01 6.4D-09 0.0D+00 3.1D-09 0.0D+00       23      149       23      230  S
      7      1   3.8119334674934663D-01 8.4D-09 0.0D+00 1.7D-08 0.0D+00       22      192       22      220  S
      7      1   3.8119334673560734D-01 8.4D-09 0.0D+00 7.1D-09 0.0D+00       21      140       21      210  S
      7      1   6.1433104858268683D-01 9.0D-07 0.0D+00 5.2D-01 0.0D+00        5       35        6       60  F
      7      1   3.8119334674837330D-01 8.4D-09 0.0D+00 1.6D-10 0.0D+00       20      140       20      200  S
      7      1   4.1393559528774021D-01 6.4D-09 0.0D+00 8.8D-09 0.0D+00       22      142       22      220  S
      7      1   4.1663917756920210D-01 8.9D-09 0.0D+00 1.7D-07 0.0D+00       23      180       23      230  S
      7      1   3.8119334700528840D-01 8.4D-09 0.0D+00 4.1D-09 0.0D+00       20      146       20      200  S
      7      1   4.1393559528372648D-01 6.4D-09 0.0D+00 3.5D-07 0.0D+00       23      164       23      230  S
      7      1   4.1393559528748713D-01 6.4D-09 0.0D+00 8.7D-09 0.0D+00       22      126       22      220  S
      7      1   4.1393559528383556D-01 6.4D-09 0.0D+00 3.5D-07 0.0D+00       24      150       24      240  S
      7      1   3.8119334673475697D-01 8.4D-09 0.0D+00 9.0D-10 0.0D+00       20      121       20      200  S
      7      1   3.8119334674723943D-01 8.4D-09 0.0D+00 3.6D-08 0.0D+00       23      156       23      230  S
      7      1   4.1393559528383145D-01 6.4D-09 0.0D+00 3.3D-07 0.0D+00       22      174       22      220  S
      7      1   4.1393559528808760D-01 6.4D-09 0.0D+00 1.9D-09 0.0D+00       22      134       22      220  S
      7      1   3.8119334673470889D-01 8.4D-09 0.0D+00 4.1D-08 0.0D+00       22      175       22      220  S
      7      1   4.1393559528754131D-01 6.4D-09 0.0D+00 7.8D-09 0.0D+00       21      151       21      210  S
      7      1   4.1393559528747537D-01 6.4D-09 0.0D+00 1.9D-09 0.0D+00       21      131       21      210  S
      7      1   4.1393559528747181D-01 6.4D-09 0.0D+00 3.8D-09 0.0D+00       21      152       21      210  S
      7      1   4.1393559528810092D-01 6.4D-09 0.0D+00 2.3D-08 0.0D+00       22      164       22      220  S
      7      1   3.8119334673457961D-01 8.4D-09 0.0D+00 5.8D-09 0.0D+00       20      150       20      200  S
      7      1   4.1663917757054658D-01 8.9D-09 0.0D+00 9.8D-08 0.0D+00       23      178       23      230  S
      7      1   3.8119334674823380D-01 8.4D-09 0.0D+00 9.9D-09 0.0D+00       20      121       20      200  S
      7      1   3.8119334674236166D-01 8.4D-09 0.0D+00 1.6D-09 0.0D+00       21      172       21      210  S
      7      1   3.8119334673527250D-01 8.4D-09 0.0D+00 4.3D-10 0.0D+00       20      156       20      200  S
      7      1   3.8119334673177963D-01 8.4D-09 0.0D+00 1.4D-07 0.0D+00       21      155       21      210  S
      7      1   3.8119334700415375D-01 8.4D-09 0.0D+00 3.5D-10 0.0D+00       20      162       20      200  S
      7      1   3.8119334674811367D-01 8.4D-09 0.0D+00 1.8D-09 0.0D+00       20      138       20      200  S
      7      1   3.8119334674831618D-01 8.4D-09 0.0D+00 2.3D-09 0.0D+00       20      127       20      200  S
