      5      1   7.3400724769064374D-01 6.4D-03 0.0D+00 1.0D+00 0.0D+00        0        0        1       10  F
      5      1   5.0442464241086715D-01 1.2D-01 0.0D+00 1.0D+00 0.0D+00        0        0        1       10  F
      5      1   6.7414662329296959D-01 5.3D-03 0.0D+00 1.0D+00 0.0D+00        0        0        1       10  F
      5      1   3.9319162682022912D-01 1.8D-01 0.0D+00 1.0D+00 0.0D+00        0        0        1       10  F
      5      1   4.9201975355263522D-01 9.0D-09 0.0D+00 1.2D-07 0.0D+00       22      143       22      220  S
      5      1   4.9201975353781874D-01 9.0D-09 0.0D+00 1.2D-07 0.0D+00       23      148       23      230  S
 no information
      5      1   4.9201975354173311D-01 9.0D-09 0.0D+00 4.3D-09 0.0D+00       22      130       22      220  S
      5      1   4.3475182082681429D-01 1.5D-01 0.0D+00 1.0D+00 0.0D+00        0        0        1       10  F
      5      1   4.6463443790110981D-01 1.8D-01 0.0D+00 1.0D+00 0.0D+00        0        0        1       10  F
      5      1   4.9201975354289362D-01 9.0D-09 0.0D+00 2.8D-09 0.0D+00       21      156       21      210  S
      5      1   4.9201975353658817D-01 9.0D-09 0.0D+00 1.9D-07 0.0D+00       24      161       24      240  S
      5      1   3.7484350130459854D-01 2.2D-01 0.0D+00 1.0D+00 0.0D+00        0        0        1       10  F
      5      1   4.2520892557471446D-01 7.8D-02 0.0D+00 1.0D+00 0.0D+00        0        0        1       10  F
      5      1   7.2376880255530840D-01 9.9D-05 0.0D+00 1.0D+00 0.0D+00        0        0        1       10  F
 no information
      5      1   5.1711552231585012D-01 7.8D-09 0.0D+00 1.2D-07 0.0D+00       22      165       22      220  S
      5      1   6.4815020251694055D-01 5.5D-02 0.0D+00 1.0D+00 0.0D+00        0        0        1       10  F
      5      1   6.9526162808518377D-01 0.0D+00 0.0D+00 1.0D+00 0.0D+00        1       10        2       20  F
      5      1   5.1711552231796409D-01 7.8D-09 0.0D+00 9.3D-10 0.0D+00       21      140       21      210  S
      5      1   7.3284622231876195D-01 0.0D+00 0.0D+00 1.0D+00 0.0D+00        0        0        1       10  F
      5      1   3.8887720071856630D-01 1.7D-01 0.0D+00 1.0D+00 0.0D+00        0        0        1       10  F
      5      1   5.4490817909197853D-01 1.3D-01 0.0D+00 1.0D+00 0.0D+00        0        0        1       10  F
      5      1   5.6284405676526106D-01 6.4D-02 0.0D+00 1.0D+00 0.0D+00        0        0        1       10  F
      5      1   6.7138353915587912D-01 0.0D+00 0.0D+00 1.0D+00 0.0D+00        0        0        1       10  F
      5      1   4.8574944269332399D-01 3.8D-02 0.0D+00 1.0D+00 0.0D+00        0        0        1       10  F
      5      1   6.6903209261201946D-01 4.1D-02 0.0D+00 1.0D+00 0.0D+00        0        0        1       10  F
      5      1   4.9201975354062250D-01 9.0D-09 0.0D+00 4.0D-09 0.0D+00       22      147       22      220  S
      5      1   4.8109404938523592D-01 4.8D-02 0.0D+00 1.0D+00 0.0D+00        0        0        1       10  F
      5      1   6.3712502775864821D-01 2.9D-04 0.0D+00 1.0D+00 0.0D+00        0        0        1       10  F
      5      1   4.9201975353844934D-01 9.0D-09 0.0D+00 1.5D-07 0.0D+00       22      143       22      220  S
      5      1   3.0616756950030138D-01 2.2D-01 0.0D+00 1.0D+00 0.0D+00        0        0        1       10  F
 no information
      5      1   4.9201975354824884D-01 9.0D-09 0.0D+00 3.2D-07 0.0D+00       22      153       22      220  S
      5      1   5.0488668620865529D-01 1.0D-01 0.0D+00 1.0D+00 0.0D+00        0        0        1       10  F
      5      1   6.8644632067856071D-01 2.3D-03 0.0D+00 1.0D+00 0.0D+00        0        0        1       10  F
      5      1   6.9871268859032987D-01 0.0D+00 0.0D+00 1.0D+00 0.0D+00        0        0        1       10  F
      5      1   4.9201975353670385D-01 9.0D-09 0.0D+00 2.4D-07 0.0D+00       23      142       23      230  S
      5      1   5.9665538408204943D-01 1.4D-02 0.0D+00 1.0D+00 0.0D+00        0        0        1       10  F
 no information
      5      1   4.8725153136522525D-01 1.7D-04 0.0D+00 3.7D-01 0.0D+00        1       10        2       20  F
      5      1   5.0686444748553816D-01 1.9D-01 0.0D+00 1.0D+00 0.0D+00        0        0        1       10  F
      5      1   6.2509422229257217D-01 1.1D-01 0.0D+00 1.0D+00 0.0D+00        0        0        1       10  F
      5      1   7.2315894226521471D-01 1.3D-03 0.0D+00 1.0D+00 0.0D+00        0        0        1       10  F
 no information
      5      1   6.3362068186520404D-01 2.5D-02 0.0D+00 1.0D+00 0.0D+00        0        0        1       10  F
      5      1   4.1354823610497149D-01 4.3D-02 0.0D+00 3.2D-01 0.0D+00        1       10        2       20  F
      5      1   4.7862674118224252D-01 1.4D-03 0.0D+00 4.2D-01 0.0D+00        1       10        2       20  F
      5      1   6.0171361701183279D-01 2.8D-02 0.0D+00 1.0D+00 0.0D+00        0        0        1       10  F
      5      1   2.5774459541163719D-01 3.1D-01 0.0D+00 1.0D+00 0.0D+00        0        0        1       10  F
      5      1   4.9664254229983046D-01 9.9D-05 0.0D+00 4.8D-01 0.0D+00        1       10        2       20  F
      5      1   5.6980655215846154D-01 3.7D-03 0.0D+00 1.0D+00 0.0D+00        0        0        1       10  F
      5      1   6.7262096301406404D-01 1.4D-02 0.0D+00 1.0D+00 0.0D+00        0        0        1       10  F
      5      1   6.4770070107310074D-01 6.4D-02 0.0D+00 1.0D+00 0.0D+00        0        0        1       10  F
      5      1   6.1777038887426361D-01 1.5D-02 0.0D+00 1.0D+00 0.0D+00        0        0        1       10  F
      5      1   7.0725927544079126D-01 6.4D-02 0.0D+00 1.0D+00 0.0D+00        0        0        1       10  F
 no information
      5      1   4.9119160874688778D-01 4.8D-06 0.0D+00 2.7D-01 0.0D+00        2       22        3       30  F
      5      1   6.5597715757785280D-01 3.6D-02 0.0D+00 1.0D+00 0.0D+00        0        0        1       10  F
      5      1   4.7026542303864727D-01 1.8D-01 0.0D+00 1.0D+00 0.0D+00        0        0        1       10  F
      5      1   5.2769409863976113D-01 5.5D-03 0.0D+00 1.2D+00 0.0D+00        1       10        2       20  F
      5      1   6.5970345440472578D-01 4.2D-03 0.0D+00 1.0D+00 0.0D+00        0        0        1       10  F
      5      1   7.4670873812418659D-01 1.8D-02 0.0D+00 1.0D+00 0.0D+00        0        0        1       10  F
      5      1   4.0442335262751156D-01 2.4D-01 0.0D+00 1.0D+00 0.0D+00        0        0        1       10  F
      5      1   5.5341292185197588D-01 1.9D-01 0.0D+00 1.0D+00 0.0D+00        0        0        1       10  F
      5      1   4.9201975354261024D-01 9.0D-09 0.0D+00 5.6D-10 0.0D+00       21      146       21      210  S
 no information
 no information
 no information
      5      1   4.9201975353955540D-01 9.0D-09 0.0D+00 1.6D-07 0.0D+00       23      163       23      230  S
      5      1   4.7377113599684295D-01 3.1D-03 0.0D+00 2.8D-01 0.0D+00        1       10        2       20  F
      5      1   6.6082509740453976D-01 1.7D-03 0.0D+00 1.0D+00 0.0D+00        0        0        1       10  F
      5      1   5.7902476926880353D-01 1.2D-01 0.0D+00 1.0D+00 0.0D+00        0        0        1       10  F
      5      1   5.4909445706996651D-01 1.7D-01 0.0D+00 1.0D+00 0.0D+00        0        0        1       10  F
      5      1   5.9835765897709414D-01 2.5D-02 0.0D+00 1.0D+00 0.0D+00        0        0        1       10  F
      5      1   7.0689714136771209D-01 2.2D-16 0.0D+00 1.0D+00 0.0D+00        1       10        2       20  F
      5      1   4.1538880799061700D-01 4.5D-02 0.0D+00 4.0D-01 0.0D+00        1       10        2       20  F
      5      1   4.2397610617534037D-01 1.1D-01 0.0D+00 1.0D+00 0.0D+00        0        0        1       10  F
      5      1   4.8076303848279878D-01 5.4D-02 0.0D+00 1.0D+00 0.0D+00        0        0        1       10  F
      5      1   6.4105507095657632D-01 9.3D-02 0.0D+00 1.0D+00 0.0D+00        0        0        1       10  F
 no information
      5      1   4.2948092061986032D-01 6.0D-02 0.0D+00 1.0D+00 0.0D+00        0        0        1       10  F
      5      1   2.7972164728043258D-01 3.3D-01 0.0D+00 1.0D+00 0.0D+00        0        0        1       10  F
      5      1   4.9201975353873667D-01 9.0D-09 0.0D+00 1.4D-07 0.0D+00       22      131       22      220  S
      5      1   4.8217486832563627D-01 8.6D-02 0.0D+00 1.0D+00 0.0D+00        0        0        1       10  F
      5      1   5.7557152341523521D-01 1.3D-01 0.0D+00 1.0D+00 0.0D+00        0        0        1       10  F
      5      1   5.5439214164851613D-01 1.6D-02 0.0D+00 1.0D+00 0.0D+00        0        0        1       10  F
      5      1   4.9201975353830818D-01 9.0D-09 0.0D+00 1.6D-07 0.0D+00       23      152       23      230  S
      5      1   6.0013977406101771D-01 8.4D-02 0.0D+00 1.0D+00 0.0D+00        0        0        1       10  F
      5      1   4.9201975353871763D-01 9.0D-09 0.0D+00 1.4D-07 0.0D+00       23      156       23      230  S
      5      1   4.7413627952278103D-01 1.2D-01 0.0D+00 1.0D+00 0.0D+00        0        0        1       10  F
      5      1   4.4352885972316919D-01 7.0D-02 0.0D+00 1.0D+00 0.0D+00        0        0        1       10  F
      5      1   5.5206834211378719D-01 1.1D-16 0.0D+00 1.0D+00 0.0D+00        0        0        1       10  F
      5      1   6.6060782450440514D-01 3.3D-02 0.0D+00 1.0D+00 0.0D+00        0        0        1       10  F
      5      1   7.4610739198507359D-01 1.1D-16 0.0D+00 1.0D+00 0.0D+00        1       10        2       20  F
      5      1   3.9062758866915803D-01 1.9D-01 0.0D+00 1.0D+00 0.0D+00        0        0        1       10  F
      5      1   2.9670545670269577D-01 2.9D-01 0.0D+00 1.0D+00 0.0D+00        0        0        1       10  F
      5      1   5.8573536355871636D-01 6.0D-03 0.0D+00 1.0D+00 0.0D+00        0        0        1       10  F
      5      1   2.9491568358606862D-01 2.8D-01 0.0D+00 1.0D+00 0.0D+00        0        0        1       10  F
      5      1   2.7090633987380963D-01 3.8D-01 0.0D+00 1.0D+00 0.0D+00        0        0        1       10  F
      5      1   5.1711552231830493D-01 7.8D-09 0.0D+00 3.9D-09 0.0D+00       22      133       22      220  S
      5      1   4.9201975354269761D-01 9.0D-09 0.0D+00 5.6D-09 0.0D+00       21      132       21      210  S
      5      1   5.1711552231799940D-01 7.8D-09 0.0D+00 1.6D-09 0.0D+00       21      130       21      210  S
      5      1   6.8341742799817018D-01 0.0D+00 0.0D+00 1.0D+00 0.0D+00        0        0        1       10  F
      5      1   3.3944840639797463D-01 2.1D-01 0.0D+00 1.0D+00 0.0D+00        0        0        1       10  F
      5      1   5.9132446665439486D-01 0.0D+00 0.0D+00 1.0D+00 0.0D+00        0        0        1       10  F
      5      1   4.9201975354248267D-01 9.0D-09 0.0D+00 7.6D-09 0.0D+00       21      136       21      210  S
      5      1   4.9201975355531236D-01 9.0D-09 0.0D+00 1.6D-09 0.0D+00       21      136       21      210  S
      5      1   4.9201975353468647D-01 9.0D-09 0.0D+00 2.7D-07 0.0D+00       24      140       24      240  S
      5      1   4.7160321785904635D-01 1.1D-01 0.0D+00 1.0D+00 0.0D+00        0        0        1       10  F
      5      1   4.9201975354070776D-01 9.0D-09 0.0D+00 6.7D-09 0.0D+00       22      122       22      220  S
      5      1   4.3166525506464432D-01 6.4D-02 0.0D+00 1.0D+00 0.0D+00        0        0        1       10  F
      5      1   4.9201975354279615D-01 9.0D-09 0.0D+00 2.5D-10 0.0D+00       21      123       21      210  S
      5      1   7.4372721181146861D-01 1.1D-16 0.0D+00 1.0D+00 0.0D+00        0        0        1       10  F
      5      1   4.9201975354078836D-01 9.0D-09 0.0D+00 3.6D-09 0.0D+00       22      129       22      220  S
      5      1   4.9201975353986466D-01 9.0D-09 0.0D+00 7.8D-08 0.0D+00       23      184       23      230  S
      5      1   4.9201975353713606D-01 9.0D-09 0.0D+00 2.1D-07 0.0D+00       23      162       23      230  S
      5      1   7.3216072024195733D-01 1.3D-02 0.0D+00 1.0D+00 0.0D+00        0        0        1       10  F
      5      1   7.0223040804312031D-01 2.0D-02 0.0D+00 1.0D+00 0.0D+00        0        0        1       10  F
      5      1   6.7991308210472612D-01 3.0D-03 0.0D+00 1.0D+00 0.0D+00        0        0        1       10  F
      5      1   2.6281338837526780D-01 2.9D-01 0.0D+00 1.0D+00 0.0D+00        0        0        1       10  F
      5      1   4.9201975353916605D-01 9.0D-09 0.0D+00 1.2D-07 0.0D+00       22      149       22      220  S
      5      1   4.7979818410414721D-01 2.3D-01 0.0D+00 1.0D+00 0.0D+00        0        0        1       10  F
      5      1   7.1153127048593712D-01 4.0D-03 0.0D+00 1.0D+00 0.0D+00        0        0        1       10  F
      5      1   4.9201975354190924D-01 9.0D-09 0.0D+00 6.0D-09 0.0D+00       21      133       21      210  S
      5      1   3.4400985859490629D-01 2.2D-01 0.0D+00 1.0D+00 0.0D+00        0        0        1       10  F
      5      1   7.4241074357954506D-01 0.0D+00 0.0D+00 1.0D+00 0.0D+00        0        0        1       10  F
      5      1   4.3285759825358633D-01 2.5D-02 0.0D+00 1.0D+00 0.0D+00        0        0        1       10  F
      5      1   5.2045835132277030D-01 1.0D-03 0.0D+00 4.4D-01 0.0D+00        1       10        2       20  F
      5      1   4.9201975354902289D-01 9.0D-09 0.0D+00 3.0D-07 0.0D+00       22      140       22      220  S
      5      1   6.7656867316840941D-01 1.1D-16 0.0D+00 1.0D+00 0.0D+00        0        0        1       10  F
      5      1   2.8510815558541963D-01 3.7D-01 0.0D+00 1.0D+00 0.0D+00        0        0        1       10  F
      5      1   4.9201975353760607D-01 9.0D-09 0.0D+00 1.5D-07 0.0D+00       23      153       23      230  S
      5      1   4.9201975354216643D-01 9.0D-09 0.0D+00 3.2D-09 0.0D+00       21      122       21      210  S
      5      1   7.2334541283533438D-01 0.0D+00 0.0D+00 1.0D+00 0.0D+00        0        0        1       10  F
      5      1   4.9201975354231697D-01 9.0D-09 0.0D+00 5.1D-09 0.0D+00       21      135       21      210  S
 no information
      5      1   4.9046114440364202D-01 1.7D-05 0.0D+00 2.5D-01 0.0D+00        1       10        2       20  F
      5      1   4.9201975354204913D-01 9.0D-09 0.0D+00 1.7D-09 0.0D+00       21      130       21      210  S
      5      1   6.5342401473675593D-01 2.2D-02 0.0D+00 1.0D+00 0.0D+00        0        0        1       10  F
      5      1   5.4376353964231172D-01 1.2D-02 0.0D+00 1.0D+00 0.0D+00        0        0        1       10  F
      5      1   6.1259460650453956D-01 9.7D-03 0.0D+00 1.0D+00 0.0D+00        0        0        1       10  F
      5      1   4.7904246193500222D-01 1.1D-01 0.0D+00 1.0D+00 0.0D+00        0        0        1       10  F
      5      1   5.8758194432562028D-01 2.3D-02 0.0D+00 1.0D+00 0.0D+00        0        0        1       10  F
      5      1   4.9201975354329530D-01 9.0D-09 0.0D+00 7.6D-09 0.0D+00       21      140       21      210  S
      5      1   7.3671852002458049D-01 1.1D-16 0.0D+00 1.0D+00 0.0D+00        0        0        1       10  F
      5      1   9.5152332691384522D-01 0.0D+00 0.0D+00 1.0D+00 0.0D+00        1       10        2       20  F
 no information
      5      1   4.9201975353380201D-01 9.0D-09 0.0D+00 3.3D-07 0.0D+00       23      151       23      230  S
      5      1   4.9201975354060762D-01 9.0D-09 0.0D+00 3.9D-10 0.0D+00       22      145       22      220  S
      5      1   7.4446041762754855D-01 0.0D+00 0.0D+00 1.0D+00 0.0D+00        0        0        1       10  F
      5      1   4.9201975353807204D-01 9.0D-09 0.0D+00 1.4D-07 0.0D+00       24      160       24      240  S
      5      1   4.9201975355477356D-01 9.0D-09 0.0D+00 3.3D-11 0.0D+00       21      146       21      210  S
 no information
      5      1   4.9201975354191840D-01 9.0D-09 0.0D+00 3.0D-09 0.0D+00       21      109       21      210  S
 no information
      5      1   4.9859521548283103D-01 1.6D-02 0.0D+00 1.0D+00 0.0D+00        0        0        1       10  F
      5      1   6.0713469787344909D-01 7.0D-02 0.0D+00 1.0D+00 0.0D+00        0        0        1       10  F
      5      1   7.1567418026406704D-01 7.9D-02 0.0D+00 1.0D+00 0.0D+00        0        0        1       10  F
      5      1   4.9201975354230282D-01 9.0D-09 0.0D+00 8.1D-09 0.0D+00       21      145       21      210  S
      5      1   5.1711552231823921D-01 7.8D-09 0.0D+00 3.5D-09 0.0D+00       21      155       21      210  S
      5      1   4.7690693112145466D-01 6.6D-02 0.0D+00 1.0D+00 0.0D+00        0        0        1       10  F
      5      1   4.9201975353433536D-01 9.0D-09 0.0D+00 3.1D-07 0.0D+00       24      160       24      240  S
 no information
      5      1   4.9201975353547256D-01 9.0D-09 0.0D+00 3.2D-07 0.0D+00       22      137       22      220  S
      5      1   4.9201975354064864D-01 9.0D-09 0.0D+00 2.5D-09 0.0D+00       22      128       22      220  S
      5      1   5.3954644187201062D-01 6.9D-02 0.0D+00 1.0D+00 0.0D+00        0        0        1       10  F
 no information
      5      1   7.0571479802208859D-01 4.1D-04 0.0D+00 1.0D+00 0.0D+00        0        0        1       10  F
      5      1   4.9201975353677430D-01 9.0D-09 0.0D+00 2.6D-07 0.0D+00       23      149       23      230  S
      5      1   3.5589872444695547D-01 1.7D-01 0.0D+00 1.0D+00 0.0D+00        0        0        1       10  F
      5      1   4.8150121127500184D-01 3.0D-01 0.0D+00 1.0D+00 0.0D+00        0        0        1       10  F
      5      1   5.8599354922674007D-01 6.6D-03 0.0D+00 1.0D+00 0.0D+00        0        0        1       10  F
 no information
      5      1   4.9201975353350036D-01 9.0D-09 0.0D+00 3.2D-07 0.0D+00       23      143       23      230  S
      5      1   4.9620261263022880D-01 6.7D-02 0.0D+00 1.0D+00 0.0D+00        0        0        1       10  F
      5      1   6.6938486340076020D-01 7.5D-02 0.0D+00 1.0D+00 0.0D+00        0        0        1       10  F
      5      1   2.7792434581777037D-01 4.0D-01 0.0D+00 1.0D+00 0.0D+00        0        0        1       10  F
      5      1   3.8646382820838837D-01 2.8D-01 0.0D+00 1.0D+00 0.0D+00        0        0        1       10  F
      5      1   5.1711552231811853D-01 7.8D-09 0.0D+00 9.1D-09 0.0D+00       21      136       21      210  S
      5      1   6.2141309600757066D-01 0.0D+00 0.0D+00 1.0D+00 0.0D+00        1       10        2       20  F
      5      1   3.8400280597564440D-01 2.5D-01 0.0D+00 1.0D+00 0.0D+00        0        0        1       10  F
      5      1   5.8399269231415052D-01 1.3D-01 0.0D+00 1.0D+00 0.0D+00        0        0        1       10  F
      5      1   4.9201975353832283D-01 9.0D-09 0.0D+00 1.6D-07 0.0D+00       22      134       22      220  S
      5      1   5.5962366769303551D-01 1.4D-04 0.0D+00 4.6D-01 0.0D+00        1       10        2       20  F
      5      1   6.9689949061546552D-01 0.0D+00 0.0D+00 1.0D+00 0.0D+00        0        0        1       10  F
      5      1   4.7752529205835165D-01 2.5D-01 0.0D+00 1.0D+00 0.0D+00        0        0        1       10  F
      5      1   5.5175662355849120D-01 1.8D-01 0.0D+00 1.0D+00 0.0D+00        0        0        1       10  F
      5      1   4.9201975353948996D-01 9.0D-09 0.0D+00 4.9D-08 0.0D+00       23      169       23      230  S
 no information
      5      1   6.8893761694858902D-01 0.0D+00 0.0D+00 1.0D+00 0.0D+00        0        0        1       10  F
      5      1   2.9747709936559918D-01 2.6D-01 0.0D+00 1.0D+00 0.0D+00        0        0        1       10  F
      5      1   4.9201975354023070D-01 9.0D-09 0.0D+00 1.2D-07 0.0D+00       22      137       22      220  S
      5      1   4.9201975354027039D-01 9.0D-09 0.0D+00 8.6D-08 0.0D+00       23      159       23      230  S
      5      1   6.2309554653745325D-01 1.3D-02 0.0D+00 1.0D+00 0.0D+00        0        0        1       10  F
      5      1   5.3826743911746489D-01 4.4D-02 0.0D+00 1.0D+00 0.0D+00        0        0        1       10  F
      5      1   4.9201975354147442D-01 9.0D-09 0.0D+00 7.0D-09 0.0D+00       22      149       22      220  S
      5      1   4.9201975354180738D-01 9.0D-09 0.0D+00 6.6D-09 0.0D+00       22      156       22      220  S
 no information
      5      1   6.6239135263750581D-01 1.1D-03 0.0D+00 1.0D+00 0.0D+00        0        0        1       10  F
      5      1   4.9201975354161276D-01 9.0D-09 0.0D+00 2.9D-09 0.0D+00       22      141       22      220  S
      5      1   7.1801449540767970D-01 6.5D-03 0.0D+00 1.0D+00 0.0D+00        0        0        1       10  F
      5      1   6.9443550002484444D-01 2.0D-02 0.0D+00 1.0D+00 0.0D+00        0        0        1       10  F
      5      1   2.8651526618393891D-01 3.0D-01 0.0D+00 1.0D+00 0.0D+00        0        0        1       10  F
      5      1   4.4254624455735103D-01 1.0D-01 0.0D+00 1.0D+00 0.0D+00        0        0        1       10  F
      5      1   5.1711552231296420D-01 7.8D-09 0.0D+00 3.2D-07 0.0D+00       23      156       23      230  S
      5      1   4.9201975354308197D-01 9.0D-09 0.0D+00 1.7D-09 0.0D+00       21      138       21      210  S
      5      1   5.3843262221465715D-01 1.8D-01 0.0D+00 1.0D+00 0.0D+00        0        0        1       10  F
      5      1   4.9201975354201527D-01 9.0D-09 0.0D+00 9.8D-10 0.0D+00       21      142       21      210  S
 no information
      5      1   4.9201975353785393D-01 9.0D-09 0.0D+00 1.2D-07 0.0D+00       23      146       23      230  S
      5      1   4.9201975354272809D-01 9.0D-09 0.0D+00 1.2D-09 0.0D+00       21      119       21      210  S
      5      1   4.8504989324046671D-01 3.1D-04 0.0D+00 2.3D-01 0.0D+00        1       10        2       20  F
      5      1   2.9052377912957700D-01 3.7D-01 0.0D+00 1.0D+00 0.0D+00        0        0        1       10  F
      5      1   5.5983280496425558D-01 5.1D-04 0.0D+00 1.0D+00 0.0D+00        0        0        1       10  F
      5      1   4.9201975354085570D-01 9.0D-09 0.0D+00 1.9D-09 0.0D+00       22      138       22      220  S
 no information
      5      1   7.2385647353722860D-01 3.0D-02 0.0D+00 1.0D+00 0.0D+00        0        0        1       10  F
      5      1   6.8956392136855871D-01 1.8D-03 0.0D+00 1.0D+00 0.0D+00        1       10        2       20  F
      5      1   4.9201975354191496D-01 9.0D-09 0.0D+00 5.3D-09 0.0D+00       21      123       21      210  S
      5      1   4.3904189866390697D-01 7.6D-02 0.0D+00 1.0D+00 0.0D+00        0        0        1       10  F
      5      1   6.1940825140454547D-01 9.6D-03 0.0D+00 1.0D+00 0.0D+00        0        0        1       10  F
      5      1   4.9201975354068189D-01 9.0D-09 0.0D+00 8.8D-09 0.0D+00       22      146       22      220  S
 no information
      5      1   5.2961731480803420D-01 2.5D-01 0.0D+00 1.0D+00 0.0D+00        0        0        1       10  F
      5      1   4.9239631514070237D-01 1.7D-05 0.0D+00 5.1D-01 0.0D+00        1       10        2       20  F
 no information
      5      1   4.9201975355050814D-01 9.0D-09 0.0D+00 1.8D-07 0.0D+00       22      146       22      220  S
      5      1   6.8728972570398883D-01 1.1D-16 0.0D+00 1.0D+00 0.0D+00        0        0        1       10  F
      5      1   3.4332070410379323D-01 2.4D-01 0.0D+00 1.0D+00 0.0D+00        0        0        1       10  F
      5      1   5.1711552231712166D-01 7.8D-09 0.0D+00 7.7D-08 0.0D+00       22      163       22      220  S
      5      1   4.9201975353606570D-01 9.0D-09 0.0D+00 3.3D-07 0.0D+00       22      168       22      220  S
      5      1   6.4848259992586121D-01 1.7D-02 0.0D+00 1.0D+00 0.0D+00        0        0        1       10  F
      5      1   4.9201975354202876D-01 9.0D-09 0.0D+00 1.7D-09 0.0D+00       21      144       21      210  S
      5      1   4.9201975353482325D-01 9.0D-09 0.0D+00 3.3D-07 0.0D+00       22      147       22      220  S
 no information
      5      1   4.3553755277046291D-01 1.0D-01 0.0D+00 1.0D+00 0.0D+00        0        0        1       10  F
      5      1   5.9156853114387509D-01 1.1D-16 0.0D+00 1.0D+00 0.0D+00        0        0        1       10  F
      5      1   4.9201975354226768D-01 9.0D-09 0.0D+00 3.8D-09 0.0D+00       21      127       21      210  S
 no information
      5      1   6.1591173676980393D-01 1.9D-01 0.0D+00 1.0D+00 0.0D+00        0        0        1       10  F
      5      1   5.2514857577344376D-01 6.3D-02 0.0D+00 1.0D+00 0.0D+00        0        0        1       10  F
      5      1   5.1711552231828795D-01 7.8D-09 0.0D+00 2.5D-09 0.0D+00       22      148       22      220  S
      5      1   4.8677595741051460D-01 1.9D-04 0.0D+00 3.7D-01 0.0D+00        1       10        2       20  F
      5      1   5.5006966635866816D-01 1.8D-02 0.0D+00 1.0D+00 0.0D+00        0        0        1       10  F
      5      1   6.5860914874928622D-01 2.6D-03 0.0D+00 1.0D+00 0.0D+00        0        0        1       10  F
      5      1   2.6151637244513770D-01 3.7D-01 0.0D+00 1.0D+00 0.0D+00        0        0        1       10  F
      5      1   5.9040119652720890D-01 1.2D-01 0.0D+00 1.0D+00 0.0D+00        0        0        1       10  F
      5      1   7.4144302608246737D-01 4.3D-03 0.0D+00 1.0D+00 0.0D+00        0        0        1       10  F
      5      1   5.5768232013695185D-01 1.6D-02 0.0D+00 1.0D+00 0.0D+00        0        0        1       10  F
      5      1   4.9201975354229338D-01 9.0D-09 0.0D+00 6.1D-10 0.0D+00       21      142       21      210  S
      5      1   4.9201975354156102D-01 9.0D-09 0.0D+00 9.6D-09 0.0D+00       22      154       22      220  S
      5      1   4.9201975353973115D-01 9.0D-09 0.0D+00 9.9D-08 0.0D+00       22      158       22      220  S
 no information
      5      1   7.4409516362384309D-01 2.1D-02 0.0D+00 1.0D+00 0.0D+00        0        0        1       10  F
      5      1   7.2147978931573953D-01 1.0D-03 0.0D+00 1.0D+00 0.0D+00        0        0        1       10  F
 no information
      5      1   4.6108293751587903D-01 9.8D-02 0.0D+00 1.0D+00 0.0D+00        0        0        1       10  F
      5      1   5.1198669999478830D-01 2.2D-02 0.0D+00 1.0D+00 0.0D+00        0        0        1       10  F
      5      1   4.8205638779595117D-01 2.2D-02 0.0D+00 1.0D+00 0.0D+00        0        0        1       10  F
      5      1   4.9201975354184624D-01 9.0D-09 0.0D+00 5.3D-09 0.0D+00       22      152       22      220  S
      5      1   4.2219576339827702D-01 1.4D-01 0.0D+00 1.0D+00 0.0D+00        0        0        1       10  F
      5      1   6.6879314271329027D-01 0.0D+00 0.0D+00 1.0D+00 0.0D+00        0        0        1       10  F
      5      1   5.5559915476014721D-01 2.7D-04 0.0D+00 6.9D-01 0.0D+00        1       10        2       20  F
      5      1   3.3115741800142356D-01 2.0D-01 0.0D+00 1.0D+00 0.0D+00        0        0        1       10  F
      5      1   5.1711552231809477D-01 7.8D-09 0.0D+00 3.9D-09 0.0D+00       21      138       21      210  S
      5      1   5.1711552231292923D-01 7.8D-09 0.0D+00 3.3D-07 0.0D+00       24      173       24      240  S
      5      1   4.9026314388635961D-01 4.2D-02 0.0D+00 1.0D+00 0.0D+00        0        0        1       10  F
      5      1   5.1711552231390934D-01 7.8D-09 0.0D+00 2.4D-07 0.0D+00       22      133       22      220  S
      5      1   6.8275326578118789D-01 1.1D-01 0.0D+00 1.0D+00 0.0D+00        0        0        1       10  F
      5      1   5.1556311595590476D-01 7.1D-09 0.0D+00 2.8D-07 0.0D+00       22      157       22      220  S
      5      1   4.8063569106370785D-01 3.3D-02 0.0D+00 1.0D+00 0.0D+00        0        0        1       10  F
      5      1   4.9201975354209038D-01 9.0D-09 0.0D+00 1.8D-09 0.0D+00       21      129       21      210  S
      5      1   3.8136432418435517D-01 8.9D-02 0.0D+00 1.0D+00 0.0D+00        0        0        1       10  F
      5      1   6.5881351468268456D-01 0.0D+00 0.0D+00 1.0D+00 0.0D+00        0        0        1       10  F
      5      1   2.7990396531602102D-01 2.9D-01 0.0D+00 1.0D+00 0.0D+00        0        0        1       10  F
      5      1   5.1080055190629226D-01 7.5D-07 0.0D+00 7.7D-01 0.0D+00        1       10        2       20  F
      5      1   4.9201975354290672D-01 9.0D-09 0.0D+00 7.1D-09 0.0D+00       21      128       21      210  S
      5      1   5.1397866281744597D-01 8.1D-07 0.0D+00 7.8D-01 0.0D+00        1       10        2       20  F
      5      1   4.9201975354223076D-01 9.0D-09 0.0D+00 3.5D-09 0.0D+00       21      130       21      210  S
      5      1   4.5749103263205437D-01 2.4D-01 0.0D+00 1.0D+00 0.0D+00        0        0        1       10  F
      5      1   4.9201975354073557D-01 9.0D-09 0.0D+00 9.5D-10 0.0D+00       22      151       22      220  S
      5      1   6.0137004000672190D-01 1.2D-02 0.0D+00 1.0D+00 0.0D+00        0        0        1       10  F
      5      1   4.9201975354207550D-01 9.0D-09 0.0D+00 7.2D-09 0.0D+00       21      130       21      210  S
      5      1   4.9201975354291083D-01 9.0D-09 0.0D+00 1.7D-09 0.0D+00       21      139       21      210  S
      5      1   4.9201975354201899D-01 9.0D-09 0.0D+00 6.7D-09 0.0D+00       21      127       21      210  S
      5      1   6.1650985610902520D-01 1.2D-02 0.0D+00 1.0D+00 0.0D+00        0        0        1       10  F
      5      1   6.5260997920156116D-01 0.0D+00 0.0D+00 1.0D+00 0.0D+00        0        0        1       10  F
      5      1   4.9201975353588751D-01 9.0D-09 0.0D+00 2.8D-07 0.0D+00       22      157       22      220  S
      5      1   4.9201975353885630D-01 9.0D-09 0.0D+00 1.4D-07 0.0D+00       22      156       22      220  S
      5      1   3.6121038538338812D-01 2.4D-01 0.0D+00 1.0D+00 0.0D+00        0        0        1       10  F
      5      1   5.1724136375680030D-01 6.4D-02 0.0D+00 1.0D+00 0.0D+00        0        0        1       10  F
      5      1   6.7327234213021248D-01 3.1D-02 0.0D+00 1.0D+00 0.0D+00        0        0        1       10  F
      5      1   3.2930332053001687D-01 3.8D-01 0.0D+00 1.0D+00 0.0D+00        0        0        1       10  F
      5      1   4.3449546078386819D-01 9.3D-02 0.0D+00 1.0D+00 0.0D+00        0        0        1       10  F
      5      1   4.9201975354203414D-01 9.0D-09 0.0D+00 5.4D-09 0.0D+00       21      127       21      210  S
      5      1   7.0575757739324851D-01 7.1D-03 0.0D+00 1.0D+00 0.0D+00        0        0        1       10  F
      5      1   4.9201975354083399D-01 9.0D-09 0.0D+00 1.8D-09 0.0D+00       22      143       22      220  S
      5      1   5.5340772833163632D-01 9.5D-02 0.0D+00 1.0D+00 0.0D+00        0        0        1       10  F
      5      1   6.9241204969224657D-01 6.4D-04 0.0D+00 1.0D+00 0.0D+00        0        0        1       10  F
