     19      1   1.9186265686963966D-01 5.5D-09 0.0D+00 1.6D-09 0.0D+00       22      191       22      220  S
     19      1   2.0385904776932454D-01 5.9D-09 0.0D+00 1.4D-07 0.0D+00       24      194       24      240  S
     19      1   1.9186265686968534D-01 5.5D-09 0.0D+00 1.9D-08 0.0D+00       23      178       23      230  S
     19      1   2.0217254445750285D-01 5.7D-09 0.0D+00 1.7D-07 0.0D+00       24      213       24      240  S
     19      1   1.9186265686944443D-01 5.5D-09 0.0D+00 8.5D-09 0.0D+00       22      171       22      220  S
     19      1   1.8946300792590429D-01 5.0D-09 0.0D+00 1.2D-07 0.0D+00       23      187       23      230  S
     19      1   1.9186265686682227D-01 5.5D-09 0.0D+00 2.9D-07 0.0D+00       23      168       23      230  S
     19      1   1.8946300792643919D-01 5.0D-09 0.0D+00 2.6D-08 0.0D+00       24      211       24      240  S
     19      1   2.1031987736307270D-01 5.3D-09 0.0D+00 1.6D-07 0.0D+00       23      399       23      230  S
     19      1   2.1838988109906043D-01 6.8D-09 0.0D+00 7.4D-09 0.0D+00       21      158       21      210  S
     19      1   1.9846857281457403D-01 5.6D-09 0.0D+00 2.0D-09 0.0D+00       21      151       21      210  S
     19      1   2.1717172017417624D-01 7.8D-09 0.0D+00 9.4D-09 0.0D+00       21      177       21      210  S
     19      1   2.2399894400280881D-01 7.0D-09 0.0D+00 2.3D-09 0.0D+00       22      205       22      220  S
     19      1   1.8946300792679080D-01 5.0D-09 0.0D+00 6.9D-09 0.0D+00       22      181       22      220  S
     19      1   1.8946300792526780D-01 5.0D-09 0.0D+00 2.2D-07 0.0D+00       24      207       24      240  S
     19      1   1.9186265686953732D-01 5.5D-09 0.0D+00 1.3D-08 0.0D+00       23      214       23      230  S
     19      1   1.9931664610771441D-01 5.3D-09 0.0D+00 9.9D-09 0.0D+00       22      141       22      220  S
     19      1   1.8946300792535400D-01 5.0D-09 0.0D+00 1.1D-07 0.0D+00       22      162       22      220  S
     19      1   1.8946300792691467D-01 5.0D-09 0.0D+00 2.3D-08 0.0D+00       24      205       24      240  S
     19      1   1.9186265686660497D-01 5.5D-09 0.0D+00 3.2D-07 0.0D+00       23      169       23      230  S
     19      1   2.0270016875131250D-01 6.2D-09 0.0D+00 3.2D-07 0.0D+00       24      218       24      240  S
     19      1   1.9186265686966153D-01 5.5D-09 0.0D+00 1.9D-08 0.0D+00       23      198       23      230  S
     19      1   1.9186265686878720D-01 5.5D-09 0.0D+00 6.5D-08 0.0D+00       24      201       24      240  S
     19      1   1.9186265686798556D-01 5.5D-09 0.0D+00 1.5D-07 0.0D+00       24      174       24      240  S
     19      1   1.9186265686810675D-01 5.5D-09 0.0D+00 1.3D-07 0.0D+00       24      210       24      240  S
     19      1   1.9186265686734871D-01 5.5D-09 0.0D+00 2.3D-07 0.0D+00       23      188       23      230  S
     19      1   1.9014025231998916D-01 4.6D-09 0.0D+00 6.5D-09 0.0D+00       22      185       22      220  S
     19      1   2.0292067003286096D-01 5.7D-09 0.0D+00 5.6D-09 0.0D+00       22      215       22      220  S
     19      1   1.9186265686943949D-01 5.5D-09 0.0D+00 6.8D-09 0.0D+00       21      163       21      210  S
     19      1   1.9186265686750992D-01 5.5D-09 0.0D+00 2.3D-07 0.0D+00       23      165       23      230  S
     19      1   1.9846857281381472D-01 5.6D-09 0.0D+00 1.5D-07 0.0D+00       23      161       23      230  S
     19      1   1.9186265686851972D-01 5.5D-09 0.0D+00 9.8D-08 0.0D+00       23      177       23      230  S
     19      1   1.9186265686669660D-01 5.5D-09 0.0D+00 3.1D-07 0.0D+00       23      185       23      230  S
     19      1   2.1761304364852765D-01 6.8D-09 0.0D+00 4.2D-09 0.0D+00       22      196       22      220  S
     19      1   1.9186265686863008D-01 5.5D-09 0.0D+00 7.8D-09 0.0D+00       21      165       21      210  S
     19      1   1.9186265686794174D-01 5.5D-09 0.0D+00 1.5D-07 0.0D+00       23      198       23      230  S
     19      1   1.8946300792676599D-01 5.0D-09 0.0D+00 3.9D-09 0.0D+00       22      174       22      220  S
     19      1   1.9926499084568536D-01 5.4D-09 0.0D+00 5.4D-09 0.0D+00       21      150       21      210  S
     19      1   1.8946300792684886D-01 5.0D-09 0.0D+00 5.9D-09 0.0D+00       22      169       22      220  S
     19      1   1.9186265686666990D-01 5.5D-09 0.0D+00 3.0D-07 0.0D+00       23      172       23      230  S
     19      1   1.9186265686832973D-01 5.5D-09 0.0D+00 1.0D-07 0.0D+00       23      185       23      230  S
     19      1   1.9186265686943257D-01 5.5D-09 0.0D+00 8.1D-09 0.0D+00       22      146       22      220  S
     19      1   2.0270016875448171D-01 6.2D-09 0.0D+00 1.4D-08 0.0D+00       24      202       24      240  S
     19      1   1.8946300792484425D-01 5.0D-09 0.0D+00 2.8D-07 0.0D+00       24      208       24      240  S
     19      1   2.0099200314035931D-01 4.9D-09 0.0D+00 2.5D-08 0.0D+00       23      187       23      230  S
     19      1   1.9186265686960433D-01 5.5D-09 0.0D+00 1.6D-08 0.0D+00       23      205       23      230  S
     19      1   2.0491601149705724D-01 5.5D-09 0.0D+00 2.8D-08 0.0D+00       23      195       23      230  S
     19      1   2.0270016875493102D-01 6.2D-09 0.0D+00 1.4D-09 0.0D+00       22      193       22      220  S
     19      1   1.9186265686921875D-01 5.5D-09 0.0D+00 3.6D-08 0.0D+00       22      185       22      220  S
     19      1   1.8946300792691520D-01 5.0D-09 0.0D+00 2.2D-10 0.0D+00       22      168       22      220  S
     19      1   1.8946300792663162D-01 5.0D-09 0.0D+00 6.1D-09 0.0D+00       22      169       22      220  S
     19      1   1.9186265686986148D-01 5.5D-09 0.0D+00 9.0D-09 0.0D+00       22      186       22      220  S
     19      1   1.9959839953915864D-01 4.9D-09 0.0D+00 5.5D-09 0.0D+00       22      181       22      220  S
     19      1   1.9186265686926779D-01 5.5D-09 0.0D+00 1.3D-08 0.0D+00       24      178       24      240  S
     19      1   1.9186265686943596D-01 5.5D-09 0.0D+00 4.6D-09 0.0D+00       22      152       22      220  S
     19      1   2.0217254445719710D-01 5.7D-09 0.0D+00 2.1D-07 0.0D+00       23      197       23      230  S
     19      1   1.9186265686694473D-01 5.5D-09 0.0D+00 3.1D-07 0.0D+00       24      192       24      240  S
     19      1   1.9186265686922782D-01 5.5D-09 0.0D+00 9.1D-09 0.0D+00       22      165       22      220  S
     19      1   1.9186265687002757D-01 5.5D-09 0.0D+00 9.5D-09 0.0D+00       22      193       22      220  S
     19      1   2.0491601149342750D-01 5.5D-09 0.0D+00 3.0D-07 0.0D+00       23      196       23      230  S
     19      1   1.9186265686945744D-01 5.5D-09 0.0D+00 2.0D-09 0.0D+00       22      151       22      220  S
     19      1   1.8946300792697815D-01 5.0D-09 0.0D+00 5.5D-09 0.0D+00       22      188       22      220  S
     19      1   1.8946300792682319D-01 5.0D-09 0.0D+00 1.9D-08 0.0D+00       23      176       23      230  S
     19      1   1.9186265686975459D-01 5.5D-09 0.0D+00 1.2D-09 0.0D+00       22      159       22      220  S
     19      1   2.0270016875450547D-01 6.2D-09 0.0D+00 4.7D-10 0.0D+00       22      202       22      220  S
     19      1   2.0661390112720332D-01 6.0D-09 0.0D+00 3.2D-07 0.0D+00       24      193       24      240  S
     19      1   1.9186265686932077D-01 5.5D-09 0.0D+00 3.6D-09 0.0D+00       22      179       22      220  S
     19      1   1.8946300792699217D-01 5.0D-09 0.0D+00 5.3D-09 0.0D+00       22      195       22      220  S
     19      1   1.8946300792695123D-01 5.0D-09 0.0D+00 2.9D-08 0.0D+00       24      192       24      240  S
     19      1   2.1761304364769729D-01 6.8D-09 0.0D+00 1.5D-07 0.0D+00       22      219       22      220  S
     19      1   1.8946300792475196D-01 5.0D-09 0.0D+00 2.9D-07 0.0D+00       23      175       23      230  S
     19      1   2.0577984419332115D-01 5.1D-09 0.0D+00 3.2D-07 0.0D+00       23      180       23      230  S
     19      1   1.8946300792680965D-01 5.0D-09 0.0D+00 8.6D-09 0.0D+00       22      159       22      220  S
     19      1   2.0492849845892153D-01 5.0D-09 0.0D+00 7.8D-08 0.0D+00       24      178       24      240  S
     19      1   2.2392410829965700D-01 1.3D-06 0.0D+00 2.7D-01 0.0D+00       25      182       26      260  S
     19      1   1.9186265686921461D-01 5.5D-09 0.0D+00 3.1D-10 0.0D+00       21      191       21      210  S
     19      1   1.8946300792590631D-01 5.0D-09 0.0D+00 1.5D-07 0.0D+00       23      183       23      230  S
     19      1   1.9186265686661386D-01 5.5D-09 0.0D+00 3.1D-07 0.0D+00       24      188       24      240  S
     19      1   1.9186265686887594D-01 5.5D-09 0.0D+00 6.4D-08 0.0D+00       23      202       23      230  S
 no information
     19      1   2.3035097104336125D-01 5.8D-09 0.0D+00 1.2D-07 0.0D+00       23      159       23      230  S
     19      1   1.8946300792585555D-01 5.0D-09 0.0D+00 1.1D-07 0.0D+00       24      186       24      240  S
     19      1   2.0270016875467955D-01 6.2D-09 0.0D+00 2.6D-09 0.0D+00       22      191       22      220  S
     19      1   1.8946300792465912D-01 5.0D-09 0.0D+00 3.2D-07 0.0D+00       24      204       24      240  S
     19      1   1.9186265686981366D-01 5.5D-09 0.0D+00 6.4D-09 0.0D+00       22      177       22      220  S
     19      1   2.0270016875451752D-01 6.2D-09 0.0D+00 6.9D-10 0.0D+00       22      188       22      220  S
     19      1   1.9186265686737228D-01 5.5D-09 0.0D+00 7.2D-08 0.0D+00       23      213       23      230  S
     19      1   1.9186265686664797D-01 5.5D-09 0.0D+00 3.2D-07 0.0D+00       23      166       23      230  S
     19      1   2.1838988109668353D-01 6.8D-09 0.0D+00 1.3D-07 0.0D+00       22      175       22      220  S
     19      1   1.9846857281275493D-01 5.6D-09 0.0D+00 2.9D-07 0.0D+00       24      160       24      240  S
     19      1   1.9186265686947343D-01 5.5D-09 0.0D+00 8.1D-09 0.0D+00       22      164       22      220  S
     19      1   1.9186265686903275D-01 5.5D-09 0.0D+00 4.3D-09 0.0D+00       21      159       21      210  S
     19      1   2.1838988109858770D-01 6.8D-09 0.0D+00 5.8D-10 0.0D+00       22      157       22      220  S
     19      1   1.8946300792456852D-01 5.0D-09 0.0D+00 3.1D-07 0.0D+00       24      186       24      240  S
     19      1   1.9186265686938983D-01 5.5D-09 0.0D+00 9.0D-09 0.0D+00       22      180       22      220  S
     19      1   1.8946300792718382D-01 5.0D-09 0.0D+00 9.2D-09 0.0D+00       22      167       22      220  S
     19      1   2.0033059034136891D-01 5.1D-09 0.0D+00 6.2D-09 0.0D+00       21      149       21      210  S
     19      1   1.9931664610784017D-01 5.3D-09 0.0D+00 5.1D-09 0.0D+00       22      127       22      220  S
     19      1   1.9186265686950868D-01 5.5D-09 0.0D+00 3.2D-09 0.0D+00       22      166       22      220  S
     19      1   1.9186265686905413D-01 5.5D-09 0.0D+00 1.0D-08 0.0D+00       23      180       23      230  S
     19      1   2.1788403873509132D-01 6.6D-09 0.0D+00 2.0D-07 0.0D+00       24      176       24      240  S
     19      1   2.0270016875214433D-01 6.2D-09 0.0D+00 2.0D-07 0.0D+00       24      211       24      240  S
     19      1   1.9014025232083509D-01 4.6D-09 0.0D+00 9.7D-09 0.0D+00       22      245       22      220  S
     19      1   2.1022423854020664D-01 6.1D-09 0.0D+00 2.9D-07 0.0D+00       23      189       23      230  S
     19      1   2.0346484780309865D-01 5.9D-09 0.0D+00 3.8D-08 0.0D+00       23      277       23      230  S
     19      1   1.9959839953939074D-01 4.9D-09 0.0D+00 7.5D-11 0.0D+00       22      149       22      220  S
     19      1   2.2367162228320145D-01 5.7D-09 0.0D+00 3.4D-07 0.0D+00       24      211       24      240  S
     19      1   2.0491601149645977D-01 5.5D-09 0.0D+00 6.5D-09 0.0D+00       21      219       21      210  S
     19      1   1.9186265686977022D-01 5.5D-09 0.0D+00 3.9D-09 0.0D+00       22      162       22      220  S
     19      1   1.9186265686761958D-01 5.5D-09 0.0D+00 2.0D-07 0.0D+00       24      194       24      240  S
     19      1   1.8946300792665258D-01 5.0D-09 0.0D+00 3.9D-09 0.0D+00       22      216       22      220  S
     19      1   1.8946300792509496D-01 5.0D-09 0.0D+00 2.8D-07 0.0D+00       23      190       23      230  S
     19      1   2.0491601149605954D-01 5.5D-09 0.0D+00 4.8D-09 0.0D+00       21      154       21      210  S
     19      1   1.8946300792678877D-01 5.0D-09 0.0D+00 5.5D-09 0.0D+00       22      167       22      220  S
     19      1   2.0285285711855988D-01 6.4D-09 0.0D+00 2.9D-07 0.0D+00       23      184       23      230  S
     19      1   1.8946300792503731D-01 5.0D-09 0.0D+00 2.8D-07 0.0D+00       24      195       24      240  S
     19      1   2.0270016875446997D-01 6.2D-09 0.0D+00 8.3D-09 0.0D+00       22      150       22      220  S
     19      1   1.9186265686960308D-01 5.5D-09 0.0D+00 2.7D-09 0.0D+00       22      162       22      220  S
     19      1   1.9186265686866863D-01 5.5D-09 0.0D+00 1.2D-07 0.0D+00       23      162       23      230  S
     19      1   1.9186265686749648D-01 5.5D-09 0.0D+00 2.2D-07 0.0D+00       23      186       23      230  S
     19      1   2.0491601149321678D-01 5.5D-09 0.0D+00 3.1D-07 0.0D+00       23      166       23      230  S
     19      1   2.3780798017011059D-01 6.2D-09 0.0D+00 8.5D-10 0.0D+00       21      172       21      210  S
     19      1   1.8946300792678486D-01 5.0D-09 0.0D+00 8.7D-09 0.0D+00       22      182       22      220  S
     19      1   2.1827572565677730D-01 6.5D-09 0.0D+00 3.3D-07 0.0D+00       24      217       24      240  S
     19      1   1.9186265686699261D-01 5.5D-09 0.0D+00 3.0D-07 0.0D+00       24      196       24      240  S
     19      1   1.8946300792716564D-01 5.0D-09 0.0D+00 4.5D-09 0.0D+00       22      182       22      220  S
     19      1   1.9959839953873321D-01 4.9D-09 0.0D+00 1.5D-08 0.0D+00       24      182       24      240  S
     19      1   1.9186265686756046D-01 5.5D-09 0.0D+00 2.2D-07 0.0D+00       23      206       23      230  S
     19      1   1.9186265686981546D-01 5.5D-09 0.0D+00 6.9D-09 0.0D+00       22      196       22      220  S
     19      1   1.9186265686693638D-01 5.5D-09 0.0D+00 3.2D-07 0.0D+00       24      194       24      240  S
     19      1   2.2213841840675944D-01 7.2D-05 0.0D+00 3.5D-01 0.0D+00        1       10        2       20  F
     19      1   1.9186265686924162D-01 5.5D-09 0.0D+00 9.8D-09 0.0D+00       21      159       21      210  S
     19      1   1.9186265686772186D-01 5.5D-09 0.0D+00 2.2D-07 0.0D+00       24      196       24      240  S
     19      1   2.0270016875428110D-01 6.2D-09 0.0D+00 1.9D-08 0.0D+00       23      170       23      230  S
     19      1   1.9186265686960899D-01 5.5D-09 0.0D+00 1.3D-09 0.0D+00       22      171       22      220  S
     19      1   1.9186265686956078D-01 5.5D-09 0.0D+00 8.9D-09 0.0D+00       22      176       22      220  S
     19      1   2.1746438514724678D-01 7.0D-09 0.0D+00 2.8D-07 0.0D+00       24      189       24      240  S
     19      1   1.9186265686945486D-01 5.5D-09 0.0D+00 3.2D-10 0.0D+00       22      172       22      220  S
     19      1   1.9186265686835641D-01 5.5D-09 0.0D+00 1.1D-07 0.0D+00       24      191       24      240  S
     19      1   1.9186265686690920D-01 5.5D-09 0.0D+00 3.0D-07 0.0D+00       23      184       23      230  S
     19      1   1.8946300792699247D-01 5.0D-09 0.0D+00 4.0D-08 0.0D+00       23      199       23      230  S
     19      1   1.9186265686975743D-01 5.5D-09 0.0D+00 5.5D-09 0.0D+00       22      171       22      220  S
     19      1   2.0285285712212617D-01 6.4D-09 0.0D+00 4.9D-09 0.0D+00       22      147       22      220  S
     19      1   1.8946300792577275D-01 5.0D-09 0.0D+00 1.5D-07 0.0D+00       24      221       24      240  S
     19      1   1.9186265686923076D-01 5.5D-09 0.0D+00 1.2D-08 0.0D+00       24      219       24      240  S
     19      1   1.8946300792686896D-01 5.0D-09 0.0D+00 5.7D-09 0.0D+00       22      195       22      220  S
     19      1   1.9186265686962864D-01 5.5D-09 0.0D+00 2.3D-09 0.0D+00       22      189       22      220  S
     19      1   1.9186265686933990D-01 5.5D-09 0.0D+00 4.1D-09 0.0D+00       22      194       22      220  S
     19      1   2.0285285711948459D-01 6.4D-09 0.0D+00 2.3D-07 0.0D+00       23      198       23      230  S
     19      1   1.8946300792630674D-01 5.0D-09 0.0D+00 9.6D-09 0.0D+00       21      176       21      210  S
     19      1   2.0047722210929705D-01 5.8D-09 0.0D+00 3.1D-07 0.0D+00       22      192       22      220  S
     19      1   1.9014025231926579D-01 4.6D-09 0.0D+00 1.7D-08 0.0D+00       23      182       23      230  S
     19      1   2.0270016875278429D-01 6.2D-09 0.0D+00 1.4D-07 0.0D+00       23      187       23      230  S
 no information
     19      1   2.0285285712106796D-01 6.4D-09 0.0D+00 7.2D-08 0.0D+00       24      212       24      240  S
     19      1   1.8946300792697357D-01 5.0D-09 0.0D+00 9.9D-09 0.0D+00       22      167       22      220  S
     19      1   2.0217254445886870D-01 5.7D-09 0.0D+00 7.2D-09 0.0D+00       22      193       22      220  S
     19      1   2.1209282327271461D-01 6.3D-09 0.0D+00 4.2D-09 0.0D+00       22      181       22      220  S
     19      1   2.0217254445902563D-01 5.7D-09 0.0D+00 9.3D-09 0.0D+00       22      175       22      220  S
 no information
     19      1   1.9186265686940809D-01 5.5D-09 0.0D+00 1.4D-08 0.0D+00       24      194       24      240  S
     19      1   1.9186265686735568D-01 5.5D-09 0.0D+00 2.3D-07 0.0D+00       24      227       24      240  S
     19      1   1.9186265686931001D-01 5.5D-09 0.0D+00 3.2D-08 0.0D+00       23      182       23      230  S
     19      1   2.0385904776836380D-01 5.9D-09 0.0D+00 2.8D-07 0.0D+00       23      182       23      230  S
     19      1   1.9959839953851854D-01 4.9D-09 0.0D+00 1.6D-08 0.0D+00       23      203       23      230  S
     19      1   1.9186265686849527D-01 5.5D-09 0.0D+00 1.2D-07 0.0D+00       24      200       24      240  S
     19      1   1.9186265686730375D-01 5.5D-09 0.0D+00 2.3D-07 0.0D+00       24      201       24      240  S
     19      1   1.8946300792703763D-01 5.0D-09 0.0D+00 4.8D-09 0.0D+00       22      163       22      220  S
     19      1   1.9186265686918785D-01 5.5D-09 0.0D+00 8.3D-09 0.0D+00       21      175       21      210  S
     19      1   2.0949770854316757D-01 5.8D-09 0.0D+00 3.7D-09 0.0D+00       21      175       21      210  S
     19      1   1.9186265686954165D-01 5.5D-09 0.0D+00 9.9D-09 0.0D+00       22      171       22      220  S
     19      1   1.9186265686700871D-01 5.5D-09 0.0D+00 2.7D-07 0.0D+00       24      194       24      240  S
 no information
 no information
     19      1   1.9186265686985682D-01 5.5D-09 0.0D+00 7.1D-09 0.0D+00       22      175       22      220  S
     19      1   1.8946300792512608D-01 5.0D-09 0.0D+00 2.4D-07 0.0D+00       24      222       24      240  S
     19      1   1.8946300792716037D-01 5.0D-09 0.0D+00 2.8D-09 0.0D+00       22      157       22      220  S
     19      1   7.7387955566155131D-02 5.1D-01 0.0D+00 1.0D+00 0.0D+00        0        0        1       10  F
     19      1   2.0285285711902340D-01 6.4D-09 0.0D+00 2.3D-07 0.0D+00       23      192       23      230  S
     19      1   1.9186265686709814D-01 5.5D-09 0.0D+00 3.0D-07 0.0D+00       23      169       23      230  S
     19      1   1.7463570607659748D-01 6.0D-02 0.0D+00 2.6D-01 0.0D+00        1       10        2       20  F
     19      1   1.9186265686706871D-01 5.5D-09 0.0D+00 2.7D-07 0.0D+00       23      164       23      230  S
     19      1   1.9186265686902734D-01 5.5D-09 0.0D+00 5.3D-09 0.0D+00       21      154       21      210  S
     19      1   2.0285285712240109D-01 6.4D-09 0.0D+00 9.8D-09 0.0D+00       22      196       22      220  S
     19      1   1.9186265686936024D-01 5.5D-09 0.0D+00 1.2D-09 0.0D+00       22      181       22      220  S
     19      1   2.0270016875363220D-01 6.2D-09 0.0D+00 7.5D-08 0.0D+00       24      208       24      240  S
     19      1   1.9186265686704870D-01 5.5D-09 0.0D+00 3.2D-07 0.0D+00       23      163       23      230  S
     19      1   2.3362052940650901D-01 5.8D-09 0.0D+00 3.0D-07 0.0D+00       23      180       23      230  S
     19      1   2.0491601149434671D-01 5.5D-09 0.0D+00 3.1D-07 0.0D+00       23      194       23      230  S
     19      1   1.8946300792584292D-01 5.0D-09 0.0D+00 1.3D-07 0.0D+00       24      216       24      240  S
     19      1   1.8946300792581033D-01 5.0D-09 0.0D+00 1.6D-07 0.0D+00       24      216       24      240  S
     19      1   1.9186265686738976D-01 5.5D-09 0.0D+00 1.5D-07 0.0D+00       23      219       23      230  S
     19      1   1.9186265686939719D-01 5.5D-09 0.0D+00 4.7D-09 0.0D+00       22      163       22      220  S
     19      1   1.9186265686929022D-01 5.5D-09 0.0D+00 4.3D-08 0.0D+00       24      202       24      240  S
     19      1   1.8946300792676732D-01 5.0D-09 0.0D+00 3.2D-09 0.0D+00       22      170       22      220  S
     19      1   1.9959839953697722D-01 4.9D-09 0.0D+00 2.8D-07 0.0D+00       24      196       24      240  S
     19      1   2.0491601149324756D-01 5.5D-09 0.0D+00 3.2D-07 0.0D+00       22      148       22      220  S
     19      1   1.9846857281188995D-01 5.6D-09 0.0D+00 1.2D-08 0.0D+00       23      224       23      230  S
     19      1   1.9926499084599975D-01 5.4D-09 0.0D+00 7.2D-09 0.0D+00       22      146       22      220  S
     19      1   2.0491601149593763D-01 5.5D-09 0.0D+00 9.1D-09 0.0D+00       21      156       21      210  S
     19      1   2.0217254445917351D-01 5.7D-09 0.0D+00 9.8D-09 0.0D+00       22      183       22      220  S
     19      1   1.9186265686944282D-01 5.5D-09 0.0D+00 4.3D-09 0.0D+00       22      171       22      220  S
     19      1   2.0285285712201659D-01 6.4D-09 0.0D+00 3.8D-08 0.0D+00       23      180       23      230  S
     19      1   2.0491601149614852D-01 5.5D-09 0.0D+00 1.9D-08 0.0D+00       23      198       23      230  S
     19      1   2.1717172017434686D-01 7.8D-09 0.0D+00 2.3D-09 0.0D+00       22      167       22      220  S
     19      1   1.9186265686925766D-01 5.5D-09 0.0D+00 4.0D-09 0.0D+00       22      153       22      220  S
     19      1   6.8562851328822982D-01 1.1D-16 0.0D+00 6.9D-01 0.0D+00        3       38        3       30  S
     19      1   2.0285285712100218D-01 6.4D-09 0.0D+00 3.6D-08 0.0D+00       23      197       23      230  S
     19      1   1.8946300792602094D-01 5.0D-09 0.0D+00 5.4D-09 0.0D+00       21      184       21      210  S
     19      1   2.1838988109773044D-01 6.8D-09 0.0D+00 7.6D-08 0.0D+00       24      186       24      240  S
     19      1   1.8946300792680371D-01 5.0D-09 0.0D+00 7.6D-09 0.0D+00       22      170       22      220  S
     19      1   2.0509496025321983D-01 6.3D-09 0.0D+00 2.5D-09 0.0D+00       22      155       22      220  S
     19      1   1.9186265686974979D-01 5.5D-09 0.0D+00 9.7D-09 0.0D+00       22      180       22      220  S
     19      1   2.0285285712214313D-01 6.4D-09 0.0D+00 5.0D-09 0.0D+00       22      161       22      220  S
     19      1   2.1701337003502172D-01 3.2D-07 0.0D+00 5.5D-03 0.0D+00       25      175       26      260  S
     19      1   2.0099200314018340D-01 4.9D-09 0.0D+00 7.2D-10 0.0D+00       22      134       22      220  S
     19      1   1.9186265686790238D-01 5.5D-09 0.0D+00 1.6D-07 0.0D+00       24      184       24      240  S
     19      1   1.9186265686943188D-01 5.5D-09 0.0D+00 5.7D-09 0.0D+00       22      179       22      220  S
     19      1   1.9186265686952811D-01 5.5D-09 0.0D+00 7.6D-09 0.0D+00       22      199       22      220  S
     19      1   1.9186265686805132D-01 5.5D-09 0.0D+00 1.3D-07 0.0D+00       23      202       23      230  S
     19      1   1.8946300792695506D-01 5.0D-09 0.0D+00 7.8D-09 0.0D+00       22      170       22      220  S
     19      1   1.8946300792706394D-01 5.0D-09 0.0D+00 1.5D-09 0.0D+00       22      197       22      220  S
     19      1   1.9931664610798105D-01 5.3D-09 0.0D+00 7.6D-09 0.0D+00       22      140       22      220  S
     19      1   2.0285285712174278D-01 6.4D-09 0.0D+00 1.9D-09 0.0D+00       22      169       22      220  S
     19      1   1.8946300792726767D-01 5.0D-09 0.0D+00 3.9D-08 0.0D+00       23      192       23      230  S
     19      1   1.8946300792509052D-01 5.0D-09 0.0D+00 2.8D-07 0.0D+00       23      226       23      230  S
     19      1   2.0099200313768395D-01 4.9D-09 0.0D+00 3.0D-07 0.0D+00       23      172       23      230  S
 no information
     19      1   1.9186265686850690D-01 5.5D-09 0.0D+00 1.3D-07 0.0D+00       24      209       24      240  S
     19      1   2.0270016875441332D-01 6.2D-09 0.0D+00 6.1D-09 0.0D+00       22      177       22      220  S
     19      1   2.0357805279498895D-01 5.7D-09 0.0D+00 1.2D-08 0.0D+00       22      176       22      220  S
     19      1   1.9846857281565825D-01 5.6D-09 0.0D+00 4.4D-08 0.0D+00       24      181       24      240  S
     19      1   1.8946300792657611D-01 5.0D-09 0.0D+00 3.9D-08 0.0D+00       23      185       23      230  S
     19      1   1.9186265686933521D-01 5.5D-09 0.0D+00 4.0D-09 0.0D+00       22      172       22      220  S
     19      1   1.9186265686952750D-01 5.5D-09 0.0D+00 6.7D-09 0.0D+00       22      179       22      220  S
     19      1   1.9186265686754192D-01 5.5D-09 0.0D+00 1.9D-07 0.0D+00       23      174       23      230  S
     19      1   1.9186265686679810D-01 5.5D-09 0.0D+00 3.0D-07 0.0D+00       23      168       23      230  S
     19      1   2.0270016875299735D-01 6.2D-09 0.0D+00 1.3D-07 0.0D+00       24      174       24      240  S
     19      1   1.9186265686933798D-01 5.5D-09 0.0D+00 2.7D-08 0.0D+00       23      248       23      230  S
     19      1   6.8614416347206428D-02 5.2D-01 0.0D+00 1.0D+00 0.0D+00        0        0        1       10  F
     19      1   1.9014025231977072D-01 4.6D-09 0.0D+00 8.5D-09 0.0D+00       21      164       21      210  S
     19      1   1.9926499084617508D-01 5.4D-09 0.0D+00 9.2D-09 0.0D+00       22      174       22      220  S
     19      1   1.9186265686823836D-01 5.5D-09 0.0D+00 1.6D-07 0.0D+00       23      195       23      230  S
     19      1   1.3956256348796814D-01 3.1D-01 0.0D+00 1.0D+00 0.0D+00        0        0        1       10  F
     19      1   1.9186265686922363D-01 5.5D-09 0.0D+00 4.7D-09 0.0D+00       22      156       22      220  S
     19      1   1.9846857281459795D-01 5.6D-09 0.0D+00 5.2D-09 0.0D+00       21      168       21      210  S
     19      1   2.0663367925775664D-01 5.2D-09 0.0D+00 8.2D-09 0.0D+00       22      191       22      220  S
     19      1   2.0491601149591562D-01 5.5D-09 0.0D+00 1.6D-08 0.0D+00       22      184       22      220  S
     19      1   1.8946300792678869D-01 5.0D-09 0.0D+00 3.6D-09 0.0D+00       22      185       22      220  S
     19      1   1.8946300792689835D-01 5.0D-09 0.0D+00 4.0D-08 0.0D+00       24      204       24      240  S
     19      1   1.8946300792559004D-01 5.0D-09 0.0D+00 1.6D-07 0.0D+00       24      189       24      240  S
     19      1   1.9186265686802426D-01 5.5D-09 0.0D+00 1.5D-07 0.0D+00       23      199       23      230  S
     19      1   1.9186265686943429D-01 5.5D-09 0.0D+00 2.1D-08 0.0D+00       22      180       22      220  S
     19      1   1.9186265686930770D-01 5.5D-09 0.0D+00 4.8D-09 0.0D+00       22      171       22      220  S
     19      1   1.8946300792682602D-01 5.0D-09 0.0D+00 9.9D-09 0.0D+00       22      194       22      220  S
     19      1   1.9186265686866477D-01 5.5D-09 0.0D+00 1.2D-07 0.0D+00       23      176       23      230  S
     19      1   2.0217254445715815D-01 5.7D-09 0.0D+00 1.9D-07 0.0D+00       24      200       24      240  S
     19      1   1.8946300792680237D-01 5.0D-09 0.0D+00 5.9D-09 0.0D+00       22      174       22      220  S
     19      1   1.8946300792662957D-01 5.0D-09 0.0D+00 7.3D-11 0.0D+00       22      188       22      220  S
     19      1   2.0270016875126376D-01 6.2D-09 0.0D+00 3.0D-07 0.0D+00       23      201       23      230  S
     19      1   1.9186265686951720D-01 5.5D-09 0.0D+00 3.9D-09 0.0D+00       22      184       22      220  S
     19      1   2.0359227585261852D-01 6.2D-09 0.0D+00 5.4D-08 0.0D+00       23      196       23      230  S
     19      1   1.9186265686930942D-01 5.5D-09 0.0D+00 1.9D-09 0.0D+00       22      180       22      220  S
     19      1   2.0491601149590619D-01 5.5D-09 0.0D+00 5.5D-09 0.0D+00       21      164       21      210  S
     19      1   1.9186265686935614D-01 5.5D-09 0.0D+00 5.0D-09 0.0D+00       22      163       22      220  S
     19      1   1.9186265686935400D-01 5.5D-09 0.0D+00 1.5D-09 0.0D+00       22      196       22      220  S
     19      1   1.9186265686953582D-01 5.5D-09 0.0D+00 6.2D-10 0.0D+00       22      173       22      220  S
     19      1   1.9186265686735707D-01 5.5D-09 0.0D+00 2.4D-07 0.0D+00       23      165       23      230  S
     19      1   1.9186265686818058D-01 5.5D-09 0.0D+00 1.4D-07 0.0D+00       24      190       24      240  S
     19      1   1.8946300792609988D-01 5.0D-09 0.0D+00 1.5D-07 0.0D+00       24      201       24      240  S
     19      1   2.0946581626896776D-01 5.8D-09 0.0D+00 1.1D-09 0.0D+00       21      185       21      210  S
     19      1   1.8946300792698775D-01 5.0D-09 0.0D+00 4.1D-09 0.0D+00       22      176       22      220  S
     19      1   1.8946300792717577D-01 5.0D-09 0.0D+00 1.5D-09 0.0D+00       22      179       22      220  S
     19      1   2.0491601149609875D-01 5.5D-09 0.0D+00 2.4D-08 0.0D+00       22      179       22      220  S
     19      1   2.1717172016893679D-01 7.8D-09 0.0D+00 3.2D-07 0.0D+00       23      188       23      230  S
     19      1   2.0833232642077804D-01 5.1D-09 0.0D+00 7.5D-10 0.0D+00       21      219       21      210  S
     19      1   1.9186265686924275D-01 5.5D-09 0.0D+00 8.1D-09 0.0D+00       21      146       21      210  S
     19      1   2.0346484779995830D-01 5.9D-09 0.0D+00 3.0D-07 0.0D+00       23      208       23      230  S
     19      1   1.8946300792705265D-01 5.0D-09 0.0D+00 3.9D-08 0.0D+00       24      214       24      240  S
     19      1   1.8946300792693013D-01 5.0D-09 0.0D+00 8.5D-09 0.0D+00       22      176       22      220  S
     19      1   1.8946300792505821D-01 5.0D-09 0.0D+00 2.3D-07 0.0D+00       23      163       23      230  S
     19      1   1.9931664610792729D-01 5.3D-09 0.0D+00 9.4D-09 0.0D+00       22      138       22      220  S
     19      1   1.9926499084351332D-01 5.4D-09 0.0D+00 3.3D-07 0.0D+00       23      176       23      230  S
     19      1   1.9186265686776016D-01 5.5D-09 0.0D+00 2.0D-07 0.0D+00       24      212       24      240  S
     19      1   1.9186265686850065D-01 5.5D-09 0.0D+00 8.0D-08 0.0D+00       23      189       23      230  S
     19      1   1.9959839953830885D-01 4.9D-09 0.0D+00 7.9D-09 0.0D+00       21      185       21      210  S
     19      1   2.0509496025343601D-01 6.3D-09 0.0D+00 6.9D-09 0.0D+00       22      155       22      220  S
     19      1   1.8946300792691045D-01 5.0D-09 0.0D+00 9.2D-09 0.0D+00       22      183       22      220  S
     19      1   1.8946300792601936D-01 5.0D-09 0.0D+00 9.6D-08 0.0D+00       24      202       24      240  S
     19      1   1.8946300792699983D-01 5.0D-09 0.0D+00 1.5D-07 0.0D+00       23      210       23      230  S
     19      1   2.1929581764315689D-01 5.2D-09 0.0D+00 3.1D-07 0.0D+00       24      219       24      240  S
     19      1   2.0661390112891770D-01 6.0D-09 0.0D+00 1.5D-07 0.0D+00       23      216       23      230  S
     19      1   1.8946300792708190D-01 5.0D-09 0.0D+00 2.1D-08 0.0D+00       24      212       24      240  S
     19      1   2.0285285712172144D-01 6.4D-09 0.0D+00 2.8D-10 0.0D+00       22      181       22      220  S
     19      1   2.0285285712179768D-01 6.4D-09 0.0D+00 2.3D-09 0.0D+00       22      163       22      220  S
     19      1   1.8946300792696741D-01 5.0D-09 0.0D+00 2.0D-09 0.0D+00       22      196       22      220  S
     19      1   1.8946300792479259D-01 5.0D-09 0.0D+00 2.7D-07 0.0D+00       24      183       24      240  S
     19      1   1.9186265686944148D-01 5.5D-09 0.0D+00 2.6D-08 0.0D+00       23      189       23      230  S
     19      1   1.9186265686981654D-01 5.5D-09 0.0D+00 5.2D-09 0.0D+00       22      178       22      220  S
     19      1   2.1021536528829896D-01 6.3D-09 0.0D+00 7.1D-10 0.0D+00       22      198       22      220  S
