     11   0.00    0.00    0.00   2.8111714366900520D-01 5.8D-09 0.0D+00 5.6D-09 0.0D+00       22      178       22      220     838     369    1023     369     398   0.50     0    0      1  BR
     11      1   2.8382297778078702D-01 5.9D-09 0.0D+00 6.5D-08 0.0D+00       24      167       24      240  S
     11   0.00    0.00    0.00   2.7218427755348612D-01 7.5D-09 0.0D+00 2.7D-07 0.0D+00       22      159       22      220     732     356     917     356     379   0.49     0    0      3  BR
     11      1   2.8111714366551982D-01 5.8D-09 0.0D+00 3.2D-07 0.0D+00       22      170       22      220  S
     11      1   2.7218427755768321D-01 7.5D-09 0.0D+00 7.6D-09 0.0D+00       21      168       21      210  S
     11      1   2.8436583998729753D-01 6.2D-09 0.0D+00 9.9D-09 0.0D+00       21      159       21      210  S
     11      1   2.8111714366620838D-01 5.8D-09 0.0D+00 2.4D-07 0.0D+00       22      181       22      220  S
     11      1   2.7218427755560620D-01 7.5D-09 0.0D+00 1.6D-07 0.0D+00       23      172       23      230  S
     11      1   2.8680639580967826D-01 5.6D-09 0.0D+00 1.4D-08 0.0D+00       23      189       23      230  S
     11      1   2.8111714366744878D-01 5.8D-09 0.0D+00 1.2D-07 0.0D+00       24      218       24      240  S
     11      1   2.8111714366654872D-01 5.8D-09 0.0D+00 2.8D-07 0.0D+00       23      168       23      230  S
     11      1   2.7218427755803376D-01 7.5D-09 0.0D+00 1.2D-09 0.0D+00       21      164       21      210  S
     11      1   2.8111714366597118D-01 5.8D-09 0.0D+00 3.1D-07 0.0D+00       22      189       22      220  S
     11      1   2.7218427755764008D-01 7.5D-09 0.0D+00 1.5D-10 0.0D+00       22      153       22      220  S
     11      1   2.8382297778196997D-01 5.9D-09 0.0D+00 2.2D-08 0.0D+00       24      178       24      240  S
     11      1   2.8436583998787440D-01 6.2D-09 0.0D+00 2.0D-08 0.0D+00       24      204       24      240  S
     11      1   2.8111714366846563D-01 5.8D-09 0.0D+00 1.9D-09 0.0D+00       22      163       22      220  S
     11      1   2.8436583998753739D-01 6.2D-09 0.0D+00 7.1D-09 0.0D+00       21      184       21      210  S
     11      1   2.8111714366889862D-01 5.8D-09 0.0D+00 2.4D-09 0.0D+00       22      181       22      220  S
     11      1   2.8382297778141891D-01 5.9D-09 0.0D+00 8.2D-09 0.0D+00       22      150       22      220  S
     11      1   2.8111714366546708D-01 5.8D-09 0.0D+00 3.3D-07 0.0D+00       22      192       22      220  S
     11      1   2.8111714366714241D-01 5.8D-09 0.0D+00 1.6D-07 0.0D+00       22      183       22      220  S
     11      1   2.8111714366629059D-01 5.8D-09 0.0D+00 2.3D-07 0.0D+00       22      172       22      220  S
     11      1   2.7218427755773317D-01 7.5D-09 0.0D+00 1.6D-09 0.0D+00       22      135       22      220  S
     11      1   2.8436583998807652D-01 6.2D-09 0.0D+00 1.2D-09 0.0D+00       22      182       22      220  S
     11      1   2.8111714366908586D-01 5.8D-09 0.0D+00 2.9D-09 0.0D+00       22      177       22      220  S
     11      1   2.8680639580749345D-01 5.6D-09 0.0D+00 3.0D-07 0.0D+00       23      179       23      230  S
     11      1   2.7218427755806185D-01 7.5D-09 0.0D+00 6.2D-09 0.0D+00       22      153       22      220  S
     11      1   2.7218427755749319D-01 7.5D-09 0.0D+00 1.8D-08 0.0D+00       23      171       23      230  S
     11      1   2.8111714366862095D-01 5.8D-09 0.0D+00 8.4D-09 0.0D+00       21      172       21      210  S
     11      1   2.7218427755842534D-01 7.5D-09 0.0D+00 5.8D-09 0.0D+00       22      158       22      220  S
     11      1   2.8111714366904322D-01 5.8D-09 0.0D+00 4.7D-09 0.0D+00       22      184       22      220  S
     11      1   2.8680639580948430D-01 5.6D-09 0.0D+00 2.5D-09 0.0D+00       22      182       22      220  S
     11      1   2.8382297778191018D-01 5.9D-09 0.0D+00 8.9D-09 0.0D+00       22      165       22      220  S
     11      1   2.7218427755768099D-01 7.5D-09 0.0D+00 7.5D-09 0.0D+00       22      156       22      220  S
     11      1   2.7218427755756924D-01 7.5D-09 0.0D+00 3.8D-09 0.0D+00       21      145       21      210  S
     11      1   2.8680639580977035D-01 5.6D-09 0.0D+00 5.2D-08 0.0D+00       23      169       23      230  S
     11      1   2.7218427755801028D-01 7.5D-09 0.0D+00 3.3D-09 0.0D+00       22      140       22      220  S
     11      1   2.7218427755780245D-01 7.5D-09 0.0D+00 1.2D-09 0.0D+00       22      140       22      220  S
     11      1   2.8543205338593558D-01 5.9D-09 0.0D+00 2.7D-07 0.0D+00       23      183       23      230  S
     11      1   2.7218427755816227D-01 7.5D-09 0.0D+00 7.8D-09 0.0D+00       22      142       22      220  S
     11      1   2.7218427755823671D-01 7.5D-09 0.0D+00 7.1D-10 0.0D+00       22      154       22      220  S
     11      1   2.7218427755298269D-01 7.5D-09 0.0D+00 3.2D-07 0.0D+00       24      168       24      240  S
     11      1   2.7218427755551239D-01 7.5D-09 0.0D+00 1.8D-07 0.0D+00       23      171       23      230  S
     11      1   2.8382297778139498D-01 5.9D-09 0.0D+00 4.7D-10 0.0D+00       22      153       22      220  S
     11      1   2.8382297778161980D-01 5.9D-09 0.0D+00 2.6D-08 0.0D+00       24      169       24      240  S
     11      1   2.8111714366910501D-01 5.8D-09 0.0D+00 6.3D-09 0.0D+00       22      170       22      220  S
     11      1   2.8497537449425020D-01 5.9D-09 0.0D+00 5.9D-10 0.0D+00       21      173       21      210  S
     11      1   2.8382297778157395D-01 5.9D-09 0.0D+00 1.3D-08 0.0D+00       23      158       23      230  S
     11      1   2.8111714366867196D-01 5.8D-09 0.0D+00 9.7D-10 0.0D+00       22      168       22      220  S
     11      1   2.8382297778183208D-01 5.9D-09 0.0D+00 4.5D-10 0.0D+00       22      156       22      220  S
     11      1   2.8382297777858218D-01 5.9D-09 0.0D+00 3.0D-07 0.0D+00       23      160       23      230  S
     11      1   2.8680639580799810D-01 5.6D-09 0.0D+00 1.4D-07 0.0D+00       24      171       24      240  S
     11      1   2.8111714366724599D-01 5.8D-09 0.0D+00 1.4D-07 0.0D+00       23      170       23      230  S
     11      1   2.8436583998790327D-01 6.2D-09 0.0D+00 2.5D-08 0.0D+00       22      164       22      220  S
     11      1   2.8382297778026888D-01 5.9D-09 0.0D+00 1.6D-07 0.0D+00       23      165       23      230  S
     11      1   2.7218427755774405D-01 7.5D-09 0.0D+00 1.1D-09 0.0D+00       22      163       22      220  S
     11      1   3.2632853652956423D-01 8.5D-09 0.0D+00 1.2D-07 0.0D+00       23      176       23      230  S
     11      1   2.8382297777865445D-01 5.9D-09 0.0D+00 3.1D-07 0.0D+00       23      192       23      230  S
     11      1   2.3762189546694140D-01 2.4D-01 0.0D+00 1.0D+00 0.0D+00        0        0        1       10  F
     11      1   2.8680639580920458D-01 5.6D-09 0.0D+00 1.1D-07 0.0D+00       23      157       23      230  S
     11      1   2.7218427755800972D-01 7.5D-09 0.0D+00 6.9D-09 0.0D+00       22      153       22      220  S
     11      1   2.8680639580775974D-01 5.6D-09 0.0D+00 2.9D-07 0.0D+00       23      160       23      230  S
     11      1   2.8680639580912476D-01 5.6D-09 0.0D+00 6.8D-09 0.0D+00       22      145       22      220  S
     11      1   2.7218427755678759D-01 7.5D-09 0.0D+00 1.4D-07 0.0D+00       24      184       24      240  S
     11      1   2.8111714366724827D-01 5.8D-09 0.0D+00 1.5D-07 0.0D+00       23      186       23      230  S
     11      1   2.8111714366855955D-01 5.8D-09 0.0D+00 8.7D-09 0.0D+00       22      161       22      220  S
     11      1   2.8111714366625379D-01 5.8D-09 0.0D+00 3.3D-07 0.0D+00       23      214       23      230  S
     11      1   2.7218427755788949D-01 7.5D-09 0.0D+00 2.2D-09 0.0D+00       22      150       22      220  S
     11      1   3.0022138297091100D-01 7.7D-09 0.0D+00 1.4D-08 0.0D+00       24      178       24      240  S
     11      1   2.7218427755324048D-01 7.5D-09 0.0D+00 2.8D-07 0.0D+00       22      153       22      220  S
     11      1   2.8111714366737278D-01 5.8D-09 0.0D+00 1.6D-07 0.0D+00       24      205       24      240  S
     11      1   2.7218427755748792D-01 7.5D-09 0.0D+00 6.3D-09 0.0D+00       21      179       21      210  S
     11      1   2.8446063218917295D-01 6.1D-09 0.0D+00 3.2D-07 0.0D+00       24      176       24      240  S
     11      1   2.8111714366605028D-01 5.8D-09 0.0D+00 3.1D-07 0.0D+00       22      170       22      220  S
     11      1   2.8543205338709754D-01 5.9D-09 0.0D+00 1.6D-07 0.0D+00       24      189       24      240  S
     11      1   2.8111714366617135D-01 5.8D-09 0.0D+00 3.2D-07 0.0D+00       24      196       24      240  S
     11      1   2.7218427755791513D-01 7.5D-09 0.0D+00 2.8D-09 0.0D+00       22      140       22      220  S
     11      1   2.7218427755783664D-01 7.5D-09 0.0D+00 1.3D-08 0.0D+00       24      173       24      240  S
     11      1   2.8382297778066884D-01 5.9D-09 0.0D+00 3.2D-08 0.0D+00       21      133       21      210  S
     11      1   2.8111714366874135D-01 5.8D-09 0.0D+00 4.6D-09 0.0D+00       22      160       22      220  S
     11      1   2.8382297778156257D-01 5.9D-09 0.0D+00 6.7D-09 0.0D+00       22      156       22      220  S
     11      1   2.8382297778145948D-01 5.9D-09 0.0D+00 9.3D-10 0.0D+00       22      157       22      220  S
     11      1   2.8111714366719759D-01 5.8D-09 0.0D+00 1.6D-07 0.0D+00       22      197       22      220  S
     11      1   2.7218427755773794D-01 7.5D-09 0.0D+00 6.2D-09 0.0D+00       22      152       22      220  S
     11      1   2.7218427755772839D-01 7.5D-09 0.0D+00 4.9D-09 0.0D+00       22      149       22      220  S
     11      1   2.8382297778087540D-01 5.9D-09 0.0D+00 9.6D-08 0.0D+00       24      188       24      240  S
     11      1   2.8111714366696366D-01 5.8D-09 0.0D+00 1.7D-07 0.0D+00       23      173       23      230  S
     11      1   2.8111714366856072D-01 5.8D-09 0.0D+00 8.9D-09 0.0D+00       22      182       22      220  S
     11      1   2.8111714366929486D-01 5.8D-09 0.0D+00 3.5D-09 0.0D+00       22      175       22      220  S
     11      1   2.8680639581021339D-01 5.6D-09 0.0D+00 1.2D-09 0.0D+00       22      147       22      220  S
     11      1   2.8111714366825802D-01 5.8D-09 0.0D+00 5.0D-08 0.0D+00       24      209       24      240  S
     11      1   2.8382297778151511D-01 5.9D-09 0.0D+00 3.2D-09 0.0D+00       22      148       22      220  S
     11      1   2.8382297778138665D-01 5.9D-09 0.0D+00 4.4D-09 0.0D+00       22      143       22      220  S
     11      1   2.7218427755798585D-01 7.5D-09 0.0D+00 5.7D-09 0.0D+00       21      172       21      210  S
     11      1   2.8111714366546309D-01 5.8D-09 0.0D+00 3.3D-07 0.0D+00       22      160       22      220  S
     11      1   2.7218427755783953D-01 7.5D-09 0.0D+00 9.8D-09 0.0D+00       21      159       21      210  S
     11      1   2.8436583998713194D-01 6.2D-09 0.0D+00 1.9D-08 0.0D+00       21      156       21      210  S
     11      1   2.8111714366714735D-01 5.8D-09 0.0D+00 1.7D-07 0.0D+00       23      172       23      230  S
     11      1   2.8382297778189020D-01 5.9D-09 0.0D+00 7.4D-10 0.0D+00       22      166       22      220  S
