      3      1   5.7333599095508536D-01 6.7D-09 0.0D+00 7.0D-09 0.0D+00       20      100       20      200  S
      3      1   5.7333183651649910D-01 8.6D-09 0.0D+00 4.6D-09 0.0D+00       21      106       21      210  S
      3      1   5.7333183650473629D-01 8.6D-09 0.0D+00 7.7D-09 0.0D+00       20      104       20      200  S
      3      1   5.7333183650508601D-01 8.6D-09 0.0D+00 6.1D-09 0.0D+00       20      102       20      200  S
      3      1   5.7333183650492558D-01 8.6D-09 0.0D+00 3.2D-09 0.0D+00       20      103       20      200  S
      3      1   5.7333183650496733D-01 8.6D-09 0.0D+00 7.0D-09 0.0D+00       20      103       20      200  S
      3      1   5.7333183651643738D-01 8.6D-09 0.0D+00 2.0D-09 0.0D+00       21      105       21      210  S
      3      1   5.7333183650481789D-01 8.6D-09 0.0D+00 5.8D-09 0.0D+00       20      103       20      200  S
      3      1   5.7333356133064928D-01 7.8D-09 0.0D+00 9.5D-09 0.0D+00       20      107       20      200  S
      3      1   5.7333183650490027D-01 8.6D-09 0.0D+00 1.8D-09 0.0D+00       20      103       20      200  S
      3      1   5.7333183650492758D-01 8.6D-09 0.0D+00 8.5D-09 0.0D+00       20      102       20      200  S
      3      1   5.7333183650488417D-01 8.6D-09 0.0D+00 2.9D-09 0.0D+00       20      103       20      200  S
      3      1   5.7333183650492925D-01 8.6D-09 0.0D+00 3.9D-09 0.0D+00       20      105       20      200  S
      3      1   5.7333183650509667D-01 8.6D-09 0.0D+00 6.9D-09 0.0D+00       20      103       20      200  S
      3      1   5.7333549592794142D-01 6.9D-09 0.0D+00 4.8D-09 0.0D+00       20       99       20      200  S
      3      1   5.7333183651644992D-01 8.6D-09 0.0D+00 1.3D-09 0.0D+00       21      106       21      210  S
      3      1   5.7333628783162316D-01 6.6D-09 0.0D+00 3.7D-09 0.0D+00       20       99       20      200  S
      3      1   5.7333586358943767D-01 6.7D-09 0.0D+00 3.8D-09 0.0D+00       20      101       20      200  S
      3      1   5.7333183650496011D-01 8.6D-09 0.0D+00 5.6D-10 0.0D+00       20      101       20      200  S
      3      1   5.7333183650495667D-01 8.6D-09 0.0D+00 4.0D-09 0.0D+00       20      103       20      200  S
      3      1   5.7333445769904567D-01 7.3D-09 0.0D+00 7.3D-10 0.0D+00       20      111       20      200  S
      3      1   5.7333183650484321D-01 8.6D-09 0.0D+00 9.4D-09 0.0D+00       20      102       20      200  S
      3      1   5.7333183650484132D-01 8.6D-09 0.0D+00 4.5D-09 0.0D+00       20      103       20      200  S
      3      1   5.7333388442993094D-01 7.6D-09 0.0D+00 2.6D-10 0.0D+00       20      117       20      200  S
      3      1   5.7333183651653563D-01 8.6D-09 0.0D+00 6.2D-09 0.0D+00       21      105       21      210  S
      3      1   5.7333183650482067D-01 8.6D-09 0.0D+00 5.5D-09 0.0D+00       20      101       20      200  S
      3      1   5.7333183650499298D-01 8.6D-09 0.0D+00 8.8D-09 0.0D+00       20      105       20      200  S
      3      1   5.7333183650470187D-01 8.6D-09 0.0D+00 4.0D-09 0.0D+00       20      104       20      200  S
      3      1   5.7333183650488262D-01 8.6D-09 0.0D+00 9.8D-09 0.0D+00       20      103       20      200  S
      3      1   5.7333183650497754D-01 8.6D-09 0.0D+00 6.7D-09 0.0D+00       20      100       20      200  S
      3      1   5.7333544226770816D-01 6.9D-09 0.0D+00 5.9D-10 0.0D+00       20      100       20      200  S
      3      1   5.7333183650476049D-01 8.6D-09 0.0D+00 2.0D-09 0.0D+00       20      103       20      200  S
      3      1   5.7333183650470676D-01 8.6D-09 0.0D+00 4.0D-09 0.0D+00       20      105       20      200  S
      3      1   5.7333183650482056D-01 8.6D-09 0.0D+00 2.1D-10 0.0D+00       20      103       20      200  S
      3      1   5.7333183650487651D-01 8.6D-09 0.0D+00 9.0D-09 0.0D+00       20      103       20      200  S
      3      1   5.7333183650491348D-01 8.6D-09 0.0D+00 2.6D-09 0.0D+00       20      103       20      200  S
      3      1   5.7333183650513309D-01 8.6D-09 0.0D+00 9.0D-09 0.0D+00       20      105       20      200  S
      3      1   5.7333183650477992D-01 8.6D-09 0.0D+00 2.6D-09 0.0D+00       20      104       20      200  S
      3      1   5.7333183650485398D-01 8.6D-09 0.0D+00 5.6D-09 0.0D+00       20      103       20      200  S
      3      1   5.7333381898488678D-01 7.6D-09 0.0D+00 2.2D-09 0.0D+00       20      105       20      200  S
      3      1   5.7333183650491670D-01 8.6D-09 0.0D+00 2.3D-09 0.0D+00       20      102       20      200  S
      3      1   5.7333199189703166D-01 8.5D-09 0.0D+00 4.5D-09 0.0D+00       20      103       20      193  S
      3      1   5.7333319842500796D-01 7.9D-09 0.0D+00 6.7D-10 0.0D+00       20      127       20      200  S
      3      1   5.7333183650479946D-01 8.6D-09 0.0D+00 6.8D-09 0.0D+00       20      103       20      200  S
      3      1   5.7333235507390146D-01 8.3D-09 0.0D+00 7.7D-09 0.0D+00       20      103       20      200  S
      3      1   5.7333252906516829D-01 8.2D-09 0.0D+00 3.6D-09 0.0D+00       20      103       20      200  S
      3      1   5.7333538824315811D-01 6.9D-09 0.0D+00 1.0D-08 0.0D+00       20       97       20      200  S
      3      1   5.7333183650497366D-01 8.6D-09 0.0D+00 9.9D-09 0.0D+00       20      103       20      200  S
      3      1   5.7333183650483899D-01 8.6D-09 0.0D+00 4.1D-09 0.0D+00       20      104       20      200  S
      3      1   5.7333487881129641D-01 7.2D-09 0.0D+00 4.5D-09 0.0D+00       20      101       20      200  S
      3      1   5.7333183650486086D-01 8.6D-09 0.0D+00 5.3D-09 0.0D+00       20      104       20      200  S
      3      1   5.7333183650493869D-01 8.6D-09 0.0D+00 2.4D-09 0.0D+00       20      104       20      200  S
      3      1   5.7333513855553486D-01 7.0D-09 0.0D+00 1.6D-09 0.0D+00       20      101       20      200  S
      3      1   5.7333183650470254D-01 8.6D-09 0.0D+00 3.5D-09 0.0D+00       20      103       20      200  S
      3      1   5.7333517497782005D-01 7.0D-09 0.0D+00 6.6D-09 0.0D+00       20       98       20      200  S
      3      1   5.7333375303561207D-01 7.7D-09 0.0D+00 5.3D-09 0.0D+00       20       99       20      200  S
      3      1   5.7333367203384356D-01 7.7D-09 0.0D+00 2.6D-09 0.0D+00       20      106       20      200  S
      3      1   5.7333377309240430D-01 7.7D-09 0.0D+00 5.3D-09 0.0D+00       20      107       20      200  S
      3      1   5.7333387294501859D-01 7.6D-09 0.0D+00 8.0D-09 0.0D+00       20      117       20      200  S
      3      1   5.7333397161671540D-01 7.6D-09 0.0D+00 1.0D-09 0.0D+00       20      117       20      200  S
      3      1   5.7333406913261931D-01 7.5D-09 0.0D+00 3.9D-09 0.0D+00       20      110       20      200  S
      3      1   5.7333183650510267D-01 8.6D-09 0.0D+00 7.0D-09 0.0D+00       20      102       20      200  S
      3      1   5.7333183650484787D-01 8.6D-09 0.0D+00 5.1D-10 0.0D+00       20      104       20      200  S
      3      1   5.7333435498444263D-01 7.4D-09 0.0D+00 5.7D-09 0.0D+00       20       97       20      200  S
      3      1   5.7333444809000311D-01 7.4D-09 0.0D+00 6.4D-10 0.0D+00       20      111       20      200  S
      3      1   5.7333454016281804D-01 7.3D-09 0.0D+00 5.8D-09 0.0D+00       20      114       20      200  S
      3      1   5.7333463122292494D-01 7.3D-09 0.0D+00 1.7D-09 0.0D+00       20       98       20      200  S
      3      1   5.7333472126532037D-01 7.2D-09 0.0D+00 2.8D-09 0.0D+00       20      100       20      200  S
      3      1   5.7333481032199418D-01 7.2D-09 0.0D+00 6.6D-09 0.0D+00       20      103       20      200  S
      3      1   5.7333497341236406D-01 7.1D-09 0.0D+00 1.5D-10 0.0D+00       20       99       20      200  S
      3      1   5.7333183651668063D-01 8.6D-09 0.0D+00 4.2D-09 0.0D+00       21      105       21      210  S
      3      1   5.7333507175998666D-01 7.1D-09 0.0D+00 4.9D-10 0.0D+00       20       97       20      200  S
      3      1   5.7333245914584063D-01 8.3D-09 0.0D+00 7.5D-09 0.0D+00       20      103       20      200  S
      3      1   5.7333277854112374D-01 8.1D-09 0.0D+00 6.7D-09 0.0D+00       20      107       20      200  S
      3      1   5.7333305580349625D-01 8.0D-09 0.0D+00 3.7D-09 0.0D+00       20      104       20      200  S
      3      1   5.7333183650502995D-01 8.6D-09 0.0D+00 4.5D-09 0.0D+00       20      104       20      200  S
      3      1   5.7333183650468966D-01 8.6D-09 0.0D+00 9.8D-09 0.0D+00       20      104       20      200  S
      3      1   5.7333335038520827D-01 7.9D-09 0.0D+00 1.3D-09 0.0D+00       20      110       20      200  S
      3      1   5.7333549157408736D-01 6.9D-09 0.0D+00 7.2D-09 0.0D+00       20       98       20      200  S
      3      1   5.7333183650478370D-01 8.6D-09 0.0D+00 6.3D-09 0.0D+00       20      102       20      200  S
      3      1   5.7333183650495967D-01 8.6D-09 0.0D+00 4.7D-09 0.0D+00       20      101       20      200  S
      3      1   5.7333183651644681D-01 8.6D-09 0.0D+00 9.0D-09 0.0D+00       21      108       21      210  S
      3      1   5.7333183650484054D-01 8.6D-09 0.0D+00 1.1D-08 0.0D+00       21      116       21      210  S
      3      1   5.7333621394262479D-01 6.6D-09 0.0D+00 1.5D-10 0.0D+00       20      101       20      200  S
      3      1   5.7333183651652786D-01 8.6D-09 0.0D+00 5.0D-09 0.0D+00       21      105       21      210  S
      3      1   5.7333183650505148D-01 8.6D-09 0.0D+00 5.7D-09 0.0D+00       20      102       20      200  S
      3      1   5.7333485214650215D-01 7.2D-09 0.0D+00 9.1D-09 0.0D+00       20       98       20      200  S
      3      1   5.7333183651655306D-01 8.6D-09 0.0D+00 6.8D-09 0.0D+00       21      105       21      210  S
      3      1   5.7333183650490260D-01 8.6D-09 0.0D+00 6.3D-09 0.0D+00       20      103       20      200  S
      3      1   5.7333183650481079D-01 8.6D-09 0.0D+00 5.4D-09 0.0D+00       20      103       20      200  S
      3      1   5.7333183650502895D-01 8.6D-09 0.0D+00 4.5D-09 0.0D+00       20      103       20      200  S
      3      1   5.7333183651649167D-01 8.6D-09 0.0D+00 2.5D-10 0.0D+00       21      106       21      210  S
      3      1   5.7333183650491248D-01 8.6D-09 0.0D+00 8.2D-09 0.0D+00       20      102       20      200  S
      3      1   5.7333183650496777D-01 8.6D-09 0.0D+00 2.1D-09 0.0D+00       20      103       20      200  S
      3      1   5.7333183651657005D-01 8.6D-09 0.0D+00 3.1D-09 0.0D+00       21      108       21      210  S
      3      1   5.7333183650498054D-01 8.6D-09 0.0D+00 8.9D-09 0.0D+00       20      103       20      200  S
      3      1   5.7333183650466990D-01 8.6D-09 0.0D+00 5.7D-09 0.0D+00       20      104       20      200  S
      3      1   5.7333183650517128D-01 8.6D-09 0.0D+00 4.9D-09 0.0D+00       20      101       20      200  S
      3      1   5.7333183650475772D-01 8.6D-09 0.0D+00 3.0D-09 0.0D+00       20      102       20      200  S
      3      1   5.7333183651644792D-01 8.6D-09 0.0D+00 2.4D-09 0.0D+00       21      106       21      210  S
