      9      1   3.0022138278882043D-01 7.7D-09 0.0D+00 7.8D-09 0.0D+00       22      179       22      220  S
      9      1   4.1393559528747181D-01 6.4D-09 0.0D+00 2.0D-09 0.0D+00       21      154       21      210  S
      9      1   3.0022138278478350D-01 7.7D-09 0.0D+00 1.4D-07 0.0D+00       23      183       23      230  S
      9      1   3.0022138278878785D-01 7.7D-09 0.0D+00 8.4D-09 0.0D+00       21      145       21      210  S
      9      1   3.0022138278680943D-01 7.7D-09 0.0D+00 2.6D-10 0.0D+00       20      129       20      200  S
      9      1   3.0022138278486282D-01 7.7D-09 0.0D+00 1.1D-07 0.0D+00       21      160       21      210  S
      9      1   3.2632853652692112D-01 8.5D-09 0.0D+00 8.7D-09 0.0D+00       20      140       20      200  S
      9      1   3.0022138278606542D-01 7.7D-09 0.0D+00 2.7D-09 0.0D+00       20      130       20      200  S
      9      1   3.0022138278878513D-01 7.7D-09 0.0D+00 2.1D-09 0.0D+00       21      164       21      210  S
      9      1   3.0022138278657673D-01 7.7D-09 0.0D+00 3.5D-09 0.0D+00       21      154       21      210  S
      9      1   3.0022138278850918D-01 7.7D-09 0.0D+00 9.9D-09 0.0D+00       22      187       22      220  S
      9      1   3.0022138278798344D-01 7.7D-09 0.0D+00 8.8D-09 0.0D+00       22      262       22      220  S
      9      1   3.0022138278851918D-01 7.7D-09 0.0D+00 1.2D-09 0.0D+00       21      158       21      210  S
      9      1   3.0022138278276411D-01 7.7D-09 0.0D+00 2.5D-07 0.0D+00       24      164       24      240  S
      9      1   3.0022138278644811D-01 7.7D-09 0.0D+00 7.3D-08 0.0D+00       24      213       24      240  S
      9      1   3.0022138278682625D-01 7.7D-09 0.0D+00 8.8D-09 0.0D+00       21      151       21      210  S
      9      1   3.0022138278885502D-01 7.7D-09 0.0D+00 1.9D-08 0.0D+00       22      169       22      220  S
      9      1   3.0022138278660832D-01 7.7D-09 0.0D+00 6.7D-08 0.0D+00       23      181       23      230  S
      9      1   4.1393559528790447D-01 6.4D-09 0.0D+00 2.9D-09 0.0D+00       22      159       22      220  S
      9      1   3.0022138278679161D-01 7.7D-09 0.0D+00 8.0D-08 0.0D+00       22      179       22      220  S
      9      1   3.0022138278695315D-01 7.7D-09 0.0D+00 8.0D-10 0.0D+00       22      147       22      220  S
      9      1   3.0022138278804456D-01 7.7D-09 0.0D+00 7.9D-09 0.0D+00       22      209       22      220  S
      9      1   3.0022138278340565D-01 7.7D-09 0.0D+00 3.3D-07 0.0D+00       22      161       22      220  S
      9      1   3.0022138278705696D-01 7.7D-09 0.0D+00 6.1D-09 0.0D+00       22      162       22      220  S
      9      1   3.2632853652719324D-01 8.5D-09 0.0D+00 1.3D-09 0.0D+00       20      147       20      200  S
      9      1   3.0022138278801214D-01 7.7D-09 0.0D+00 2.4D-08 0.0D+00       22      157       22      220  S
      9      1   3.0022138278341665D-01 7.7D-09 0.0D+00 3.3D-07 0.0D+00       23      182       23      230  S
      9      1   3.0022138278275690D-01 7.7D-09 0.0D+00 3.2D-07 0.0D+00       24      182       24      240  S
      9      1   3.0022138278373478D-01 7.7D-09 0.0D+00 3.2D-07 0.0D+00       22      173       22      220  S
      9      1   3.0022138278813659D-01 7.7D-09 0.0D+00 4.1D-09 0.0D+00       22      219       22      220  S
      9      1   3.0022138278800403D-01 7.7D-09 0.0D+00 1.1D-08 0.0D+00       23      196       23      230  S
      9      1   3.0022138278799937D-01 7.7D-09 0.0D+00 4.5D-10 0.0D+00       21      163       21      210  S
      9      1   3.0022138278253374D-01 7.7D-09 0.0D+00 3.3D-07 0.0D+00       24      231       24      240  S
      9      1   3.7895344040448120D-01 8.1D-09 0.0D+00 2.3D-07 0.0D+00       21      163       21      210  S
      9      1   3.0022138278806287D-01 7.7D-09 0.0D+00 2.0D-09 0.0D+00       22      182       22      220  S
      9      1   3.0022138278875565D-01 7.7D-09 0.0D+00 1.2D-08 0.0D+00       23      214       23      230  S
      9      1   3.0022138278680688D-01 7.7D-09 0.0D+00 3.0D-09 0.0D+00       21      158       21      210  S
      9      1   3.0022138278658678D-01 7.7D-09 0.0D+00 1.0D-09 0.0D+00       20      140       20      200  S
      9      1   3.0022138278782867D-01 7.7D-09 0.0D+00 3.1D-09 0.0D+00       22      179       22      220  S
      9      1   3.0022138278742194D-01 7.7D-09 0.0D+00 7.4D-09 0.0D+00       23      160       23      230  S
      9      1   3.0022138278355709D-01 7.7D-09 0.0D+00 3.2D-07 0.0D+00       22      169       22      220  S
      9      1   3.0022138278676574D-01 7.7D-09 0.0D+00 7.8D-09 0.0D+00       21      128       21      210  S
      9      1   3.0022138278299521D-01 7.7D-09 0.0D+00 3.2D-07 0.0D+00       23      211       23      230  S
      9      1   3.0022138278784027D-01 7.7D-09 0.0D+00 1.2D-08 0.0D+00       24      188       24      240  S
      9      1   3.0022138278794930D-01 7.7D-09 0.0D+00 5.2D-09 0.0D+00       22      181       22      220  S
      9      1   3.0022138278564098D-01 7.7D-09 0.0D+00 1.9D-09 0.0D+00       22      147       22      220  S
      9      1   3.0022138278796451D-01 7.7D-09 0.0D+00 2.2D-09 0.0D+00       21      152       21      210  S
      9      1   3.0022138278601057D-01 7.7D-09 0.0D+00 1.6D-07 0.0D+00       23      179       23      230  S
      9      1   3.0022138278442345D-01 7.7D-09 0.0D+00 2.7D-07 0.0D+00       23      206       23      230  S
      9      1   3.0022138278350741D-01 7.7D-09 0.0D+00 3.2D-07 0.0D+00       22      164       22      220  S
      9      1   4.1393559528753848D-01 6.4D-09 0.0D+00 1.0D-08 0.0D+00       22      145       22      220  S
      9      1   3.0022138278544297D-01 7.7D-09 0.0D+00 1.5D-07 0.0D+00       23      190       23      230  S
      9      1   3.0022138278866195D-01 7.7D-09 0.0D+00 7.3D-09 0.0D+00       21      176       21      210  S
      9      1   3.0022138278708121D-01 7.7D-09 0.0D+00 1.8D-09 0.0D+00       21      161       21      210  S
      9      1   3.0022138278796251D-01 7.7D-09 0.0D+00 6.9D-09 0.0D+00       22      185       22      220  S
      9      1   3.0022138278815091D-01 7.7D-09 0.0D+00 3.2D-09 0.0D+00       21      155       21      210  S
      9      1   3.0022138278819593D-01 7.7D-09 0.0D+00 1.8D-08 0.0D+00       23      227       23      230  S
      9      1   3.2632853652776633D-01 8.5D-09 0.0D+00 1.8D-07 0.0D+00       22      159       22      220  S
      9      1   3.0022138278269594D-01 7.7D-09 0.0D+00 3.3D-07 0.0D+00       24      200       24      240  S
 no information
      9      1   3.0022138278337651D-01 7.7D-09 0.0D+00 2.3D-07 0.0D+00       24      177       24      240  S
      9      1   3.0022138278410887D-01 7.7D-09 0.0D+00 2.5D-07 0.0D+00       22      169       22      220  S
      9      1   3.0022138278879240D-01 7.7D-09 0.0D+00 4.9D-09 0.0D+00       22      218       22      220  S
      9      1   3.0022138278846749D-01 7.7D-09 0.0D+00 5.7D-09 0.0D+00       21      154       21      210  S
      9      1   3.0022138278380739D-01 7.7D-09 0.0D+00 2.8D-07 0.0D+00       23      180       23      230  S
      9      1   3.0022138278846816D-01 7.7D-09 0.0D+00 4.5D-10 0.0D+00       21      192       21      210  S
      9      1   3.8119334675366334D-01 8.4D-09 0.0D+00 9.8D-09 0.0D+00       20      154       20      200  S
      9      1   3.0022138278804084D-01 7.7D-09 0.0D+00 8.6D-09 0.0D+00       22      245       22      220  S
      9      1   3.0022138278768656D-01 7.7D-09 0.0D+00 3.9D-12 0.0D+00       22      189       22      220  S
      9      1   3.0022138278429716D-01 7.7D-09 0.0D+00 2.2D-07 0.0D+00       23      197       23      230  S
      9      1   3.8119334673050553D-01 8.4D-09 0.0D+00 1.4D-07 0.0D+00       22      186       22      220  S
      9      1   3.0022138278586125D-01 7.7D-09 0.0D+00 1.2D-07 0.0D+00       24      202       24      240  S
      9      1   3.0022138278695887D-01 7.7D-09 0.0D+00 3.4D-09 0.0D+00       22      148       22      220  S
      9      1   3.0022138278782173D-01 7.7D-09 0.0D+00 1.4D-09 0.0D+00       22      231       22      220  S
      9      1   3.0022138278923999D-01 7.7D-09 0.0D+00 2.6D-09 0.0D+00       21      175       21      210  S
      9      1   3.0022138278818872D-01 7.7D-09 0.0D+00 8.9D-09 0.0D+00       21      161       21      210  S
      9      1   3.0022138278915173D-01 7.7D-09 0.0D+00 9.9D-09 0.0D+00       21      169       21      210  S
      9      1   3.0022138278864230D-01 7.7D-09 0.0D+00 2.6D-08 0.0D+00       22      181       22      220  S
      9      1   3.0022138278699378D-01 7.7D-09 0.0D+00 4.3D-10 0.0D+00       20      153       20      200  S
      9      1   3.0022138278795896D-01 7.7D-09 0.0D+00 6.5D-09 0.0D+00       22      162       22      220  S
      9      1   3.0022138278878951D-01 7.7D-09 0.0D+00 8.9D-09 0.0D+00       21      153       21      210  S
      9      1   3.0022138278677268D-01 7.7D-09 0.0D+00 4.5D-10 0.0D+00       21      149       21      210  S
      9      1   3.0022138278757371D-01 7.7D-09 0.0D+00 5.1D-09 0.0D+00       21      176       21      210  S
      9      1   3.0022138278873262D-01 7.7D-09 0.0D+00 8.8D-10 0.0D+00       22      174       22      220  S
      9      1   3.0022138278469207D-01 7.7D-09 0.0D+00 1.4D-07 0.0D+00       23      161       23      230  S
      9      1   3.0022138278819754D-01 7.7D-09 0.0D+00 2.7D-08 0.0D+00       24      200       24      240  S
      9      1   3.0022138278833388D-01 7.7D-09 0.0D+00 4.0D-09 0.0D+00       21      174       21      210  S
      9      1   3.0022138278850047D-01 7.7D-09 0.0D+00 9.7D-09 0.0D+00       21      192       21      210  S
      9      1   3.0022138279272936D-01 7.7D-09 0.0D+00 4.9D-09 0.0D+00       21      162       21      210  S
      9      1   3.0022138278331878D-01 7.7D-09 0.0D+00 3.0D-07 0.0D+00       23      192       23      230  S
      9      1   3.0022138278252480D-01 7.7D-09 0.0D+00 3.2D-07 0.0D+00       23      172       23      230  S
      9      1   3.0022138278805161D-01 7.7D-09 0.0D+00 5.0D-09 0.0D+00       22      176       22      220  S
      9      1   3.0022138278701260D-01 7.7D-09 0.0D+00 6.3D-09 0.0D+00       21      131       21      210  S
      9      1   3.0022138278381461D-01 7.7D-09 0.0D+00 1.6D-07 0.0D+00       21      138       21      210  S
      9      1   3.0022138278503885D-01 7.7D-09 0.0D+00 1.7D-07 0.0D+00       23      190       23      230  S
      9      1   3.0022138278864380D-01 7.7D-09 0.0D+00 3.3D-09 0.0D+00       21      165       21      210  S
      9      1   3.0022138278859711D-01 7.7D-09 0.0D+00 8.8D-09 0.0D+00       21      155       21      210  S
      9      1   3.0022138278268173D-01 7.7D-09 0.0D+00 3.1D-07 0.0D+00       23      185       23      230  S
      9      1   3.0022138278715549D-01 7.7D-09 0.0D+00 4.6D-09 0.0D+00       21      148       21      210  S
      9      1   3.0022138278671062D-01 7.7D-09 0.0D+00 6.2D-09 0.0D+00       21      143       21      210  S
