     21   0.00    0.00    0.00   1.8266642034766409D-01 5.5D-09 0.0D+00 2.9D-08 0.0D+00       24      196       24      240     814     428    1025     428     436   0.62     0    0      1  BR
     21   0.00    0.00    0.00   1.8050439423069969D-01 4.8D-09 0.0D+00 1.8D-08 0.0D+00       23      173       23      230    1154     384    1344     384     403   0.60     0    0      2  BR
     21      1   1.8247753182844606D-01 4.9D-09 0.0D+00 6.2D-10 0.0D+00       22      226       22      220  S
     21   0.00    0.00    0.00   1.8009891497709307D-01 4.8D-09 0.0D+00 9.2D-09 0.0D+00       22      134       22      220     201     345     390     345     354   0.40     0    0      4  BR
     21      1   1.8266642034776384D-01 5.5D-09 0.0D+00 6.6D-09 0.0D+00       22      161       22      220  S
     21      1   1.8946300792513623D-01 5.0D-09 0.0D+00 2.6D-07 0.0D+00       23      167       23      230  S
     21      1   1.8050439423061745D-01 4.8D-09 0.0D+00 2.6D-09 0.0D+00       22      147       22      220  S
     21      1   1.8009891497683111D-01 4.8D-09 0.0D+00 2.0D-09 0.0D+00       21      132       21      210  S
     21      1   1.8224587591379485D-01 5.4D-09 0.0D+00 2.8D-07 0.0D+00       22      182       22      220  S
     21      1   1.8251598468997615D-01 7.1D-07 0.0D+00 1.3D-01 0.0D+00       25      155       26      260  S
     21      1   1.8266642034794414D-01 5.5D-09 0.0D+00 3.9D-08 0.0D+00       23      206       23      230  S
     21      1   1.8009891497692324D-01 4.8D-09 0.0D+00 1.4D-09 0.0D+00       22      127       22      220  S
     21      1   1.9876585322120643D-01 5.7D-09 0.0D+00 3.0D-08 0.0D+00       23      252       23      230  S
     21      1   3.7015515922644832D-01 1.9D-06 0.0D+00 6.3D-01 0.0D+00       25      167       26      260  S
     21      1   1.8009891497690850D-01 4.8D-09 0.0D+00 3.0D-09 0.0D+00       22      122       22      220  S
     21      1   1.8050439423097353D-01 4.8D-09 0.0D+00 3.5D-08 0.0D+00       24      179       24      240  S
     21      1   1.8266642034769978D-01 5.5D-09 0.0D+00 4.3D-09 0.0D+00       22      186       22      220  S
     21      1   1.8224587591671787D-01 5.4D-09 0.0D+00 7.9D-09 0.0D+00       22      171       22      220  S
     21      1   1.8009891497715336D-01 4.8D-09 0.0D+00 3.2D-10 0.0D+00       22      126       22      220  S
     21      1   1.8266642034559263D-01 5.5D-09 0.0D+00 2.7D-07 0.0D+00       24      213       24      240  S
     21      1   1.8266642034944203D-01 5.5D-09 0.0D+00 9.9D-09 0.0D+00       23      198       23      230  S
     21      1   1.8050439423071005D-01 4.8D-09 0.0D+00 4.6D-08 0.0D+00       23      173       23      230  S
     21      1   1.8577766507178306D-01 5.1D-09 0.0D+00 4.7D-09 0.0D+00       21      162       21      210  S
     21      1   1.8009891497709279D-01 4.8D-09 0.0D+00 7.5D-09 0.0D+00       22      144       22      220  S
     21      1   1.8266642034531380D-01 5.5D-09 0.0D+00 3.2D-07 0.0D+00       24      182       24      240  S
     21      1   1.8036241277603071D-01 5.3D-09 0.0D+00 1.7D-08 0.0D+00       24      171       24      240  S
     21      1   1.8036241277609991D-01 5.3D-09 0.0D+00 3.4D-09 0.0D+00       22      162       22      220  S
     21      1   1.8009891497703909D-01 4.8D-09 0.0D+00 1.5D-09 0.0D+00       22      169       22      220  S
     21      1   3.9467258636033237D-01 1.1D-16 0.0D+00 3.9D-01 0.0D+00        3       33        3       30  S
     21      1   1.8050439422872366D-01 4.8D-09 0.0D+00 3.0D-07 0.0D+00       23      213       23      230  S
     21      1   1.8266642033790412D-01 5.5D-09 0.0D+00 5.4D-09 0.0D+00       22      181       22      220  S
     21      1   1.8036241392296079D-01 5.3D-09 0.0D+00 3.3D-09 0.0D+00       23      143       23      230  S
     21      1   1.9483761875808825D-01 6.7D-09 0.0D+00 6.5D-09 0.0D+00       22      273       22      220  S
     21      1   1.8247753182775109D-01 4.9D-09 0.0D+00 6.2D-10 0.0D+00       21      173       21      210  S
     21      1   1.8009891497697225D-01 4.8D-09 0.0D+00 1.5D-09 0.0D+00       22      145       22      220  S
     21      1   1.8224587591494837D-01 5.4D-09 0.0D+00 2.4D-07 0.0D+00       23      196       23      230  S
     21      1   1.9186265686977635D-01 5.5D-09 0.0D+00 2.4D-09 0.0D+00       22      182       22      220  S
     21      1   1.9186265686946929D-01 5.5D-09 0.0D+00 8.5D-09 0.0D+00       21      172       21      210  S
     21      1   1.8266642033599148D-01 5.5D-09 0.0D+00 2.2D-07 0.0D+00       23      159       23      230  S
     21      1   1.9186265686977944D-01 5.5D-09 0.0D+00 4.1D-09 0.0D+00       22      172       22      220  S
     21      1   1.8361234485269540D-01 4.6D-09 0.0D+00 9.7D-09 0.0D+00       22      179       22      220  S
     21      1   1.8009891497709027D-01 4.8D-09 0.0D+00 8.9D-09 0.0D+00       22      143       22      220  S
     21      1   1.8009891497819808D-01 4.8D-09 0.0D+00 5.3D-09 0.0D+00       22      172       22      220  S
     21      1   1.8316266740071008D-01 5.0D-09 0.0D+00 1.9D-08 0.0D+00       23      164       23      230  S
     21      1   1.8224587591656796D-01 5.4D-09 0.0D+00 1.7D-09 0.0D+00       22      179       22      220  S
     21      1   1.8266642034722316D-01 5.5D-09 0.0D+00 9.1D-09 0.0D+00       21      165       21      210  S
     21      1   1.8316266740074438D-01 5.0D-09 0.0D+00 3.1D-08 0.0D+00       24      172       24      240  S
     21      1   1.8247753182776782D-01 4.9D-09 0.0D+00 5.1D-09 0.0D+00       21      186       21      210  S
     21      1   1.9164448829559153D-01 5.7D-09 0.0D+00 1.5D-07 0.0D+00       23      157       23      230  S
     21      1   2.0270016875287605D-01 6.2D-09 0.0D+00 1.4D-07 0.0D+00       23      175       23      230  S
     21      1   1.8050439422878017D-01 4.8D-09 0.0D+00 2.7D-07 0.0D+00       23      144       23      230  S
     21      1   1.8009891497690309D-01 4.8D-09 0.0D+00 3.4D-09 0.0D+00       22      132       22      220  S
     21      1   1.8224587591635277D-01 5.4D-09 0.0D+00 2.5D-09 0.0D+00       21      178       21      210  S
     21      1   1.8009891497699951D-01 4.8D-09 0.0D+00 2.6D-08 0.0D+00       23      138       23      230  S
     21      1   1.8247753182789367D-01 4.9D-09 0.0D+00 8.6D-09 0.0D+00       21      183       21      210  S
     21      1   1.9483761875738850D-01 6.7D-09 0.0D+00 4.5D-09 0.0D+00       22      164       22      220  S
     21      1   1.8266642033791675D-01 5.5D-09 0.0D+00 8.2D-10 0.0D+00       22      178       22      220  S
     21      1   1.8050439422948189D-01 4.8D-09 0.0D+00 1.3D-07 0.0D+00       22      160       22      220  S
     21      1   1.8266642033823657D-01 5.5D-09 0.0D+00 1.7D-10 0.0D+00       22      176       22      220  S
     21      1   2.0085212957211349D-01 6.7D-09 0.0D+00 2.6D-07 0.0D+00       23      222       23      230  S
     21      1   1.8266642034575437D-01 5.5D-09 0.0D+00 2.2D-07 0.0D+00       24      185       24      240  S
     21      1   2.1838988109875609D-01 6.8D-09 0.0D+00 5.1D-09 0.0D+00       22      178       22      220  S
     21      1   1.9164448829508213D-01 5.7D-09 0.0D+00 2.1D-07 0.0D+00       23      166       23      230  S
     21      1   1.8577766507216648D-01 5.1D-09 0.0D+00 7.4D-09 0.0D+00       22      223       22      220  S
     21      1   1.8247753182719686D-01 4.9D-09 0.0D+00 1.3D-07 0.0D+00       23      209       23      230  S
     21      1   1.8009891497690575D-01 4.8D-09 0.0D+00 7.3D-09 0.0D+00       21      181       21      210  S
     21      1   1.8247753182825321D-01 4.9D-09 0.0D+00 3.5D-08 0.0D+00       22      194       22      220  S
     21      1   1.8251374280779070D-01 7.3D-07 0.0D+00 1.4D-01 0.0D+00       25      172       26      260  S
     21      1   1.8266642034799593D-01 5.5D-09 0.0D+00 8.3D-09 0.0D+00       22      235       22      220  S
     21      1   1.8009891497697039D-01 4.8D-09 0.0D+00 7.4D-09 0.0D+00       22      132       22      220  S
     21      1   1.8266642034782926D-01 5.5D-09 0.0D+00 4.3D-09 0.0D+00       22      168       22      220  S
     21      1   1.8009891497683153D-01 4.8D-09 0.0D+00 1.8D-09 0.0D+00       22      146       22      220  S
     21      1   1.8247753182840351D-01 4.9D-09 0.0D+00 3.3D-08 0.0D+00       24      230       24      240  S
     21      1   1.9495695441738486D-01 5.8D-09 0.0D+00 9.3D-08 0.0D+00       22      212       22      220  S
     21      1   1.8224587595720323D-01 5.4D-09 0.0D+00 2.0D-07 0.0D+00       23      175       23      230  S
     21      1   2.3468131639992038D-01 1.0D-04 0.0D+00 1.0D+00 0.0D+00       24      211       25      250  S
     21      1   1.8036241277580770D-01 5.3D-09 0.0D+00 3.2D-09 0.0D+00       22      160       22      220  S
     21      1   1.8069437428885277D-01 4.9D-09 0.0D+00 3.3D-09 0.0D+00       21      155       21      210  S
     21      1   1.8266642034581476D-01 5.5D-09 0.0D+00 2.4D-07 0.0D+00       22      205       22      220  S
     21      1   1.8224587591670502D-01 5.4D-09 0.0D+00 2.1D-09 0.0D+00       22      150       22      220  S
     21      1   1.8009891497705854D-01 4.8D-09 0.0D+00 6.0D-09 0.0D+00       21      164       21      210  S
     21      1   1.8050439422937326D-01 4.8D-09 0.0D+00 2.5D-07 0.0D+00       23      173       23      230  S
     21      1   1.8266642034773597D-01 5.5D-09 0.0D+00 6.2D-10 0.0D+00       22      195       22      220  S
     21      1   2.1761304364942238D-01 6.8D-09 0.0D+00 1.9D-09 0.0D+00       22      147       22      220  S
     21      1   1.8266642034775341D-01 5.5D-09 0.0D+00 6.7D-09 0.0D+00       22      186       22      220  S
     21      1   1.8009891497819927D-01 4.8D-09 0.0D+00 1.3D-09 0.0D+00       22      173       22      220  S
     21      1   1.8224587591664387D-01 5.4D-09 0.0D+00 2.9D-09 0.0D+00       22      177       22      220  S
     21      1   1.8247753182800619D-01 4.9D-09 0.0D+00 4.3D-09 0.0D+00       21      171       21      210  S
     21      1   1.8009891497705008D-01 4.8D-09 0.0D+00 4.2D-10 0.0D+00       22      127       22      220  S
     21      1   1.8009891497703220D-01 4.8D-09 0.0D+00 1.8D-09 0.0D+00       22      150       22      220  S
     21      1   1.8009891497694250D-01 4.8D-09 0.0D+00 4.1D-08 0.0D+00       23      153       23      230  S
     21      1   1.8009891497703684D-01 4.8D-09 0.0D+00 2.9D-09 0.0D+00       22      142       22      220  S
     21      1   1.8266642034446748D-01 5.5D-09 0.0D+00 3.3D-07 0.0D+00       23      227       23      230  S
     21      1   1.8224587591385963D-01 5.4D-09 0.0D+00 3.3D-07 0.0D+00       22      186       22      220  S
     21      1   1.8009891497716959D-01 4.8D-09 0.0D+00 3.0D-09 0.0D+00       22      131       22      220  S
     21      1   1.8224587591672933D-01 5.4D-09 0.0D+00 2.0D-09 0.0D+00       22      173       22      220  S
     21      1   1.8009891497710478D-01 4.8D-09 0.0D+00 2.6D-10 0.0D+00       22      148       22      220  S
     21      1   1.8009891497699432D-01 4.8D-09 0.0D+00 3.3D-08 0.0D+00       23      153       23      230  S
     21      1   1.9186265686954168D-01 5.5D-09 0.0D+00 4.7D-09 0.0D+00       22      161       22      220  S
     21      1   1.8361234485254069D-01 4.6D-09 0.0D+00 4.4D-09 0.0D+00       22      189       22      220  S
