      3   0.00    0.00    0.00   5.7333589044071798D-01 6.7D-09 0.0D+00 1.7D-09 0.0D+00       20       99       20      200     134     287     302     287     299   0.23     0    0      1  BR
      3   0.00    0.00    0.00   5.7333544351554655D-01 6.9D-09 0.0D+00 2.7D-10 0.0D+00       20       98       20      200     143     290     315     290     298   0.37     0    0      2  BR
      3      1   5.7333557421552361D-01 6.9D-09 0.0D+00 6.6D-09 0.0D+00       20       99       20      200  S
      3   0.00    0.00    0.00   5.7333446689935563D-01 7.3D-09 0.0D+00 7.0D-09 0.0D+00       20      111       20      200     149     300     318     300     311   0.35     0    0      4  BR
      3   0.00    0.00    0.00   5.7333393093827267D-01 7.6D-09 0.0D+00 9.3D-09 0.0D+00       20      115       20      200     161     303     329     303     315   0.33     0    0      5  BR
      3   0.00    0.00    0.00   5.7333183650507358D-01 8.6D-09 0.0D+00 9.0D-10 0.0D+00       20      103       20      200     149     281     307     281     303   0.28     0    0      6  BR
      3      1   5.7333274375865806D-01 8.1D-09 0.0D+00 9.6D-09 0.0D+00       20      105       20      200  S
      3      1   5.7333208228564292D-01 8.5D-09 0.0D+00 8.8D-09 0.0D+00       20      105       20      200  S
      3      1   5.7333598833037025D-01 6.7D-09 0.0D+00 2.6D-09 0.0D+00       20       99       20      200  S
      3      1   5.7333183651650110D-01 8.6D-09 0.0D+00 5.4D-09 0.0D+00       21      108       21      210  S
      3      1   5.7333183650485875D-01 8.6D-09 0.0D+00 6.7D-09 0.0D+00       20      103       20      200  S
      3      1   5.7333183650497588D-01 8.6D-09 0.0D+00 1.0D-09 0.0D+00       20      103       20      200  S
      3      1   5.7333183650489972D-01 8.6D-09 0.0D+00 2.9D-09 0.0D+00       20      102       20      200  S
      3      1   5.7333183651644670D-01 8.6D-09 0.0D+00 6.7D-09 0.0D+00       21      106       21      210  S
      3      1   5.7333183650491715D-01 8.6D-09 0.0D+00 4.1D-09 0.0D+00       20      103       20      200  S
      3      1   5.7333626492877954D-01 6.6D-09 0.0D+00 4.1D-09 0.0D+00       20       99       20      200  S
      3      1   5.7333183650504072D-01 8.6D-09 0.0D+00 5.9D-09 0.0D+00       20      103       20      200  S
      3      1   5.7333183650495434D-01 8.6D-09 0.0D+00 8.2D-09 0.0D+00       20      104       20      200  S
      3      1   5.7333183650509134D-01 8.6D-09 0.0D+00 3.0D-09 0.0D+00       20      103       20      200  S
      3      1   5.7333183650487074D-01 8.6D-09 0.0D+00 1.1D-09 0.0D+00       20      105       20      200  S
      3      1   5.7333183650497599D-01 8.6D-09 0.0D+00 7.5D-10 0.0D+00       20      102       20      200  S
      3      1   5.7333183651644626D-01 8.6D-09 0.0D+00 9.0D-09 0.0D+00       21      104       21      210  S
      3      1   5.7333183650488539D-01 8.6D-09 0.0D+00 1.4D-09 0.0D+00       20      103       20      200  S
      3      1   5.7333183650517872D-01 8.6D-09 0.0D+00 1.3D-09 0.0D+00       20      104       20      200  S
      3      1   5.7333183650500219D-01 8.6D-09 0.0D+00 2.2D-09 0.0D+00       20      102       20      200  S
      3      1   5.7333183650478214D-01 8.6D-09 0.0D+00 2.0D-09 0.0D+00       20      103       20      200  S
      3      1   5.7333183650495578D-01 8.6D-09 0.0D+00 3.2D-09 0.0D+00       20      103       20      200  S
      3      1   5.7333183651664288D-01 8.6D-09 0.0D+00 9.7D-09 0.0D+00       21      109       21      210  S
      3      1   5.7333183650497299D-01 8.6D-09 0.0D+00 9.3D-09 0.0D+00       20      103       20      200  S
      3      1   5.7333183650493724D-01 8.6D-09 0.0D+00 3.4D-09 0.0D+00       20      103       20      200  S
      3      1   5.7333367952707959D-01 7.7D-09 0.0D+00 5.7D-09 0.0D+00       20      106       20      200  S
      3      1   5.7333621629215281D-01 6.6D-09 0.0D+00 6.4D-09 0.0D+00       20      100       20      200  S
      3      1   5.7333183650497643D-01 8.6D-09 0.0D+00 9.4D-09 0.0D+00       20      103       20      200  S
      3      1   5.7333304824994757D-01 8.0D-09 0.0D+00 1.1D-09 0.0D+00       20      104       20      200  S
      3      1   5.7333575890767685D-01 6.8D-09 0.0D+00 4.0D-09 0.0D+00       20      100       20      200  S
      3      1   5.7333516797129991D-01 7.0D-09 0.0D+00 5.6D-09 0.0D+00       20      101       20      200  S
      3      1   5.7333467742040123D-01 7.3D-09 0.0D+00 6.5D-09 0.0D+00       20      100       20      200  S
      3      1   5.7333183650494268D-01 8.6D-09 0.0D+00 2.2D-09 0.0D+00       20      103       20      200  S
      3      1   5.7333183650481834D-01 8.6D-09 0.0D+00 5.3D-09 0.0D+00       20      104       20      200  S
      3      1   5.7333183650523578D-01 8.6D-09 0.0D+00 3.1D-10 0.0D+00       20      104       20      200  S
      3      1   5.7333183650497765D-01 8.6D-09 0.0D+00 7.2D-10 0.0D+00       20      103       20      200  S
      3      1   5.7333183650489927D-01 8.6D-09 0.0D+00 1.3D-09 0.0D+00       20      102       20      200  S
      3      1   5.7333183650496433D-01 8.6D-09 0.0D+00 2.1D-09 0.0D+00       20      101       20      200  S
      3      1   5.7333183650498942D-01 8.6D-09 0.0D+00 4.6D-09 0.0D+00       20      105       20      200  S
      3      1   5.7333183650507824D-01 8.6D-09 0.0D+00 8.1D-09 0.0D+00       20      103       20      200  S
      3      1   5.7333621385394307D-01 6.6D-09 0.0D+00 2.0D-09 0.0D+00       20       99       20      200  S
      3      1   5.7333361245470793D-01 7.7D-09 0.0D+00 4.1D-09 0.0D+00       20      108       20      200  S
      3      1   5.7333197158292504D-01 8.5D-09 0.0D+00 8.2D-09 0.0D+00       20      102       20      193  S
      3      1   5.7333209460133283D-01 8.4D-09 0.0D+00 3.2D-09 0.0D+00       20      104       20      200  S
      3      1   5.7333221592160777D-01 8.4D-09 0.0D+00 8.2D-09 0.0D+00       20      104       20      200  S
      3      1   5.7333233558448304D-01 8.3D-09 0.0D+00 3.7D-09 0.0D+00       20      103       20      200  S
      3      1   5.7333245362902319D-01 8.3D-09 0.0D+00 6.0D-09 0.0D+00       20      103       20      200  S
      3      1   5.7333502656081059D-01 7.1D-09 0.0D+00 6.6D-09 0.0D+00       20       97       20      200  S
      3      1   5.7333314180658501D-01 8.0D-09 0.0D+00 7.6D-11 0.0D+00       20      102       20      200  S
      3      1   5.7333183651652975D-01 8.6D-09 0.0D+00 2.1D-09 0.0D+00       21      106       21      210  S
      3      1   5.7333183650495745D-01 8.6D-09 0.0D+00 7.7D-09 0.0D+00       20      104       20      200  S
      3      1   5.7333469745649657D-01 7.2D-09 0.0D+00 3.5D-10 0.0D+00       20      100       20      200  S
      3      1   5.7333183650476860D-01 8.6D-09 0.0D+00 7.5D-09 0.0D+00       20      104       20      200  S
      3      1   5.7333183650482722D-01 8.6D-09 0.0D+00 4.9D-10 0.0D+00       20      102       20      200  S
      3      1   5.7333414118343295D-01 7.5D-09 0.0D+00 6.0D-09 0.0D+00       20      108       20      200  S
      3      1   5.7333183651643460D-01 8.6D-09 0.0D+00 7.9D-09 0.0D+00       21      108       21      210  S
      3      1   5.7333183650495867D-01 8.6D-09 0.0D+00 8.9D-09 0.0D+00       20      103       20      200  S
      3      1   5.7333183650480413D-01 8.6D-09 0.0D+00 6.6D-09 0.0D+00       20       99       20      200  S
      3      1   5.7333183650491748D-01 8.6D-09 0.0D+00 2.8D-09 0.0D+00       20      103       20      200  S
      3      1   5.7333385663376724D-01 7.6D-09 0.0D+00 7.0D-09 0.0D+00       20      118       20      200  S
      3      1   5.7333290307981422D-01 8.1D-09 0.0D+00 6.2D-09 0.0D+00       20      103       20      200  S
      3      1   5.7333565476335224D-01 6.8D-09 0.0D+00 5.8D-09 0.0D+00       20       99       20      200  S
      3      1   5.7333414976873376D-01 7.5D-09 0.0D+00 4.5D-09 0.0D+00       20      108       20      200  S
      3      1   5.7333424522174226D-01 7.4D-09 0.0D+00 5.0D-09 0.0D+00       20      104       20      200  S
      3      1   5.7333183650480213D-01 8.6D-09 0.0D+00 4.5D-09 0.0D+00       20      104       20      200  S
      3      1   5.7333443287513675D-01 7.4D-09 0.0D+00 4.7D-09 0.0D+00       20      110       20      200  S
      3      1   5.7333452513079652D-01 7.3D-09 0.0D+00 7.7D-09 0.0D+00       20       99       20      200  S
      3      1   5.7333461634536909D-01 7.3D-09 0.0D+00 9.0D-09 0.0D+00       20       99       20      200  S
      3      1   5.7333470655141971D-01 7.2D-09 0.0D+00 8.8D-09 0.0D+00       20       95       20      200  S
      3      1   5.7333479576851143D-01 7.2D-09 0.0D+00 5.2D-09 0.0D+00       20       97       20      200  S
      3      1   5.7333488401497568D-01 7.2D-09 0.0D+00 7.0D-09 0.0D+00       20       98       20      200  S
      3      1   5.7333393236622721D-01 7.6D-09 0.0D+00 1.2D-09 0.0D+00       20      114       20      200  S
      3      1   5.7333183650511799D-01 8.6D-09 0.0D+00 2.2D-09 0.0D+00       20      103       20      200  S
      3      1   5.7333607456999258D-01 6.6D-09 0.0D+00 5.4D-09 0.0D+00       20       99       20      200  S
      3      1   5.7333522765790379D-01 7.0D-09 0.0D+00 8.0D-09 0.0D+00       20      100       20      200  S
      3      1   5.7333531131839000D-01 7.0D-09 0.0D+00 9.5D-09 0.0D+00       20       98       20      200  S
      3      1   5.7333539411133438D-01 6.9D-09 0.0D+00 4.1D-09 0.0D+00       20       97       20      200  S
      3      1   5.7333547605269930D-01 6.9D-09 0.0D+00 5.1D-09 0.0D+00       20      100       20      200  S
      3      1   5.7333183651631903D-01 8.6D-09 0.0D+00 6.2D-09 0.0D+00       21      105       21      210  S
      3      1   5.7333568235600507D-01 6.8D-09 0.0D+00 1.4D-09 0.0D+00       20      102       20      200  S
      3      1   5.7333363048938446D-01 7.7D-09 0.0D+00 5.6D-09 0.0D+00       20      107       20      200  S
      3      1   5.7333473608116559D-01 7.2D-09 0.0D+00 7.9D-10 0.0D+00       20       99       20      200  S
      3      1   5.7333421791104155D-01 7.5D-09 0.0D+00 5.5D-09 0.0D+00       20      110       20      200  S
      3      1   5.7333183650488062D-01 8.6D-09 0.0D+00 5.1D-09 0.0D+00       20      104       20      200  S
      3      1   5.7333576558049493D-01 6.8D-09 0.0D+00 5.7D-09 0.0D+00       20      100       20      200  S
      3      1   5.7333526297522852D-01 7.0D-09 0.0D+00 3.9D-09 0.0D+00       20      100       20      200  S
      3      1   5.7333200958212449D-01 8.5D-09 0.0D+00 8.1D-10 0.0D+00       20      103       20      200  S
      3      1   5.7333183650493058D-01 8.6D-09 0.0D+00 8.5D-09 0.0D+00       20      102       20      200  S
      3      1   5.7333183650484509D-01 8.6D-09 0.0D+00 4.6D-09 0.0D+00       20      102       20      200  S
      3      1   5.7333183651632946D-01 8.6D-09 0.0D+00 9.5D-09 0.0D+00       21      106       21      210  S
      3      1   5.7333183651657582D-01 8.6D-09 0.0D+00 2.0D-09 0.0D+00       21      106       21      210  S
      3      1   5.7333183651637487D-01 8.6D-09 0.0D+00 3.3D-09 0.0D+00       21      106       21      210  S
      3      1   5.7333619481493714D-01 6.6D-09 0.0D+00 3.4D-09 0.0D+00       20       99       20      200  S
      3      1   5.7333183651630326D-01 8.6D-09 0.0D+00 5.4D-09 0.0D+00       21      107       21      210  S
      3      1   5.7333183651637154D-01 8.6D-09 0.0D+00 1.5D-09 0.0D+00       21      106       21      210  S
