      3      1   5.7333183650497899D-01 8.6D-09 0.0D+00 1.3D-09 0.0D+00       20      103       20      200  S
      3      1   5.7333349821432400D-01 7.8D-09 0.0D+00 8.7D-09 0.0D+00       20      109       20      200  S
      3      1   5.7333608417558435D-01 6.6D-09 0.0D+00 6.2D-10 0.0D+00       20      100       20      200  S
      3      1   5.7333183650478137D-01 8.6D-09 0.0D+00 5.9D-09 0.0D+00       20      104       20      200  S
      3      1   5.7333455165912239D-01 7.3D-09 0.0D+00 7.9D-09 0.0D+00       20       98       20      200  S
      3      1   5.7333514359480953D-01 7.0D-09 0.0D+00 1.0D-08 0.0D+00       20       98       20      200  S
      3      1   5.7333183651655617D-01 8.6D-09 0.0D+00 5.0D-10 0.0D+00       21      106       21      210  S
      3      1   5.7333215498156831D-01 8.4D-09 0.0D+00 5.9D-09 0.0D+00       20      104       20      200  S
      3      1   5.7333512427136946D-01 7.1D-09 0.0D+00 4.6D-09 0.0D+00       20       99       20      200  S
      3      1   5.7333183650486952D-01 8.6D-09 0.0D+00 6.1D-09 0.0D+00       20      104       20      200  S
      3      1   5.7333183650494357D-01 8.6D-09 0.0D+00 2.0D-09 0.0D+00       20      102       20      200  S
      3      1   5.7333459732030301D-01 7.3D-09 0.0D+00 8.9D-10 0.0D+00       20       97       20      200  S
      3      1   5.7333183650490116D-01 8.6D-09 0.0D+00 5.3D-09 0.0D+00       20      102       20      200  S
      3      1   5.7333183650506137D-01 8.6D-09 0.0D+00 3.1D-10 0.0D+00       20      102       20      200  S
      3      1   5.7333183650487329D-01 8.6D-09 0.0D+00 3.9D-09 0.0D+00       20      103       20      200  S
      3      1   5.7333183650480846D-01 8.6D-09 0.0D+00 7.6D-10 0.0D+00       20      106       20      200  S
      3      1   5.7333194936152454D-01 8.5D-09 0.0D+00 4.8D-09 0.0D+00       20      103       20      193  S
      3      1   5.7333342967678380D-01 7.8D-09 0.0D+00 5.9D-09 0.0D+00       20      120       20      200  S
      3      1   5.7333603439156922D-01 6.7D-09 0.0D+00 2.1D-09 0.0D+00       20      100       20      200  S
      3      1   5.7333231426691922D-01 8.3D-09 0.0D+00 8.1D-09 0.0D+00       20      103       20      200  S
      3      1   5.7333243259871636D-01 8.3D-09 0.0D+00 7.0D-09 0.0D+00       20      103       20      200  S
      3      1   5.7333254934334310D-01 8.2D-09 0.0D+00 4.6D-10 0.0D+00       20      102       20      200  S
      3      1   5.7333266453785048D-01 8.2D-09 0.0D+00 2.0D-09 0.0D+00       20      105       20      200  S
      3      1   5.7333277821777784D-01 8.1D-09 0.0D+00 7.0D-09 0.0D+00       20      103       20      200  S
      3      1   5.7333289041822211D-01 8.1D-09 0.0D+00 6.3D-09 0.0D+00       20      104       20      200  S
      3      1   5.7333183651652320D-01 8.6D-09 0.0D+00 6.3D-09 0.0D+00       21      106       21      210  S
      3      1   5.7333183650484387D-01 8.6D-09 0.0D+00 1.7D-10 0.0D+00       20      106       20      200  S
      3      1   5.7333453730633488D-01 7.3D-09 0.0D+00 7.7D-11 0.0D+00       20      101       20      200  S
      3      1   5.7333183650491226D-01 8.6D-09 0.0D+00 9.3D-09 0.0D+00       20      103       20      200  S
      3      1   5.7333183650495356D-01 8.6D-09 0.0D+00 2.5D-09 0.0D+00       20      104       20      200  S
      3      1   5.7333396971531847D-01 7.6D-09 0.0D+00 5.7D-09 0.0D+00       20      105       20      200  S
      3      1   5.7333183651672592D-01 8.6D-09 0.0D+00 7.3D-10 0.0D+00       21      106       21      210  S
      3      1   5.7333183651648501D-01 8.6D-09 0.0D+00 4.6D-09 0.0D+00       21      106       21      210  S
      3      1   5.7333183651640895D-01 8.6D-09 0.0D+00 7.9D-09 0.0D+00       21      105       21      210  S
      3      1   5.7333598428766408D-01 6.7D-09 0.0D+00 6.7D-09 0.0D+00       20       99       20      200  S
      3      1   5.7333183650501440D-01 8.6D-09 0.0D+00 5.2D-09 0.0D+00       20      103       20      200  S
      3      1   5.7333413255094834D-01 7.5D-09 0.0D+00 1.5D-09 0.0D+00       20      109       20      200  S
      3      1   5.7333551275564243D-01 6.9D-09 0.0D+00 7.0D-09 0.0D+00       20      100       20      200  S
      3      1   5.7333183651645458D-01 8.6D-09 0.0D+00 3.7D-09 0.0D+00       21      106       21      210  S
      3      1   5.7333369231032671D-01 7.7D-09 0.0D+00 9.7D-09 0.0D+00       20      106       20      200  S
      3      1   5.7333450868161173D-01 7.3D-09 0.0D+00 3.0D-09 0.0D+00       20       98       20      200  S
      3      1   5.7333483005276831D-01 7.2D-09 0.0D+00 4.7D-09 0.0D+00       20       97       20      200  S
      3      1   5.7333183650495811D-01 8.6D-09 0.0D+00 1.4D-09 0.0D+00       20      104       20      200  S
      3      1   5.7333477985711878D-01 7.2D-09 0.0D+00 8.7D-09 0.0D+00       20       98       20      200  S
      3      1   5.7333486827620062D-01 7.2D-09 0.0D+00 9.5D-09 0.0D+00       20       97       20      200  S
      3      1   5.7333495574001581D-01 7.1D-09 0.0D+00 6.1D-09 0.0D+00       20       99       20      200  S
      3      1   5.7333504226643361D-01 7.1D-09 0.0D+00 1.2D-09 0.0D+00       20       97       20      200  S
      3      1   5.7333512787323515D-01 7.1D-09 0.0D+00 1.0D-08 0.0D+00       20       97       20      200  S
      3      1   5.7333373719291403D-01 7.7D-09 0.0D+00 1.7D-09 0.0D+00       20      106       20      200  S
      3      1   5.7333531142558103D-01 7.0D-09 0.0D+00 6.7D-09 0.0D+00       20       99       20      200  S
      3      1   5.7333537934213297D-01 6.9D-09 0.0D+00 8.4D-09 0.0D+00       20       99       20      200  S
      3      1   5.7333546143463521D-01 6.9D-09 0.0D+00 9.3D-09 0.0D+00       20       99       20      200  S
      3      1   5.7333554268817988D-01 6.9D-09 0.0D+00 8.3D-09 0.0D+00       20      102       20      200  S
      3      1   5.7333562311720732D-01 6.8D-09 0.0D+00 1.1D-09 0.0D+00       20       98       20      200  S
      3      1   5.7333570273639811D-01 6.8D-09 0.0D+00 7.0D-10 0.0D+00       20       98       20      200  S
      3      1   5.7333578155988296D-01 6.8D-09 0.0D+00 1.3D-09 0.0D+00       20       99       20      200  S
      3      1   5.7333569082097724D-01 6.8D-09 0.0D+00 7.7D-09 0.0D+00       20      100       20      200  S
      3      1   5.7333292063421071D-01 8.1D-09 0.0D+00 5.6D-09 0.0D+00       20      104       20      200  S
      3      1   5.7333227300419953D-01 8.4D-09 0.0D+00 6.2D-10 0.0D+00       20      103       20      200  S
      3      1   5.7333256362178453D-01 8.2D-09 0.0D+00 4.3D-09 0.0D+00       20      100       20      200  S
      3      1   5.7333464476537055D-01 7.3D-09 0.0D+00 5.3D-10 0.0D+00       20       98       20      200  S
      3      1   5.7333183650500419D-01 8.6D-09 0.0D+00 5.4D-09 0.0D+00       20      101       20      200  S
      3      1   5.7333183650500741D-01 8.6D-09 0.0D+00 5.1D-09 0.0D+00       20      104       20      200  S
      3      1   5.7333183650486008D-01 8.6D-09 0.0D+00 9.0D-10 0.0D+00       20      103       20      200  S
      3      1   5.7333183650512132D-01 8.6D-09 0.0D+00 7.1D-09 0.0D+00       20      103       20      200  S
      3      1   5.7333473605206664D-01 7.2D-09 0.0D+00 1.3D-09 0.0D+00       20      100       20      200  S
      3      1   5.7333600036247390D-01 6.7D-09 0.0D+00 8.6D-09 0.0D+00       20       99       20      200  S
      3      1   5.7333183651644049D-01 8.6D-09 0.0D+00 7.6D-09 0.0D+00       21      108       21      210  S
      3      1   5.7333588438030936D-01 6.7D-09 0.0D+00 3.4D-09 0.0D+00       20       99       20      200  S
      3      1   5.7333198625839354D-01 8.5D-09 0.0D+00 5.8D-09 0.0D+00       20      102       20      193  S
      3      1   5.7333496316965349D-01 7.1D-09 0.0D+00 5.3D-09 0.0D+00       20      100       20      200  S
      3      1   5.7333183651658970D-01 8.6D-09 0.0D+00 8.3D-09 0.0D+00       21      107       21      210  S
      3      1   5.7333183650500630D-01 8.6D-09 0.0D+00 9.0D-09 0.0D+00       20      103       20      200  S
      3      1   5.7333183651659247D-01 8.6D-09 0.0D+00 7.9D-09 0.0D+00       21      105       21      210  S
      3      1   5.7333183650465525D-01 8.6D-09 0.0D+00 9.4D-09 0.0D+00       20      104       20      200  S
      3      1   5.7333183650483066D-01 8.6D-09 0.0D+00 7.0D-09 0.0D+00       20      103       20      200  S
      3      1   5.7333183650489195D-01 8.6D-09 0.0D+00 4.2D-09 0.0D+00       20      103       20      200  S
      3      1   5.7333183650498853D-01 8.6D-09 0.0D+00 6.2D-10 0.0D+00       20      103       20      200  S
      3      1   5.7333183650489750D-01 8.6D-09 0.0D+00 5.1D-09 0.0D+00       20      105       20      200  S
      3      1   5.7333183650497321D-01 8.6D-09 0.0D+00 2.9D-09 0.0D+00       20      101       20      200  S
      3      1   5.7333183650485187D-01 8.6D-09 0.0D+00 4.4D-09 0.0D+00       20      103       20      200  S
      3      1   5.7333183650476660D-01 8.6D-09 0.0D+00 7.7D-09 0.0D+00       20      103       20      200  S
      3      1   5.7333183650498742D-01 8.6D-09 0.0D+00 5.9D-09 0.0D+00       20       99       20      200  S
      3      1   5.7333183650485031D-01 8.6D-09 0.0D+00 8.5D-09 0.0D+00       20      103       20      200  S
      3      1   5.7333183650488795D-01 8.6D-09 0.0D+00 4.4D-09 0.0D+00       20      101       20      200  S
      3      1   5.7333183650491137D-01 8.6D-09 0.0D+00 6.5D-09 0.0D+00       20      102       20      200  S
      3      1   5.7333183651656849D-01 8.6D-09 0.0D+00 3.3D-09 0.0D+00       21      106       21      210  S
      3      1   5.7333481808954956D-01 7.2D-09 0.0D+00 5.9D-09 0.0D+00       20      100       20      200  S
      3      1   5.7333528237549780D-01 7.0D-09 0.0D+00 8.0D-09 0.0D+00       20      101       20      200  S
      3      1   5.7333183650497999D-01 8.6D-09 0.0D+00 7.4D-10 0.0D+00       20      103       20      200  S
      3      1   5.7333183650510189D-01 8.6D-09 0.0D+00 7.5D-09 0.0D+00       20      102       20      200  S
      3      1   5.7333429274270464D-01 7.4D-09 0.0D+00 4.6D-10 0.0D+00       20      108       20      200  S
      3      1   5.7333183650484343D-01 8.6D-09 0.0D+00 5.5D-09 0.0D+00       20      104       20      200  S
      3      1   5.7333183650486597D-01 8.6D-09 0.0D+00 3.9D-09 0.0D+00       20      102       20      200  S
      3      1   5.7333370753814927D-01 7.7D-09 0.0D+00 6.2D-09 0.0D+00       20      108       20      200  S
      3      1   5.7333183650483144D-01 8.6D-09 0.0D+00 1.2D-09 0.0D+00       20      102       20      200  S
      3      1   5.7333183650493713D-01 8.6D-09 0.0D+00 2.6D-09 0.0D+00       20      103       20      200  S
      3      1   5.7333307842502457D-01 8.0D-09 0.0D+00 1.7D-09 0.0D+00       20      103       20      200  S
      3      1   5.7333183650477504D-01 8.6D-09 0.0D+00 7.1D-09 0.0D+00       20      103       20      200  S
      3      1   5.7333183650498898D-01 8.6D-09 0.0D+00 4.6D-09 0.0D+00       20      104       20      200  S
      3      1   5.7333239929325774D-01 8.3D-09 0.0D+00 4.1D-09 0.0D+00       20      103       20      200  S
      3      1   5.7333183650477748D-01 8.6D-09 0.0D+00 1.6D-09 0.0D+00       20      103       20      200  S
      3      1   5.7333183650478547D-01 8.6D-09 0.0D+00 9.4D-09 0.0D+00       20      103       20      200  S
      3      1   5.7333183650505359D-01 8.6D-09 0.0D+00 7.9D-10 0.0D+00       20      103       20      200  S
      3      1   5.7333183650506625D-01 8.6D-09 0.0D+00 5.2D-09 0.0D+00       20      103       20      200  S
      3      1   5.7333183650481134D-01 8.6D-09 0.0D+00 5.9D-09 0.0D+00       20      102       20      200  S
      3      1   5.7333183650512409D-01 8.6D-09 0.0D+00 8.8D-09 0.0D+00       20      104       20      200  S
      3      1   5.7333183650471697D-01 8.6D-09 0.0D+00 8.1D-09 0.0D+00       20      102       20      200  S
      3      1   5.7333183650482444D-01 8.6D-09 0.0D+00 3.3D-10 0.0D+00       20      103       20      200  S
      3      1   5.7333184494163170D-01 8.6D-09 0.0D+00 6.0D-09 0.0D+00       20      101       20      193  S
      3      1   5.7333364068990122D-01 7.7D-09 0.0D+00 3.2D-09 0.0D+00       20      106       20      200  S
      3      1   5.7333618794246333D-01 6.6D-09 0.0D+00 7.0D-09 0.0D+00       20      100       20      200  S
      3      1   5.7333183650474162D-01 8.6D-09 0.0D+00 7.9D-09 0.0D+00       20      103       20      200  S
      3      1   5.7333233380384796D-01 8.3D-09 0.0D+00 2.2D-10 0.0D+00       20      103       20      200  S
      3      1   5.7333187846553790D-01 8.6D-09 0.0D+00 4.0D-09 0.0D+00       20      102       20      193  S
      3      1   5.7333183650478570D-01 8.6D-09 0.0D+00 7.1D-09 0.0D+00       20      104       20      200  S
      3      1   5.7333268330354537D-01 8.2D-09 0.0D+00 2.0D-09 0.0D+00       20      103       20      200  S
      3      1   5.7333524134961267D-01 7.0D-09 0.0D+00 6.0D-09 0.0D+00       20       98       20      200  S
      3      1   5.7333183650498143D-01 8.6D-09 0.0D+00 4.2D-09 0.0D+00       20      103       20      200  S
      3      1   5.7333183650496855D-01 8.6D-09 0.0D+00 7.5D-09 0.0D+00       20      102       20      200  S
      3      1   5.7333472222540927D-01 7.2D-09 0.0D+00 5.5D-09 0.0D+00       20       98       20      200  S
      3      1   5.7333183651650221D-01 8.6D-09 0.0D+00 4.5D-09 0.0D+00       21      107       21      210  S
      3      1   5.7333398748290021D-01 7.6D-09 0.0D+00 7.1D-09 0.0D+00       20      116       20      200  S
      3      1   5.7333183650503106D-01 8.6D-09 0.0D+00 5.8D-09 0.0D+00       20      103       20      200  S
      3      1   5.7333368364666881D-01 7.7D-09 0.0D+00 6.9D-09 0.0D+00       20      106       20      200  S
      3      1   5.7333183650504826D-01 8.6D-09 0.0D+00 2.7D-10 0.0D+00       20      102       20      200  S
      3      1   5.7333357330598178D-01 7.8D-09 0.0D+00 4.1D-09 0.0D+00       20      108       20      200  S
      3      1   5.7333613881943590D-01 6.6D-09 0.0D+00 5.7D-09 0.0D+00       20      100       20      200  S
      3      1   5.7333395402549936D-01 7.6D-09 0.0D+00 4.1D-09 0.0D+00       20      119       20      200  S
      3      1   5.7333405174643870D-01 7.5D-09 0.0D+00 8.1D-11 0.0D+00       20      124       20      200  S
      3      1   5.7333414833021834D-01 7.5D-09 0.0D+00 9.6D-09 0.0D+00       20      108       20      200  S
      3      1   5.7333424379983322D-01 7.4D-09 0.0D+00 6.3D-09 0.0D+00       20      108       20      200  S
      3      1   5.7333433817794199D-01 7.4D-09 0.0D+00 9.1D-09 0.0D+00       20      108       20      200  S
      3      1   5.7333625408495259D-01 6.6D-09 0.0D+00 1.3D-09 0.0D+00       20       97       20      200  S
      3      1   5.7333183651665975D-01 8.6D-09 0.0D+00 4.1D-09 0.0D+00       21      104       21      210  S
      3      1   5.7333461497344307D-01 7.3D-09 0.0D+00 5.9D-11 0.0D+00       20      112       20      200  S
      3      1   5.7333470520729168D-01 7.2D-09 0.0D+00 6.7D-09 0.0D+00       20      100       20      200  S
      3      1   5.7333479443902569D-01 7.2D-09 0.0D+00 5.4D-09 0.0D+00       20       97       20      200  S
      3      1   5.7333488269989119D-01 7.2D-09 0.0D+00 5.0D-10 0.0D+00       20       99       20      200  S
      3      1   5.7333497000881284D-01 7.1D-09 0.0D+00 9.5D-09 0.0D+00       20       99       20      200  S
      3      1   5.7333505638317528D-01 7.1D-09 0.0D+00 5.1D-09 0.0D+00       20       97       20      200  S
      3      1   5.7333262056464707D-01 8.2D-09 0.0D+00 6.2D-09 0.0D+00       20      105       20      200  S
      3      1   5.7333194931518572D-01 8.5D-09 0.0D+00 2.5D-09 0.0D+00       20      103       20      200  S
      3      1   5.7333608938431202D-01 6.6D-09 0.0D+00 7.4D-09 0.0D+00       20      101       20      200  S
      3      1   5.7333539287732382D-01 6.9D-09 0.0D+00 1.2D-09 0.0D+00       20       98       20      200  S
      3      1   5.7333183650486530D-01 8.6D-09 0.0D+00 1.1D-09 0.0D+00       20      102       20      200  S
      3      1   5.7333183650494746D-01 8.6D-09 0.0D+00 2.6D-09 0.0D+00       20      101       20      200  S
      3      1   5.7333183651637121D-01 8.6D-09 0.0D+00 5.7D-09 0.0D+00       21      106       21      210  S
      3      1   5.7333183650471564D-01 8.6D-09 0.0D+00 8.6D-09 0.0D+00       20      104       20      200  S
      3      1   5.7333437869678783D-01 7.4D-09 0.0D+00 5.9D-09 0.0D+00       20      108       20      200  S
      3      1   5.7333183651638886D-01 8.6D-09 0.0D+00 9.0D-09 0.0D+00       21      110       21      210  S
      3      1   5.7333339721816179D-01 7.8D-09 0.0D+00 6.3D-10 0.0D+00       20      119       20      200  S
      3      1   5.7333183651629949D-01 8.6D-09 0.0D+00 5.9D-09 0.0D+00       21      105       21      210  S
      3      1   5.7333521659293263D-01 7.0D-09 0.0D+00 3.3D-10 0.0D+00       20       98       20      200  S
      3      1   5.7333472907735283D-01 7.2D-09 0.0D+00 2.2D-09 0.0D+00       20      100       20      200  S
      3      1   5.7333421044976041D-01 7.5D-09 0.0D+00 6.4D-09 0.0D+00       20      108       20      200  S
      3      1   5.7333183650478292D-01 8.6D-09 0.0D+00 7.3D-09 0.0D+00       20      103       20      200  S
      3      1   5.7333490460578207D-01 7.2D-09 0.0D+00 1.6D-10 0.0D+00       20       99       20      200  S
      3      1   5.7333242816833341D-01 8.3D-09 0.0D+00 5.9D-09 0.0D+00       20      103       20      200  S
      3      1   5.7333183651672781D-01 8.6D-09 0.0D+00 4.5D-09 0.0D+00       21      107       21      210  S
      3      1   5.7333183651638164D-01 8.6D-09 0.0D+00 9.5D-09 0.0D+00       21      106       21      210  S
      3      1   5.7333183650480868D-01 8.6D-09 0.0D+00 1.9D-10 0.0D+00       20      103       20      200  S
      3      1   5.7333183650490960D-01 8.6D-09 0.0D+00 1.5D-09 0.0D+00       20      102       20      200  S
      3      1   5.7333183651638364D-01 8.6D-09 0.0D+00 9.5D-09 0.0D+00       21      106       21      210  S
      3      1   5.7333183650502195D-01 8.6D-09 0.0D+00 4.8D-09 0.0D+00       20      102       20      200  S
      3      1   5.7333507396984040D-01 7.1D-09 0.0D+00 1.9D-09 0.0D+00       20       99       20      200  S
      3      1   5.7333183651642272D-01 8.6D-09 0.0D+00 8.0D-09 0.0D+00       21      106       21      210  S
      3      1   5.7333183650488817D-01 8.6D-09 0.0D+00 4.4D-09 0.0D+00       20      103       20      200  S
      3      1   5.7333183650488917D-01 8.6D-09 0.0D+00 2.6D-09 0.0D+00       20      103       20      200  S
      3      1   5.7333183650495478D-01 8.6D-09 0.0D+00 2.0D-09 0.0D+00       20      103       20      200  S
      3      1   5.7333183650499875D-01 8.6D-09 0.0D+00 6.3D-10 0.0D+00       20      101       20      200  S
      3      1   5.7333183651652231D-01 8.6D-09 0.0D+00 1.7D-10 0.0D+00       21      106       21      210  S
      3      1   5.7333183651649378D-01 8.6D-09 0.0D+00 9.8D-09 0.0D+00       21      106       21      210  S
      3      1   5.7333183650496899D-01 8.6D-09 0.0D+00 4.3D-09 0.0D+00       20      101       20      200  S
      3      1   5.7333336786115330D-01 7.8D-09 0.0D+00 4.4D-09 0.0D+00       20      110       20      200  S
      3      1   5.7333598956384735D-01 6.7D-09 0.0D+00 6.7D-09 0.0D+00       20      100       20      200  S
      3      1   5.7333183650485986D-01 8.6D-09 0.0D+00 1.8D-10 0.0D+00       20      102       20      200  S
      3      1   5.7333183650482311D-01 8.6D-09 0.0D+00 6.0D-09 0.0D+00       20      105       20      200  S
      3      1   5.7333183650493336D-01 8.6D-09 0.0D+00 3.0D-09 0.0D+00       20      104       20      200  S
      3      1   5.7333183650499886D-01 8.6D-09 0.0D+00 4.1D-09 0.0D+00       20      106       20      200  S
      3      1   5.7333200246002514D-01 8.5D-09 0.0D+00 4.2D-09 0.0D+00       20      103       20      193  S
      3      1   5.7333501739284498D-01 7.1D-09 0.0D+00 6.1D-10 0.0D+00       20       97       20      200  S
      3      1   5.7333183650479747D-01 8.6D-09 0.0D+00 1.5D-09 0.0D+00       20      102       20      200  S
      3      1   5.7333183650480823D-01 8.6D-09 0.0D+00 7.4D-10 0.0D+00       20      105       20      200  S
      3      1   5.7333448320484115D-01 7.3D-09 0.0D+00 1.2D-09 0.0D+00       20      112       20      200  S
      3      1   5.7333183650497244D-01 8.6D-09 0.0D+00 4.5D-09 0.0D+00       20      103       20      200  S
      3      1   5.7333198619826820D-01 8.5D-09 0.0D+00 7.1D-09 0.0D+00       20      104       20      193  S
      3      1   5.7333183650498543D-01 8.6D-09 0.0D+00 1.1D-09 0.0D+00       20      104       20      200  S
      3      1   5.7333461458107127D-01 7.3D-09 0.0D+00 3.7D-09 0.0D+00       20       98       20      200  S
      3      1   5.7333183650502473D-01 8.6D-09 0.0D+00 4.7D-09 0.0D+00       20      104       20      200  S
      3      1   5.7333183650477959D-01 8.6D-09 0.0D+00 2.2D-09 0.0D+00       20      104       20      200  S
      3      1   5.7333183650501929D-01 8.6D-09 0.0D+00 5.1D-09 0.0D+00       20      104       20      200  S
      3      1   5.7333183650475439D-01 8.6D-09 0.0D+00 6.5D-09 0.0D+00       20      100       20      200  S
      3      1   5.7333183650496966D-01 8.6D-09 0.0D+00 2.1D-09 0.0D+00       20      101       20      200  S
      3      1   5.7333183650494290D-01 8.6D-09 0.0D+00 2.3D-09 0.0D+00       20      103       20      200  S
      3      1   5.7333183650475894D-01 8.6D-09 0.0D+00 8.1D-09 0.0D+00       20      104       20      200  S
      3      1   5.7333192089630491D-01 8.5D-09 0.0D+00 5.4D-09 0.0D+00       20      104       20      193  S
      3      1   5.7333183650491715D-01 8.6D-09 0.0D+00 6.9D-09 0.0D+00       20      103       20      200  S
      3      1   5.7333183650489972D-01 8.6D-09 0.0D+00 5.1D-09 0.0D+00       20      103       20      200  S
      3      1   5.7333183650505748D-01 8.6D-09 0.0D+00 1.8D-09 0.0D+00       20      106       20      200  S
      3      1   5.7333183650501029D-01 8.6D-09 0.0D+00 8.6D-09 0.0D+00       20      102       20      200  S
      3      1   5.7333183650487030D-01 8.6D-09 0.0D+00 5.0D-10 0.0D+00       20      104       20      200  S
      3      1   5.7333183650497810D-01 8.6D-09 0.0D+00 3.4D-10 0.0D+00       20      105       20      200  S
      3      1   5.7333183650493380D-01 8.6D-09 0.0D+00 4.2D-09 0.0D+00       20      105       20      200  S
      3      1   5.7333183651636288D-01 8.6D-09 0.0D+00 9.2D-09 0.0D+00       21      106       21      210  S
      3      1   5.7333183650490782D-01 8.6D-09 0.0D+00 3.2D-09 0.0D+00       20      100       20      200  S
      3      1   5.7333322807452514D-01 7.9D-09 0.0D+00 3.4D-09 0.0D+00       20      118       20      200  S
      3      1   5.7333588845178141D-01 6.7D-09 0.0D+00 1.5D-09 0.0D+00       20       99       20      200  S
      3      1   5.7333183650501329D-01 8.6D-09 0.0D+00 1.4D-10 0.0D+00       20      104       20      200  S
      3      1   5.7333256111212949D-01 8.2D-09 0.0D+00 6.7D-09 0.0D+00       20      101       20      200  S
      3      1   5.7333541097798535D-01 6.9D-09 0.0D+00 5.6D-09 0.0D+00       20       98       20      200  S
      3      1   5.7333183650482256D-01 8.6D-09 0.0D+00 7.1D-10 0.0D+00       20      103       20      200  S
      3      1   5.7333183650492425D-01 8.6D-09 0.0D+00 7.9D-09 0.0D+00       20      103       20      200  S
      3      1   5.7333627453527569D-01 6.6D-09 0.0D+00 4.4D-09 0.0D+00       20      100       20      200  S
      3      1   5.7333314610809827D-01 7.9D-09 0.0D+00 8.2D-09 0.0D+00       20      102       20      200  S
      3      1   5.7333183650498964D-01 8.6D-09 0.0D+00 1.1D-09 0.0D+00       20      103       20      200  S
      3      1   5.7333436103078417D-01 7.4D-09 0.0D+00 9.6D-10 0.0D+00       20      108       20      200  S
      3      1   5.7333183650489228D-01 8.6D-09 0.0D+00 8.6D-09 0.0D+00       20      103       20      200  S
      3      1   5.7333356820215842D-01 7.8D-09 0.0D+00 2.1D-09 0.0D+00       20      108       20      200  S
      3      1   5.7333378080254849D-01 7.7D-09 0.0D+00 8.3D-09 0.0D+00       20       97       20      200  S
      3      1   5.7333629034107814D-01 6.6D-09 0.0D+00 3.8D-09 0.0D+00       20       99       20      200  S
      3      1   5.7333387145783743D-01 7.6D-09 0.0D+00 4.9D-09 0.0D+00       20      121       20      200  S
      3      1   5.7333397014724963D-01 7.6D-09 0.0D+00 2.5D-09 0.0D+00       20      116       20      200  S
      3      1   5.7333406767975892D-01 7.5D-09 0.0D+00 3.7D-09 0.0D+00       20      108       20      200  S
      3      1   5.7333416407939175D-01 7.5D-09 0.0D+00 2.1D-09 0.0D+00       20      106       20      200  S
      3      1   5.7333425936804350D-01 7.4D-09 0.0D+00 8.9D-09 0.0D+00       20      108       20      200  S
      3      1   5.7333493722548590D-01 7.1D-09 0.0D+00 8.3D-09 0.0D+00       20      101       20      200  S
      3      1   5.7333183650493857D-01 8.6D-09 0.0D+00 2.4D-09 0.0D+00       20      103       20      200  S
      3      1   5.7333453880376839D-01 7.3D-09 0.0D+00 1.3D-10 0.0D+00       20      100       20      200  S
      3      1   5.7333462986667316D-01 7.3D-09 0.0D+00 2.2D-09 0.0D+00       20       99       20      200  S
      3      1   5.7333471992378848D-01 7.2D-09 0.0D+00 3.2D-09 0.0D+00       20       98       20      200  S
      3      1   5.7333480899500566D-01 7.2D-09 0.0D+00 1.3D-08 0.0D+00       21      106       21      210  S
      3      1   5.7333489709842367D-01 7.2D-09 0.0D+00 7.6D-09 0.0D+00       20       98       20      200  S
      3      1   5.7333498425284113D-01 7.1D-09 0.0D+00 9.6D-09 0.0D+00       20       99       20      200  S
      3      1   5.7333183650487296D-01 8.6D-09 0.0D+00 6.0D-10 0.0D+00       20      102       20      200  S
      3      1   5.7333590813847468D-01 6.7D-09 0.0D+00 5.8D-09 0.0D+00       20      100       20      200  S
      3      1   5.7333183650501218D-01 8.6D-09 0.0D+00 1.5D-08 0.0D+00       21      116       21      210  S
      3      1   5.7333454147196095D-01 7.3D-09 0.0D+00 1.8D-10 0.0D+00       20      101       20      200  S
      3      1   5.7333183650481567D-01 8.6D-09 0.0D+00 4.8D-10 0.0D+00       20      101       20      200  S
      3      1   5.7333183650491626D-01 8.6D-09 0.0D+00 2.9D-09 0.0D+00       20      103       20      200  S
      3      1   5.7333338225452612D-01 7.8D-09 0.0D+00 2.6D-09 0.0D+00       20      108       20      200  S
      3      1   5.7333276969169056D-01 8.1D-09 0.0D+00 5.0D-09 0.0D+00       20      104       20      200  S
      3      1   5.7333183650484387D-01 8.6D-09 0.0D+00 4.6D-09 0.0D+00       20      102       20      200  S
      3      1   5.7333191581998100D-01 8.5D-09 0.0D+00 8.4D-09 0.0D+00       20      103       20      193  S
      3      1   5.7333183650484720D-01 8.6D-09 0.0D+00 3.3D-10 0.0D+00       20      102       20      200  S
      3      1   5.7333596208137716D-01 6.7D-09 0.0D+00 6.6D-09 0.0D+00       20      100       20      200  S
      3      1   5.7333183650491715D-01 8.6D-09 0.0D+00 8.3D-09 0.0D+00       20      101       20      200  S
      3      1   5.7333183650484965D-01 8.6D-09 0.0D+00 3.3D-09 0.0D+00       20      104       20      200  S
      3      1   5.7333416590197928D-01 7.5D-09 0.0D+00 2.7D-09 0.0D+00       20      108       20      200  S
      3      1   5.7333626279238570D-01 6.6D-09 0.0D+00 3.5D-09 0.0D+00       20      100       20      200  S
      3      1   5.7333183651671216D-01 8.6D-09 0.0D+00 5.8D-09 0.0D+00       21      105       21      210  S
      3      1   5.7333183651652742D-01 8.6D-09 0.0D+00 6.8D-09 0.0D+00       21      105       21      210  S
      3      1   5.7333183651646746D-01 8.6D-09 0.0D+00 3.4D-10 0.0D+00       21      105       21      210  S
      3      1   5.7333183650475994D-01 8.6D-09 0.0D+00 1.5D-09 0.0D+00       20      103       20      200  S
      3      1   5.7333183650491726D-01 8.6D-09 0.0D+00 2.2D-09 0.0D+00       20      103       20      200  S
      3      1   5.7333183650481157D-01 8.6D-09 0.0D+00 6.4D-10 0.0D+00       20      103       20      200  S
      3      1   5.7333183651652897D-01 8.6D-09 0.0D+00 5.8D-09 0.0D+00       21      107       21      210  S
      3      1   5.7333320636105722D-01 7.9D-09 0.0D+00 6.5D-09 0.0D+00       20      126       20      200  S
      3      1   5.7333448747647264D-01 7.3D-09 0.0D+00 5.3D-10 0.0D+00       20      112       20      200  S
      3      1   5.7333190617139940D-01 8.5D-09 0.0D+00 2.1D-09 0.0D+00       20      103       20      200  S
      3      1   5.7333183650493957D-01 8.6D-09 0.0D+00 4.1D-09 0.0D+00       20      103       20      200  S
      3      1   5.7333183650488562D-01 8.6D-09 0.0D+00 1.2D-09 0.0D+00       20      103       20      200  S
      3      1   5.7333183650482578D-01 8.6D-09 0.0D+00 5.0D-09 0.0D+00       20      105       20      200  S
      3      1   5.7333183651653075D-01 8.6D-09 0.0D+00 7.5D-09 0.0D+00       21      106       21      210  S
      3      1   5.7333183651663411D-01 8.6D-09 0.0D+00 7.5D-09 0.0D+00       21      106       21      210  S
      3      1   5.7333183651640396D-01 8.6D-09 0.0D+00 9.1D-09 0.0D+00       21      105       21      210  S
      3      1   5.7333183651648223D-01 8.6D-09 0.0D+00 2.3D-09 0.0D+00       21      106       21      210  S
      3      1   5.7333183651664998D-01 8.6D-09 0.0D+00 1.2D-09 0.0D+00       21      106       21      210  S
      3      1   5.7333183650505182D-01 8.6D-09 0.0D+00 5.2D-09 0.0D+00       20      104       20      200  S
      3      1   5.7333183650488873D-01 8.6D-09 0.0D+00 2.1D-09 0.0D+00       20      102       20      200  S
      3      1   5.7333294142519098D-01 8.0D-09 0.0D+00 2.8D-09 0.0D+00       20      103       20      200  S
      3      1   5.7333183650485964D-01 8.6D-09 0.0D+00 5.1D-09 0.0D+00       20      103       20      200  S
      3      1   5.7333183650494479D-01 8.6D-09 0.0D+00 2.9D-09 0.0D+00       20      103       20      200  S
      3      1   5.7333225100132135D-01 8.4D-09 0.0D+00 9.3D-09 0.0D+00       20      104       20      200  S
      3      1   5.7333519177929460D-01 7.0D-09 0.0D+00 7.3D-09 0.0D+00       20       98       20      200  S
      3      1   5.7333183650504804D-01 8.6D-09 0.0D+00 4.9D-09 0.0D+00       20      104       20      200  S
      3      1   5.7333183650495223D-01 8.6D-09 0.0D+00 2.3D-09 0.0D+00       20      103       20      200  S
      3      1   5.7333183650488229D-01 8.6D-09 0.0D+00 8.8D-10 0.0D+00       20      103       20      200  S
      3      1   5.7333183650491937D-01 8.6D-09 0.0D+00 7.1D-09 0.0D+00       20      102       20      200  S
      3      1   5.7333183650488340D-01 8.6D-09 0.0D+00 4.5D-09 0.0D+00       20      103       20      200  S
      3      1   5.7333183650500330D-01 8.6D-09 0.0D+00 9.2D-09 0.0D+00       20      101       20      200  S
      3      1   5.7333183650482611D-01 8.6D-09 0.0D+00 6.2D-10 0.0D+00       20      104       20      200  S
      3      1   5.7333183650509068D-01 8.6D-09 0.0D+00 7.7D-09 0.0D+00       20      101       20      200  S
      3      1   5.7333183650495845D-01 8.6D-09 0.0D+00 8.8D-09 0.0D+00       20      103       20      200  S
      3      1   5.7333183650479591D-01 8.6D-09 0.0D+00 5.9D-09 0.0D+00       20      103       20      200  S
      3      1   5.7333183650488795D-01 8.6D-09 0.0D+00 5.0D-10 0.0D+00       20      102       20      200  S
      3      1   5.7333183650474162D-01 8.6D-09 0.0D+00 2.7D-09 0.0D+00       20      104       20      200  S
      3      1   5.7333183650486363D-01 8.6D-09 0.0D+00 3.0D-09 0.0D+00       20      102       20      200  S
      3      1   5.7333183650495601D-01 8.6D-09 0.0D+00 8.4D-09 0.0D+00       20      103       20      200  S
      3      1   5.7333217172167328D-01 8.4D-09 0.0D+00 6.8D-09 0.0D+00       20      103       20      200  S
      3      1   5.7333513602830688D-01 7.0D-09 0.0D+00 4.3D-09 0.0D+00       20       98       20      200  S
      3      1   5.7333183650491559D-01 8.6D-09 0.0D+00 2.8D-09 0.0D+00       20      102       20      200  S
      3      1   5.7333183650480812D-01 8.6D-09 0.0D+00 6.7D-09 0.0D+00       20      103       20      200  S
      3      1   5.7333183650494890D-01 8.6D-09 0.0D+00 4.0D-09 0.0D+00       20      105       20      200  S
      3      1   5.7333183650483188D-01 8.6D-09 0.0D+00 6.4D-09 0.0D+00       20      100       20      200  S
      3      1   5.7333475894868702D-01 7.2D-09 0.0D+00 7.2D-09 0.0D+00       20       98       20      200  S
      3      1   5.7333404742622474D-01 7.5D-09 0.0D+00 1.6D-09 0.0D+00       20      121       20      200  S
      3      1   5.7333183650507125D-01 8.6D-09 0.0D+00 7.8D-09 0.0D+00       20      102       20      200  S
      3      1   5.7333183650499497D-01 8.6D-09 0.0D+00 9.4D-09 0.0D+00       20      104       20      200  S
      3      1   5.7333344411583564D-01 7.8D-09 0.0D+00 9.2D-09 0.0D+00       20      111       20      200  S
      3      1   5.7333604487255219D-01 6.7D-09 0.0D+00 4.3D-09 0.0D+00       20      100       20      200  S
      3      1   5.7333183650510300D-01 8.6D-09 0.0D+00 2.3D-09 0.0D+00       20      103       20      200  S
      3      1   5.7333583054424242D-01 6.7D-09 0.0D+00 5.2D-09 0.0D+00       20       99       20      200  S
      3      1   5.7333198613778891D-01 8.5D-09 0.0D+00 6.3D-10 0.0D+00       20      102       20      193  S
      3      1   5.7333183651641773D-01 8.6D-09 0.0D+00 7.1D-09 0.0D+00       21      103       21      210  S
      3      1   5.7333209171853183D-01 8.4D-09 0.0D+00 8.9D-09 0.0D+00       20      103       20      200  S
      3      1   5.7333294514390210D-01 8.0D-09 0.0D+00 4.8D-09 0.0D+00       20      105       20      200  S
      3      1   5.7333305519690636D-01 8.0D-09 0.0D+00 6.2D-09 0.0D+00       20      104       20      200  S
      3      1   5.7333316385101696D-01 7.9D-09 0.0D+00 9.3D-09 0.0D+00       20      103       20      200  S
      3      1   5.7333327113755406D-01 7.9D-09 0.0D+00 3.2D-09 0.0D+00       20      120       20      200  S
      3      1   5.7333337708608567D-01 7.8D-09 0.0D+00 4.1D-09 0.0D+00       20      113       20      200  S
      3      1   5.7333183650492270D-01 8.6D-09 0.0D+00 3.6D-09 0.0D+00       20      100       20      200  S
      3      1   5.7333183650492314D-01 8.6D-09 0.0D+00 3.7D-09 0.0D+00       20      103       20      200  S
      3      1   5.7333368718796451D-01 7.7D-09 0.0D+00 7.2D-09 0.0D+00       20      111       20      200  S
      3      1   5.7333378806497115D-01 7.7D-09 0.0D+00 7.8D-09 0.0D+00       20      105       20      200  S
      3      1   5.7333388773987104D-01 7.6D-09 0.0D+00 2.1D-09 0.0D+00       20      120       20      200  S
      3      1   5.7333398623775500D-01 7.6D-09 0.0D+00 3.2D-09 0.0D+00       20      120       20      200  S
      3      1   5.7333408358301119D-01 7.5D-09 0.0D+00 9.6D-10 0.0D+00       20      123       20      200  S
      3      1   5.7333417979817236D-01 7.5D-09 0.0D+00 7.9D-09 0.0D+00       20      108       20      200  S
      3      1   5.7333183650480413D-01 8.6D-09 0.0D+00 6.2D-09 0.0D+00       20      103       20      200  S
      3      1   5.7333183651640296D-01 8.6D-09 0.0D+00 3.1D-09 0.0D+00       21      104       21      210  S
      3      1   5.7333475652926391D-01 7.2D-09 0.0D+00 9.1D-09 0.0D+00       20       98       20      200  S
      3      1   5.7333455382322129D-01 7.3D-09 0.0D+00 6.3D-09 0.0D+00       20      100       20      200  S
      3      1   5.7333183651640696D-01 8.6D-09 0.0D+00 1.7D-09 0.0D+00       21      106       21      210  S
      3      1   5.7333183650479536D-01 8.6D-09 0.0D+00 3.8D-09 0.0D+00       20      102       20      200  S
      3      1   5.7333183650478536D-01 8.6D-09 0.0D+00 7.0D-09 0.0D+00       20      103       20      200  S
      3      1   5.7333183650503972D-01 8.6D-09 0.0D+00 5.3D-09 0.0D+00       20      103       20      200  S
      3      1   5.7333183650477815D-01 8.6D-09 0.0D+00 7.5D-09 0.0D+00       20      103       20      200  S
      3      1   5.7333602231282188D-01 6.7D-09 0.0D+00 4.6D-09 0.0D+00       20      104       20      200  S
      3      1   5.7333183650483388D-01 8.6D-09 0.0D+00 9.7D-09 0.0D+00       20      104       20      200  S
      3      1   5.7333183650504449D-01 8.6D-09 0.0D+00 4.9D-09 0.0D+00       20      105       20      200  S
      3      1   5.7333183650498531D-01 8.6D-09 0.0D+00 4.9D-10 0.0D+00       20      101       20      200  S
      3      1   5.7333575852722340D-01 6.8D-09 0.0D+00 6.3D-09 0.0D+00       20       99       20      200  S
      3      1   5.7333183651632702D-01 8.6D-09 0.0D+00 1.0D-10 0.0D+00       21      103       21      210  S
      3      1   5.7333183651653596D-01 8.6D-09 0.0D+00 1.1D-09 0.0D+00       21      105       21      210  S
      3      1   5.7333437043916669D-01 7.4D-09 0.0D+00 2.7D-09 0.0D+00       20      108       20      200  S
      3      1   5.7333556833234134D-01 6.9D-09 0.0D+00 3.5D-09 0.0D+00       20       99       20      200  S
      3      1   5.7333582009301742D-01 6.8D-09 0.0D+00 5.5D-09 0.0D+00       20      100       20      200  S
      3      1   5.7333589775458760D-01 6.7D-09 0.0D+00 5.9D-09 0.0D+00       20       99       20      200  S
      3      1   5.7333597465420350D-01 6.7D-09 0.0D+00 4.4D-09 0.0D+00       20       99       20      200  S
      3      1   5.7333605080502026D-01 6.7D-09 0.0D+00 3.1D-09 0.0D+00       20       99       20      200  S
      3      1   5.7333612621952079D-01 6.6D-09 0.0D+00 7.1D-09 0.0D+00       20       99       20      200  S
      3      1   5.7333629652004314D-01 6.5D-09 0.0D+00 7.6D-09 0.0D+00       20      100       20      200  S
      3      1   5.7333183650482578D-01 8.6D-09 0.0D+00 5.0D-09 0.0D+00       20      103       20      200  S
      3      1   5.7333183651635866D-01 8.6D-09 0.0D+00 9.2D-09 0.0D+00       21      106       21      210  S
      3      1   5.7333183651659214D-01 8.6D-09 0.0D+00 2.6D-09 0.0D+00       21      106       21      210  S
      3      1   5.7333183650486896D-01 8.6D-09 0.0D+00 8.6D-09 0.0D+00       20      102       20      200  S
      3      1   5.7333183650483754D-01 8.6D-09 0.0D+00 4.6D-09 0.0D+00       20      104       20      200  S
      3      1   5.7333183650506259D-01 8.6D-09 0.0D+00 6.0D-09 0.0D+00       20      103       20      200  S
      3      1   5.7333183651637187D-01 8.6D-09 0.0D+00 1.9D-09 0.0D+00       21      105       21      210  S
      3      1   5.7333183650475972D-01 8.6D-09 0.0D+00 6.7D-09 0.0D+00       20      105       20      200  S
      3      1   5.7333626416225869D-01 6.6D-09 0.0D+00 4.0D-09 0.0D+00       20       99       20      200  S
      3      1   5.7333183650481934D-01 8.6D-09 0.0D+00 5.2D-09 0.0D+00       20      104       20      200  S
      3      1   5.7333183651664887D-01 8.6D-09 0.0D+00 4.8D-09 0.0D+00       21      106       21      210  S
      3      1   5.7333454142736806D-01 7.3D-09 0.0D+00 1.8D-09 0.0D+00       20      100       20      200  S
      3      1   5.7333183651667752D-01 8.6D-09 0.0D+00 9.3D-09 0.0D+00       21      104       21      210  S
      3      1   5.7333391935004341D-01 7.6D-09 0.0D+00 1.9D-09 0.0D+00       20      117       20      200  S
      3      1   5.7333183650508368D-01 8.6D-09 0.0D+00 8.1D-09 0.0D+00       20      104       20      200  S
      3      1   5.7333183650499031D-01 8.6D-09 0.0D+00 1.6D-09 0.0D+00       20      104       20      200  S
      3      1   5.7333206790214430D-01 8.5D-09 0.0D+00 5.5D-09 0.0D+00       20      104       20      200  S
      3      1   5.7333378771766519D-01 7.7D-09 0.0D+00 7.5D-09 0.0D+00       20      105       20      200  S
      3      1   5.7333183651661079D-01 8.6D-09 0.0D+00 7.5D-09 0.0D+00       21      107       21      210  S
      3      1   5.7333183650507935D-01 8.6D-09 0.0D+00 6.3D-09 0.0D+00       20      103       20      200  S
      3      1   5.7333316476749430D-01 7.9D-09 0.0D+00 4.7D-09 0.0D+00       20      103       20      200  S
      3      1   5.7333584277789706D-01 6.7D-09 0.0D+00 8.0D-09 0.0D+00       20       99       20      200  S
      3      1   5.7333183651634945D-01 8.6D-09 0.0D+00 7.0D-10 0.0D+00       21      106       21      210  S
      3      1   5.7333183650470343D-01 8.6D-09 0.0D+00 8.0D-11 0.0D+00       20      103       20      200  S
      3      1   5.7333183651651476D-01 8.6D-09 0.0D+00 5.1D-10 0.0D+00       21      109       21      210  S
      3      1   5.7333183650501685D-01 8.6D-09 0.0D+00 5.0D-09 0.0D+00       20      103       20      200  S
      3      1   5.7333183650507458D-01 8.6D-09 0.0D+00 5.7D-09 0.0D+00       20      103       20      200  S
      3      1   5.7333183650483832D-01 8.6D-09 0.0D+00 5.1D-10 0.0D+00       20      104       20      200  S
      3      1   5.7333183650486730D-01 8.6D-09 0.0D+00 4.0D-09 0.0D+00       20      105       20      200  S
      3      1   5.7333183650498398D-01 8.6D-09 0.0D+00 7.7D-09 0.0D+00       20      104       20      200  S
      3      1   5.7333430577666145D-01 7.4D-09 0.0D+00 6.5D-09 0.0D+00       20       97       20      200  S
      3      1   5.7333183651651076D-01 8.6D-09 0.0D+00 4.9D-09 0.0D+00       21      106       21      210  S
      3      1   5.7333183650493813D-01 8.6D-09 0.0D+00 2.5D-09 0.0D+00       20      102       20      200  S
      3      1   5.7333183650487274D-01 8.6D-09 0.0D+00 5.3D-09 0.0D+00       20      102       20      200  S
      3      1   5.7333183650501218D-01 8.6D-09 0.0D+00 1.6D-09 0.0D+00       20      103       20      200  S
      3      1   5.7333183650493669D-01 8.6D-09 0.0D+00 1.9D-09 0.0D+00       20      103       20      200  S
      3      1   5.7333183650481989D-01 8.6D-09 0.0D+00 6.2D-09 0.0D+00       20      103       20      200  S
      3      1   5.7333183650489772D-01 8.6D-09 0.0D+00 8.0D-09 0.0D+00       20      103       20      200  S
      3      1   5.7333183650488984D-01 8.6D-09 0.0D+00 1.6D-09 0.0D+00       20      103       20      200  S
      3      1   5.7333241557241499D-01 8.3D-09 0.0D+00 3.3D-09 0.0D+00       20      103       20      200  S
      3      1   5.7333530788193610D-01 7.0D-09 0.0D+00 5.4D-09 0.0D+00       20       99       20      200  S
      3      1   5.7333183651645758D-01 8.6D-09 0.0D+00 2.1D-09 0.0D+00       21      105       21      210  S
      3      1   5.7333605809309729D-01 6.6D-09 0.0D+00 7.3D-09 0.0D+00       20      103       20      200  S
      3      1   5.7333479316535196D-01 7.2D-09 0.0D+00 1.1D-09 0.0D+00       20      103       20      200  S
      3      1   5.7333183650485853D-01 8.6D-09 0.0D+00 5.3D-09 0.0D+00       20      102       20      200  S
      3      1   5.7333183650500741D-01 8.6D-09 0.0D+00 4.5D-09 0.0D+00       20      103       20      200  S
      3      1   5.7333424357167284D-01 7.4D-09 0.0D+00 7.5D-10 0.0D+00       20      107       20      200  S
      3      1   5.7333183650493769D-01 8.6D-09 0.0D+00 4.2D-09 0.0D+00       20      102       20      200  S
      3      1   5.7333183650501285D-01 8.6D-09 0.0D+00 9.8D-09 0.0D+00       20      102       20      200  S
      3      1   5.7333203054200810D-01 8.5D-09 0.0D+00 7.8D-09 0.0D+00       20      101       20      200  S
      3      1   5.7333183650486719D-01 8.6D-09 0.0D+00 6.4D-09 0.0D+00       20      103       20      200  S
      3      1   5.7333183650485997D-01 8.6D-09 0.0D+00 7.7D-10 0.0D+00       20      105       20      200  S
      3      1   5.7333302157763877D-01 8.0D-09 0.0D+00 3.5D-09 0.0D+00       20      105       20      200  S
      3      1   5.7333250943899550D-01 8.2D-09 0.0D+00 4.6D-10 0.0D+00       20      103       20      200  S
      3      1   5.7333183650515651D-01 8.6D-09 0.0D+00 9.2D-09 0.0D+00       20      104       20      200  S
      3      1   5.7333233777830694D-01 8.3D-09 0.0D+00 8.5D-09 0.0D+00       20      101       20      200  S
      3      1   5.7333285206198736D-01 8.1D-09 0.0D+00 8.3D-10 0.0D+00       20      104       20      200  S
      3      1   5.7333296330876593D-01 8.0D-09 0.0D+00 1.2D-09 0.0D+00       20      103       20      200  S
      3      1   5.7333307312987547D-01 8.0D-09 0.0D+00 5.9D-09 0.0D+00       20      104       20      200  S
      3      1   5.7333318155755264D-01 7.9D-09 0.0D+00 5.9D-10 0.0D+00       20      104       20      200  S
      3      1   5.7333328862234778D-01 7.9D-09 0.0D+00 2.2D-09 0.0D+00       20      118       20      200  S
      3      1   5.7333183650494579D-01 8.6D-09 0.0D+00 7.0D-09 0.0D+00       20      104       20      200  S
      3      1   5.7333418090697286D-01 7.5D-09 0.0D+00 7.4D-09 0.0D+00       20      109       20      200  S
      3      1   5.7333183651637598D-01 8.6D-09 0.0D+00 9.4D-09 0.0D+00       21      106       21      210  S
      3      1   5.7333370383243021D-01 7.7D-09 0.0D+00 6.4D-09 0.0D+00       20      107       20      200  S
      3      1   5.7333380451037863D-01 7.6D-09 0.0D+00 6.4D-10 0.0D+00       20      104       20      200  S
      3      1   5.7333390399040440D-01 7.6D-09 0.0D+00 2.1D-09 0.0D+00       20      121       20      200  S
      3      1   5.7333400229738818D-01 7.6D-09 0.0D+00 2.1D-09 0.0D+00       20      117       20      200  S
      3      1   5.7333409945532143D-01 7.5D-09 0.0D+00 1.4D-09 0.0D+00       20      108       20      200  S
      3      1   5.7333183650482722D-01 8.6D-09 0.0D+00 2.6D-10 0.0D+00       20      105       20      200  S
      3      1   5.7333183650505148D-01 8.6D-09 0.0D+00 5.1D-09 0.0D+00       20      104       20      200  S
      3      1   5.7333225928410791D-01 8.4D-09 0.0D+00 5.5D-10 0.0D+00       20      106       20      200  S
      3      1   5.7333519761063734D-01 7.0D-09 0.0D+00 3.5D-09 0.0D+00       20       99       20      200  S
      3      1   5.7333183651652608D-01 8.6D-09 0.0D+00 8.5D-10 0.0D+00       21      110       21      210  S
      3      1   5.7333183650498354D-01 8.6D-09 0.0D+00 2.7D-09 0.0D+00       20      103       20      200  S
      3      1   5.7333380474587103D-01 7.6D-09 0.0D+00 8.4D-09 0.0D+00       20      107       20      200  S
      3      1   5.7333544368682454D-01 6.9D-09 0.0D+00 5.1D-09 0.0D+00       20      102       20      200  S
      3      1   5.7333485035002552D-01 7.2D-09 0.0D+00 8.0D-09 0.0D+00       20       99       20      200  S
      3      1   5.7333546113568601D-01 6.9D-09 0.0D+00 6.2D-09 0.0D+00       20       99       20      200  S
      3      1   5.7333183650500408D-01 8.6D-09 0.0D+00 3.9D-09 0.0D+00       20      102       20      200  S
      3      1   5.7333518359740065D-01 7.0D-09 0.0D+00 3.9D-09 0.0D+00       20       99       20      200  S
      3      1   5.7333323931832325D-01 7.9D-09 0.0D+00 9.0D-09 0.0D+00       20      118       20      200  S
      3      1   5.7333183651638397D-01 8.6D-09 0.0D+00 8.8D-09 0.0D+00       21      106       21      210  S
      3      1   5.7333183650490327D-01 8.6D-09 0.0D+00 8.5D-09 0.0D+00       20      102       20      200  S
      3      1   5.7333551488577672D-01 6.9D-09 0.0D+00 9.8D-09 0.0D+00       20       99       20      200  S
      3      1   5.7333265427062063D-01 8.2D-09 0.0D+00 1.4D-09 0.0D+00       20      104       20      200  S
      3      1   5.7333567549156961D-01 6.8D-09 0.0D+00 7.0D-09 0.0D+00       20      100       20      200  S
      3      1   5.7333575458717434D-01 6.8D-09 0.0D+00 7.6D-09 0.0D+00       20      100       20      200  S
      3      1   5.7333583289535539D-01 6.7D-09 0.0D+00 2.2D-09 0.0D+00       20      100       20      200  S
      3      1   5.7333591043122145D-01 6.7D-09 0.0D+00 7.6D-09 0.0D+00       20       99       20      200  S
      3      1   5.7333598720683765D-01 6.7D-09 0.0D+00 9.3D-09 0.0D+00       20      100       20      200  S
      3      1   5.7333606323619457D-01 6.6D-09 0.0D+00 6.1D-09 0.0D+00       20      101       20      200  S
      3      1   5.7333183650496944D-01 8.6D-09 0.0D+00 8.0D-09 0.0D+00       20      103       20      200  S
      3      1   5.7333567301956101D-01 6.8D-09 0.0D+00 4.0D-09 0.0D+00       20       98       20      200  S
      3      1   5.7333314994794427D-01 7.9D-09 0.0D+00 2.4D-09 0.0D+00       20      102       20      200  S
      3      1   5.7333183651651320D-01 8.6D-09 0.0D+00 4.0D-10 0.0D+00       21      105       21      210  S
      3      1   5.7333183651635322D-01 8.6D-09 0.0D+00 9.6D-09 0.0D+00       21      105       21      210  S
      3      1   5.7333183651657649D-01 8.6D-09 0.0D+00 8.2D-09 0.0D+00       21      103       21      210  S
      3      1   5.7333183651636499D-01 8.6D-09 0.0D+00 3.8D-09 0.0D+00       21      105       21      210  S
      3      1   5.7333183651657149D-01 8.6D-09 0.0D+00 6.0D-09 0.0D+00       21      106       21      210  S
      3      1   5.7333183650483022D-01 8.6D-09 0.0D+00 6.7D-10 0.0D+00       20      102       20      200  S
      3      1   5.7333183650501074D-01 8.6D-09 0.0D+00 5.4D-09 0.0D+00       20      104       20      200  S
      3      1   5.7333183650492647D-01 8.6D-09 0.0D+00 3.6D-09 0.0D+00       20      104       20      200  S
      3      1   5.7333183650480724D-01 8.6D-09 0.0D+00 1.4D-09 0.0D+00       20      103       20      200  S
      3      1   5.7333472544670294D-01 7.2D-09 0.0D+00 8.0D-09 0.0D+00       20       97       20      200  S
      3      1   5.7333183651637776D-01 8.6D-09 0.0D+00 8.0D-09 0.0D+00       21      105       21      210  S
      3      1   5.7333183650484809D-01 8.6D-09 0.0D+00 5.6D-09 0.0D+00       20      104       20      200  S
      3      1   5.7333455625809626D-01 7.3D-09 0.0D+00 3.2D-09 0.0D+00       20       99       20      200  S
      3      1   5.7333183651666320D-01 8.6D-09 0.0D+00 5.8D-09 0.0D+00       21      105       21      210  S
      3      1   5.7333183650485620D-01 8.6D-09 0.0D+00 5.7D-09 0.0D+00       20      104       20      200  S
      3      1   5.7333554035959688D-01 6.9D-09 0.0D+00 4.1D-09 0.0D+00       20       98       20      200  S
      3      1   5.7333183650500685D-01 8.6D-09 0.0D+00 6.5D-09 0.0D+00       20      103       20      200  S
      3      1   5.7333183650491526D-01 8.6D-09 0.0D+00 1.3D-09 0.0D+00       20      103       20      200  S
      3      1   5.7333404745282313D-01 7.5D-09 0.0D+00 5.5D-09 0.0D+00       20      123       20      200  S
      3      1   5.7333183650506814D-01 8.6D-09 0.0D+00 7.4D-10 0.0D+00       20      103       20      200  S
      3      1   5.7333287768347818D-01 8.1D-09 0.0D+00 1.1D-08 0.0D+00       21      110       21      210  S
      3      1   5.7333272781472711D-01 8.1D-09 0.0D+00 8.6D-09 0.0D+00       20      103       20      200  S
      3      1   5.7333183651650999D-01 8.6D-09 0.0D+00 9.3D-09 0.0D+00       21      110       21      210  S
      3      1   5.7333183650504915D-01 8.6D-09 0.0D+00 4.1D-09 0.0D+00       20      105       20      200  S
      3      1   5.7333183650488007D-01 8.6D-09 0.0D+00 1.3D-09 0.0D+00       20      102       20      200  S
      3      1   5.7333183650487118D-01 8.6D-09 0.0D+00 9.2D-09 0.0D+00       20      103       20      200  S
      3      1   5.7333183650484387D-01 8.6D-09 0.0D+00 4.6D-09 0.0D+00       20      103       20      200  S
      3      1   5.7333183650482755D-01 8.6D-09 0.0D+00 2.9D-10 0.0D+00       20      100       20      200  S
      3      1   5.7333183650515018D-01 8.6D-09 0.0D+00 9.1D-09 0.0D+00       20      103       20      200  S
      3      1   5.7333411681701363D-01 7.5D-09 0.0D+00 5.1D-10 0.0D+00       20      108       20      200  S
      3      1   5.7333627919143160D-01 6.6D-09 0.0D+00 5.1D-09 0.0D+00       20       99       20      200  S
      3      1   5.7333183650499608D-01 8.6D-09 0.0D+00 5.2D-09 0.0D+00       20      104       20      200  S
      3      1   5.7333183650509001D-01 8.6D-09 0.0D+00 7.3D-09 0.0D+00       20      103       20      200  S
      3      1   5.7333183650492070D-01 8.6D-09 0.0D+00 2.5D-09 0.0D+00       20      101       20      200  S
      3      1   5.7333331292006495D-01 7.9D-09 0.0D+00 4.6D-09 0.0D+00       20      127       20      200  S
      3      1   5.7333594978049629D-01 6.7D-09 0.0D+00 7.7D-09 0.0D+00       20      100       20      200  S
      3      1   5.7333330900935464D-01 7.9D-09 0.0D+00 3.0D-09 0.0D+00       20      123       20      200  S
      3      1   5.7333269098344419D-01 8.2D-09 0.0D+00 9.6D-09 0.0D+00       20      103       20      200  S
      3      1   5.7333547611545566D-01 6.9D-09 0.0D+00 2.5D-09 0.0D+00       20       99       20      200  S
      3      1   5.7333183650478281D-01 8.6D-09 0.0D+00 6.3D-09 0.0D+00       20      104       20      200  S
      3      1   5.7333193808713878D-01 8.5D-09 0.0D+00 4.7D-09 0.0D+00       20      102       20      193  S
      3      1   5.7333497241430065D-01 7.1D-09 0.0D+00 1.3D-08 0.0D+00       21      105       21      210  S
      3      1   5.7333183650480768D-01 8.6D-09 0.0D+00 4.7D-09 0.0D+00       20      105       20      200  S
      3      1   5.7333183650499575D-01 8.6D-09 0.0D+00 9.6D-09 0.0D+00       20      103       20      200  S
      3      1   5.7333443517572358D-01 7.4D-09 0.0D+00 5.3D-09 0.0D+00       20       98       20      200  S
      3      1   5.7333300289259537D-01 8.0D-09 0.0D+00 5.2D-10 0.0D+00       20      106       20      200  S
      3      1   5.7333183650485131D-01 8.6D-09 0.0D+00 4.3D-09 0.0D+00       20      103       20      200  S
      3      1   5.7333192708385461D-01 8.5D-09 0.0D+00 2.9D-10 0.0D+00       20      103       20      193  S
      3      1   5.7333205072089655D-01 8.5D-09 0.0D+00 6.2D-09 0.0D+00       20      103       20      193  S
      3      1   5.7333217264462910D-01 8.4D-09 0.0D+00 8.2D-09 0.0D+00       20      103       20      200  S
      3      1   5.7333229289707810D-01 8.4D-09 0.0D+00 7.8D-09 0.0D+00       20      103       20      200  S
      3      1   5.7333589912992089D-01 6.7D-09 0.0D+00 2.6D-09 0.0D+00       20       98       20      200  S
      3      1   5.7333183650475938D-01 8.6D-09 0.0D+00 1.6D-09 0.0D+00       20      103       20      200  S
      3      1   5.7333264401279826D-01 8.2D-09 0.0D+00 6.1D-09 0.0D+00       20      106       20      200  S
      3      1   5.7333275796176109D-01 8.1D-09 0.0D+00 1.1D-09 0.0D+00       20      104       20      200  S
      3      1   5.7333287042468051D-01 8.1D-09 0.0D+00 8.1D-09 0.0D+00       20      103       20      200  S
      3      1   5.7333298143468336D-01 8.0D-09 0.0D+00 1.9D-09 0.0D+00       20      105       20      200  S
      3      1   5.7333309102533636D-01 8.0D-09 0.0D+00 3.7D-09 0.0D+00       20      103       20      200  S
      3      1   5.7333319922693537D-01 7.9D-09 0.0D+00 3.7D-09 0.0D+00       20      122       20      200  S
      3      1   5.7333183650495756D-01 8.6D-09 0.0D+00 2.4D-09 0.0D+00       20      104       20      200  S
      3      1   5.7333437394466513D-01 7.4D-09 0.0D+00 4.5D-09 0.0D+00       20      110       20      200  S
      3      1   5.7333183651651620D-01 8.6D-09 0.0D+00 3.9D-10 0.0D+00       21      105       21      210  S
