 no information
      7      1   4.1393559528756957D-01 6.4D-09 0.0D+00 4.9D-09 0.0D+00       23      159       23      230  S
      7      1   4.1393559528515850D-01 6.4D-09 0.0D+00 2.3D-07 0.0D+00       25      160       25      250  S
      7      1   4.1393559528430912D-01 6.4D-09 0.0D+00 3.1D-07 0.0D+00       24      158       24      240  S
      7      1   3.8119334674851885D-01 8.4D-09 0.0D+00 7.2D-09 0.0D+00       20      125       20      200  S
      7      1   3.8119334673482269D-01 8.4D-09 0.0D+00 5.1D-09 0.0D+00       20      128       20      200  S
      7      1   3.8119334674944522D-01 8.4D-09 0.0D+00 1.4D-09 0.0D+00       20      137       20      200  S
      7      1   3.8119334673500560D-01 8.4D-09 0.0D+00 3.2D-09 0.0D+00       20      137       20      200  S
      7      1   3.8119334672862470D-01 8.4D-09 0.0D+00 3.0D-07 0.0D+00       22      150       22      220  S
      7      1   4.1393559528423401D-01 6.4D-09 0.0D+00 3.0D-07 0.0D+00       22      139       22      220  S
      7      1   3.3630099734578961D-01 2.5D-02 0.0D+00 2.0D-01 0.0D+00        1       10        2       20  F
      7      1   4.1393559528675156D-01 6.4D-09 0.0D+00 4.7D-08 0.0D+00       22      131       22      220  S
      7      1   3.8119334712207587D-01 8.4D-09 0.0D+00 2.4D-07 0.0D+00       22      165       22      220  S
      7      1   4.1393559528772422D-01 6.4D-09 0.0D+00 8.7D-09 0.0D+00       21      147       21      210  S
      7      1   4.1393559528725143D-01 6.4D-09 0.0D+00 7.7D-10 0.0D+00       21      135       21      210  S
      7      1   3.8119334674909272D-01 8.4D-09 0.0D+00 5.1D-09 0.0D+00       22      145       22      220  S
      7      1   3.8119334672841448D-01 8.4D-09 0.0D+00 3.2D-07 0.0D+00       23      163       23      230  S
      7      1   4.1393559528776119D-01 6.4D-09 0.0D+00 1.1D-10 0.0D+00       23      151       23      230  S
      7      1   3.8119334674836441D-01 8.4D-09 0.0D+00 8.2D-09 0.0D+00       20      128       20      200  S
      7      1   3.8119334674935218D-01 8.4D-09 0.0D+00 1.3D-08 0.0D+00       21      155       21      210  S
      7      1   4.1393559528758528D-01 6.4D-09 0.0D+00 5.4D-10 0.0D+00       22      132       22      220  S
      7      1   3.8119334673279476D-01 8.4D-09 0.0D+00 1.6D-07 0.0D+00       21      150       21      210  S
      7      1   4.1393559528747181D-01 6.4D-09 0.0D+00 9.6D-09 0.0D+00       22      149       22      220  S
      7      1   3.8119334674880712D-01 8.4D-09 0.0D+00 6.5D-09 0.0D+00       20      136       20      200  S
      7      1   3.8119334673493255D-01 8.4D-09 0.0D+00 8.1D-09 0.0D+00       20      126       20      200  S
      7      1   3.8119334673480149D-01 8.4D-09 0.0D+00 6.3D-10 0.0D+00       21      127       21      210  S
      7      1   4.1663917757313224D-01 8.9D-09 0.0D+00 9.9D-09 0.0D+00       21      155       21      210  S
      7      1   4.1393559528545981D-01 6.4D-09 0.0D+00 1.7D-07 0.0D+00       24      152       24      240  S
      7      1   3.8119334674855943D-01 8.4D-09 0.0D+00 5.8D-09 0.0D+00       20      159       20      200  S
      7      1   3.8119334673512689D-01 8.4D-09 0.0D+00 8.3D-10 0.0D+00       20      142       20      200  S
      7      1   4.1393559528365215D-01 6.4D-09 0.0D+00 3.5D-07 0.0D+00       23      144       23      230  S
      7      1   3.8119334674573813D-01 8.4D-09 0.0D+00 1.3D-07 0.0D+00       21      145       21      210  S
      7      1   3.8119334673472821D-01 8.4D-09 0.0D+00 3.5D-09 0.0D+00       20      159       20      200  S
      7      1   4.1663917757269142D-01 8.9D-09 0.0D+00 9.4D-09 0.0D+00       21      138       21      210  S
      7      1   3.8119334673516314D-01 8.4D-09 0.0D+00 6.0D-10 0.0D+00       20      134       20      200  S
      7      1   4.1393559528587232D-01 6.4D-09 0.0D+00 1.6D-07 0.0D+00       25      163       25      250  S
      7      1   4.9201975353769617D-01 9.0D-09 0.0D+00 1.6D-07 0.0D+00       23      166       23      230  S
      7      1   4.3150215194971769D-01 3.6D-06 0.0D+00 3.1D-01 0.0D+00        2       16        3       30  F
      7      1   3.8119334674553246D-01 8.4D-09 0.0D+00 1.6D-07 0.0D+00       21      153       21      210  S
      7      1   3.8119334673565652D-01 8.4D-09 0.0D+00 9.4D-10 0.0D+00       20      134       20      200  S
      7      1   3.8119334674300570D-01 8.4D-09 0.0D+00 2.9D-07 0.0D+00       21      176       21      210  S
      7      1   3.8119334674897093D-01 8.4D-09 0.0D+00 6.6D-09 0.0D+00       20      152       20      200  S
      7      1   4.1393559528393936D-01 6.4D-09 0.0D+00 3.2D-07 0.0D+00       23      157       23      230  S
      7      1   4.1393559528769763D-01 6.4D-09 0.0D+00 3.0D-09 0.0D+00       22      147       22      220  S
      7      1   4.1393559528475621D-01 6.4D-09 0.0D+00 2.6D-07 0.0D+00       24      146       24      240  S
      7      1   3.8119334674940164D-01 8.4D-09 0.0D+00 2.0D-09 0.0D+00       20      149       20      200  S
 no information
      7      1   3.8119334674827471D-01 8.4D-09 0.0D+00 5.0D-09 0.0D+00       20      133       20      200  S
      7      1   4.1663917757039198D-01 8.9D-09 0.0D+00 1.1D-07 0.0D+00       23      167       23      230  S
      7      1   3.8119334673594635D-01 8.4D-09 0.0D+00 9.7D-09 0.0D+00       20      135       20      200  S
      7      1   3.8119334673582500D-01 8.4D-09 0.0D+00 3.1D-09 0.0D+00       20      146       20      200  S
      7      1   3.8119334673470845D-01 8.4D-09 0.0D+00 8.8D-09 0.0D+00       20      125       20      200  S
      7      1   4.1393559528802826D-01 6.4D-09 0.0D+00 6.6D-09 0.0D+00       23      156       23      230  S
      7      1   3.8119334673467359D-01 8.4D-09 0.0D+00 3.1D-09 0.0D+00       21      155       21      210  S
      7      1   4.1393559528751456D-01 6.4D-09 0.0D+00 9.4D-09 0.0D+00       22      150       22      220  S
      7      1   4.1393559528754070D-01 6.4D-09 0.0D+00 5.1D-09 0.0D+00       21      155       21      210  S
      7      1   4.1393559528770896D-01 6.4D-09 0.0D+00 5.4D-09 0.0D+00       23      148       23      230  S
      7      1   4.1393559528752294D-01 6.4D-09 0.0D+00 4.9D-09 0.0D+00       21      152       21      210  S
      7      1   3.8119334712800662D-01 8.4D-09 0.0D+00 2.2D-09 0.0D+00       21      154       21      210  S
      7      1   4.1751248261321838D-01 8.6D-09 0.0D+00 1.0D-09 0.0D+00       21      145       21      210  S
      7      1   3.8119334674382821D-01 8.4D-09 0.0D+00 2.4D-07 0.0D+00       21      142       21      210  S
      7      1   4.1663917756918739D-01 8.9D-09 0.0D+00 1.5D-07 0.0D+00       23      151       23      230  S
      7      1   4.1393559528652119D-01 6.4D-09 0.0D+00 4.1D-09 0.0D+00       21      176       21      210  S
      7      1   3.8119334673500377D-01 8.4D-09 0.0D+00 3.8D-09 0.0D+00       20      147       20      200  S
      7      1   4.1393559528796725D-01 6.4D-09 0.0D+00 9.4D-10 0.0D+00       22      182       22      220  S
      7      1   3.8119334674844441D-01 8.4D-09 0.0D+00 4.3D-09 0.0D+00       20      126       20      200  S
      7      1   4.1393559528766083D-01 6.4D-09 0.0D+00 1.0D-09 0.0D+00       23      152       23      230  S
      7      1   4.1751248261232243D-01 8.6D-09 0.0D+00 2.1D-09 0.0D+00       20      145       20      200  S
      7      1   3.8119334673492794D-01 8.4D-09 0.0D+00 1.2D-09 0.0D+00       21      135       21      210  S
      7      1   4.1393559528596807D-01 6.4D-09 0.0D+00 1.3D-07 0.0D+00       23      172       23      230  S
      7      1   4.1393559528803203D-01 6.4D-09 0.0D+00 2.7D-10 0.0D+00       22      134       22      220  S
      7      1   4.1393559528779272D-01 6.4D-09 0.0D+00 9.5D-09 0.0D+00       21      138       21      210  S
      7      1   4.1393559528760909D-01 6.4D-09 0.0D+00 3.2D-09 0.0D+00       22      152       22      220  S
      7      1   4.1393559528475898D-01 6.4D-09 0.0D+00 3.1D-07 0.0D+00       23      161       23      230  S
      7      1   4.1393559528772556D-01 6.4D-09 0.0D+00 6.0D-09 0.0D+00       23      142       23      230  S
      7      1   3.8119334673523741D-01 8.4D-09 0.0D+00 2.1D-09 0.0D+00       20      136       20      200  S
      7      1   3.8119334673463107D-01 8.4D-09 0.0D+00 3.8D-09 0.0D+00       20      132       20      200  S
      7      1   4.1751248260782897D-01 8.6D-09 0.0D+00 2.3D-07 0.0D+00       23      143       23      230  S
      7      1   4.1393559528778479D-01 6.4D-09 0.0D+00 6.3D-09 0.0D+00       21      135       21      210  S
      7      1   4.1393559528588192D-01 6.4D-09 0.0D+00 1.6D-07 0.0D+00       24      147       24      240  S
      7      1   4.9972970223146290D-01 5.5D-02 0.0D+00 1.0D+00 0.0D+00        0        0        1       10  F
      7      1   4.1751248260728790D-01 8.6D-09 0.0D+00 2.3D-07 0.0D+00       21      146       21      210  S
      7      1   3.8119334674845951D-01 8.4D-09 0.0D+00 7.4D-10 0.0D+00       20      166       20      200  S
      7      1   3.8119334674871774D-01 8.4D-09 0.0D+00 9.8D-09 0.0D+00       20      140       20      200  S
      7      1   4.1393559528734303D-01 6.4D-09 0.0D+00 1.2D-09 0.0D+00       21      164       21      210  S
      7      1   3.8119334673545308D-01 8.4D-09 0.0D+00 4.4D-09 0.0D+00       20      148       20      200  S
      7      1   3.8119334673486066D-01 8.4D-09 0.0D+00 1.6D-08 0.0D+00       22      178       22      220  S
      7      1   4.1393559528664658D-01 6.4D-09 0.0D+00 1.2D-07 0.0D+00       24      167       24      240  S
      7      1   4.1393559528766388D-01 6.4D-09 0.0D+00 7.0D-09 0.0D+00       23      142       23      230  S
      7      1   4.1751248261245549D-01 8.6D-09 0.0D+00 2.0D-09 0.0D+00       20      137       20      200  S
      7      1   4.1751248259690016D-01 8.6D-09 0.0D+00 7.5D-08 0.0D+00       21      148       21      210  S
      7      1   4.1751248260677903D-01 8.6D-09 0.0D+00 2.6D-07 0.0D+00       21      151       21      210  S
      7      1   3.8119334673568395D-01 8.4D-09 0.0D+00 4.9D-09 0.0D+00       20      147       20      200  S
      7      1   4.1393559528811985D-01 6.4D-09 0.0D+00 9.1D-10 0.0D+00       21      148       21      210  S
      7      1   3.8119334674897587D-01 8.4D-09 0.0D+00 3.3D-09 0.0D+00       20      144       20      200  S
      7      1   3.8119334673480321D-01 8.4D-09 0.0D+00 1.1D-08 0.0D+00       22      140       22      220  S
      7      1   4.1751248261442347D-01 8.6D-09 0.0D+00 4.5D-09 0.0D+00       22      159       22      220  S
      7      1   4.1393559528736645D-01 6.4D-09 0.0D+00 4.4D-09 0.0D+00       21      139       21      210  S
      7      1   4.1393559528592838D-01 6.4D-09 0.0D+00 1.6D-07 0.0D+00       22      138       22      220  S
      7      1   4.1393559528769913D-01 6.4D-09 0.0D+00 3.6D-09 0.0D+00       23      153       23      230  S
      7      1   4.1393559528389162D-01 6.4D-09 0.0D+00 3.5D-07 0.0D+00       24      163       24      240  S
      7      1   3.8119334673514560D-01 8.4D-09 0.0D+00 4.0D-09 0.0D+00       20      131       20      200  S
      7      1   4.1393559528375484D-01 6.4D-09 0.0D+00 3.5D-07 0.0D+00       23      137       23      230  S
      7      1   4.1393559528743584D-01 6.4D-09 0.0D+00 5.0D-09 0.0D+00       21      135       21      210  S
      7      1   3.8119334674443367D-01 8.4D-09 0.0D+00 2.2D-07 0.0D+00       21      138       21      210  S
      7      1   3.8119334673546412D-01 8.4D-09 0.0D+00 3.8D-09 0.0D+00       20      146       20      200  S
      7      1   4.1393559528767371D-01 6.4D-09 0.0D+00 1.8D-08 0.0D+00       24      175       24      240  S
      7      1   4.1393559528806856D-01 6.4D-09 0.0D+00 1.2D-09 0.0D+00       22      135       22      220  S
      7      1   4.1393559528354795D-01 6.4D-09 0.0D+00 3.4D-07 0.0D+00       22      151       22      220  S
      7      1   1.8945410258767090D-01 5.0D-01 0.0D+00 1.0D+00 0.0D+00        0        0        1       10  F
      7      1   3.8119334674429034D-01 8.4D-09 0.0D+00 2.2D-07 0.0D+00       22      155       22      220  S
      7      1   4.1393559528799967D-01 6.4D-09 0.0D+00 3.6D-09 0.0D+00       22      143       22      220  S
      7      1   4.1393559528757945D-01 6.4D-09 0.0D+00 1.8D-09 0.0D+00       22      140       22      220  S
      7      1   4.1393559528761692D-01 6.4D-09 0.0D+00 4.6D-09 0.0D+00       21      150       21      210  S
      7      1   3.8119334673488414D-01 8.4D-09 0.0D+00 1.7D-08 0.0D+00       22      160       22      220  S
      7      1   3.8119334674954597D-01 8.4D-09 0.0D+00 5.0D-09 0.0D+00       20      129       20      200  S
      7      1   4.1393559528591001D-01 6.4D-09 0.0D+00 1.3D-07 0.0D+00       22      158       22      220  S
      7      1   3.8119334673496907D-01 8.4D-09 0.0D+00 3.2D-09 0.0D+00       20      123       20      200  S
      7      1   4.1393559528797469D-01 6.4D-09 0.0D+00 1.6D-08 0.0D+00       24      166       24      240  S
      7      1   4.1393559528587648D-01 6.4D-09 0.0D+00 1.5D-07 0.0D+00       24      143       24      240  S
      7      1   4.1393559528752294D-01 6.4D-09 0.0D+00 1.9D-08 0.0D+00       22      150       22      220  S
      7      1   3.8119334673190708D-01 8.4D-09 0.0D+00 1.3D-07 0.0D+00       22      166       22      220  S
      7      1   3.8119334674945726D-01 8.4D-09 0.0D+00 9.9D-09 0.0D+00       20      158       20      200  S
      7      1   4.1393559528747542D-01 6.4D-09 0.0D+00 2.0D-08 0.0D+00       22      151       22      220  S
      7      1   4.1393559528754909D-01 6.4D-09 0.0D+00 1.3D-09 0.0D+00       22      146       22      220  S
      7      1   3.8119334673537425D-01 8.4D-09 0.0D+00 9.6D-09 0.0D+00       21      149       21      210  S
      7      1   3.9871736198363966D-01 2.4D-02 0.0D+00 5.8D-01 0.0D+00        1       10        2       20  F
      7      1   3.8119334673524763D-01 8.4D-09 0.0D+00 5.5D-09 0.0D+00       20      140       20      200  S
      7      1   3.8119334673488547D-01 8.4D-09 0.0D+00 5.7D-09 0.0D+00       20      136       20      200  S
      7      1   4.1393559528633844D-01 6.4D-09 0.0D+00 8.1D-08 0.0D+00       22      134       22      220  S
      7      1   4.1393559528523471D-01 6.4D-09 0.0D+00 2.0D-07 0.0D+00       23      166       23      230  S
      7      1   4.1393559528783447D-01 6.4D-09 0.0D+00 2.9D-09 0.0D+00       21      151       21      210  S
      7      1   3.8119334673493294D-01 8.4D-09 0.0D+00 1.3D-09 0.0D+00       20      152       20      200  S
      7      1   3.8119334673357169D-01 8.4D-09 0.0D+00 7.1D-08 0.0D+00       21      166       21      210  S
      7      1   3.8119334674431876D-01 8.4D-09 0.0D+00 2.1D-07 0.0D+00       21      137       21      210  S
      7      1   4.1393559528740076D-01 6.4D-09 0.0D+00 3.4D-09 0.0D+00       22      136       22      220  S
      7      1   3.8119334674368816D-01 8.4D-09 0.0D+00 2.4D-07 0.0D+00       21      134       21      210  S
      7      1   3.8119334674383976D-01 8.4D-09 0.0D+00 2.8D-07 0.0D+00       21      149       21      210  S
      7      1   4.1393559528743684D-01 6.4D-09 0.0D+00 2.7D-09 0.0D+00       22      147       22      220  S
      7      1   4.3147873524809716D-01 3.9D-06 0.0D+00 3.1D-01 0.0D+00        2       20        3       30  F
      7      1   4.1393559528744084D-01 6.4D-09 0.0D+00 1.0D-08 0.0D+00       23      145       23      230  S
      7      1   4.1393559528768364D-01 6.4D-09 0.0D+00 6.3D-10 0.0D+00       22      152       22      220  S
      7      1   4.1393559528763035D-01 6.4D-09 0.0D+00 9.5D-09 0.0D+00       21      144       21      210  S
      7      1   4.1751248260797302D-01 8.6D-09 0.0D+00 2.5D-07 0.0D+00       21      135       21      210  S
      7      1   3.8119334674271987D-01 8.4D-09 0.0D+00 3.3D-07 0.0D+00       22      140       22      220  S
      7      1   3.8119334673470179D-01 8.4D-09 0.0D+00 2.1D-09 0.0D+00       20      136       20      200  S
      7      1   4.1393559528465057D-01 6.4D-09 0.0D+00 2.6D-07 0.0D+00       23      144       23      230  S
      7      1   4.1393559528563806D-01 6.4D-09 0.0D+00 1.6D-07 0.0D+00       24      142       24      240  S
      7      1   3.8119334673480854D-01 8.4D-09 0.0D+00 1.1D-09 0.0D+00       20      146       20      200  S
      7      1   4.1393559528746426D-01 6.4D-09 0.0D+00 6.1D-09 0.0D+00       21      129       21      210  S
      7      1   3.8119334674898842D-01 8.4D-09 0.0D+00 4.2D-09 0.0D+00       20      135       20      200  S
      7      1   3.8119334673488930D-01 8.4D-09 0.0D+00 7.7D-09 0.0D+00       20      124       20      200  S
      7      1   4.1393559528817142D-01 6.4D-09 0.0D+00 4.3D-09 0.0D+00       22      144       22      220  S
      7      1   4.1393559528757085D-01 6.4D-09 0.0D+00 9.2D-10 0.0D+00       22      118       22      220  S
      7      1   4.1393559528783125D-01 6.4D-09 0.0D+00 3.1D-09 0.0D+00       23      145       23      230  S
      7      1   4.1393559528746987D-01 6.4D-09 0.0D+00 4.1D-09 0.0D+00       22      126       22      220  S
      7      1   4.1393559528771917D-01 6.4D-09 0.0D+00 5.6D-09 0.0D+00       21      141       21      210  S
      7      1   4.1393559528402596D-01 6.4D-09 0.0D+00 3.5D-07 0.0D+00       24      155       24      240  S
      7      1   3.8119334673084504D-01 8.4D-09 0.0D+00 2.0D-07 0.0D+00       22      205       22      220  S
      7      1   4.9201975354122712D-01 9.0D-09 0.0D+00 6.6D-09 0.0D+00       22      168       22      220  S
 no information
      7      1   4.1393559528757579D-01 6.4D-09 0.0D+00 1.5D-09 0.0D+00       21      159       21      210  S
      7      1   3.8119334674836769D-01 8.4D-09 0.0D+00 3.4D-09 0.0D+00       20      127       20      200  S
      7      1   4.1393559528635820D-01 6.4D-09 0.0D+00 1.6D-07 0.0D+00       25      167       25      250  S
      7      1   4.1393559528574669D-01 6.4D-09 0.0D+00 1.5D-07 0.0D+00       23      160       23      230  S
      7      1   4.1393559528803708D-01 6.4D-09 0.0D+00 5.0D-09 0.0D+00       21      139       21      210  S
      7      1   4.1393559528754326D-01 6.4D-09 0.0D+00 9.5D-10 0.0D+00       21      129       21      210  S
      7      1   3.8119334674770283D-01 8.4D-09 0.0D+00 6.6D-08 0.0D+00       22      170       22      220  S
      7      1   4.1393559528537044D-01 6.4D-09 0.0D+00 2.5D-07 0.0D+00       22      171       22      220  S
      7      1   4.1393559528763763D-01 6.4D-09 0.0D+00 4.4D-09 0.0D+00       23      146       23      230  S
      7      1   4.1393559528761042D-01 6.4D-09 0.0D+00 6.5D-09 0.0D+00       22      142       22      220  S
      7      1   4.1393559528754825D-01 6.4D-09 0.0D+00 3.5D-09 0.0D+00       21      138       21      210  S
      7      1   3.8119334672997957D-01 8.4D-09 0.0D+00 2.4D-07 0.0D+00       22      155       22      220  S
      7      1   3.8119334673509769D-01 8.4D-09 0.0D+00 5.5D-09 0.0D+00       20      147       20      200  S
      7      1   4.1393559528798241D-01 6.4D-09 0.0D+00 7.7D-10 0.0D+00       22      133       22      220  S
      7      1   3.8119334674866445D-01 8.4D-09 0.0D+00 1.6D-09 0.0D+00       20      145       20      200  S
      7      1   3.8119334674393168D-01 8.4D-09 0.0D+00 2.2D-07 0.0D+00       21      142       21      210  S
      7      1   3.8119334673011446D-01 8.4D-09 0.0D+00 2.5D-07 0.0D+00       21      142       21      210  S
      7      1   3.8119334673476207D-01 8.4D-09 0.0D+00 9.3D-09 0.0D+00       20      130       20      200  S
      7      1   3.8119334673464883D-01 8.4D-09 0.0D+00 8.1D-09 0.0D+00       20      117       20      200  S
      7      1   3.8119334674936811D-01 8.4D-09 0.0D+00 4.3D-09 0.0D+00       20      133       20      200  S
      7      1   4.1393559528727353D-01 6.4D-09 0.0D+00 2.6D-09 0.0D+00       21      156       21      210  S
      7      1   3.8119334674279542D-01 8.4D-09 0.0D+00 3.0D-07 0.0D+00       22      157       22      220  S
      7      1   3.8119334674853600D-01 8.4D-09 0.0D+00 8.5D-10 0.0D+00       20      132       20      200  S
      7      1   3.8119334673573207D-01 8.4D-09 0.0D+00 4.9D-09 0.0D+00       21      136       21      210  S
      7      1   3.8119334673311289D-01 8.4D-09 0.0D+00 1.2D-07 0.0D+00       21      138       21      210  S
      7      1   4.1663917757285551D-01 8.9D-09 0.0D+00 6.9D-09 0.0D+00       21      143       21      210  S
      7      1   4.2105556274401934D-01 2.6D-01 0.0D+00 1.0D+00 0.0D+00        0        0        1       10  F
      7      1   3.8119334673465533D-01 8.4D-09 0.0D+00 8.8D-10 0.0D+00       20      138       20      200  S
      7      1   3.8119334673203409D-01 8.4D-09 0.0D+00 1.4D-07 0.0D+00       22      144       22      220  S
      7      1   4.1393559528370460D-01 6.4D-09 0.0D+00 3.4D-07 0.0D+00       23      168       23      230  S
      7      1   4.1393559528624152D-01 6.4D-09 0.0D+00 1.5D-07 0.0D+00       22      140       22      220  S
      7      1   4.1393559528769519D-01 6.4D-09 0.0D+00 5.5D-09 0.0D+00       22      131       22      220  S
      7      1   3.8119334674589977D-01 8.4D-09 0.0D+00 1.3D-07 0.0D+00       21      175       21      210  S
      7      1   4.1393559528745044D-01 6.4D-09 0.0D+00 6.5D-09 0.0D+00       21      138       21      210  S
      7      1   3.8119334673483485D-01 8.4D-09 0.0D+00 4.6D-09 0.0D+00       20      144       20      200  S
      7      1   3.8119334673466404D-01 8.4D-09 0.0D+00 1.9D-09 0.0D+00       20      127       20      200  S
      7      1   3.8119334674839833D-01 8.4D-09 0.0D+00 1.4D-08 0.0D+00       21      154       21      210  S
      7      1   3.8119334674872313D-01 8.4D-09 0.0D+00 7.2D-09 0.0D+00       20      136       20      200  S
      7      1   3.8119334674855249D-01 8.4D-09 0.0D+00 7.1D-09 0.0D+00       20      132       20      200  S
      7      1   4.1393559528755824D-01 6.4D-09 0.0D+00 8.7D-09 0.0D+00       21      161       21      210  S
      7      1   3.8119334673469540D-01 8.4D-09 0.0D+00 9.1D-09 0.0D+00       20      128       20      200  S
      7      1   3.8119334673468819D-01 8.4D-09 0.0D+00 9.7D-09 0.0D+00       20      125       20      200  S
      7      1   4.1393559528492396D-01 6.4D-09 0.0D+00 2.2D-07 0.0D+00       22      155       22      220  S
      7      1   4.1393559528736112D-01 6.4D-09 0.0D+00 6.6D-10 0.0D+00       21      134       21      210  S
      7      1   3.8119334674912569D-01 8.4D-09 0.0D+00 1.7D-09 0.0D+00       20      134       20      200  S
      7      1   3.8119334673478367D-01 8.4D-09 0.0D+00 1.9D-09 0.0D+00       21      132       21      210  S
      7      1   3.8119334674595579D-01 8.4D-09 0.0D+00 1.5D-07 0.0D+00       21      149       21      210  S
      7      1   3.8119334674929278D-01 8.4D-09 0.0D+00 1.2D-09 0.0D+00       20      167       20      200  S
      7      1   4.1393559528832696D-01 6.4D-09 0.0D+00 2.2D-08 0.0D+00       22      180       22      220  S
      7      1   4.1393559528548080D-01 6.4D-09 0.0D+00 1.8D-07 0.0D+00       22      134       22      220  S
      7      1   4.1393559528604507D-01 6.4D-09 0.0D+00 1.7D-07 0.0D+00       23      164       23      230  S
      7      1   3.8119334673491184D-01 8.4D-09 0.0D+00 3.6D-09 0.0D+00       20      147       20      200  S
      7      1   3.8119334673494770D-01 8.4D-09 0.0D+00 8.4D-09 0.0D+00       20      144       20      200  S
      7      1   3.8119334673485478D-01 8.4D-09 0.0D+00 1.4D-09 0.0D+00       20      125       20      200  S
      7      1   3.8119334673488287D-01 8.4D-09 0.0D+00 4.4D-10 0.0D+00       20      123       20      200  S
      7      1   4.1393559528507695D-01 6.4D-09 0.0D+00 2.3D-07 0.0D+00       25      160       25      250  S
      7      1   4.1393559528741292D-01 6.4D-09 0.0D+00 9.2D-09 0.0D+00       21      136       21      210  S
 no information
      7      1   4.1393559528749513D-01 6.4D-09 0.0D+00 4.2D-09 0.0D+00       22      120       22      220  S
      7      1   4.1393559528795876D-01 6.4D-09 0.0D+00 1.3D-09 0.0D+00       21      155       21      210  S
      7      1   4.1393559528745755D-01 6.4D-09 0.0D+00 8.7D-09 0.0D+00       21      149       21      210  S
      7      1   3.8119334674846644D-01 8.4D-09 0.0D+00 6.2D-09 0.0D+00       20      133       20      200  S
      7      1   3.8119334699809326D-01 8.4D-09 0.0D+00 3.2D-07 0.0D+00       23      157       23      230  S
      7      1   4.1393559528772983D-01 6.4D-09 0.0D+00 5.2D-09 0.0D+00       23      146       23      230  S
      7      1   4.1393559528755652D-01 6.4D-09 0.0D+00 8.5D-09 0.0D+00       21      130       21      210  S
      7      1   4.1393559528366053D-01 6.4D-09 0.0D+00 3.5D-07 0.0D+00       23      131       23      230  S
      7      1   4.1393559528806328D-01 6.4D-09 0.0D+00 3.6D-09 0.0D+00       22      133       22      220  S
      7      1   4.1663917757341190D-01 8.9D-09 0.0D+00 7.4D-09 0.0D+00       21      158       21      210  S
      7      1   3.8119334673570227D-01 8.4D-09 0.0D+00 5.6D-09 0.0D+00       20      136       20      200  S
      7      1   4.1393559528469276D-01 6.4D-09 0.0D+00 3.0D-07 0.0D+00       24      151       24      240  S
      7      1   3.8119334674814620D-01 8.4D-09 0.0D+00 1.3D-09 0.0D+00       22      136       22      220  S
      7      1   3.8119334672977095D-01 8.4D-09 0.0D+00 3.0D-07 0.0D+00       21      150       21      210  S
      7      1   4.1663917757288199D-01 8.9D-09 0.0D+00 1.4D-10 0.0D+00       21      153       21      210  S
      7      1   4.1393559528744422D-01 6.4D-09 0.0D+00 7.1D-09 0.0D+00       22      139       22      220  S
      7      1   4.1393559528742646D-01 6.4D-09 0.0D+00 2.0D-09 0.0D+00       21      160       21      210  S
      7      1   4.1393559528399404D-01 6.4D-09 0.0D+00 3.4D-07 0.0D+00       23      162       23      230  S
      7      1   3.8119334674856375D-01 8.4D-09 0.0D+00 3.4D-10 0.0D+00       20      130       20      200  S
      7      1   3.8119334673486399D-01 8.4D-09 0.0D+00 1.4D-09 0.0D+00       20      144       20      200  S
      7      1   3.8119334674840366D-01 8.4D-09 0.0D+00 3.9D-09 0.0D+00       20      139       20      200  S
      7      1   3.8119334673143712D-01 8.4D-09 0.0D+00 1.6D-07 0.0D+00       22      139       22      220  S
      7      1   3.8119334674822636D-01 8.4D-09 0.0D+00 7.0D-06 0.0D+00       21      132       21      210  S
      7      1   3.8119334674820970D-01 8.4D-09 0.0D+00 7.6D-09 0.0D+00       20      124       20      200  S
      7      1   4.1393559528755786D-01 6.4D-09 0.0D+00 1.3D-09 0.0D+00       21      152       21      210  S
      7      1   3.8119334673462107D-01 8.4D-09 0.0D+00 5.1D-09 0.0D+00       20      149       20      200  S
      7      1   4.1393559528475787D-01 6.4D-09 0.0D+00 2.6D-07 0.0D+00       24      139       24      240  S
      7      1   4.1393559528756491D-01 6.4D-09 0.0D+00 5.6D-09 0.0D+00       23      142       23      230  S
      7      1   4.1393559528814489D-01 6.4D-09 0.0D+00 2.2D-10 0.0D+00       22      160       22      220  S
      7      1   4.1393559528817286D-01 6.4D-09 0.0D+00 7.1D-09 0.0D+00       22      142       22      220  S
      7      1   4.1393559528682827D-01 6.4D-09 0.0D+00 5.2D-08 0.0D+00       23      169       23      230  S
      7      1   3.8119334674832861D-01 8.4D-09 0.0D+00 2.0D-09 0.0D+00       20      117       20      200  S
      7      1   4.1393559528753776D-01 6.4D-09 0.0D+00 1.0D-09 0.0D+00       22      143       22      220  S
      7      1   3.8119334674930816D-01 8.4D-09 0.0D+00 7.9D-09 0.0D+00       20      131       20      200  S
      7      1   3.8119334673485100D-01 8.4D-09 0.0D+00 5.8D-09 0.0D+00       20      126       20      200  S
      7      1   4.1393559528465002D-01 6.4D-09 0.0D+00 2.6D-07 0.0D+00       24      147       24      240  S
      7      1   4.1393559528824470D-01 6.4D-09 0.0D+00 5.6D-09 0.0D+00       23      143       23      230  S
      7      1   4.1393559528807561D-01 6.4D-09 0.0D+00 1.4D-08 0.0D+00       22      165       22      220  S
      7      1   4.1393559528741680D-01 6.4D-09 0.0D+00 4.0D-09 0.0D+00       21      142       21      210  S
      7      1   4.1393559528671725D-01 6.4D-09 0.0D+00 6.5D-08 0.0D+00       23      158       23      230  S
      7      1   4.1393559528365681D-01 6.4D-09 0.0D+00 3.3D-07 0.0D+00       22      151       22      220  S
      7      1   4.1663917757260094D-01 8.9D-09 0.0D+00 2.8D-09 0.0D+00       21      152       21      210  S
      7      1   4.1393559528777629D-01 6.4D-09 0.0D+00 3.8D-09 0.0D+00       22      159       22      220  S
      7      1   3.4911570534813263D-01 1.5D-01 0.0D+00 1.0D+00 0.0D+00        0        0        1       10  F
      7      1   4.1393559528465940D-01 6.4D-09 0.0D+00 2.6D-07 0.0D+00       23      174       23      230  S
      7      1   3.8119334673511912D-01 8.4D-09 0.0D+00 6.9D-09 0.0D+00       20      154       20      200  S
      7      1   3.8119334673461014D-01 8.4D-09 0.0D+00 2.2D-09 0.0D+00       21      123       21      210  S
      7      1   4.1393559528827323D-01 6.4D-09 0.0D+00 3.0D-09 0.0D+00       22      150       22      220  S
      7      1   4.1393559528752932D-01 6.4D-09 0.0D+00 3.6D-10 0.0D+00       21      157       21      210  S
      7      1   3.8119334713132375D-01 8.4D-09 0.0D+00 7.6D-11 0.0D+00       21      153       21      210  S
      7      1   3.8119334673569844D-01 8.4D-09 0.0D+00 1.7D-08 0.0D+00       22      141       22      220  S
      7      1   4.1751248259381857D-01 8.6D-09 0.0D+00 2.5D-07 0.0D+00       23      165       23      230  S
      7      1   4.1393559528778628D-01 6.4D-09 0.0D+00 1.4D-09 0.0D+00       21      165       21      210  S
      7      1   4.1751248260965412D-01 8.6D-09 0.0D+00 1.0D-07 0.0D+00       21      142       21      210  S
      7      1   4.1393559528770951D-01 6.4D-09 0.0D+00 2.8D-09 0.0D+00       22      168       22      220  S
      7      1   3.8119334673006838D-01 8.4D-09 0.0D+00 3.1D-07 0.0D+00       22      168       22      220  S
      7      1   3.8119334674950450D-01 8.4D-09 0.0D+00 5.1D-09 0.0D+00       20      135       20      200  S
      7      1   3.8119334673259575D-01 8.4D-09 0.0D+00 1.6D-07 0.0D+00       21      152       21      210  S
      7      1   4.1393559528749263D-01 6.4D-09 0.0D+00 2.5D-09 0.0D+00       22      149       22      220  S
      7      1   3.8119334672888489D-01 8.4D-09 0.0D+00 3.1D-07 0.0D+00       22      148       22      220  S
      7      1   4.1751248261198215D-01 8.6D-09 0.0D+00 3.3D-10 0.0D+00       20      132       20      200  S
      7      1   2.1201307582318591D+00 0.0D+00 0.0D+00 1.0D+00 0.0D+00       26      155       27      270  S
      7      1   3.8119334674861360D-01 8.4D-09 0.0D+00 2.7D-09 0.0D+00       20      157       20      200  S
      7      1   4.1393559528489510D-01 6.4D-09 0.0D+00 2.2D-07 0.0D+00       24      153       24      240  S
      7      1   3.8119334674838429D-01 8.4D-09 0.0D+00 6.9D-09 0.0D+00       20      126       20      200  S
      7      1   3.8119334674855837D-01 8.4D-09 0.0D+00 8.8D-09 0.0D+00       20      129       20      200  S
      7      1   3.8119334673456745D-01 8.4D-09 0.0D+00 2.8D-10 0.0D+00       20      135       20      200  S
      7      1   3.8119334674908939D-01 8.4D-09 0.0D+00 6.4D-09 0.0D+00       20      153       20      200  S
      7      1   4.1751248260784396D-01 8.6D-09 0.0D+00 2.7D-07 0.0D+00       23      157       23      230  S
      7      1   3.8119334673187460D-01 8.4D-09 0.0D+00 1.7D-07 0.0D+00       21      157       21      210  S
      7      1   4.1393559528462032D-01 6.4D-09 0.0D+00 2.6D-07 0.0D+00       22      164       22      220  S
      7      1   3.8119334672852828D-01 8.4D-09 0.0D+00 3.2D-07 0.0D+00       22      148       22      220  S
      7      1   3.8119334673475530D-01 8.4D-09 0.0D+00 5.0D-10 0.0D+00       20      130       20      200  S
      7      1   3.8119334673493221D-01 8.4D-09 0.0D+00 2.8D-09 0.0D+00       20      148       20      200  S
      7      1   3.8119334673494348D-01 8.4D-09 0.0D+00 1.2D-09 0.0D+00       20      121       20      200  S
      7      1   3.8119334673493499D-01 8.4D-09 0.0D+00 9.8D-09 0.0D+00       20      125       20      200  S
      7      1   4.0312656412971659D-01 6.9D-02 0.0D+00 1.0D+00 0.0D+00        0        0        1       10  F
      7      1   4.1393559528775248D-01 6.4D-09 0.0D+00 3.4D-09 0.0D+00       21      156       21      210  S
      7      1   4.1393559528765339D-01 6.4D-09 0.0D+00 5.3D-09 0.0D+00       23      145       23      230  S
      7      1   3.8119334673460570D-01 8.4D-09 0.0D+00 6.3D-06 0.0D+00       21      133       21      210  S
      7      1   3.8119334673599647D-01 8.4D-09 0.0D+00 9.7D-09 0.0D+00       21      143       21      210  S
