     15      1   2.3409289347319628D-01 5.4D-09 0.0D+00 1.2D-07 0.0D+00       23      193       23      230  S
     15      1   2.3578661244692789D-01 5.4D-09 0.0D+00 3.2D-09 0.0D+00       22      174       22      220  S
     15      1   2.2348446074589146D-01 5.1D-09 0.0D+00 1.7D-08 0.0D+00       24      183       24      240  S
     15      1   2.3027551661543172D-01 7.4D-09 0.0D+00 1.6D-07 0.0D+00       24      180       24      240  S
     15      1   2.2305429105329902D-01 4.9D-09 0.0D+00 1.7D-07 0.0D+00       23      151       23      230  S
     15      1   2.2305429104985883D-01 4.9D-09 0.0D+00 7.8D-07 0.0D+00       23      154       23      230  S
     15      1   2.2305429105315080D-01 4.9D-09 0.0D+00 2.1D-08 0.0D+00       22      187       22      220  S
     15      1   2.7287445172733954D-01 6.0D-09 0.0D+00 5.5D-09 0.0D+00       22      190       22      220  S
     15      1   2.3027551661337858D-01 7.4D-09 0.0D+00 3.2D-07 0.0D+00       25      193       25      250  S
     15      1   2.2348446075289385D-01 5.1D-09 0.0D+00 4.7D-09 0.0D+00       21      152       21      210  S
     15      1   2.2305429105319449D-01 4.9D-09 0.0D+00 3.2D-10 0.0D+00       22      139       22      220  S
     15      1   2.3605520021478457D-01 5.6D-09 0.0D+00 2.7D-07 0.0D+00       23      155       23      230  S
     15      1   2.2305429105194682D-01 4.9D-09 0.0D+00 3.2D-07 0.0D+00       23      195       23      230  S
     15      1   2.2305429105330896D-01 4.9D-09 0.0D+00 9.9D-09 0.0D+00       22      146       22      220  S
     15      1   2.2305429105362456D-01 4.9D-09 0.0D+00 7.8D-09 0.0D+00       22      185       22      220  S
     15      1   2.3409289347429013D-01 5.4D-09 0.0D+00 2.9D-09 0.0D+00       21      141       21      210  S
     15      1   2.2305429105206218D-01 4.9D-09 0.0D+00 3.1D-07 0.0D+00       24      179       24      240  S
     15      1   2.2305429105376404D-01 4.9D-09 0.0D+00 2.5D-09 0.0D+00       22      144       22      220  S
     15      1   2.2305429105418845D-01 4.9D-09 0.0D+00 3.6D-09 0.0D+00       21      208       21      210  S
     15      1   2.3027551661331022D-01 7.4D-09 0.0D+00 1.2D-07 0.0D+00       24      153       24      240  S
     15      1   2.2305429105345104D-01 4.9D-09 0.0D+00 3.7D-08 0.0D+00       23      188       23      230  S
     15      1   2.2305429105333660D-01 4.9D-09 0.0D+00 1.2D-09 0.0D+00       21      201       21      210  S
     15      1   2.2326750828580566D-01 5.3D-09 0.0D+00 7.1D-09 0.0D+00       21      159       21      210  S
     15      1   2.3027551661582460D-01 7.4D-09 0.0D+00 1.7D-07 0.0D+00       25      190       25      250  S
     15      1   2.2305429105333802D-01 4.9D-09 0.0D+00 1.8D-09 0.0D+00       22      209       22      220  S
     15      1   2.2305429105266322D-01 4.9D-09 0.0D+00 8.8D-08 0.0D+00       23      155       23      230  S
     15      1   2.2305429105295663D-01 4.9D-09 0.0D+00 1.1D-07 0.0D+00       22      198       22      220  S
     15      1   2.3605520021433851D-01 5.6D-09 0.0D+00 3.3D-07 0.0D+00       23      186       23      230  S
     15      1   2.2305429105203181D-01 4.9D-09 0.0D+00 2.7D-07 0.0D+00       23      182       23      230  S
     15      1   2.3409289347185325D-01 5.4D-09 0.0D+00 3.3D-07 0.0D+00       23      189       23      230  S
     15      1   2.2351726898375462D-01 5.1D-09 0.0D+00 3.2D-07 0.0D+00       24      205       24      240  S
     15      1   2.2351726898586696D-01 5.1D-09 0.0D+00 4.6D-09 0.0D+00       22      180       22      220  S
     15      1   2.4403811987932883D-01 5.6D-09 0.0D+00 9.9D-08 0.0D+00       19      247       19      190  S
     15      1   2.2351726898627117D-01 5.1D-09 0.0D+00 5.2D-09 0.0D+00       22      186       22      220  S
     15      1   2.2305429105167573D-01 4.9D-09 0.0D+00 3.0D-07 0.0D+00       24      175       24      240  S
     15      1   2.2305429105183422D-01 4.9D-09 0.0D+00 2.9D-07 0.0D+00       23      182       23      230  S
     15      1   2.2305429105351737D-01 4.9D-09 0.0D+00 5.1D-09 0.0D+00       22      177       22      220  S
     15      1   2.2351726898605817D-01 5.1D-09 0.0D+00 7.1D-10 0.0D+00       22      171       22      220  S
     15      1   2.2305429105332583D-01 4.9D-09 0.0D+00 1.1D-09 0.0D+00       22      157       22      220  S
     15      1   2.2305429105365651D-01 4.9D-09 0.0D+00 1.4D-08 0.0D+00       24      167       24      240  S
     15      1   2.2305429105339833D-01 4.9D-09 0.0D+00 3.6D-08 0.0D+00       23      152       23      230  S
     15      1   2.2305429105340679D-01 4.9D-09 0.0D+00 2.3D-08 0.0D+00       24      194       24      240  S
     15      1   2.2351726898587534D-01 5.1D-09 0.0D+00 6.6D-10 0.0D+00       22      177       22      220  S
     15      1   2.2305429105381205D-01 4.9D-09 0.0D+00 9.4D-09 0.0D+00       22      197       22      220  S
     15      1   2.8497537449454285D-01 5.9D-09 0.0D+00 7.8D-09 0.0D+00       21      174       21      210  S
     15      1   2.2305429105015889D-01 4.9D-09 0.0D+00 1.0D-06 0.0D+00       24      179       24      240  S
     15      1   2.5441004159637115D-01 7.7D-09 0.0D+00 1.4D-07 0.0D+00       23      180       23      230  S
     15      1   2.2305429105215421D-01 4.9D-09 0.0D+00 1.2D-07 0.0D+00       23      158       23      230  S
     15      1   2.3362052940731143D-01 5.8D-09 0.0D+00 1.3D-07 0.0D+00       23      198       23      230  S
     15      1   2.2305429105406599D-01 4.9D-09 0.0D+00 1.4D-09 0.0D+00       22      180       22      220  S
     15      1   2.2326750828577344D-01 5.3D-09 0.0D+00 1.1D-09 0.0D+00       21      145       21      210  S
     15      1   2.2305429105349872D-01 4.9D-09 0.0D+00 2.4D-09 0.0D+00       21      141       21      210  S
     15      1   2.2305429105329919D-01 4.9D-09 0.0D+00 6.7D-09 0.0D+00       22      141       22      220  S
     15      1   2.2305429105365274D-01 4.9D-09 0.0D+00 2.2D-08 0.0D+00       24      171       24      240  S
     15      1   2.2351726898607860D-01 5.1D-09 0.0D+00 3.6D-08 0.0D+00       23      205       23      230  S
     15      1   2.2305429105363209D-01 4.9D-09 0.0D+00 2.3D-09 0.0D+00       22      146       22      220  S
     15      1   2.2351726898541865D-01 5.1D-09 0.0D+00 8.3D-08 0.0D+00       24      189       24      240  S
     15      1   2.7145986627799107D-01 8.4D-09 0.0D+00 3.3D-07 0.0D+00       24      168       24      240  S
     15      1   2.3027551659225631D-01 7.4D-09 0.0D+00 1.6D-07 0.0D+00       25      236       25      250  S
     15      1   2.2305429105313901D-01 4.9D-09 0.0D+00 9.7D-09 0.0D+00       22      142       22      220  S
     15      1   2.2351726898395127D-01 5.1D-09 0.0D+00 2.7D-07 0.0D+00       24      199       24      240  S
     15      1   2.2305429105418123D-01 4.9D-09 0.0D+00 3.7D-09 0.0D+00       22      180       22      220  S
     15      1   2.2305429105232857D-01 4.9D-09 0.0D+00 2.4D-07 0.0D+00       24      190       24      240  S
     15      1   2.2347576096206367D-01 5.1D-09 0.0D+00 5.6D-09 0.0D+00       22      164       22      220  S
     15      1   2.2351726898506086D-01 5.1D-09 0.0D+00 1.2D-07 0.0D+00       24      196       24      240  S
     15      1   2.2351726898400570D-01 5.1D-09 0.0D+00 3.0D-07 0.0D+00       23      176       23      230  S
     15      1   2.2347576096193730D-01 5.1D-09 0.0D+00 6.5D-09 0.0D+00       22      154       22      220  S
     15      1   8.1936523655244412D-02 5.1D-01 0.0D+00 1.0D+00 0.0D+00        0        0        1       10  F
     15      1   2.2305429105328345D-01 4.9D-09 0.0D+00 6.2D-09 0.0D+00       22      153       22      220  S
     15      1   2.3362052940814057D-01 5.8D-09 0.0D+00 7.5D-09 0.0D+00       22      193       22      220  S
     15      1   2.2305429105329405D-01 4.9D-09 0.0D+00 7.6D-09 0.0D+00       22      144       22      220  S
     15      1   2.2347576096236921D-01 5.1D-09 0.0D+00 9.5D-09 0.0D+00       22      136       22      220  S
     15      1   2.2305429105310473D-01 4.9D-09 0.0D+00 3.2D-08 0.0D+00       23      159       23      230  S
     15      1   2.2351726898603835D-01 5.1D-09 0.0D+00 2.2D-08 0.0D+00       23      200       23      230  S
     15      1   2.2305429105303679D-01 4.9D-09 0.0D+00 5.6D-08 0.0D+00       24      206       24      240  S
     15      1   2.2305429105373359D-01 4.9D-09 0.0D+00 2.9D-09 0.0D+00       22      155       22      220  S
     15      1   2.2326750828582229D-01 5.3D-09 0.0D+00 7.6D-09 0.0D+00       21      160       21      210  S
     15      1   2.2305429105273439D-01 4.9D-09 0.0D+00 1.4D-07 0.0D+00       23      168       23      230  S
     15      1   2.3605520021643231D-01 5.6D-09 0.0D+00 1.1D-07 0.0D+00       23      170       23      230  S
     15      1   2.2348446074523767D-01 5.1D-09 0.0D+00 9.9D-08 0.0D+00       23      182       23      230  S
     15      1   2.2305429105364061D-01 4.9D-09 0.0D+00 8.2D-09 0.0D+00       22      170       22      220  S
     15      1   2.3024627132725378D-01 6.1D-09 0.0D+00 1.5D-07 0.0D+00       23      241       23      230  S
     15      1   2.2305429105317365D-01 4.9D-09 0.0D+00 9.3D-07 0.0D+00       23      181       23      230  S
     15      1   2.2347576096214103D-01 5.1D-09 0.0D+00 8.1D-09 0.0D+00       22      145       22      220  S
     15      1   2.2351726898615126D-01 5.1D-09 0.0D+00 8.6D-09 0.0D+00       22      151       22      220  S
     15      1   2.2305429105385063D-01 4.9D-09 0.0D+00 7.5D-09 0.0D+00       22      179       22      220  S
     15      1   2.9235869408089721D-01 6.9D-06 0.0D+00 6.9D-01 0.0D+00       24      159       25      250  S
     15      1   2.2351726898619198D-01 5.1D-09 0.0D+00 2.0D-08 0.0D+00       23      189       23      230  S
     15      1   2.7285824028842937D-01 6.2D-09 0.0D+00 9.5D-09 0.0D+00       22      175       22      220  S
     15      1   2.2305429105353616D-01 4.9D-09 0.0D+00 2.5D-09 0.0D+00       22      189       22      220  S
     15      1   2.2305429105212438D-01 4.9D-09 0.0D+00 2.5D-07 0.0D+00       24      171       24      240  S
     15      1   2.2305429105334607D-01 4.9D-09 0.0D+00 5.8D-09 0.0D+00       22      154       22      220  S
     15      1   2.8382297778168875D-01 5.9D-09 0.0D+00 9.1D-09 0.0D+00       22      172       22      220  S
     15      1   2.2351726898610755D-01 5.1D-09 0.0D+00 3.2D-08 0.0D+00       23      199       23      230  S
     15      1   2.2305429105187272D-01 4.9D-09 0.0D+00 3.3D-07 0.0D+00       24      164       24      240  S
     15      1   2.3024627132641040D-01 6.1D-09 0.0D+00 2.4D-07 0.0D+00       23      195       23      230  S
     15      1   2.3578661244700608D-01 5.4D-09 0.0D+00 2.0D-09 0.0D+00       22      145       22      220  S
     15      1   2.2971781339832262D-01 6.6D-09 0.0D+00 3.0D-07 0.0D+00       25      199       25      250  S
     15      1   2.2305429105390559D-01 4.9D-09 0.0D+00 3.3D-08 0.0D+00       23      181       23      230  S
     15      1   2.2347576096205843D-01 5.1D-09 0.0D+00 4.1D-08 0.0D+00       23      180       23      230  S
     15      1   2.2348446074628253D-01 5.1D-09 0.0D+00 3.9D-08 0.0D+00       23      171       23      230  S
     15      1   2.2347576096174154D-01 5.1D-09 0.0D+00 5.6D-09 0.0D+00       22      145       22      220  S
     15      1   2.2305429105372612D-01 4.9D-09 0.0D+00 4.6D-08 0.0D+00       23      172       23      230  S
     15      1   2.2305429105291744D-01 4.9D-09 0.0D+00 2.1D-09 0.0D+00       21      194       21      210  S
     15      1   2.2971781339740402D-01 6.6D-09 0.0D+00 3.4D-07 0.0D+00       24      194       24      240  S
     15      1   2.2305429105326249D-01 4.9D-09 0.0D+00 7.6D-09 0.0D+00       22      143       22      220  S
     15      1   2.3605520021773074D-01 5.6D-09 0.0D+00 6.7D-09 0.0D+00       22      144       22      220  S
     15      1   2.2347576096191579D-01 5.1D-09 0.0D+00 2.0D-09 0.0D+00       22      137       22      220  S
     15      1   2.2348446074594647D-01 5.1D-09 0.0D+00 1.1D-08 0.0D+00       24      174       24      240  S
     15      1   2.2305429105379698D-01 4.9D-09 0.0D+00 2.1D-08 0.0D+00       24      185       24      240  S
     15      1   2.2305429105390698D-01 4.9D-09 0.0D+00 9.6D-09 0.0D+00       22      183       22      220  S
     15      1   2.2305429105388860D-01 4.9D-09 0.0D+00 2.5D-09 0.0D+00       22      163       22      220  S
     15      1   2.2351726898518218D-01 5.1D-09 0.0D+00 9.0D-08 0.0D+00       23      176       23      230  S
     15      1   2.2305429105412400D-01 4.9D-09 0.0D+00 6.8D-09 0.0D+00       22      169       22      220  S
     15      1   2.2305429105368316D-01 4.9D-09 0.0D+00 2.7D-09 0.0D+00       22      148       22      220  S
     15      1   2.2305429105374783D-01 4.9D-09 0.0D+00 1.7D-08 0.0D+00       23      178       23      230  S
     15      1   2.2351726898619562D-01 5.1D-09 0.0D+00 4.3D-09 0.0D+00       22      178       22      220  S
     15      1   2.2305429105281149D-01 4.9D-09 0.0D+00 4.9D-11 0.0D+00       21      188       21      210  S
     15      1   2.2347576096189423D-01 5.1D-09 0.0D+00 2.0D-08 0.0D+00       23      159       23      230  S
     15      1   2.2305429105190630D-01 4.9D-09 0.0D+00 2.7D-07 0.0D+00       24      177       24      240  S
     15      1   2.2305429105328040D-01 4.9D-09 0.0D+00 3.2D-09 0.0D+00       22      141       22      220  S
     15      1   2.8852073974104353D-01 2.7D-04 0.0D+00 3.6D-01 0.0D+00        1       10        2       20  F
     15      1   2.2305429105378610D-01 4.9D-09 0.0D+00 4.4D-05 0.0D+00       22      181       22      220  S
     15      1   2.2305429105306540D-01 4.9D-09 0.0D+00 9.6D-09 0.0D+00       22      158       22      220  S
     15      1   2.2348446074621789D-01 5.1D-09 0.0D+00 4.2D-09 0.0D+00       22      163       22      220  S
     15      1   2.2305429105399216D-01 4.9D-09 0.0D+00 2.0D-09 0.0D+00       22      150       22      220  S
     15      1   2.2305429105416297D-01 4.9D-09 0.0D+00 3.7D-08 0.0D+00       24      199       24      240  S
     15      1   2.2351726898598615D-01 5.1D-09 0.0D+00 1.0D-09 0.0D+00       22      166       22      220  S
     15      1   2.2351726898413110D-01 5.1D-09 0.0D+00 3.0D-07 0.0D+00       23      193       23      230  S
     15      1   2.2351726898431487D-01 5.1D-09 0.0D+00 2.3D-07 0.0D+00       24      194       24      240  S
     15      1   2.5185038089795964D-01 4.8D-03 0.0D+00 2.8D-01 0.0D+00        1       10        2       20  F
     15      1   2.2348446067442757D-01 5.1D-09 0.0D+00 3.2D-07 0.0D+00       24      166       24      240  S
     15      1   2.2305429105328817D-01 4.9D-09 0.0D+00 4.0D-09 0.0D+00       22      144       22      220  S
     15      1   2.2305429105387034D-01 4.9D-09 0.0D+00 7.8D-09 0.0D+00       22      164       22      220  S
     15      1   2.2305429105296617D-01 4.9D-09 0.0D+00 5.9D-08 0.0D+00       23      177       23      230  S
     15      1   2.3605520021769669D-01 5.6D-09 0.0D+00 3.0D-09 0.0D+00       22      163       22      220  S
     15      1   2.2351726898593224D-01 5.1D-09 0.0D+00 8.9D-09 0.0D+00       22      179       22      220  S
     15      1   1.9111229226811977D-01 5.0D-02 0.0D+00 8.1D-02 0.0D+00        1       10        2       20  F
     15      1   2.2351726898640947D-01 5.1D-09 0.0D+00 2.4D-08 0.0D+00       23      192       23      230  S
     15      1   2.2305429105283522D-01 4.9D-09 0.0D+00 1.1D-09 0.0D+00       21      165       21      210  S
     15      1   2.2305429105419608D-01 4.9D-09 0.0D+00 4.0D-09 0.0D+00       22      172       22      220  S
     15      1   2.3362052940741837D-01 5.8D-09 0.0D+00 9.7D-08 0.0D+00       24      183       24      240  S
     15      1   2.3780798016773824D-01 6.2D-09 0.0D+00 2.0D-07 0.0D+00       23      187       23      230  S
     15      1   2.2305429105328045D-01 4.9D-09 0.0D+00 9.9D-09 0.0D+00       22      143       22      220  S
     15      1   2.2305429105341640D-01 4.9D-09 0.0D+00 9.0D-09 0.0D+00       22      158       22      220  S
     15      1   3.0121203609549924D-01 1.1D-16 0.0D+00 1.0D+00 0.0D+00       25      153       26      260  S
     15      1   2.2305429105299607D-01 4.9D-09 0.0D+00 1.1D-07 0.0D+00       24      167       24      240  S
     15      1   2.2305429105263871D-01 4.9D-09 0.0D+00 5.3D-08 0.0D+00       22      176       22      220  S
     15      1   2.2347576095989077D-01 5.1D-09 0.0D+00 3.2D-07 0.0D+00       22      187       22      220  S
     15      1   2.2305429105193181D-01 4.9D-09 0.0D+00 3.0D-07 0.0D+00       23      201       23      230  S
     15      1   2.2305429110962255D-01 4.9D-09 0.0D+00 4.8D-09 0.0D+00       23      207       23      230  S
     15      1   2.2305429105102997D-01 4.9D-09 0.0D+00 3.0D-07 0.0D+00       22      203       22      220  S
     15      1   2.2305429105389704D-01 4.9D-09 0.0D+00 8.7D-09 0.0D+00       22      172       22      220  S
     15      1   2.2305429110959574D-01 4.9D-09 0.0D+00 5.9D-09 0.0D+00       23      167       23      230  S
     15      1   2.2351726898573879D-01 5.1D-09 0.0D+00 1.1D-08 0.0D+00       23      199       23      230  S
     15      1   2.2305429105185995D-01 4.9D-09 0.0D+00 3.0D-07 0.0D+00       24      189       24      240  S
     15      1   2.2348446074611708D-01 5.1D-09 0.0D+00 6.2D-09 0.0D+00       22      175       22      220  S
     15      1   2.3605520021443732D-01 5.6D-09 0.0D+00 3.3D-07 0.0D+00       23      160       23      230  S
     15      1   2.2305429105358310D-01 4.9D-09 0.0D+00 3.9D-09 0.0D+00       22      202       22      220  S
     15      1   2.3362052940731490D-01 5.8D-09 0.0D+00 1.4D-07 0.0D+00       23      181       23      230  S
     15      1   2.2351726898596500D-01 5.1D-09 0.0D+00 2.5D-08 0.0D+00       23      209       23      230  S
     15      1   2.3605520021763723D-01 5.6D-09 0.0D+00 1.8D-08 0.0D+00       24      181       24      240  S
     15      1   2.7901906188665571D-01 2.2D-09 0.0D+00 1.5D+02 0.0D+00       24      409       24      240  S
     15      1   2.2305429105238694D-01 4.9D-09 0.0D+00 1.5D-07 0.0D+00       24      184       24      240  S
     15      1   2.2305429105336935D-01 4.9D-09 0.0D+00 2.9D-08 0.0D+00       23      178       23      230  S
     15      1   3.5529729917579506D-01 5.2D-06 0.0D+00 3.4D-01 0.0D+00       25      144       26      260  S
     15      1   2.3024627132926620D-01 6.1D-09 0.0D+00 8.3D-10 0.0D+00       21      181       21      210  S
     15      1   2.2305429105382238D-01 4.9D-09 0.0D+00 3.0D-08 0.0D+00       24      193       24      240  S
     15      1   2.2351726898624846D-01 5.1D-09 0.0D+00 7.7D-09 0.0D+00       22      200       22      220  S
     15      1   2.2351726898597835D-01 5.1D-09 0.0D+00 2.7D-09 0.0D+00       22      182       22      220  S
     15      1   2.2351726898423060D-01 5.1D-09 0.0D+00 2.4D-07 0.0D+00       24      208       24      240  S
     15      1   2.3605520021709037D-01 5.6D-09 0.0D+00 2.0D-09 0.0D+00       22      166       22      220  S
     15      1   2.2305429105178157D-01 4.9D-09 0.0D+00 2.4D-07 0.0D+00       22      166       22      220  S
     15      1   2.3386876165240431D-01 5.6D-09 0.0D+00 8.0D-09 0.0D+00       22      157       22      220  S
     15      1   2.2305429105131325D-01 4.9D-09 0.0D+00 2.8D-07 0.0D+00       23      191       23      230  S
     15      1   2.2305429105359903D-01 4.9D-09 0.0D+00 4.6D-09 0.0D+00       22      175       22      220  S
     15      1   2.2351726898473101D-01 5.1D-09 0.0D+00 1.6D-07 0.0D+00       23      194       23      230  S
     15      1   2.2347576095981456D-01 5.1D-09 0.0D+00 3.4D-07 0.0D+00       24      195       24      240  S
     15      1   2.2305429105403909D-01 4.9D-09 0.0D+00 2.8D-07 0.0D+00       23      181       23      230  S
     15      1   2.2305429105233301D-01 4.9D-09 0.0D+00 2.3D-07 0.0D+00       23      186       23      230  S
     15      1   2.2351726898496013D-01 5.1D-09 0.0D+00 1.2D-07 0.0D+00       24      217       24      240  S
     15      1   2.2305429105283614D-01 4.9D-09 0.0D+00 1.1D-09 0.0D+00       21      195       21      210  S
     15      1   2.6137821174882730D-01 6.1D-09 0.0D+00 2.8D-07 0.0D+00       24      214       24      240  S
     15      1   2.2347576096213967D-01 5.1D-09 0.0D+00 7.1D-09 0.0D+00       22      166       22      220  S
     15      1   2.6053014985358885D-01 5.9D-09 0.0D+00 2.3D-08 0.0D+00       25      236       25      250  S
     15      1   2.2305429105358465D-01 4.9D-09 0.0D+00 1.6D-05 0.0D+00       23      155       23      230  S
     15      1   2.2305429105383234D-01 4.9D-09 0.0D+00 2.7D-10 0.0D+00       22      194       22      220  S
     15      1   2.3362052940674835D-01 5.8D-09 0.0D+00 1.7D-07 0.0D+00       23      164       23      230  S
     15      1   2.2351726898592331D-01 5.1D-09 0.0D+00 4.7D-10 0.0D+00       22      190       22      220  S
     15      1   2.2305429105387412D-01 4.9D-09 0.0D+00 4.5D-09 0.0D+00       22      150       22      220  S
     15      1   2.2347576096176655D-01 5.1D-09 0.0D+00 6.4D-09 0.0D+00       22      165       22      220  S
     15      1   2.2305429105327423D-01 4.9D-09 0.0D+00 1.9D-09 0.0D+00       22      144       22      220  S
     15      1   2.3027551695922080D-01 7.4D-09 0.0D+00 4.3D-06 0.0D+00       24      202       24      240  S
     15      1   2.3409289347417683D-01 5.4D-09 0.0D+00 5.2D-09 0.0D+00       22      152       22      220  S
     15      1   2.2305429105382515D-01 4.9D-09 0.0D+00 8.8D-09 0.0D+00       21      152       21      210  S
     15      1   2.3362052940870648D-01 5.8D-09 0.0D+00 7.3D-10 0.0D+00       22      164       22      220  S
     15      1   2.2305429105393848D-01 4.9D-09 0.0D+00 9.3D-09 0.0D+00       22      176       22      220  S
     15      1   2.2351726898608865D-01 5.1D-09 0.0D+00 9.3D-09 0.0D+00       22      209       22      220  S
     15      1   2.3027551636667845D-01 7.4D-09 0.0D+00 9.9D-09 0.0D+00       22      181       22      220  S
     15      1   2.2305429105390381D-01 4.9D-09 0.0D+00 4.3D-09 0.0D+00       22      145       22      220  S
     15      1   2.2305429105382124D-01 4.9D-09 0.0D+00 7.0D-09 0.0D+00       22      154       22      220  S
     15      1   2.2305429105262350D-01 4.9D-09 0.0D+00 2.2D-07 0.0D+00       23      189       23      230  S
     15      1   2.2305429105334390D-01 4.9D-09 0.0D+00 2.9D-08 0.0D+00       24      185       24      240  S
     15      1   2.3362052940850281D-01 5.8D-09 0.0D+00 2.8D-09 0.0D+00       22      171       22      220  S
     15      1   2.2300153187344710D-01 1.5D-07 0.0D+00 2.4D-03 0.0D+00       28      156       29      290  S
     15      1   2.3024627132758721D-01 6.1D-09 0.0D+00 1.1D-07 0.0D+00       22      190       22      220  S
     15      1   2.2305429105341201D-01 4.9D-09 0.0D+00 8.4D-09 0.0D+00       22      186       22      220  S
     15      1   2.2305429105393038D-01 4.9D-09 0.0D+00 6.2D-09 0.0D+00       22      172       22      220  S
     15      1   2.6137821174989351D-01 6.1D-09 0.0D+00 2.2D-08 0.0D+00       24      217       24      240  S
     15      1   2.2347576096250460D-01 5.1D-09 0.0D+00 1.6D-08 0.0D+00       23      227       23      230  S
     15      1   2.2305429105325350D-01 4.9D-09 0.0D+00 4.3D-09 0.0D+00       22      154       22      220  S
     15      1   7.6992948807944633D-02 5.3D-01 0.0D+00 1.0D+00 0.0D+00        0        0        1       10  F
     15      1   2.2351726898412827D-01 5.1D-09 0.0D+00 2.1D-07 0.0D+00       22      169       22      220  S
     15      1   2.3780798023106567D-01 6.2D-09 0.0D+00 2.1D-09 0.0D+00       21      183       21      210  S
     15      1   2.2351726898588964D-01 5.1D-09 0.0D+00 1.5D-08 0.0D+00       23      172       23      230  S
     15      1   2.2305429105323799D-01 4.9D-09 0.0D+00 6.6D-09 0.0D+00       22      137       22      220  S
     15      1   2.2351726898553154D-01 5.1D-09 0.0D+00 9.0D-08 0.0D+00       23      216       23      230  S
     15      1   2.2305429105296845D-01 4.9D-09 0.0D+00 1.5D-07 0.0D+00       23      211       23      230  S
     15      1   2.2992100091653433D-01 5.4D-09 0.0D+00 7.8D-09 0.0D+00       22      139       22      220  S
     15      1   2.2305429105339505D-01 4.9D-09 0.0D+00 8.2D-09 0.0D+00       22      157       22      220  S
     15      1   2.3386876165248444D-01 5.6D-09 0.0D+00 9.6D-09 0.0D+00       22      143       22      220  S
     15      1   2.3386876165276016D-01 5.6D-09 0.0D+00 5.4D-09 0.0D+00       22      160       22      220  S
     15      1   2.2305429105376481D-01 4.9D-09 0.0D+00 2.7D-09 0.0D+00       22      177       22      220  S
     15      1   2.3027551661878998D-01 7.4D-09 0.0D+00 6.7D-09 0.0D+00       23      191       23      230  S
     15      1   2.2844910335610666D-01 5.8D-09 0.0D+00 5.9D-09 0.0D+00       21      154       21      210  S
     15      1   2.2347576096017527D-01 5.1D-09 0.0D+00 2.4D-07 0.0D+00       24      151       24      240  S
     15   0.00    0.00    0.00   2.2305391378801112D-01 5.2D-09 0.0D+00 9.4D-08 0.0D+00       22      149       22      220     253     359     440     359     369   0.50     0    0    427  BR
     15      1   2.2305429105319630D-01 4.9D-09 0.0D+00 2.9D-09 0.0D+00       22      173       22      220  S
     15      1   2.3605520021492632D-01 5.6D-09 0.0D+00 3.1D-07 0.0D+00       26      224       26      260  S
     15      1   2.2326750828570083D-01 5.3D-09 0.0D+00 7.5D-09 0.0D+00       21      145       21      210  S
     15      1   2.3027551661658305D-01 7.4D-09 0.0D+00 1.4D-07 0.0D+00       24      207       24      240  S
     15      1   2.2305429105231100D-01 4.9D-09 0.0D+00 2.0D-07 0.0D+00       23      164       23      230  S
     15      1   2.2305429105077945D-01 4.9D-09 0.0D+00 3.1D-07 0.0D+00       22      182       22      220  S
     15      1   2.3605520021769180D-01 5.6D-09 0.0D+00 4.7D-09 0.0D+00       22      162       22      220  S
     15      1   2.2305429105391678D-01 4.9D-09 0.0D+00 3.9D-09 0.0D+00       22      189       22      220  S
     15      1   2.2305429105391644D-01 4.9D-09 0.0D+00 3.6D-08 0.0D+00       24      193       24      240  S
     15      1   2.2305429105383234D-01 4.9D-09 0.0D+00 9.2D-09 0.0D+00       22      158       22      220  S
     15      1   2.2305429105321778D-01 4.9D-09 0.0D+00 2.6D-07 0.0D+00       23      151       23      230  S
     15      1   2.2305429105369018D-01 4.9D-09 0.0D+00 6.3D-09 0.0D+00       22      159       22      220  S
     15      1   2.2305429105360638D-01 4.9D-09 0.0D+00 3.0D-07 0.0D+00       23      183       23      230  S
     15      1   2.3780798016876245D-01 6.2D-09 0.0D+00 1.6D-07 0.0D+00       22      195       22      220  S
     15      1   2.2305429105369717D-01 4.9D-09 0.0D+00 1.5D-08 0.0D+00       23      165       23      230  S
     15      1   2.2305429105382127D-01 4.9D-09 0.0D+00 4.2D-06 0.0D+00       24      163       24      240  S
     15      1   2.3027551667653712D-01 7.4D-09 0.0D+00 1.9D-09 0.0D+00       23      172       23      230  S
     15      1   2.6188378787983047D-01 3.2D-06 0.0D+00 7.1D-01 0.0D+00       25      150       26      260  S
     15      1   2.2305429105411614D-01 4.9D-09 0.0D+00 4.3D-10 0.0D+00       22      152       22      220  S
     15      1   2.2971781340152470D-01 6.6D-09 0.0D+00 1.6D-09 0.0D+00       23      187       23      230  S
     15      1   2.2305429105327093D-01 4.9D-09 0.0D+00 8.7D-07 0.0D+00       24      168       24      240  S
     15      1   2.2305429105394903D-01 4.9D-09 0.0D+00 4.8D-09 0.0D+00       22      151       22      220  S
     15      1   2.2326750828570638D-01 5.3D-09 0.0D+00 3.9D-09 0.0D+00       21      144       21      210  S
     15      1   2.2305429105178692D-01 4.9D-09 0.0D+00 3.0D-07 0.0D+00       23      187       23      230  S
     15      1   2.2305429105261235D-01 4.9D-09 0.0D+00 1.5D-07 0.0D+00       24      175       24      240  S
     15      1   2.2351726898587967D-01 5.1D-09 0.0D+00 1.6D-09 0.0D+00       22      207       22      220  S
     15      1   2.7145986628152707D-01 8.4D-09 0.0D+00 1.6D-07 0.0D+00       23      174       23      230  S
     15      1   2.2351726898601565D-01 5.1D-09 0.0D+00 3.5D-08 0.0D+00       24      227       24      240  S
     15      1   2.3432234144298011D-01 5.2D-09 0.0D+00 1.2D-09 0.0D+00       22      171       22      220  S
     15      1   2.2351726898555369D-01 5.1D-09 0.0D+00 6.8D-08 0.0D+00       23      212       23      230  S
     15      1   2.2971781362273314D-01 6.6D-09 0.0D+00 3.0D-07 0.0D+00       24      193       24      240  S
     15      1   2.2351726898605764D-01 5.1D-09 0.0D+00 7.9D-09 0.0D+00       22      129       22      220  S
     15      1   2.2305429105371632D-01 4.9D-09 0.0D+00 1.9D-10 0.0D+00       22      146       22      220  S
     15      1   2.2351726898630839D-01 5.1D-09 0.0D+00 7.9D-10 0.0D+00       22      181       22      220  S
     15      1   2.2305429105338104D-01 4.9D-09 0.0D+00 9.9D-09 0.0D+00       22      131       22      220  S
     15      1   2.3608578678350978D-01 5.5D-09 0.0D+00 3.2D-07 0.0D+00       24      215       24      240  S
     15      1   2.3578661244665244D-01 5.4D-09 0.0D+00 6.5D-09 0.0D+00       22      174       22      220  S
     15      1   2.2351726898614643D-01 5.1D-09 0.0D+00 3.2D-08 0.0D+00       24      206       24      240  S
     15      1   2.3024627132885037D-01 6.1D-09 0.0D+00 2.0D-09 0.0D+00       21      161       21      210  S
     15      1   2.2351726898603788D-01 5.1D-09 0.0D+00 9.9D-09 0.0D+00       22      162       22      220  S
 no information
     15      1   2.2305429105385949D-01 4.9D-09 0.0D+00 3.6D-09 0.0D+00       22      142       22      220  S
     15      1   2.2305429105187796D-01 4.9D-09 0.0D+00 1.4D-07 0.0D+00       22      183       22      220  S
     15      1   2.2305429105288119D-01 4.9D-09 0.0D+00 1.3D-07 0.0D+00       23      188       23      230  S
     15      1   2.2348446074581749D-01 5.1D-09 0.0D+00 8.5D-10 0.0D+00       22      132       22      220  S
     15      1   2.2305429105390420D-01 4.9D-09 0.0D+00 7.6D-09 0.0D+00       22      162       22      220  S
     15      1   2.2305429105269614D-01 4.9D-09 0.0D+00 1.4D-07 0.0D+00       23      179       23      230  S
     15      1   2.2347576096205393D-01 5.1D-09 0.0D+00 3.9D-08 0.0D+00       23      181       23      230  S
     15      1   2.3027551661823351D-01 7.4D-09 0.0D+00 1.2D-09 0.0D+00       23      168       23      230  S
     15      1   2.2305429105160787D-01 4.9D-09 0.0D+00 3.0D-07 0.0D+00       23      193       23      230  S
     15      1   2.2971781339744399D-01 6.6D-09 0.0D+00 3.4D-07 0.0D+00       24      192       24      240  S
     15      1   2.2305429105181174D-01 4.9D-09 0.0D+00 2.1D-07 0.0D+00       22      178       22      220  S
     15      1   2.2305429105336919D-01 4.9D-09 0.0D+00 8.9D-09 0.0D+00       22      172       22      220  S
     15      1   7.7033227620443201D-01 1.1D-16 0.0D+00 1.0D+00 0.0D+00       25      145       26      260  S
     15      1   2.3027551661758949D-01 7.4D-09 0.0D+00 3.5D-09 0.0D+00       23      185       23      230  S
     15      1   2.2305429105324726D-01 4.9D-09 0.0D+00 2.2D-08 0.0D+00       23      157       23      230  S
     15      1   2.2305429105332705D-01 4.9D-09 0.0D+00 2.0D-09 0.0D+00       22      148       22      220  S
     15      1   2.2305429105308891D-01 4.9D-09 0.0D+00 1.4D-08 0.0D+00       23      145       23      230  S
     15      1   2.2305429105381772D-01 4.9D-09 0.0D+00 6.7D-10 0.0D+00       22      167       22      220  S
     15      1   2.2347576096049099D-01 5.1D-09 0.0D+00 2.0D-07 0.0D+00       23      203       23      230  S
     15      1   2.2305429105318583D-01 4.9D-09 0.0D+00 8.3D-09 0.0D+00       22      134       22      220  S
     15      1   2.2305429105374885D-01 4.9D-09 0.0D+00 3.2D-05 0.0D+00       24      163       24      240  S
     15      1   2.2347576096159194D-01 5.1D-09 0.0D+00 5.5D-08 0.0D+00       23      192       23      230  S
     15      1   2.2305429105349611D-01 4.9D-09 0.0D+00 2.4D-08 0.0D+00       23      181       23      230  S
     15      1   2.3027551661691692D-01 7.4D-09 0.0D+00 4.1D-10 0.0D+00       22      187       22      220  S
     15      1   2.2305429105354257D-01 4.9D-09 0.0D+00 6.4D-09 0.0D+00       22      146       22      220  S
     15      1   2.2305429105181734D-01 4.9D-09 0.0D+00 3.1D-07 0.0D+00       24      167       24      240  S
     15      1   2.2305429105125849D-01 4.9D-09 0.0D+00 2.3D-07 0.0D+00       23      181       23      230  S
     15      1   2.2305429105263738D-01 4.9D-09 0.0D+00 8.6D-08 0.0D+00       23      155       23      230  S
     15      1   2.2305429105378147D-01 4.9D-09 0.0D+00 1.3D-09 0.0D+00       22      167       22      220  S
     15      1   2.2305429105372165D-01 4.9D-09 0.0D+00 1.8D-09 0.0D+00       22      178       22      220  S
     15      1   2.2305429105264601D-01 4.9D-09 0.0D+00 1.6D-07 0.0D+00       23      197       23      230  S
     15      1   2.2305429105125285D-01 4.9D-09 0.0D+00 2.9D-07 0.0D+00       22      181       22      220  S
