      9   0.00    0.00    0.00   3.0022138278669847D-01 7.7D-09 0.0D+00 1.2D-08 0.0D+00       23      143       23      230     494     355     695     355     373   0.36     0    0      1  BR
      9      1   3.0022138278664995D-01 7.7D-09 0.0D+00 5.0D-09 0.0D+00       21      136       21      210  S
      9      1   3.0022138278521954D-01 7.7D-09 0.0D+00 1.6D-07 0.0D+00       24      197       24      240  S
      9      1   3.0022138278874128D-01 7.7D-09 0.0D+00 2.5D-09 0.0D+00       21      190       21      210  S
      9      1   3.0022138278709060D-01 7.7D-09 0.0D+00 5.1D-09 0.0D+00       22      135       22      220  S
      9      1   3.0022138278939259D-01 7.7D-09 0.0D+00 2.0D-09 0.0D+00       21      165       21      210  S
      9      1   3.0022138278718036D-01 7.7D-09 0.0D+00 4.8D-09 0.0D+00       21      161       21      210  S
      9      1   3.0022138278630134D-01 7.7D-09 0.0D+00 1.1D-09 0.0D+00       20      135       20      200  S
      9      1   3.0022138278644794D-01 7.7D-09 0.0D+00 5.0D-09 0.0D+00       20      141       20      200  S
      9      1   4.1393559528415680D-01 6.4D-09 0.0D+00 3.0D-07 0.0D+00       23      147       23      230  S
      9      1   3.0022138278747063D-01 7.7D-09 0.0D+00 5.2D-09 0.0D+00       22      153       22      220  S
      9      1   3.0022138278787647D-01 7.7D-09 0.0D+00 3.5D-09 0.0D+00       22      187       22      220  S
      9      1   3.0022138278414584D-01 7.7D-09 0.0D+00 1.6D-07 0.0D+00       22      157       22      220  S
      9      1   3.0022138278880545D-01 7.7D-09 0.0D+00 9.2D-10 0.0D+00       22      183       22      220  S
      9      1   3.0022138278362015D-01 7.7D-09 0.0D+00 2.8D-07 0.0D+00       23      188       23      230  S
      9      1   3.0022138278711452D-01 7.7D-09 0.0D+00 4.8D-09 0.0D+00       22      152       22      220  S
      9      1   3.0022138278921606D-01 7.7D-09 0.0D+00 8.6D-09 0.0D+00       21      191       21      210  S
      9      1   3.0022138278320992D-01 7.7D-09 0.0D+00 3.0D-07 0.0D+00       24      199       24      240  S
      9      1   3.0022138278316851D-01 7.7D-09 0.0D+00 3.0D-07 0.0D+00       24      191       24      240  S
      9      1   3.0022138278770594D-01 7.7D-09 0.0D+00 4.6D-09 0.0D+00       22      187       22      220  S
      9      1   3.0022138278508675D-01 7.7D-09 0.0D+00 1.4D-07 0.0D+00       21      170       21      210  S
      9      1   4.1393559528369800D-01 6.4D-09 0.0D+00 3.6D-07 0.0D+00       25      159       25      250  S
      9      1   3.0022138278671895D-01 7.7D-09 0.0D+00 4.8D-09 0.0D+00       22      136       22      220  S
      9      1   3.0022138278688137D-01 7.7D-09 0.0D+00 1.7D-09 0.0D+00       21      140       21      210  S
      9      1   4.1393559528593094D-01 6.4D-09 0.0D+00 1.9D-07 0.0D+00       22      157       22      220  S
      9      1   3.0022138278129917D-01 7.7D-09 0.0D+00 3.3D-07 0.0D+00       22      136       22      220  S
      9      1   3.0022138278681959D-01 7.7D-09 0.0D+00 9.1D-10 0.0D+00       22      150       22      220  S
      9      1   3.0022138278713995D-01 7.7D-09 0.0D+00 5.4D-09 0.0D+00       22      151       22      220  S
      9      1   3.0022138278838223D-01 7.7D-09 0.0D+00 2.3D-09 0.0D+00       22      185       22      220  S
      9      1   3.2632853652704186D-01 8.5D-09 0.0D+00 8.6D-09 0.0D+00       20      140       20      200  S
      9      1   3.0022138278902488D-01 7.7D-09 0.0D+00 1.6D-08 0.0D+00       22      172       22      220  S
      9      1   3.0022138278787214D-01 7.7D-09 0.0D+00 1.1D-09 0.0D+00       22      176       22      220  S
      9      1   3.0022138278785443D-01 7.7D-09 0.0D+00 5.1D-09 0.0D+00       22      177       22      220  S
      9      1   3.0022138278575383D-01 7.7D-09 0.0D+00 1.3D-07 0.0D+00       24      235       24      240  S
      9      1   3.0022138278812005D-01 7.7D-09 0.0D+00 5.0D-09 0.0D+00       22      190       22      220  S
      9      1   3.8030144743277605D-01 1.6D-03 0.0D+00 4.2D-01 0.0D+00        1       10        2       20  F
      9      1   3.0022138278282540D-01 7.7D-09 0.0D+00 2.8D-07 0.0D+00       23      165       23      230  S
      9      1   3.0022138278553029D-01 7.7D-09 0.0D+00 1.5D-07 0.0D+00       23      191       23      230  S
      9      1   3.0022138278786470D-01 7.7D-09 0.0D+00 9.6D-09 0.0D+00       22      186       22      220  S
      9      1   3.0022138278787958D-01 7.7D-09 0.0D+00 1.7D-09 0.0D+00       22      166       22      220  S
      9      1   3.0022138278338667D-01 7.7D-09 0.0D+00 2.3D-07 0.0D+00       21      165       21      210  S
      9      1   3.0022138278169808D-01 7.7D-09 0.0D+00 3.3D-07 0.0D+00       24      167       24      240  S
      9      1   3.0022138278342936D-01 7.7D-09 0.0D+00 3.3D-07 0.0D+00       24      197       24      240  S
      9      1   3.0022138278655119D-01 7.7D-09 0.0D+00 3.7D-09 0.0D+00       21      150       21      210  S
      9      1   3.0022138278870236D-01 7.7D-09 0.0D+00 5.3D-09 0.0D+00       22      185       22      220  S
      9      1   3.0022138278354599D-01 7.7D-09 0.0D+00 2.3D-07 0.0D+00       23      173       23      230  S
      9      1   3.0022138278802496D-01 7.7D-09 0.0D+00 8.5D-09 0.0D+00       21      163       21      210  S
      9      1   2.1474305707009991D-01 3.7D-01 0.0D+00 1.0D+00 0.0D+00        0        0        1       10  F
      9      1   3.0022138278373151D-01 7.7D-09 0.0D+00 3.1D-07 0.0D+00       22      176       22      220  S
      9      1   3.0022138278310084D-01 7.7D-09 0.0D+00 3.2D-07 0.0D+00       22      184       22      220  S
      9      1   3.0022138278683796D-01 7.7D-09 0.0D+00 4.4D-09 0.0D+00       21      145       21      210  S
      9      1   3.0022138278206906D-01 7.7D-09 0.0D+00 2.8D-07 0.0D+00       21      151       21      210  S
      9      1   3.0022138278854554D-01 7.7D-09 0.0D+00 3.7D-09 0.0D+00       22      175       22      220  S
      9      1   3.0022138278401661D-01 7.7D-09 0.0D+00 1.6D-07 0.0D+00       22      155       22      220  S
      9      1   4.1393559528841684D-01 6.4D-09 0.0D+00 2.1D-10 0.0D+00       23      153       23      230  S
      9      1   3.0022138278283655D-01 7.7D-09 0.0D+00 2.0D-07 0.0D+00       22      158       22      220  S
      9      1   3.0022138278265248D-01 7.7D-09 0.0D+00 3.2D-07 0.0D+00       24      198       24      240  S
      9      1   3.0022138278673749D-01 7.7D-09 0.0D+00 1.5D-09 0.0D+00       21      140       21      210  S
      9      1   3.0022138278402272D-01 7.7D-09 0.0D+00 2.8D-07 0.0D+00       24      234       24      240  S
      9      1   4.1393559528818724D-01 6.4D-09 0.0D+00 6.1D-10 0.0D+00       21      145       21      210  S
      9      1   3.0022138278849930D-01 7.7D-09 0.0D+00 2.5D-09 0.0D+00       22      175       22      220  S
      9      1   3.0022138278301463D-01 7.7D-09 0.0D+00 3.2D-07 0.0D+00       23      267       23      230  S
      9      1   3.0022138278430055D-01 7.7D-09 0.0D+00 2.5D-07 0.0D+00       22      186       22      220  S
      9      1   3.0022138278568949D-01 7.7D-09 0.0D+00 1.8D-07 0.0D+00       22      159       22      220  S
      9      1   3.0022138278791682D-01 7.7D-09 0.0D+00 3.3D-08 0.0D+00       22      173       22      220  S
      9      1   3.0022138278830318D-01 7.7D-09 0.0D+00 3.5D-09 0.0D+00       22      207       22      220  S
      9      1   3.0022138278802246D-01 7.7D-09 0.0D+00 3.7D-09 0.0D+00       22      184       22      220  S
      9      1   3.0022138278913674D-01 7.7D-09 0.0D+00 1.8D-08 0.0D+00       22      191       22      220  S
      9      1   3.0022138278692767D-01 7.7D-09 0.0D+00 7.0D-08 0.0D+00       24      233       24      240  S
      9      1   3.0022138278400085D-01 7.7D-09 0.0D+00 2.4D-07 0.0D+00       24      189       24      240  S
      9      1   3.0022138278661881D-01 7.7D-09 0.0D+00 1.1D-07 0.0D+00       24      225       24      240  S
      9      1   3.0022138278723615D-01 7.7D-09 0.0D+00 8.9D-08 0.0D+00       23      179       23      230  S
      9      1   3.0022138278832855D-01 7.7D-09 0.0D+00 7.2D-09 0.0D+00       21      157       21      210  S
      9      1   3.0022138278364718D-01 7.7D-09 0.0D+00 3.2D-07 0.0D+00       22      163       22      220  S
      9      1   3.2632853652788490D-01 8.5D-09 0.0D+00 2.5D-09 0.0D+00       21      140       21      210  S
      9      1   3.0022138278739952D-01 7.7D-09 0.0D+00 4.8D-09 0.0D+00       23      172       23      230  S
      9      1   3.0022138278790850D-01 7.7D-09 0.0D+00 2.9D-09 0.0D+00       22      142       22      220  S
      9      1   3.0022138278842941D-01 7.7D-09 0.0D+00 6.7D-09 0.0D+00       21      172       21      210  S
      9      1   3.0022138278624227D-01 7.7D-09 0.0D+00 9.4D-09 0.0D+00       20      142       20      200  S
      9      1   3.0022138278618293D-01 7.7D-09 0.0D+00 2.2D-08 0.0D+00       21      134       21      210  S
      9      1   3.0022138278726496D-01 7.7D-09 0.0D+00 2.6D-10 0.0D+00       22      148       22      220  S
      9      1   3.0022138278282540D-01 7.7D-09 0.0D+00 2.6D-07 0.0D+00       25      180       25      250  S
      9      1   3.0022138278611327D-01 7.7D-09 0.0D+00 4.7D-09 0.0D+00       20      125       20      200  S
      9      1   3.0022138278585064D-01 7.7D-09 0.0D+00 1.6D-07 0.0D+00       23      180       23      230  S
      9      1   3.0022138278788052D-01 7.7D-09 0.0D+00 6.6D-10 0.0D+00       22      178       22      220  S
      9      1   3.0022138278343719D-01 7.7D-09 0.0D+00 2.8D-07 0.0D+00       23      196       23      230  S
      9      1   3.0022138278366162D-01 7.7D-09 0.0D+00 2.4D-07 0.0D+00       22      157       22      220  S
      9      1   3.0022138278685628D-01 7.7D-09 0.0D+00 2.8D-09 0.0D+00       22      132       22      220  S
      9      1   3.2632853652816940D-01 8.5D-09 0.0D+00 3.3D-09 0.0D+00       21      158       21      210  S
      9      1   3.0022138278803773D-01 7.7D-09 0.0D+00 8.8D-09 0.0D+00       22      173       22      220  S
      9      1   3.0022138278803484D-01 7.7D-09 0.0D+00 3.5D-10 0.0D+00       22      195       22      220  S
      9      1   3.0022138278879940D-01 7.7D-09 0.0D+00 3.0D-09 0.0D+00       21      169       21      210  S
      9      1   3.0022138278182886D-01 7.7D-09 0.0D+00 3.3D-07 0.0D+00       24      172       24      240  S
      9      1   3.0022138278339611D-01 7.7D-09 0.0D+00 3.3D-07 0.0D+00       24      238       24      240  S
      9      1   3.0022138278248039D-01 7.7D-09 0.0D+00 3.1D-07 0.0D+00       23      144       23      230  S
      9      1   3.0022138278637239D-01 7.7D-09 0.0D+00 8.4D-08 0.0D+00       23      188       23      230  S
      9      1   3.0022138278798155D-01 7.7D-09 0.0D+00 6.8D-09 0.0D+00       22      174       22      220  S
      9      1   3.0022138278699573D-01 7.7D-09 0.0D+00 3.7D-08 0.0D+00       21      190       21      210  S
      9      1   3.0022138278688904D-01 7.7D-09 0.0D+00 4.7D-09 0.0D+00       22      157       22      220  S
      9      1   3.0022138278799221D-01 7.7D-09 0.0D+00 3.7D-09 0.0D+00       22      171       22      220  S
