     21      1   1.8009891497706348D-01 4.8D-09 0.0D+00 4.1D-09 0.0D+00       22      130       22      220  S
     21      1   1.8266642034569069D-01 5.5D-09 0.0D+00 2.2D-07 0.0D+00       23      187       23      230  S
     21      1   1.9186265686945078D-01 5.5D-09 0.0D+00 2.0D-09 0.0D+00       22      188       22      220  S
     21      1   1.8224587591638303D-01 5.4D-09 0.0D+00 1.4D-09 0.0D+00       21      164       21      210  S
     21      1   1.8266642034683470D-01 5.5D-09 0.0D+00 9.6D-08 0.0D+00       23      202       23      230  S
     21      1   1.8266642034781849D-01 5.5D-09 0.0D+00 3.0D-08 0.0D+00       24      193       24      240  S
     21      1   1.8009891497702069D-01 4.8D-09 0.0D+00 7.2D-09 0.0D+00       22      131       22      220  S
     21      1   1.8009891497713199D-01 4.8D-09 0.0D+00 5.0D-09 0.0D+00       22      154       22      220  S
     21      1   1.8266642034522595D-01 5.5D-09 0.0D+00 3.3D-07 0.0D+00       24      183       24      240  S
     21      1   1.8009891497695799D-01 4.8D-09 0.0D+00 4.4D-09 0.0D+00       22      125       22      220  S
     21      1   1.8266642034769121D-01 5.5D-09 0.0D+00 4.4D-09 0.0D+00       22      152       22      220  S
     21      1   1.8266642034783595D-01 5.5D-09 0.0D+00 2.9D-09 0.0D+00       22      180       22      220  S
     21      1   1.8266642034769315D-01 5.5D-09 0.0D+00 5.2D-10 0.0D+00       22      168       22      220  S
     21      1   1.8009891497687558D-01 4.8D-09 0.0D+00 7.0D-09 0.0D+00       22      138       22      220  S
     21      1   1.8009891497703623D-01 4.8D-09 0.0D+00 8.1D-09 0.0D+00       22      124       22      220  S
     21      1   1.8009891497696337D-01 4.8D-09 0.0D+00 2.0D-09 0.0D+00       22      140       22      220  S
     21      1   1.8529023433787276D-01 5.4D-09 0.0D+00 8.0D-09 0.0D+00       22      220       22      220  S
     21      1   1.8577766506974158D-01 5.1D-09 0.0D+00 3.1D-07 0.0D+00       22      183       22      220  S
     21      1   1.8266642034790143D-01 5.5D-09 0.0D+00 4.8D-09 0.0D+00       22      176       22      220  S
     21      1   1.8050439423052600D-01 4.8D-09 0.0D+00 8.1D-09 0.0D+00       22      158       22      220  S
     21      1   1.8036241277587656D-01 5.3D-09 0.0D+00 5.9D-09 0.0D+00       22      160       22      220  S
     21      1   1.8266642034675579D-01 5.5D-09 0.0D+00 1.2D-07 0.0D+00       24      226       24      240  S
     21      1   1.8224587591531757D-01 5.4D-09 0.0D+00 2.1D-07 0.0D+00       23      189       23      230  S
     21      1   2.0090772362756079D-01 1.8D-06 0.0D+00 2.0D-01 0.0D+00        2       52        3       30  F
     21      1   1.8036241277578205D-01 5.3D-09 0.0D+00 2.4D-09 0.0D+00       22      199       22      220  S
     21      1   1.8266642034529981D-01 5.5D-09 0.0D+00 2.9D-07 0.0D+00       23      162       23      230  S
     21      1   1.8036241277453827D-01 5.3D-09 0.0D+00 1.4D-07 0.0D+00       23      206       23      230  S
     21      1   2.0267566140460810D-01 6.6D-09 0.0D+00 7.0D-08 0.0D+00       24      194       24      240  S
     21      1   1.8266642034802535D-01 5.5D-09 0.0D+00 3.2D-09 0.0D+00       22      196       22      220  S
     21      1   1.8050439423064374D-01 4.8D-09 0.0D+00 3.3D-09 0.0D+00       22      169       22      220  S
     21      1   1.8529023433745268D-01 5.4D-09 0.0D+00 8.8D-10 0.0D+00       21      198       21      206  S
     21      1   1.8050439422877754D-01 4.8D-09 0.0D+00 2.6D-07 0.0D+00       23      151       23      230  S
     21      1   1.8224587591667538D-01 5.4D-09 0.0D+00 2.2D-08 0.0D+00       23      189       23      230  S
     21      1   1.8266642034776298D-01 5.5D-09 0.0D+00 5.1D-10 0.0D+00       22      173       22      220  S
     21      1   1.8247753182723569D-01 4.9D-09 0.0D+00 4.8D-08 0.0D+00       23      170       23      230  S
     21      1   1.8247753182811005D-01 4.9D-09 0.0D+00 3.5D-09 0.0D+00       22      189       22      220  S
     21      1   1.8266642034601938D-01 5.5D-09 0.0D+00 2.2D-07 0.0D+00       24      178       24      240  S
     21      1   1.8266642033604844D-01 5.5D-09 0.0D+00 2.3D-07 0.0D+00       23      179       23      230  S
     21      1   1.8577766506965906D-01 5.1D-09 0.0D+00 3.2D-07 0.0D+00       22      177       22      220  S
     21      1   1.8009891497691602D-01 4.8D-09 0.0D+00 1.6D-09 0.0D+00       22      134       22      220  S
     21      1   1.8009891497695171D-01 4.8D-09 0.0D+00 2.0D-09 0.0D+00       22      149       22      220  S
     21      1   1.9186265686939166D-01 5.5D-09 0.0D+00 4.1D-09 0.0D+00       22      166       22      220  S
     21      1   1.8009891497815878D-01 4.8D-09 0.0D+00 8.0D-09 0.0D+00       22      163       22      220  S
     21      1   1.8402086316058167D-01 5.3D-09 0.0D+00 6.8D-09 0.0D+00       22      163       22      220  S
     21      1   1.8050439422862080D-01 4.8D-09 0.0D+00 3.2D-07 0.0D+00       23      169       23      230  S
     21      1   1.8268336789454567D-01 3.0D-12 0.0D+00 4.9D-01 0.0D+00       24      162       25      250  S
     21      1   2.1761304364999659D-01 6.8D-09 0.0D+00 8.1D-09 0.0D+00       22      160       22      220  S
     21      1   1.8266642034776920D-01 5.5D-09 0.0D+00 4.5D-08 0.0D+00       24      194       24      240  S
     21      1   1.8266642034780828D-01 5.5D-09 0.0D+00 2.4D-09 0.0D+00       22      185       22      220  S
     21      1   1.8009891497690739D-01 4.8D-09 0.0D+00 1.4D-08 0.0D+00       23      142       23      230  S
     21      1   1.8251382805783697D-01 8.1D-07 0.0D+00 1.0D-01 0.0D+00       24      134       25      250  S
     21      1   2.0166044060653091D-01 6.6D-09 0.0D+00 1.3D-09 0.0D+00       22      179       22      220  S
     21      1   1.9164448829691647D-01 5.7D-09 0.0D+00 3.4D-08 0.0D+00       23      175       23      230  S
     21      1   1.8224587591615360D-01 5.4D-09 0.0D+00 1.4D-09 0.0D+00       21      165       21      210  S
     21      1   1.8266642034720579D-01 5.5D-09 0.0D+00 5.2D-09 0.0D+00       22      231       22      220  S
     21      1   1.8266642033803343D-01 5.5D-09 0.0D+00 7.6D-09 0.0D+00       22      182       22      220  S
     21      1   1.8266642034516767D-01 5.5D-09 0.0D+00 3.1D-07 0.0D+00       23      184       23      230  S
     21      1   1.8224587591531605D-01 5.4D-09 0.0D+00 1.6D-07 0.0D+00       23      164       23      230  S
     21      1   1.8036241301054681D-01 5.3D-09 0.0D+00 7.0D-10 0.0D+00       22      363       22      220  S
     21      1   1.8009891497706068D-01 4.8D-09 0.0D+00 5.4D-11 0.0D+00       22      131       22      220  S
     21      1   1.8266642034795022D-01 5.5D-09 0.0D+00 7.7D-09 0.0D+00       22      196       22      220  S
     21      1   1.8009891497814387D-01 4.8D-09 0.0D+00 2.8D-09 0.0D+00       22      175       22      220  S
     21      1   1.8224587591672028D-01 5.4D-09 0.0D+00 9.9D-09 0.0D+00       22      158       22      220  S
     21      1   2.1883163509504808D-01 1.3D-04 0.0D+00 3.1D-01 0.0D+00        1       10        2       20  F
     21      1   1.8247753182820872D-01 4.9D-09 0.0D+00 9.3D-09 0.0D+00       22      222       22      220  S
     21      1   1.9483761875734387D-01 6.7D-09 0.0D+00 1.4D-09 0.0D+00       22      209       22      220  S
     21      1   1.8266642034808375D-01 5.5D-09 0.0D+00 5.2D-09 0.0D+00       22      184       22      220  S
     21      1   1.9186265686800136D-01 5.5D-09 0.0D+00 1.5D-07 0.0D+00       23      169       23      230  S
     21      1   1.8266642034511724D-01 5.5D-09 0.0D+00 3.2D-07 0.0D+00       24      195       24      240  S
     21      1   1.8009891497699107D-01 4.8D-09 0.0D+00 1.4D-09 0.0D+00       22      144       22      220  S
     21      1   1.8009891497688921D-01 4.8D-09 0.0D+00 9.6D-10 0.0D+00       22      133       22      220  S
     21      1   1.8009891497672911D-01 4.8D-09 0.0D+00 7.0D-09 0.0D+00       21      180       21      210  S
     21      1   1.8009891497675018D-01 4.8D-09 0.0D+00 2.2D-10 0.0D+00       21      135       21      210  S
     21      1   1.8050439422875242D-01 4.8D-09 0.0D+00 2.8D-07 0.0D+00       24      190       24      240  S
     21      1   1.8050439423068709D-01 4.8D-09 0.0D+00 6.8D-09 0.0D+00       22      136       22      220  S
     21      1   1.8266642034759598D-01 5.5D-09 0.0D+00 3.8D-10 0.0D+00       22      208       22      220  S
 no information
     21      1   1.8266642034718822D-01 5.5D-09 0.0D+00 3.2D-08 0.0D+00       23      177       23      230  S
 no information
     21      1   1.8009891497690547D-01 4.8D-09 0.0D+00 1.4D-08 0.0D+00       23      157       23      230  S
     21      1   1.8224587377279827D-01 5.4D-09 0.0D+00 5.1D-05 0.0D+00       24      247       24      240  S
     21      1   1.8266642034726385D-01 5.5D-09 0.0D+00 5.5D-09 0.0D+00       21      168       21      210  S
     21      1   1.8009891497700303D-01 4.8D-09 0.0D+00 5.8D-09 0.0D+00       22      132       22      220  S
     21      1   1.8247753182788790D-01 4.9D-09 0.0D+00 3.2D-08 0.0D+00       23      208       23      230  S
     21      1   1.8050439423061307D-01 4.8D-09 0.0D+00 4.6D-10 0.0D+00       22      161       22      220  S
     21      1   1.8266642034801378D-01 5.5D-09 0.0D+00 1.2D-09 0.0D+00       22      199       22      220  S
     21      1   1.8266642034645675D-01 5.5D-09 0.0D+00 1.3D-07 0.0D+00       23      205       23      230  S
     21      1   1.8266642034642194D-01 5.5D-09 0.0D+00 1.8D-07 0.0D+00       23      183       23      230  S
     21      1   2.3885697487462065D-01 1.1D-04 0.0D+00 3.1D-01 0.0D+00        1       10        2       20  F
     21      1   1.8009891497687319D-01 4.8D-09 0.0D+00 5.7D-09 0.0D+00       22      127       22      220  S
     21      1   1.8266642034793462D-01 5.5D-09 0.0D+00 6.4D-09 0.0D+00       22      167       22      220  S
     21      1   1.8050439423051914D-01 4.8D-09 0.0D+00 7.3D-09 0.0D+00       22      139       22      220  S
     21      1   1.8036241296646952D-01 5.3D-09 0.0D+00 1.2D-08 0.0D+00       24      173       24      240  S
     21      1   1.8224587591588448D-01 5.4D-09 0.0D+00 9.2D-08 0.0D+00       24      219       24      240  S
     21      1   1.8224587590442898D-01 5.4D-09 0.0D+00 1.6D-07 0.0D+00       24      196       24      240  S
     21      1   1.8224587591690464D-01 5.4D-09 0.0D+00 9.8D-09 0.0D+00       22      178       22      220  S
     21      1   1.8009891497687444D-01 4.8D-09 0.0D+00 3.6D-09 0.0D+00       22      130       22      220  S
     21      1   1.8009891497707770D-01 4.8D-09 0.0D+00 5.9D-08 0.0D+00       23      142       23      230  S
     21      1   1.8266642034728803D-01 5.5D-09 0.0D+00 2.0D-08 0.0D+00       24      237       24      240  S
     21      1   1.8224587592265157D-01 5.4D-09 0.0D+00 7.6D-10 0.0D+00       22      183       22      220  S
