     15   0.00    0.00    0.00   2.2305429105260158D-01 4.9D-09 0.0D+00 1.4D-07 0.0D+00       23      191       23      230    1201     388    1406     388     421   0.44     0    0      1  BR
     15      1   2.2908861725449281D-01 6.0D-03 0.0D+00 3.8D-01 0.0D+00        1       10        2       20  F
     15      1   2.2305429105261140D-01 4.9D-09 0.0D+00 3.6D-08 0.0D+00       22      194       22      220  S
     15      1   2.2351726898609039D-01 5.1D-09 0.0D+00 2.8D-08 0.0D+00       23      172       23      230  S
     15      1   2.2351726898375648D-01 5.1D-09 0.0D+00 3.1D-07 0.0D+00       24      206       24      240  S
     15      1   2.3386876164961948D-01 5.6D-09 0.0D+00 3.2D-07 0.0D+00       23      148       23      230  S
     15      1   2.2305429105133759D-01 4.9D-09 0.0D+00 2.8D-07 0.0D+00       23      150       23      230  S
     15      1   2.2348446074535833D-01 5.1D-09 0.0D+00 7.0D-08 0.0D+00       23      159       23      230  S
     15      1   2.7298129066070242D-01 7.6D-06 0.0D+00 4.8D-01 0.0D+00       25      154       26      260  S
     15      1   2.3027551661884813D-01 7.4D-09 0.0D+00 1.9D-08 0.0D+00       24      196       24      240  S
     15      1   2.3386876165272999D-01 5.6D-09 0.0D+00 6.1D-09 0.0D+00       22      145       22      220  S
     15      1   2.2305429105324992D-01 4.9D-09 0.0D+00 2.2D-08 0.0D+00       24      185       24      240  S
     15      1   2.2351726898623323D-01 5.1D-09 0.0D+00 5.7D-11 0.0D+00       22      205       22      220  S
     15      1   2.2305429105311250D-01 4.9D-09 0.0D+00 2.1D-09 0.0D+00       21      156       21      210  S
     15      1   2.2305429105292476D-01 4.9D-09 0.0D+00 1.7D-08 0.0D+00       23      207       23      230  S
     15      1   2.2347576096198185D-01 5.1D-09 0.0D+00 1.1D-09 0.0D+00       22      149       22      220  S
     15      1   2.3027551661410126D-01 7.4D-09 0.0D+00 2.6D-07 0.0D+00       25      191       25      250  S
     15      1   2.2305429105322311D-01 4.9D-09 0.0D+00 5.7D-09 0.0D+00       22      137       22      220  S
     15      1   2.2351726898593355D-01 5.1D-09 0.0D+00 2.8D-08 0.0D+00       24      174       24      240  S
     15      1   2.2351726898608640D-01 5.1D-09 0.0D+00 3.7D-09 0.0D+00       22      143       22      220  S
     15      1   2.2305429105353927D-01 4.9D-09 0.0D+00 1.1D-09 0.0D+00       22      163       22      220  S
     15      1   2.2305429105404087D-01 4.9D-09 0.0D+00 2.1D-09 0.0D+00       22      154       22      220  S
     15      1   2.2348446074458128D-01 5.1D-09 0.0D+00 2.2D-07 0.0D+00       24      152       24      240  S
     15      1   2.3024627132889086D-01 6.1D-09 0.0D+00 3.4D-08 0.0D+00       22      162       22      220  S
     15      1   2.3585793571807401D-01 5.5D-09 0.0D+00 1.2D-09 0.0D+00       21      161       21      210  S
     15      1   2.2305429105336841D-01 4.9D-09 0.0D+00 4.0D-08 0.0D+00       23      173       23      230  S
     15      1   2.2305429105121913D-01 4.9D-09 0.0D+00 3.2D-07 0.0D+00       23      169       23      230  S
     15      1   2.7145986627895569D-01 8.4D-09 0.0D+00 3.2D-07 0.0D+00       25      201       25      250  S
     15      1   2.2305429105331950D-01 4.9D-09 0.0D+00 5.3D-09 0.0D+00       22      127       22      220  S
     15      1   2.2305429105329830D-01 4.9D-09 0.0D+00 2.1D-08 0.0D+00       24      184       24      240  S
     15      1   2.3027551661026574D-01 7.4D-09 0.0D+00 3.4D-07 0.0D+00       24      169       24      240  S
     15      1   2.2305429105358909D-01 4.9D-09 0.0D+00 2.8D-09 0.0D+00       22      219       22      220  S
     15      1   2.3608578678316969D-01 5.5D-09 0.0D+00 3.2D-07 0.0D+00       24      163       24      240  S
     15      1   2.2305429105344324D-01 4.9D-09 0.0D+00 4.6D-08 0.0D+00       24      186       24      240  S
     15      1   2.3027551661735735D-01 7.4D-09 0.0D+00 3.5D-09 0.0D+00       23      177       23      230  S
     15      1   2.2347576096227825D-01 5.1D-09 0.0D+00 6.7D-09 0.0D+00       22      169       22      220  S
     15      1   2.3780798017098462D-01 6.2D-09 0.0D+00 7.9D-09 0.0D+00       22      195       22      220  S
     15      1   2.3409289347434026D-01 5.4D-09 0.0D+00 3.3D-08 0.0D+00       23      151       23      230  S
     15      1   2.2347576096217531D-01 5.1D-09 0.0D+00 1.7D-09 0.0D+00       22      169       22      220  S
     15      1   2.2305429105341162D-01 4.9D-09 0.0D+00 2.5D-09 0.0D+00       22      193       22      220  S
     15      1   2.2351726898607566D-01 5.1D-09 0.0D+00 2.2D-08 0.0D+00       24      188       24      240  S
     15      1   2.2326750828580810D-01 5.3D-09 0.0D+00 2.9D-09 0.0D+00       21      147       21      210  S
     15      1   2.2347576096192664D-01 5.1D-09 0.0D+00 1.6D-09 0.0D+00       22      159       22      220  S
     15      1   2.2305429105174571D-01 4.9D-09 0.0D+00 3.0D-07 0.0D+00       24      186       24      240  S
     15      1   2.2347576096120558D-01 5.1D-09 0.0D+00 9.7D-08 0.0D+00       23      179       23      230  S
     15      1   2.2305429105141500D-01 4.9D-09 0.0D+00 2.2D-07 0.0D+00       22      204       22      220  S
     15      1   2.3578661244668719D-01 5.4D-09 0.0D+00 8.4D-09 0.0D+00       22      160       22      220  S
     15      1   8.9458260626126468D-02 5.0D-01 0.0D+00 1.0D+00 0.0D+00        0        0        1       10  F
     15      1   2.2305429105380573D-01 4.9D-09 0.0D+00 3.9D-09 0.0D+00       22      141       22      220  S
     15      1   2.2351726898610019D-01 5.1D-09 0.0D+00 3.2D-08 0.0D+00       23      212       23      230  S
     15      1   2.2351726898578284D-01 5.1D-09 0.0D+00 1.8D-09 0.0D+00       22      194       22      220  S
     15      1   2.2305429105380878D-01 4.9D-09 0.0D+00 9.4D-09 0.0D+00       22      166       22      220  S
     15      1   2.2305429105323460D-01 4.9D-09 0.0D+00 7.6D-09 0.0D+00       21      188       21      210  S
     15      1   2.2305429105323271D-01 4.9D-09 0.0D+00 1.3D-08 0.0D+00       24      182       24      240  S
     15      1   2.2305429105373714D-01 4.9D-09 0.0D+00 6.0D-09 0.0D+00       22      155       22      220  S
     15      1   2.2305429105385274D-01 4.9D-09 0.0D+00 8.4D-09 0.0D+00       22      138       22      220  S
     15      1   2.2305429105265026D-01 4.9D-09 0.0D+00 1.6D-07 0.0D+00       24      170       24      240  S
     15      1   2.3432234144286035D-01 5.2D-09 0.0D+00 6.5D-09 0.0D+00       22      159       22      220  S
     15      1   2.2305429105333102D-01 4.9D-09 0.0D+00 5.7D-09 0.0D+00       22      168       22      220  S
     15      1   1.7792497958861375D-01 3.3D-01 0.0D+00 1.0D+00 0.0D+00        0        0        1       10  F
     15      1   2.2305429105391525D-01 4.9D-09 0.0D+00 3.0D-08 0.0D+00       24      185       24      240  S
     15      1   2.2305429105156660D-01 4.9D-09 0.0D+00 3.1D-07 0.0D+00       24      188       24      240  S
     15      1   2.2305429105383623D-01 4.9D-09 0.0D+00 5.1D-09 0.0D+00       22      178       22      220  S
     15      1   2.2305429105192975D-01 4.9D-09 0.0D+00 2.6D-07 0.0D+00       24      180       24      240  S
     15      1   2.2305429105328506D-01 4.9D-09 0.0D+00 2.1D-11 0.0D+00       22      138       22      220  S
     15      1   2.2971781362632246D-01 6.6D-09 0.0D+00 1.3D-09 0.0D+00       22      181       22      220  S
     15      1   2.2351726898637347D-01 5.1D-09 0.0D+00 8.3D-09 0.0D+00       22      188       22      220  S
     15      1   2.2351726898607605D-01 5.1D-09 0.0D+00 4.3D-09 0.0D+00       22      204       22      220  S
     15      1   2.7145986628336749D-01 8.4D-09 0.0D+00 7.0D-08 0.0D+00       24      155       24      240  S
     15      1   2.3608578678496253D-01 5.5D-09 0.0D+00 1.1D-07 0.0D+00       23      172       23      230  S
     15      1   1.4869272479252235D-01 3.6D-01 0.0D+00 1.0D+00 0.0D+00        0        0        1       10  F
     15      1   2.2351726898609589D-01 5.1D-09 0.0D+00 3.6D-08 0.0D+00       23      192       23      230  S
     15      1   2.2305429105374192D-01 4.9D-09 0.0D+00 2.8D-08 0.0D+00       24      204       24      240  S
     15      1   2.2347576096194177D-01 5.1D-09 0.0D+00 3.2D-08 0.0D+00       23      156       23      230  S
     15      1   2.2351726898598698D-01 5.1D-09 0.0D+00 1.9D-08 0.0D+00       23      196       23      230  S
     15      1   2.2305429105301908D-01 4.9D-09 0.0D+00 7.1D-10 0.0D+00       21      149       21      210  S
     15      1   2.2305429105335309D-01 4.9D-09 0.0D+00 3.9D-10 0.0D+00       22      157       22      220  S
     15      1   2.2347576096197869D-01 5.1D-09 0.0D+00 1.0D-08 0.0D+00       22      161       22      220  S
     15      1   2.2348446074580780D-01 5.1D-09 0.0D+00 5.1D-09 0.0D+00       22      149       22      220  S
     15      1   2.2305429105268001D-01 4.9D-09 0.0D+00 1.5D-07 0.0D+00       23      168       23      230  S
     15      1   2.2351726898579197D-01 5.1D-09 0.0D+00 3.7D-09 0.0D+00       22      171       22      220  S
     15      1   2.2305429105390551D-01 4.9D-09 0.0D+00 6.7D-09 0.0D+00       22      155       22      220  S
     15      1   2.2347576096215901D-01 5.1D-09 0.0D+00 4.5D-08 0.0D+00       23      190       23      230  S
     15      1   2.2351726898601890D-01 5.1D-09 0.0D+00 1.8D-11 0.0D+00       22      173       22      220  S
     15      1   2.3605520021758911D-01 5.6D-09 0.0D+00 6.3D-09 0.0D+00       22      168       22      220  S
     15      1   2.2971781339993316D-01 6.6D-09 0.0D+00 2.4D-08 0.0D+00       25      215       25      250  S
     15      1   2.2305429105084451D-01 4.9D-09 0.0D+00 3.2D-07 0.0D+00       23      183       23      230  S
     15      1   2.2347576096228314D-01 5.1D-09 0.0D+00 7.8D-09 0.0D+00       22      168       22      220  S
     15      1   2.2351726898533059D-01 5.1D-09 0.0D+00 9.9D-08 0.0D+00       23      166       23      230  S
     15      1   2.2305429105119889D-01 4.9D-09 0.0D+00 3.0D-07 0.0D+00       23      202       23      230  S
     15      1   2.2305429104826696D-01 4.9D-09 0.0D+00 1.2D-06 0.0D+00       23      164       23      230  S
     15      1   2.2351726898600865D-01 5.1D-09 0.0D+00 6.4D-09 0.0D+00       22      213       22      220  S
     15      1   2.2305429105318905D-01 4.9D-09 0.0D+00 1.6D-09 0.0D+00       22      165       22      220  S
     15      1   2.2305429105393348D-01 4.9D-09 0.0D+00 5.8D-09 0.0D+00       22      144       22      220  S
     15      1   2.2305429105343577D-01 4.9D-09 0.0D+00 1.3D-09 0.0D+00       22      194       22      220  S
     15      1   2.2351726898603769D-01 5.1D-09 0.0D+00 6.1D-09 0.0D+00       22      192       22      220  S
     15      1   2.2351726898608162D-01 5.1D-09 0.0D+00 1.9D-08 0.0D+00       23      190       23      230  S
     15      1   2.2305429105367863D-01 4.9D-09 0.0D+00 9.1D-09 0.0D+00       22      149       22      220  S
     15      1   2.3027551661808637D-01 7.4D-09 0.0D+00 1.2D-08 0.0D+00       24      207       24      240  S
     15      1   2.2348446075262171D-01 5.1D-09 0.0D+00 6.9D-10 0.0D+00       23      152       23      230  S
