     17      1   2.0633733585597469D-01 5.6D-09 0.0D+00 1.1D-07 0.0D+00       24      183       24      240  S
     17      1   2.1840560602903900D-01 6.4D-09 0.0D+00 4.1D-09 0.0D+00       22      204       22      220  S
     17      1   2.1838988109621094D-01 6.8D-09 0.0D+00 2.2D-07 0.0D+00       24      202       24      240  S
     17      1   2.1838988109832544D-01 6.8D-09 0.0D+00 3.2D-09 0.0D+00       21      148       21      210  S
     17      1   2.1838988109893054D-01 6.8D-09 0.0D+00 2.4D-09 0.0D+00       21      176       21      210  S
     17      1   2.1838988109898411D-01 6.8D-09 0.0D+00 1.1D-09 0.0D+00       21      145       21      210  S
     17      1   2.0702167133445537D-01 4.9D-09 0.0D+00 7.6D-09 0.0D+00       22      158       22      220  S
     17      1   2.1838988109854265D-01 6.8D-09 0.0D+00 1.8D-08 0.0D+00       22      157       22      220  S
     17      1   2.1093559885813651D-01 6.1D-09 0.0D+00 6.0D-09 0.0D+00       22      169       22      220  S
     17      1   2.1838988109679014D-01 6.8D-09 0.0D+00 1.5D-07 0.0D+00       23      199       23      230  S
     17      1   2.1838988109905100D-01 6.8D-09 0.0D+00 3.6D-09 0.0D+00       21      162       21      210  S
     17      1   2.1788403873704862D-01 6.6D-09 0.0D+00 1.8D-08 0.0D+00       24      193       24      240  S
     17      1   2.1838988109883559D-01 6.8D-09 0.0D+00 9.8D-10 0.0D+00       22      150       22      220  S
     17      1   2.0702167133441002D-01 4.9D-09 0.0D+00 2.0D-08 0.0D+00       23      169       23      230  S
     17      1   2.1840560602872419D-01 6.4D-09 0.0D+00 7.6D-09 0.0D+00       22      226       22      220  S
     17      1   2.0702167133440769D-01 4.9D-09 0.0D+00 6.0D-09 0.0D+00       22      159       22      220  S
     17      1   2.7285824073159570D-01 6.2D-09 0.0D+00 1.3D-07 0.0D+00       24      201       24      240  S
     17      1   2.0702167133444827D-01 4.9D-09 0.0D+00 9.5D-09 0.0D+00       22      146       22      220  S
     17      1   2.1929581274798521D-01 5.2D-09 0.0D+00 6.5D-04 0.0D+00       24      247       24      240  S
     17      1   2.1788403873747292D-01 6.6D-09 0.0D+00 8.3D-09 0.0D+00       22      165       22      220  S
     17      1   2.1833374029443825D-01 5.3D-09 0.0D+00 8.9D-09 0.0D+00       22      271       22      220  S
     17      1   2.0702167133424676D-01 4.9D-09 0.0D+00 4.4D-09 0.0D+00       22      161       22      220  S
     17      1   2.0633733585450065D-01 5.6D-09 0.0D+00 3.1D-07 0.0D+00       24      176       24      240  S
     17      1   2.1761304364957954D-01 6.8D-09 0.0D+00 2.0D-09 0.0D+00       22      144       22      220  S
     17      1   2.1929581807522433D-01 5.2D-09 0.0D+00 8.4D-07 0.0D+00       24      246       24      240  S
     17      1   2.0633734219760222D-01 5.6D-09 0.0D+00 3.8D-08 0.0D+00       23      182       23      230  S
     17      1   2.1838988109877719D-01 6.8D-09 0.0D+00 9.4D-09 0.0D+00       21      168       21      210  S
     17      1   2.1788403873741544D-01 6.6D-09 0.0D+00 7.3D-09 0.0D+00       22      145       22      220  S
     17      1   2.0633733585726621D-01 5.6D-09 0.0D+00 5.5D-09 0.0D+00       22      205       22      220  S
     17      1   2.1761304364967599D-01 6.8D-09 0.0D+00 8.2D-09 0.0D+00       22      160       22      220  S
     17      1   2.1093559885797963D-01 6.1D-09 0.0D+00 2.9D-08 0.0D+00       22      160       22      220  S
     17      1   2.1838988109916993D-01 6.8D-09 0.0D+00 9.4D-09 0.0D+00       21      164       21      210  S
     17      1   2.0633733585559599D-01 5.6D-09 0.0D+00 1.6D-07 0.0D+00       24      182       24      240  S
     17      1   2.1838988109681440D-01 6.8D-09 0.0D+00 1.9D-07 0.0D+00       24      187       24      240  S
     17      1   2.1838988109458243D-01 6.8D-09 0.0D+00 3.1D-07 0.0D+00       22      144       22      220  S
     17      1   2.1838988109723773D-01 6.8D-09 0.0D+00 1.2D-07 0.0D+00       22      170       22      220  S
     17      1   2.1761304364919759D-01 6.8D-09 0.0D+00 6.8D-10 0.0D+00       21      189       21      210  S
     17      1   2.1787059949357446D-01 6.1D-09 0.0D+00 1.6D-09 0.0D+00       22      155       22      220  S
     17      1   2.0633733585467004D-01 5.6D-09 0.0D+00 3.2D-07 0.0D+00       23      185       23      230  S
     17      1   2.1093559885742766D-01 6.1D-09 0.0D+00 4.2D-09 0.0D+00       21      154       21      210  S
     17      1   2.1838988109882143D-01 6.8D-09 0.0D+00 6.7D-09 0.0D+00       21      143       21      210  S
     17      1   2.3780798017051619D-01 6.2D-09 0.0D+00 8.2D-09 0.0D+00       21      187       21      210  S
     17      1   2.0633733585704400D-01 5.6D-09 0.0D+00 7.2D-09 0.0D+00       22      143       22      220  S
     17      1   2.1787059949078028D-01 6.1D-09 0.0D+00 2.7D-07 0.0D+00       23      195       23      230  S
     17      1   2.1840560602767600D-01 6.4D-09 0.0D+00 2.3D-07 0.0D+00       23      219       23      230  S
     17      1   2.1838988109681745D-01 6.8D-09 0.0D+00 1.1D-07 0.0D+00       23      172       23      230  S
     17      1   2.2971781340164996D-01 6.6D-09 0.0D+00 2.9D-10 0.0D+00       23      194       23      230  S
     17      1   2.1838988109922300D-01 6.8D-09 0.0D+00 1.0D-08 0.0D+00       22      157       22      220  S
     17      1   2.3362052940837996D-01 5.8D-09 0.0D+00 6.7D-09 0.0D+00       22      158       22      220  S
     17      1   2.0702167133438898D-01 4.9D-09 0.0D+00 3.3D-09 0.0D+00       22      142       22      220  S
     17      1   2.2304554649079797D-01 4.9D-09 0.0D+00 1.9D-07 0.0D+00       23      205       23      230  S
     17      1   2.1838988109921148D-01 6.8D-09 0.0D+00 7.4D-09 0.0D+00       22      204       22      220  S
     17      1   2.1761304364796616D-01 6.8D-09 0.0D+00 1.3D-07 0.0D+00       22      187       22      220  S
     17      1   2.1838988109852933D-01 6.8D-09 0.0D+00 1.3D-08 0.0D+00       23      188       23      230  S
     17      1   2.1838988109877183D-01 6.8D-09 0.0D+00 9.8D-10 0.0D+00       22      154       22      220  S
     17      1   2.1496362400356323D-01 6.1D-09 0.0D+00 6.9D-09 0.0D+00       22      166       22      220  S
     17      1   2.1838988109456958D-01 6.8D-09 0.0D+00 3.2D-07 0.0D+00       23      184       23      230  S
     17      1   2.0633733585699007D-01 5.6D-09 0.0D+00 9.3D-09 0.0D+00       22      159       22      220  S
     17      1   2.0702167133440416D-01 4.9D-09 0.0D+00 1.7D-09 0.0D+00       22      153       22      220  S
     17      1   2.1093559885573504D-01 6.1D-09 0.0D+00 2.3D-07 0.0D+00       24      179       24      240  S
     17      1   2.2399894400305173D-01 7.0D-09 0.0D+00 4.6D-09 0.0D+00       22      199       22      220  S
     17      1   2.0702167133437552D-01 4.9D-09 0.0D+00 1.4D-08 0.0D+00       23      146       23      230  S
     17      1   9.0237645676635891D-02 4.4D-01 0.0D+00 1.0D+00 0.0D+00        0        0        1       10  F
     17      1   2.0633733585736888D-01 5.6D-09 0.0D+00 1.9D-08 0.0D+00       23      208       23      230  S
     17      1   2.0702167133445115D-01 4.9D-09 0.0D+00 2.9D-08 0.0D+00       23      173       23      230  S
     17      1   2.2305429105368565D-01 4.9D-09 0.0D+00 1.7D-09 0.0D+00       22      187       22      220  S
     17      1   2.1291884168683897D-01 6.1D-09 0.0D+00 1.1D-09 0.0D+00       22      170       22      220  S
     17      1   2.1838988109833635D-01 6.8D-09 0.0D+00 1.6D-09 0.0D+00       21      152       21      210  S
     17      1   2.1838988109463087D-01 6.8D-09 0.0D+00 3.3D-07 0.0D+00       24      182       24      240  S
     17      1   2.2770020268294047D-01 2.7D-07 0.0D+00 2.7D-01 0.0D+00       23      167       24      240  S
     17      1   2.1838988109875732D-01 6.8D-09 0.0D+00 7.2D-09 0.0D+00       22      176       22      220  S
     17      1   2.0702167133437935D-01 4.9D-09 0.0D+00 6.4D-09 0.0D+00       22      133       22      220  S
     17      1   2.1003543376031256D-01 4.9D-09 0.0D+00 8.7D-10 0.0D+00       22      160       22      220  S
     17      1   2.1788403873729847D-01 6.6D-09 0.0D+00 7.9D-09 0.0D+00       22      172       22      220  S
     17      1   2.1833374029402886D-01 5.3D-09 0.0D+00 3.8D-09 0.0D+00       22      271       22      220  S
     17      1   2.0633733585483327D-01 5.6D-09 0.0D+00 2.6D-07 0.0D+00       24      206       24      240  S
     17      1   2.0702167133427102D-01 4.9D-09 0.0D+00 7.0D-09 0.0D+00       22      144       22      220  S
     17      1   2.1838988109865018D-01 6.8D-09 0.0D+00 1.8D-08 0.0D+00       24      196       24      240  S
     17      1   2.1093559885509730D-01 6.1D-09 0.0D+00 2.4D-07 0.0D+00       23      205       23      230  S
     17      1   2.0702167133433708D-01 4.9D-09 0.0D+00 6.6D-09 0.0D+00       22      145       22      220  S
     17      1   2.1838988109485488D-01 6.8D-09 0.0D+00 3.2D-07 0.0D+00       23      185       23      230  S
     17      1   2.1907281502180587D-01 5.1D-09 0.0D+00 2.9D-07 0.0D+00       24      215       24      240  S
     17      1   2.1788403873703216D-01 6.6D-09 0.0D+00 1.3D-09 0.0D+00       22      154       22      220  S
     17      1   2.1838988109688473D-01 6.8D-09 0.0D+00 1.3D-07 0.0D+00       24      191       24      240  S
     17      1   2.0633733585715028D-01 5.6D-09 0.0D+00 3.7D-08 0.0D+00       23      143       23      230  S
     17      1   2.0702167133447405D-01 4.9D-09 0.0D+00 5.0D-09 0.0D+00       22      141       22      220  S
     17      1   2.0633733585658176D-01 5.6D-09 0.0D+00 2.0D-08 0.0D+00       24      179       24      240  S
     17      1   2.0702167133424138D-01 4.9D-09 0.0D+00 6.1D-09 0.0D+00       22      144       22      220  S
     17      1   2.1838988109543600D-01 6.8D-09 0.0D+00 3.0D-07 0.0D+00       24      215       24      240  S
     17      1   2.1761304365000381D-01 6.8D-09 0.0D+00 5.0D-09 0.0D+00       22      167       22      220  S
     17      1   2.0633733585721961D-01 5.6D-09 0.0D+00 6.2D-09 0.0D+00       22      151       22      220  S
     17      1   2.0702167133434032D-01 4.9D-09 0.0D+00 2.9D-09 0.0D+00       22      169       22      220  S
     17      1   2.1838988109732860D-01 6.8D-09 0.0D+00 1.1D-07 0.0D+00       23      159       23      230  S
     17      1   2.1838988109841925D-01 6.8D-09 0.0D+00 3.3D-09 0.0D+00       22      157       22      220  S
     17      1   2.0633733585687836D-01 5.6D-09 0.0D+00 9.7D-09 0.0D+00       21      155       21      210  S
     17      1   2.1838988109443774D-01 6.8D-09 0.0D+00 3.1D-07 0.0D+00       23      209       23      230  S
     17      1   2.0633733585468991D-01 5.6D-09 0.0D+00 3.1D-07 0.0D+00       23      180       23      230  S
     17      1   2.1738142063778854D-01 5.3D-09 0.0D+00 2.7D-08 0.0D+00       23      171       23      230  S
     17      1   2.1838988109907193D-01 6.8D-09 0.0D+00 7.8D-10 0.0D+00       22      195       22      220  S
     17      1   2.0633733585720290D-01 5.6D-09 0.0D+00 7.0D-09 0.0D+00       22      149       22      220  S
     17      1   2.0702167133422447D-01 4.9D-09 0.0D+00 9.8D-09 0.0D+00       22      141       22      220  S
     17      1   2.0633733585434336D-01 5.6D-09 0.0D+00 3.1D-07 0.0D+00       24      163       24      240  S
     17      1   2.0702167133445790D-01 4.9D-09 0.0D+00 9.9D-09 0.0D+00       22      141       22      220  S
     17      1   2.1093559885743615D-01 6.1D-09 0.0D+00 2.6D-09 0.0D+00       21      138       21      210  S
     17      1   2.0633733585598119D-01 5.6D-09 0.0D+00 1.5D-07 0.0D+00       23      193       23      230  S
     17      1   2.0702167133442836D-01 4.9D-09 0.0D+00 9.8D-09 0.0D+00       22      163       22      220  S
     17      1   2.1840560602821427D-01 6.4D-09 0.0D+00 1.5D-07 0.0D+00       22      251       22      220  S
     17      1   2.1929581817256394D-01 5.2D-09 0.0D+00 1.6D-07 0.0D+00       24      233       24      240  S
     17      1   2.1838988109834648D-01 6.8D-09 0.0D+00 8.5D-09 0.0D+00       21      157       21      210  S
     17      1   2.0702167133436220D-01 4.9D-09 0.0D+00 4.5D-08 0.0D+00       23      166       23      230  S
     17      1   2.0702167133446370D-01 4.9D-09 0.0D+00 5.4D-09 0.0D+00       22      132       22      220  S
     17      1   2.0633733585481973D-01 5.6D-09 0.0D+00 3.0D-07 0.0D+00       23      176       23      230  S
     17      1   2.0702167133432017D-01 4.9D-09 0.0D+00 1.5D-09 0.0D+00       22      145       22      220  S
     17      1   2.1838988109611540D-01 6.8D-09 0.0D+00 1.7D-07 0.0D+00       22      167       22      220  S
     17      1   2.1761304364950876D-01 6.8D-09 0.0D+00 3.6D-08 0.0D+00       23      166       23      230  S
     17      1   2.1852921232241476D-01 6.1D-09 0.0D+00 4.5D-09 0.0D+00       21      154       21      210  S
     17      1   2.1838988109886925D-01 6.8D-09 0.0D+00 3.0D-09 0.0D+00       21      154       21      210  S
     17      1   2.0702167133445318D-01 4.9D-09 0.0D+00 2.5D-09 0.0D+00       22      152       22      220  S
     17      1   2.0633733585755545D-01 5.6D-09 0.0D+00 8.9D-09 0.0D+00       22      151       22      220  S
     17      1   2.0633733585729927D-01 5.6D-09 0.0D+00 4.9D-09 0.0D+00       22      151       22      220  S
     17      1   2.1738142063785368D-01 5.3D-09 0.0D+00 8.2D-09 0.0D+00       22      156       22      220  S
     17      1   2.1093559885797222D-01 6.1D-09 0.0D+00 1.2D-09 0.0D+00       22      188       22      220  S
     17      1   2.0702167133430271D-01 4.9D-09 0.0D+00 7.1D-09 0.0D+00       22      153       22      220  S
     17      1   2.2130051523128957D-01 6.0D-09 0.0D+00 4.9D-09 0.0D+00       22      144       22      220  S
     17      1   2.1838988109876109D-01 6.8D-09 0.0D+00 3.0D-09 0.0D+00       22      143       22      220  S
     17      1   2.1840560602890621D-01 6.4D-09 0.0D+00 8.2D-09 0.0D+00       22      205       22      220  S
     17      1   2.1838988109850752D-01 6.8D-09 0.0D+00 2.6D-09 0.0D+00       22      168       22      220  S
     17      1   2.1833374029129216D-01 5.3D-09 0.0D+00 2.9D-07 0.0D+00       23      302       23      230  S
 no information
     17      1   2.1787059949384682D-01 6.1D-09 0.0D+00 1.4D-08 0.0D+00       24      234       24      240  S
     17      1   2.0633733585691597D-01 5.6D-09 0.0D+00 9.6D-09 0.0D+00       22      143       22      220  S
     17      1   2.0633733585725586D-01 5.6D-09 0.0D+00 3.3D-08 0.0D+00       24      181       24      240  S
     17      1   2.1929581764492043D-01 5.2D-09 0.0D+00 2.9D-08 0.0D+00       23      240       23      230  S
     17      1   2.1838988109787405D-01 6.8D-09 0.0D+00 1.1D-07 0.0D+00       23      206       23      230  S
     17      1   2.2030241618834148D-01 5.8D-09 0.0D+00 3.0D-07 0.0D+00       24      209       24      240  S
     17      1   2.1833374029273947D-01 5.3D-09 0.0D+00 2.2D-07 0.0D+00       24      318       24      240  S
     17      1   2.3780798016676566D-01 6.2D-09 0.0D+00 3.2D-07 0.0D+00       23      185       23      230  S
     17      1   2.0633733585720823D-01 5.6D-09 0.0D+00 8.1D-10 0.0D+00       22      153       22      220  S
     17      1   2.1852921231959044D-01 6.1D-09 0.0D+00 3.3D-07 0.0D+00       24      153       24      240  S
     17      1   2.1787059949364249D-01 6.1D-09 0.0D+00 2.7D-09 0.0D+00       22      179       22      220  S
     17      1   2.1788403873789419D-01 6.6D-09 0.0D+00 2.7D-09 0.0D+00       22      154       22      220  S
     17      1   2.1787059949338555D-01 6.1D-09 0.0D+00 5.0D-09 0.0D+00       22      171       22      220  S
     17      1   2.1838988109895813D-01 6.8D-09 0.0D+00 1.9D-08 0.0D+00       24      187       24      240  S
     17      1   2.1787059949340343D-01 6.1D-09 0.0D+00 2.4D-09 0.0D+00       22      201       22      220  S
     17      1   2.1788403873417328D-01 6.6D-09 0.0D+00 2.3D-07 0.0D+00       23      162       23      230  S
     17      1   2.0702167133424437D-01 4.9D-09 0.0D+00 2.3D-09 0.0D+00       22      170       22      220  S
     17      1   2.1838988109918381D-01 6.8D-09 0.0D+00 1.8D-09 0.0D+00       21      147       21      210  S
     17      1   2.1838988109646346D-01 6.8D-09 0.0D+00 1.5D-07 0.0D+00       22      165       22      220  S
     17      1   2.1838988109864113D-01 6.8D-09 0.0D+00 7.9D-09 0.0D+00       22      177       22      220  S
     17      1   2.0702167133434665D-01 4.9D-09 0.0D+00 7.1D-09 0.0D+00       22      141       22      220  S
     17      1   2.0633733585716060D-01 5.6D-09 0.0D+00 1.1D-08 0.0D+00       23      170       23      230  S
     17      1   2.1093559885785432D-01 6.1D-09 0.0D+00 9.7D-09 0.0D+00       22      148       22      220  S
     17      1   2.0633733585718697D-01 5.6D-09 0.0D+00 3.3D-08 0.0D+00       23      182       23      230  S
     17      1   2.1788403873491580D-01 6.6D-09 0.0D+00 1.8D-07 0.0D+00       24      192       24      240  S
     17      1   2.1788403873683676D-01 6.6D-09 0.0D+00 5.3D-08 0.0D+00       23      174       23      230  S
     17      1   2.3378375735119847D-01 5.4D-09 0.0D+00 2.5D-09 0.0D+00       22      152       22      220  S
     17      1   2.0702167133442165D-01 4.9D-09 0.0D+00 2.8D-09 0.0D+00       22      153       22      220  S
     17      1   2.1929581764468337D-01 5.2D-09 0.0D+00 6.7D-08 0.0D+00       23      202       23      230  S
     17      1   2.1838988109927976D-01 6.8D-09 0.0D+00 4.7D-09 0.0D+00       22      166       22      220  S
     17      1   2.1838988109465310D-01 6.8D-09 0.0D+00 3.2D-07 0.0D+00       24      209       24      240  S
     17      1   2.1838988109573032D-01 6.8D-09 0.0D+00 2.4D-07 0.0D+00       23      203       23      230  S
     17      1   2.0633733585725647D-01 5.6D-09 0.0D+00 2.0D-08 0.0D+00       23      195       23      230  S
     17      1   2.1838988109947410D-01 6.8D-09 0.0D+00 2.4D-08 0.0D+00       24      192       24      240  S
     17      1   2.0702167133429059D-01 4.9D-09 0.0D+00 1.2D-09 0.0D+00       22      146       22      220  S
     17      1   2.1492993869037480D-01 5.9D-09 0.0D+00 2.9D-07 0.0D+00       23      171       23      230  S
     17      1   2.1093559885446458D-01 6.1D-09 0.0D+00 3.1D-07 0.0D+00       23      175       23      230  S
     17      1   2.1761304364788128D-01 6.8D-09 0.0D+00 1.4D-07 0.0D+00       23      167       23      230  S
     17      1   2.1840560602883638D-01 6.4D-09 0.0D+00 4.1D-09 0.0D+00       22      201       22      220  S
     17      1   2.0702167133372879D-01 4.9D-09 0.0D+00 6.4D-09 0.0D+00       22      151       22      220  S
     17      1   2.0702167133437377D-01 4.9D-09 0.0D+00 5.3D-09 0.0D+00       22      149       22      220  S
     17      1   2.1838988109497368D-01 6.8D-09 0.0D+00 2.8D-07 0.0D+00       23      157       23      230  S
     17      1   2.1788403873724543D-01 6.6D-09 0.0D+00 9.0D-09 0.0D+00       22      129       22      220  S
     17      1   2.0702167133422275D-01 4.9D-09 0.0D+00 5.3D-09 0.0D+00       22      138       22      220  S
     17      1   2.1838988109909740D-01 6.8D-09 0.0D+00 1.8D-08 0.0D+00       23      187       23      230  S
     17      1   2.1838988109589572D-01 6.8D-09 0.0D+00 2.7D-07 0.0D+00       23      190       23      230  S
     17      1   2.0633733585706701D-01 5.6D-09 0.0D+00 2.3D-09 0.0D+00       22      165       22      220  S
     17      1   2.1291884168573236D-01 6.1D-09 0.0D+00 2.9D-09 0.0D+00       21      200       21      210  S
     17      1   2.0702167133449026D-01 4.9D-09 0.0D+00 1.1D-08 0.0D+00       23      153       23      230  S
     17      1   2.1840560602864456D-01 6.4D-09 0.0D+00 7.1D-09 0.0D+00       22      249       22      220  S
     17      1   2.1788403873580164D-01 6.6D-09 0.0D+00 9.0D-08 0.0D+00       24      172       24      240  S
     17      1   5.5757786560860012D-01 1.1D-16 0.0D+00 5.6D-01 0.0D+00        3       37        3       30  S
     17      1   2.1838988109885785D-01 6.8D-09 0.0D+00 1.7D-09 0.0D+00       22      156       22      220  S
     17      1   2.1093559885520238D-01 6.1D-09 0.0D+00 2.2D-07 0.0D+00       24      212       24      240  S
     17      1   2.1788403873734546D-01 6.6D-09 0.0D+00 3.3D-09 0.0D+00       22      161       22      220  S
     17      1   2.0702167133432878D-01 4.9D-09 0.0D+00 4.5D-09 0.0D+00       22      161       22      220  S
     17      1   2.1761304364952874D-01 6.8D-09 0.0D+00 8.8D-09 0.0D+00       22      162       22      220  S
     17      1   2.1838988109856411D-01 6.8D-09 0.0D+00 1.6D-09 0.0D+00       21      165       21      210  S
     17      1   2.0702167133441193D-01 4.9D-09 0.0D+00 5.7D-09 0.0D+00       21      144       21      210  S
     17      1   2.1838988109878160D-01 6.8D-09 0.0D+00 9.4D-09 0.0D+00       22      153       22      220  S
     17      1   2.6669069777669779D-01 6.6D-09 0.0D+00 2.2D-08 0.0D+00       23      164       23      230  S
     17      1   2.1852921232276745D-01 6.1D-09 0.0D+00 8.6D-09 0.0D+00       22      147       22      220  S
     17      1   2.0633733585713912D-01 5.6D-09 0.0D+00 2.2D-08 0.0D+00       23      161       23      230  S
     17      1   2.1093559885802218D-01 6.1D-09 0.0D+00 4.8D-09 0.0D+00       22      171       22      220  S
     17      1   2.0702167133435234D-01 4.9D-09 0.0D+00 4.8D-09 0.0D+00       22      138       22      220  S
     17      1   2.3386876165281781D-01 5.6D-09 0.0D+00 7.3D-09 0.0D+00       22      133       22      220  S
     17      1   2.1838988109549889D-01 6.8D-09 0.0D+00 2.7D-07 0.0D+00       23      174       23      230  S
     17      1   2.1093559885842250D-01 6.1D-09 0.0D+00 6.4D-09 0.0D+00       22      171       22      220  S
     17      1   2.1787059949359908D-01 6.1D-09 0.0D+00 2.1D-09 0.0D+00       22      165       22      220  S
     17      1   2.1093559885562310D-01 6.1D-09 0.0D+00 1.7D-07 0.0D+00       23      176       23      230  S
     17      1   2.1738142063533397D-01 5.3D-09 0.0D+00 2.9D-07 0.0D+00       23      165       23      230  S
     17      1   2.1838988109879745D-01 6.8D-09 0.0D+00 5.8D-09 0.0D+00       22      169       22      220  S
     17      1   2.0702167133446966D-01 4.9D-09 0.0D+00 9.1D-10 0.0D+00       22      154       22      220  S
     17      1   2.1003543375993117D-01 4.9D-09 0.0D+00 1.3D-08 0.0D+00       22      174       22      220  S
     17      1   2.1838988109695451D-01 6.8D-09 0.0D+00 1.6D-07 0.0D+00       22      157       22      220  S
     17      1   2.0633733585738870D-01 5.6D-09 0.0D+00 2.0D-08 0.0D+00       24      203       24      240  S
     17      1   2.1788403873733511D-01 6.6D-09 0.0D+00 9.6D-10 0.0D+00       22      173       22      220  S
     17      1   2.1787059949397947D-01 6.1D-09 0.0D+00 1.7D-09 0.0D+00       22      180       22      220  S
     17      1   2.0633733585708533D-01 5.6D-09 0.0D+00 2.8D-08 0.0D+00       23      148       23      230  S
 no information
     17      1   2.1840560602852702D-01 6.4D-09 0.0D+00 2.1D-07 0.0D+00       23      219       23      230  S
 no information
     17      1   2.2688699085782574D-01 5.9D-09 0.0D+00 8.8D-09 0.0D+00       22      190       22      220  S
     17      1   2.1838988109964666D-01 6.8D-09 0.0D+00 2.7D-08 0.0D+00       23      180       23      230  S
     17      1   2.1838988109907220D-01 6.8D-09 0.0D+00 4.1D-09 0.0D+00       22      163       22      220  S
     17      1   2.0791038660328715D-01 5.4D-09 0.0D+00 1.5D-07 0.0D+00       23      207       23      230  S
     17      1   2.1838988109853241D-01 6.8D-09 0.0D+00 9.7D-09 0.0D+00       22      153       22      220  S
     17      1   2.1840560602641307D-01 6.4D-09 0.0D+00 3.1D-07 0.0D+00       23      198       23      230  S
     17      1   2.2436592449998902D-01 6.3D-09 0.0D+00 4.6D-09 0.0D+00       22      127       22      220  S
     17      1   2.1761304364968079D-01 6.8D-09 0.0D+00 1.6D-08 0.0D+00       23      163       23      230  S
 no information
     17      1   2.1833374029370883D-01 5.3D-09 0.0D+00 7.4D-08 0.0D+00       24      294       24      240  S
     17      1   2.0702167133422994D-01 4.9D-09 0.0D+00 9.3D-09 0.0D+00       22      138       22      220  S
     17      1   2.0702167133438043D-01 4.9D-09 0.0D+00 9.4D-10 0.0D+00       22      159       22      220  S
     17      1   2.1838988109511190D-01 6.8D-09 0.0D+00 3.0D-07 0.0D+00       23      167       23      230  S
     17      1   2.0702167133432278D-01 4.9D-09 0.0D+00 4.2D-09 0.0D+00       22      144       22      220  S
     17      1   2.0633733585687572D-01 5.6D-09 0.0D+00 5.5D-09 0.0D+00       21      143       21      210  S
     17      1   2.1838988109877222D-01 6.8D-09 0.0D+00 2.8D-08 0.0D+00       24      203       24      240  S
     17      1   2.1838988109517424D-01 6.8D-09 0.0D+00 2.7D-07 0.0D+00       24      181       24      240  S
     17      1   2.1093559885490279D-01 6.1D-09 0.0D+00 2.6D-07 0.0D+00       24      186       24      240  S
     17      1   2.1838988109692870D-01 6.8D-09 0.0D+00 1.6D-07 0.0D+00       23      165       23      230  S
     17      1   2.3578661244435600D-01 5.4D-09 0.0D+00 2.9D-07 0.0D+00       23      178       23      230  S
     17      1   2.1788403873751405D-01 6.6D-09 0.0D+00 2.1D-08 0.0D+00       23      163       23      230  S
     17      1   2.1838988109843427D-01 6.8D-09 0.0D+00 1.6D-08 0.0D+00       24      186       24      240  S
     17      1   2.1838988109895152D-01 6.8D-09 0.0D+00 2.4D-09 0.0D+00       22      201       22      220  S
     17      1   2.1838988109844823D-01 6.8D-09 0.0D+00 2.4D-09 0.0D+00       21      128       21      210  S
     17      1   2.3608578678806033D-01 5.5D-09 0.0D+00 7.0D-08 0.0D+00       23      212       23      230  S
     17      1   2.1838988109872071D-01 6.8D-09 0.0D+00 1.9D-09 0.0D+00       22      174       22      220  S
     17      1   2.1093559885774957D-01 6.1D-09 0.0D+00 3.2D-08 0.0D+00       23      172       23      230  S
     17      1   2.1838988109847451D-01 6.8D-09 0.0D+00 7.8D-09 0.0D+00       21      154       21      210  S
     17      1   2.1838988109877011D-01 6.8D-09 0.0D+00 2.1D-08 0.0D+00       23      173       23      230  S
     17      1   2.0791038660574998D-01 5.4D-09 0.0D+00 9.2D-09 0.0D+00       22      193       22      220  S
     17      1   2.0702167133440769D-01 4.9D-09 0.0D+00 8.7D-09 0.0D+00       22      152       22      220  S
     17      1   2.1838988109834331D-01 6.8D-09 0.0D+00 4.6D-09 0.0D+00       21      146       21      210  S
     17      1   2.0702167133431351D-01 4.9D-09 0.0D+00 6.8D-09 0.0D+00       22      141       22      220  S
     17      1   2.1761304364917100D-01 6.8D-09 0.0D+00 5.5D-08 0.0D+00       24      156       24      240  S
     17      1   2.0791038660500794D-01 5.4D-09 0.0D+00 3.7D-09 0.0D+00       21      200       21      210  S
     17      1   2.0633733585458358D-01 5.6D-09 0.0D+00 3.0D-07 0.0D+00       23      191       23      230  S
     17      1   2.1838988109752042D-01 6.8D-09 0.0D+00 1.4D-07 0.0D+00       23      191       23      230  S
     17      1   2.0702167133449473D-01 4.9D-09 0.0D+00 5.9D-09 0.0D+00       22      148       22      220  S
     17      1   2.0633733585712749D-01 5.6D-09 0.0D+00 4.1D-09 0.0D+00       22      136       22      220  S
     17      1   2.1838988109919116D-01 6.8D-09 0.0D+00 6.9D-09 0.0D+00       22      146       22      220  S
     17      1   2.0702167133444849D-01 4.9D-09 0.0D+00 7.0D-09 0.0D+00       22      150       22      220  S
     17      1   2.1838988109495999D-01 6.8D-09 0.0D+00 2.8D-07 0.0D+00       22      164       22      220  S
     17      1   2.1761304364928011D-01 6.8D-09 0.0D+00 1.1D-10 0.0D+00       21      135       21      210  S
     17      1   2.1929581469471093D-01 5.2D-09 0.0D+00 4.1D-04 0.0D+00       24      250       24      240  S
     17      1   2.1788403873696940D-01 6.6D-09 0.0D+00 5.1D-09 0.0D+00       22      146       22      220  S
     17      1   2.3780798016778926D-01 6.2D-09 0.0D+00 2.8D-07 0.0D+00       23      201       23      230  S
     17      1   2.0702167133438298D-01 4.9D-09 0.0D+00 7.8D-09 0.0D+00       22      156       22      220  S
     17      1   2.0633733585744093D-01 5.6D-09 0.0D+00 1.0D-08 0.0D+00       23      196       23      230  S
     17      1   2.0702167133425053D-01 4.9D-09 0.0D+00 8.5D-09 0.0D+00       22      141       22      220  S
     17      1   2.1838988109947194D-01 6.8D-09 0.0D+00 1.2D-09 0.0D+00       22      143       22      220  S
     17      1   2.0633733585459604D-01 5.6D-09 0.0D+00 2.8D-07 0.0D+00       24      165       24      240  S
     17      1   2.1838988109568769D-01 6.8D-09 0.0D+00 2.4D-07 0.0D+00       23      180       23      230  S
     17      1   2.1838988109906615D-01 6.8D-09 0.0D+00 2.7D-09 0.0D+00       22      194       22      220  S
     17      1   2.0633733585677588D-01 5.6D-09 0.0D+00 5.3D-08 0.0D+00       23      187       23      230  S
     17      1   2.1838988109446122D-01 6.8D-09 0.0D+00 3.2D-07 0.0D+00       22      163       22      220  S
     17      1   2.0633733585706815D-01 5.6D-09 0.0D+00 1.9D-09 0.0D+00       22      171       22      220  S
     17      1   2.1838988109864410D-01 6.8D-09 0.0D+00 2.0D-09 0.0D+00       21      165       21      210  S
     17      1   2.1838988109867402D-01 6.8D-09 0.0D+00 6.6D-10 0.0D+00       21      152       21      210  S
     17      1   2.1093559885742236D-01 6.1D-09 0.0D+00 4.8D-10 0.0D+00       21      146       21      210  S
     17      1   2.1787059949319490D-01 6.1D-09 0.0D+00 7.6D-08 0.0D+00       24      191       24      240  S
     17      1   2.1787059949020071D-01 6.1D-09 0.0D+00 3.4D-07 0.0D+00       24      215       24      240  S
     17      1   2.0702167133439817D-01 4.9D-09 0.0D+00 1.7D-09 0.0D+00       22      140       22      220  S
     17      1   2.0633733585457589D-01 5.6D-09 0.0D+00 2.9D-07 0.0D+00       23      167       23      230  S
     17      1   2.1838988109669250D-01 6.8D-09 0.0D+00 1.3D-07 0.0D+00       22      186       22      220  S
     17      1   2.1093559885804450D-01 6.1D-09 0.0D+00 1.4D-09 0.0D+00       22      170       22      220  S
     17      1   2.0633733585713815D-01 5.6D-09 0.0D+00 8.8D-09 0.0D+00       22      135       22      220  S
     17      1   2.1838988109857399D-01 6.8D-09 0.0D+00 2.3D-08 0.0D+00       23      176       23      230  S
     17      1   2.1840560602930820D-01 6.4D-09 0.0D+00 1.2D-08 0.0D+00       24      261       24      240  S
     17      1   2.1838988109856486D-01 6.8D-09 0.0D+00 9.6D-10 0.0D+00       21      172       21      210  S
     17      1   2.1761304364928175D-01 6.8D-09 0.0D+00 1.4D-09 0.0D+00       22      136       22      220  S
     17      1   2.0702167133446722D-01 4.9D-09 0.0D+00 7.6D-09 0.0D+00       22      147       22      220  S
     17      1   2.1929581292249523D-01 5.2D-09 0.0D+00 6.6D-04 0.0D+00       24      220       24      240  S
     17      1   2.0633733585710889D-01 5.6D-09 0.0D+00 6.3D-09 0.0D+00       22      145       22      220  S
     17      1   2.0702167133425986D-01 4.9D-09 0.0D+00 8.2D-09 0.0D+00       22      136       22      220  S
     17      1   2.1929581764000405D-01 5.2D-09 0.0D+00 3.9D-07 0.0D+00       24      245       24      240  S
     17      1   2.0633733585611055D-01 5.6D-09 0.0D+00 1.1D-07 0.0D+00       24      172       24      240  S
     17      1   2.0633733586356498D-01 5.6D-09 0.0D+00 4.1D-09 0.0D+00       22      176       22      220  S
     17      1   2.1838988109876784D-01 6.8D-09 0.0D+00 4.6D-09 0.0D+00       22      167       22      220  S
     17      1   2.1761304364961082D-01 6.8D-09 0.0D+00 3.6D-10 0.0D+00       22      141       22      220  S
     17      1   2.0633733585593822D-01 5.6D-09 0.0D+00 1.2D-07 0.0D+00       23      173       23      230  S
 no information
     17      1   2.1838988109879554D-01 6.8D-09 0.0D+00 5.3D-09 0.0D+00       22      159       22      220  S
     17      1   2.1838988109544244D-01 6.8D-09 0.0D+00 2.7D-07 0.0D+00       24      178       24      240  S
     17      1   2.1093559885522031D-01 6.1D-09 0.0D+00 2.2D-07 0.0D+00       24      187       24      240  S
     17      1   2.1093559885757990D-01 6.1D-09 0.0D+00 1.3D-09 0.0D+00       22      163       22      220  S
     17      1   2.1840560603027628D-01 6.4D-09 0.0D+00 2.7D-08 0.0D+00       24      251       24      240  S
     17      1   2.0702167133432883D-01 4.9D-09 0.0D+00 3.4D-09 0.0D+00       22      152       22      220  S
     17      1   2.1761304364930084D-01 6.8D-09 0.0D+00 1.0D-08 0.0D+00       23      172       23      230  S
     17      1   2.1833374029417449D-01 5.3D-09 0.0D+00 6.6D-09 0.0D+00       22      247       22      220  S
     17      1   2.2130051523050720D-01 6.0D-09 0.0D+00 7.4D-08 0.0D+00       23      168       23      230  S
     17      1   2.1838988109469112D-01 6.8D-09 0.0D+00 3.1D-07 0.0D+00       22      153       22      220  S
     17      1   2.0633733585714578D-01 5.6D-09 0.0D+00 4.9D-10 0.0D+00       22      155       22      220  S
     17      1   2.0633733585711561D-01 5.6D-09 0.0D+00 5.1D-09 0.0D+00       22      180       22      220  S
     17      1   2.1838988109873475D-01 6.8D-09 0.0D+00 1.7D-09 0.0D+00       22      183       22      220  S
     17      1   2.0633733585723751D-01 5.6D-09 0.0D+00 7.8D-09 0.0D+00       22      129       22      220  S
     17      1   2.1787059949236942D-01 6.1D-09 0.0D+00 1.5D-07 0.0D+00       24      212       24      240  S
     17      1   2.1761362609125642D-01 6.5D-09 0.0D+00 3.9D-02 0.0D+00       24      134       25      250  S
     17      1   2.0633733585600197D-01 5.6D-09 0.0D+00 1.1D-07 0.0D+00       24      178       24      240  S
     17      1   2.1838988109904606D-01 6.8D-09 0.0D+00 7.7D-09 0.0D+00       22      167       22      220  S
     17      1   2.0633733585704112D-01 5.6D-09 0.0D+00 1.3D-08 0.0D+00       24      190       24      240  S
     17      1   2.0702167133429220D-01 4.9D-09 0.0D+00 8.3D-09 0.0D+00       22      158       22      220  S
     17      1   9.1712430771859865D-02 4.8D-01 0.0D+00 1.0D+00 0.0D+00        0        0        1       10  F
     17      1   2.1761304364989290D-01 6.8D-09 0.0D+00 3.7D-11 0.0D+00       22      163       22      220  S
     17      1   2.1838988109856386D-01 6.8D-09 0.0D+00 2.6D-09 0.0D+00       22      154       22      220  S
     17      1   2.0633733585492656D-01 5.6D-09 0.0D+00 2.3D-07 0.0D+00       23      156       23      230  S
     17      1   2.1840560602646000D-01 6.4D-09 0.0D+00 3.0D-07 0.0D+00       23      249       23      230  S
     17      1   2.1838988109860930D-01 6.8D-09 0.0D+00 2.3D-09 0.0D+00       21      148       21      210  S
     17      1   2.0702167133425686D-01 4.9D-09 0.0D+00 3.1D-09 0.0D+00       22      155       22      220  S
     17      1   2.1093559885617502D-01 6.1D-09 0.0D+00 1.5D-07 0.0D+00       24      194       24      240  S
     17      1   2.1838988109705379D-01 6.8D-09 0.0D+00 1.1D-07 0.0D+00       22      171       22      220  S
     17      1   2.2347689701925333D-01 5.1D-09 0.0D+00 2.2D-09 0.0D+00       22      175       22      220  S
     17      1   2.1838988109894059D-01 6.8D-09 0.0D+00 1.4D-09 0.0D+00       21      144       21      210  S
     17      1   2.1838988109679050D-01 6.8D-09 0.0D+00 1.4D-07 0.0D+00       24      175       24      240  S
     17      1   2.1761304364937467D-01 6.8D-09 0.0D+00 1.8D-08 0.0D+00       23      167       23      230  S
     17      1   2.1838988109577978D-01 6.8D-09 0.0D+00 2.5D-07 0.0D+00       22      149       22      220  S
     17      1   2.1788403873317250D-01 6.6D-09 0.0D+00 3.3D-07 0.0D+00       24      178       24      240  S
     17      1   2.0702167133443458D-01 4.9D-09 0.0D+00 7.0D-09 0.0D+00       22      147       22      220  S
     17      1   2.1838988109906873D-01 6.8D-09 0.0D+00 1.8D-08 0.0D+00       23      187       23      230  S
     17      1   2.1840560602677009D-01 6.4D-09 0.0D+00 3.3D-07 0.0D+00       24      208       24      240  S
     17      1   2.1838988109895127D-01 6.8D-09 0.0D+00 9.6D-10 0.0D+00       22      170       22      220  S
     17      1   2.0633733586178241D-01 5.6D-09 0.0D+00 4.6D-09 0.0D+00       22      157       22      220  S
     17      1   2.0702167133442620D-01 4.9D-09 0.0D+00 7.9D-09 0.0D+00       22      156       22      220  S
     17      1   2.2343530597971292D-01 5.1D-09 0.0D+00 1.3D-07 0.0D+00       24      192       24      240  S
     17      1   2.1838988109845262D-01 6.8D-09 0.0D+00 3.6D-10 0.0D+00       22      170       22      220  S
     17      1   2.3027551661406326D-01 7.4D-09 0.0D+00 1.6D-07 0.0D+00       24      196       24      240  S
     17      1   2.1840560602913747D-01 6.4D-09 0.0D+00 2.7D-08 0.0D+00       23      219       23      230  S
     17      1   2.0633733585746888D-01 5.6D-09 0.0D+00 6.8D-09 0.0D+00       22      151       22      220  S
     17      1   2.0633733585733147D-01 5.6D-09 0.0D+00 2.3D-09 0.0D+00       22      163       22      220  S
     17      1   2.1838988109867050D-01 6.8D-09 0.0D+00 5.6D-09 0.0D+00       21      161       21      210  S
     17      1   2.1761304364950679D-01 6.8D-09 0.0D+00 1.6D-09 0.0D+00       22      189       22      220  S
     17      1   2.0633733585741645D-01 5.6D-09 0.0D+00 3.8D-09 0.0D+00       22      159       22      220  S
     17      1   2.1838988109863369D-01 6.8D-09 0.0D+00 3.6D-09 0.0D+00       21      158       21      210  S
     17      1   2.1838988109918842D-01 6.8D-09 0.0D+00 6.2D-10 0.0D+00       22      176       22      220  S
     17      1   2.0702167133440197D-01 4.9D-09 0.0D+00 5.2D-09 0.0D+00       22      145       22      220  S
     17      1   2.1838988109779406D-01 6.8D-09 0.0D+00 1.1D-07 0.0D+00       22      168       22      220  S
     17      1   2.1838988109890298D-01 6.8D-09 0.0D+00 4.7D-09 0.0D+00       21      146       21      210  S
     17      1   2.1838988109884774D-01 6.8D-09 0.0D+00 1.7D-08 0.0D+00       22      169       22      220  S
     17      1   2.1838988109874991D-01 6.8D-09 0.0D+00 1.9D-09 0.0D+00       21      161       21      210  S
     17      1   2.2030241619032268D-01 5.8D-09 0.0D+00 5.4D-09 0.0D+00       21      174       21      210  S
     17      1   2.0633733585743866D-01 5.6D-09 0.0D+00 1.8D-09 0.0D+00       22      163       22      220  S
     17      1   2.1838988109879437D-01 6.8D-09 0.0D+00 9.1D-09 0.0D+00       22      156       22      220  S
     17      1   2.1838988109883448D-01 6.8D-09 0.0D+00 5.7D-10 0.0D+00       22      166       22      220  S
     17      1   2.1838988109912066D-01 6.8D-09 0.0D+00 9.8D-09 0.0D+00       22      174       22      220  S
     17      1   2.1838988109930285D-01 6.8D-09 0.0D+00 2.8D-09 0.0D+00       22      170       22      220  S
     17      1   2.0633733585526165D-01 5.6D-09 0.0D+00 2.2D-07 0.0D+00       24      154       24      240  S
     17      1   2.0702167133445168D-01 4.9D-09 0.0D+00 5.9D-09 0.0D+00       22      142       22      220  S
     17      1   2.1838988109862631D-01 6.8D-09 0.0D+00 6.2D-09 0.0D+00       22      176       22      220  S
     17      1   2.1840560602721826D-01 6.4D-09 0.0D+00 1.3D-07 0.0D+00       23      203       23      230  S
     17      1   2.1929581633233305D-01 5.2D-09 0.0D+00 1.8D-04 0.0D+00       24      239       24      240  S
     17      1   2.3027551636395879D-01 7.4D-09 0.0D+00 1.2D-07 0.0D+00       23      186       23      230  S
     17      1   2.3378375735126167D-01 5.4D-09 0.0D+00 1.0D-08 0.0D+00       24      160       24      240  S
     17      1   2.0702167133434993D-01 4.9D-09 0.0D+00 1.4D-09 0.0D+00       22      145       22      220  S
     17      1   2.0633733585480449D-01 5.6D-09 0.0D+00 3.0D-07 0.0D+00       23      162       23      230  S
     17      1   2.0791038660290262D-01 5.4D-09 0.0D+00 3.2D-07 0.0D+00       22      186       22      220  S
     17      1   2.0633733594216991D-01 5.6D-09 0.0D+00 8.3D-09 0.0D+00       23      152       23      230  S
     17      1   2.1838988109659449D-01 6.8D-09 0.0D+00 1.6D-07 0.0D+00       23      159       23      230  S
     17      1   2.0633733585463446D-01 5.6D-09 0.0D+00 3.2D-07 0.0D+00       23      185       23      230  S
     17      1   2.0702167133451921D-01 4.9D-09 0.0D+00 2.3D-09 0.0D+00       22      132       22      220  S
     17      1   2.0633733585716796D-01 5.6D-09 0.0D+00 1.3D-09 0.0D+00       22      150       22      220  S
     17      1   2.2399894400265891D-01 7.0D-09 0.0D+00 5.2D-10 0.0D+00       22      175       22      220  S
     17      1   2.1838988109853411D-01 6.8D-09 0.0D+00 7.0D-09 0.0D+00       21      149       21      210  S
     17      1   2.0633733585718211D-01 5.6D-09 0.0D+00 3.5D-09 0.0D+00       22      145       22      220  S
     17      1   2.1787059949212989D-01 6.1D-09 0.0D+00 1.8D-07 0.0D+00       23      200       23      230  S
     17      1   2.3027551659089843D-01 7.4D-09 0.0D+00 2.5D-09 0.0D+00       22      195       22      220  S
     17      1   2.0633733585445060D-01 5.6D-09 0.0D+00 3.0D-07 0.0D+00       23      173       23      230  S
     17      1   2.1788403873720735D-01 6.6D-09 0.0D+00 7.0D-09 0.0D+00       22      171       22      220  S
     17      1   2.1838988109670959D-01 6.8D-09 0.0D+00 1.6D-07 0.0D+00       24      195       24      240  S
     17      1   2.1093559885800361D-01 6.1D-09 0.0D+00 9.5D-09 0.0D+00       22      178       22      220  S
     17      1   2.1838988109859309D-01 6.8D-09 0.0D+00 3.1D-08 0.0D+00       23      206       23      230  S
     17      1   2.1838988109912102D-01 6.8D-09 0.0D+00 1.8D-09 0.0D+00       22      171       22      220  S
     17      1   2.0633733585733782D-01 5.6D-09 0.0D+00 1.2D-09 0.0D+00       22      151       22      220  S
     17      1   2.1838988109875634D-01 6.8D-09 0.0D+00 5.0D-10 0.0D+00       22      156       22      220  S
     17      1   2.0702167133434646D-01 4.9D-09 0.0D+00 2.2D-08 0.0D+00       23      147       23      230  S
     17      1   2.0702167133445978D-01 4.9D-09 0.0D+00 7.9D-09 0.0D+00       22      157       22      220  S
     17      1   2.0633733594209447D-01 5.6D-09 0.0D+00 1.1D-09 0.0D+00       23      165       23      230  S
     17      1   2.0633733585535449D-01 5.6D-09 0.0D+00 2.0D-07 0.0D+00       23      168       23      230  S
     17      1   2.1838988109840890D-01 6.8D-09 0.0D+00 4.9D-09 0.0D+00       21      154       21      210  S
     17      1   2.1761304364951983D-01 6.8D-09 0.0D+00 6.2D-09 0.0D+00       22      153       22      220  S
     17      1   2.1761304364755721D-01 6.8D-09 0.0D+00 1.5D-07 0.0D+00       23      179       23      230  S
     17      1   2.1838988109888971D-01 6.8D-09 0.0D+00 5.3D-09 0.0D+00       22      150       22      220  S
     17      1   2.1838988109500898D-01 6.8D-09 0.0D+00 3.1D-07 0.0D+00       23      182       23      230  S
     17      1   1.2194196282779052D-01 4.4D-01 0.0D+00 1.0D+00 0.0D+00        0        0        1       10  F
     17      1   2.0702167133434982D-01 4.9D-09 0.0D+00 5.7D-09 0.0D+00       22      153       22      220  S
     17      1   2.0633733585734937D-01 5.6D-09 0.0D+00 7.4D-09 0.0D+00       22      145       22      220  S
     17      1   2.1840560602742123D-01 6.4D-09 0.0D+00 2.1D-07 0.0D+00       24      231       24      240  S
     17      1   2.0702167133435859D-01 4.9D-09 0.0D+00 5.5D-09 0.0D+00       22      148       22      220  S
     17      1   2.0633733585707020D-01 5.6D-09 0.0D+00 5.8D-09 0.0D+00       22      149       22      220  S
     17      1   2.1838988109852295D-01 6.8D-09 0.0D+00 2.3D-08 0.0D+00       22      188       22      220  S
     17      1   2.0633733585714892D-01 5.6D-09 0.0D+00 1.4D-08 0.0D+00       23      176       23      230  S
     17      1   2.1838988109865698D-01 6.8D-09 0.0D+00 1.5D-08 0.0D+00       24      177       24      240  S
     17      1   2.0791038660386776D-01 5.4D-09 0.0D+00 1.7D-07 0.0D+00       22      183       22      220  S
     17      1   2.0633733585710498D-01 5.6D-09 0.0D+00 2.7D-08 0.0D+00       23      139       23      230  S
     17      1   2.1761304364950043D-01 6.8D-09 0.0D+00 1.9D-09 0.0D+00       22      142       22      220  S
     17      1   2.0633733585643851D-01 5.6D-09 0.0D+00 8.3D-08 0.0D+00       23      176       23      230  S
     17      1   2.0702167133457497D-01 4.9D-09 0.0D+00 6.3D-09 0.0D+00       22      171       22      220  S
     17      1   2.1838988109934201D-01 6.8D-09 0.0D+00 6.6D-09 0.0D+00       22      213       22      220  S
     17      1   2.1878832311714957D-01 6.1D-09 0.0D+00 1.3D-09 0.0D+00       22      151       22      220  S
     17      1   2.1838988109460264D-01 6.8D-09 0.0D+00 3.2D-07 0.0D+00       22      161       22      220  S
     17      1   2.1761304365013109D-01 6.8D-09 0.0D+00 2.2D-08 0.0D+00       24      179       24      240  S
     17      1   2.1838988109859664D-01 6.8D-09 0.0D+00 1.2D-08 0.0D+00       23      160       23      230  S
     17      1   2.1717171967922030D-01 7.8D-09 0.0D+00 3.3D-07 0.0D+00       24      164       24      240  S
     17      1   2.1838988109825042D-01 6.8D-09 0.0D+00 2.2D-09 0.0D+00       21      145       21      210  S
     17      1   2.0633733585732217D-01 5.6D-09 0.0D+00 5.9D-09 0.0D+00       22      147       22      220  S
     17      1   1.8670869123196657D-01 3.2D-01 0.0D+00 1.0D+00 0.0D+00        0        0        1       10  F
     17      1   2.0633733585718075D-01 5.6D-09 0.0D+00 1.1D-08 0.0D+00       23      160       23      230  S
     17      1   2.1838988109441743D-01 6.8D-09 0.0D+00 3.0D-07 0.0D+00       22      148       22      220  S
     17      1   2.1838988109847601D-01 6.8D-09 0.0D+00 1.4D-09 0.0D+00       22      139       22      220  S
     17      1   2.0702167133422977D-01 4.9D-09 0.0D+00 1.6D-08 0.0D+00       23      158       23      230  S
     17      1   2.2347689701730603D-01 5.1D-09 0.0D+00 2.4D-07 0.0D+00       23      177       23      230  S
     17      1   2.1785651015684698D-01 6.2D-09 0.0D+00 6.1D-09 0.0D+00       22      209       22      220  S
     17      1   2.3362052940623770D-01 5.8D-09 0.0D+00 3.1D-07 0.0D+00       23      172       23      230  S
     17      1   2.1093559885496996D-01 6.1D-09 0.0D+00 2.8D-07 0.0D+00       22      161       22      220  S
     17      1   2.1761304364948381D-01 6.8D-09 0.0D+00 3.0D-09 0.0D+00       22      153       22      220  S
     17      1   2.0633733585725478D-01 5.6D-09 0.0D+00 9.2D-09 0.0D+00       22      166       22      220  S
     17      1   2.1788403873751597D-01 6.6D-09 0.0D+00 9.9D-09 0.0D+00       22      170       22      220  S
     17      1   2.1838988109931956D-01 6.8D-09 0.0D+00 9.7D-09 0.0D+00       22      176       22      220  S
     17      1   2.1722887258535833D-01 7.2D-09 0.0D+00 1.6D-07 0.0D+00       23      208       23      230  S
     17      1   2.0702167133425439D-01 4.9D-09 0.0D+00 6.8D-09 0.0D+00       22      152       22      220  S
     17      1   2.1788403873743251D-01 6.6D-09 0.0D+00 5.3D-09 0.0D+00       22      161       22      220  S
     17      1   2.1833374029414884D-01 5.3D-09 0.0D+00 2.8D-08 0.0D+00       23      305       23      230  S
     17      1   2.1838988109799723D-01 6.8D-09 0.0D+00 4.7D-08 0.0D+00       23      179       23      230  S
     17      1   2.1785651014877611D-01 6.2D-09 0.0D+00 7.3D-09 0.0D+00       22      185       22      220  S
     17      1   2.1838988109786678D-01 6.8D-09 0.0D+00 5.7D-08 0.0D+00       24      185       24      240  S
     17      1   2.1838988109840296D-01 6.8D-09 0.0D+00 1.3D-09 0.0D+00       21      151       21      210  S
     17      1   2.0702167133431931D-01 4.9D-09 0.0D+00 1.1D-09 0.0D+00       22      156       22      220  S
     17      1   2.1785651014689542D-01 6.2D-09 0.0D+00 1.4D-07 0.0D+00       24      225       24      240  S
     17      1   2.0633733585718508D-01 5.6D-09 0.0D+00 9.4D-10 0.0D+00       22      145       22      220  S
     17      1   2.1838988109655089D-01 6.8D-09 0.0D+00 1.5D-07 0.0D+00       22      175       22      220  S
     17      1   2.0633733585607017D-01 5.6D-09 0.0D+00 1.2D-07 0.0D+00       23      169       23      230  S
     17      1   2.1838988109499269D-01 6.8D-09 0.0D+00 2.9D-07 0.0D+00       23      164       23      230  S
     17      1   2.0702167133445296D-01 4.9D-09 0.0D+00 2.1D-10 0.0D+00       22      147       22      220  S
     17      1   2.1838988109595489D-01 6.8D-09 0.0D+00 2.3D-07 0.0D+00       23      202       23      230  S
     17      1   2.0702167133448143D-01 4.9D-09 0.0D+00 2.3D-08 0.0D+00       23      143       23      230  S
     17      1   2.1929581764353323D-01 5.2D-09 0.0D+00 2.3D-07 0.0D+00       23      204       23      230  S
     17      1   2.0633733585720393D-01 5.6D-09 0.0D+00 1.8D-09 0.0D+00       22      160       22      220  S
     17      1   2.0633733585716951D-01 5.6D-09 0.0D+00 8.6D-09 0.0D+00       22      161       22      220  S
     17      1   2.0081520593841742D-01 4.2D-02 0.0D+00 3.4D-01 0.0D+00        1       10        2       20  F
     17      1   2.1838988109858698D-01 6.8D-09 0.0D+00 6.9D-10 0.0D+00       22      150       22      220  S
     17      1   2.0633733585718081D-01 5.6D-09 0.0D+00 6.2D-09 0.0D+00       22      155       22      220  S
     17      1   2.0633733585706296D-01 5.6D-09 0.0D+00 8.1D-09 0.0D+00       22      164       22      220  S
     17      1   2.0633733585712957D-01 5.6D-09 0.0D+00 3.5D-08 0.0D+00       23      155       23      230  S
     17      1   2.1833374029266961D-01 5.3D-09 0.0D+00 2.1D-07 0.0D+00       23      323       23      230  S
     17      1   2.1852921232253400D-01 6.1D-09 0.0D+00 5.5D-09 0.0D+00       22      145       22      220  S
     17      1   2.2213010880304049D-01 5.9D-09 0.0D+00 2.6D-08 0.0D+00       25      229       25      250  S
     17      1   2.1838988109932769D-01 6.8D-09 0.0D+00 5.9D-09 0.0D+00       22      171       22      220  S
     17      1   2.0633733585762312D-01 5.6D-09 0.0D+00 6.7D-09 0.0D+00       22      202       22      220  S
     17      1   2.1787059949359944D-01 6.1D-09 0.0D+00 6.8D-09 0.0D+00       22      199       22      220  S
     17      1   2.0633733585749733D-01 5.6D-09 0.0D+00 2.1D-08 0.0D+00       24      200       24      240  S
     17      1   2.0702167133449209D-01 4.9D-09 0.0D+00 8.6D-09 0.0D+00       22      143       22      220  S
     17      1   2.1093559885473093D-01 6.1D-09 0.0D+00 3.0D-07 0.0D+00       23      173       23      230  S
     17      1   2.1785651014781851D-01 6.2D-09 0.0D+00 6.3D-08 0.0D+00       23      198       23      230  S
     17      1   2.0702167133417262D-01 4.9D-09 0.0D+00 2.7D-09 0.0D+00       22      147       22      220  S
     17      1   2.1717171968471480D-01 7.8D-09 0.0D+00 3.9D-09 0.0D+00       22      141       22      220  S
     17      1   2.1838988109539498D-01 6.8D-09 0.0D+00 3.1D-07 0.0D+00       23      166       23      230  S
 no information
     17      1   2.1093559885799343D-01 6.1D-09 0.0D+00 1.5D-08 0.0D+00       23      183       23      230  S
     17      1   2.1838988109860311D-01 6.8D-09 0.0D+00 4.0D-09 0.0D+00       21      148       21      210  S
     17      1   2.0702167133419530D-01 4.9D-09 0.0D+00 9.7D-09 0.0D+00       22      147       22      220  S
     17      1   2.1093559885735469D-01 6.1D-09 0.0D+00 3.0D-09 0.0D+00       21      143       21      210  S
     17      1   2.0633733585690736D-01 5.6D-09 0.0D+00 3.8D-09 0.0D+00       22      162       22      220  S
     17      1   2.0633733585447833D-01 5.6D-09 0.0D+00 3.3D-07 0.0D+00       23      165       23      230  S
 no information
     17      1   2.1833374029191588D-01 5.3D-09 0.0D+00 3.1D-07 0.0D+00       24      318       24      240  S
     17      1   2.0633733585716851D-01 5.6D-09 0.0D+00 9.8D-09 0.0D+00       22      173       22      220  S
     17      1   2.1838988109894034D-01 6.8D-09 0.0D+00 1.8D-08 0.0D+00       24      191       24      240  S
     17      1   2.1838988109883251D-01 6.8D-09 0.0D+00 9.2D-09 0.0D+00       22      180       22      220  S
     17      1   2.1093559885776653D-01 6.1D-09 0.0D+00 4.1D-09 0.0D+00       22      168       22      220  S
     17      1   2.0633733585589173D-01 5.6D-09 0.0D+00 1.4D-07 0.0D+00       24      193       24      240  S
     17      1   2.1838988109908580D-01 6.8D-09 0.0D+00 7.3D-09 0.0D+00       22      193       22      220  S
     17      1   2.0702167133435348D-01 4.9D-09 0.0D+00 1.7D-09 0.0D+00       22      141       22      220  S
     17      1   2.1838988109848276D-01 6.8D-09 0.0D+00 5.8D-09 0.0D+00       21      140       21      210  S
     17      1   2.0633733585760891D-01 5.6D-09 0.0D+00 9.0D-09 0.0D+00       22      168       22      220  S
     17      1   2.1838988109852170D-01 6.8D-09 0.0D+00 8.8D-09 0.0D+00       21      149       21      210  S
     17      1   2.1788403873707696D-01 6.6D-09 0.0D+00 6.4D-09 0.0D+00       22      149       22      220  S
     17      1   2.1788403902078862D-01 6.6D-09 0.0D+00 5.7D-09 0.0D+00       23      232       23      230  S
     17      1   2.1738142063834073D-01 5.3D-09 0.0D+00 1.3D-08 0.0D+00       24      165       24      240  S
     17      1   2.1838988109902688D-01 6.8D-09 0.0D+00 7.3D-10 0.0D+00       21      157       21      210  S
     17      1   2.0791038660481784D-01 5.4D-09 0.0D+00 5.6D-08 0.0D+00       22      167       22      220  S
     17      1   2.1788403873737011D-01 6.6D-09 0.0D+00 1.8D-08 0.0D+00       23      183       23      230  S
     17      1   2.1838988109884644D-01 6.8D-09 0.0D+00 5.7D-09 0.0D+00       22      146       22      220  S
     17      1   2.1838988109641869D-01 6.8D-09 0.0D+00 1.4D-07 0.0D+00       22      158       22      220  S
     17      1   2.1838988109867571D-01 6.8D-09 0.0D+00 9.5D-09 0.0D+00       22      150       22      220  S
     17      1   2.1785651016675089D-01 6.2D-09 0.0D+00 9.2D-09 0.0D+00       22      225       22      220  S
     17      1   2.1838988109481641D-01 6.8D-09 0.0D+00 3.0D-07 0.0D+00       24      182       24      240  S
     17      1   2.1838988109857255D-01 6.8D-09 0.0D+00 5.7D-09 0.0D+00       22      140       22      220  S
     17      1   2.1838988109837271D-01 6.8D-09 0.0D+00 9.4D-09 0.0D+00       21      166       21      210  S
     17      1   2.0633733585714106D-01 5.6D-09 0.0D+00 5.8D-09 0.0D+00       22      152       22      220  S
     17      1   2.1838988109772844D-01 6.8D-09 0.0D+00 7.7D-08 0.0D+00       23      175       23      230  S
     17      1   2.1852921232030806D-01 6.1D-09 0.0D+00 2.4D-07 0.0D+00       23      161       23      230  S
