     19      1   1.9931664610793362D-01 5.3D-09 0.0D+00 5.3D-09 0.0D+00       22      130       22      220  S
     19      1   1.9186265686711698D-01 5.5D-09 0.0D+00 2.7D-07 0.0D+00       22      165       22      220  S
     19      1   1.9186265686368761D-01 5.5D-09 0.0D+00 2.9D-07 0.0D+00       24      217       24      240  S
     19      1   1.9186265686790535D-01 5.5D-09 0.0D+00 1.4D-07 0.0D+00       23      158       23      230  S
     19      1   1.9186265686963899D-01 5.5D-09 0.0D+00 5.7D-09 0.0D+00       22      186       22      220  S
     19      1   1.8946300792457044D-01 5.0D-09 0.0D+00 3.2D-07 0.0D+00       23      168       23      230  S
     19      1   1.9186265686942300D-01 5.5D-09 0.0D+00 5.2D-09 0.0D+00       22      167       22      220  S
     19      1   2.0491601149598113D-01 5.5D-09 0.0D+00 8.8D-09 0.0D+00       21      160       21      210  S
     19      1   2.0285285711868523D-01 6.4D-09 0.0D+00 3.1D-07 0.0D+00       23      191       23      230  S
     19      1   1.9186265687000220D-01 5.5D-09 0.0D+00 5.5D-08 0.0D+00       24      215       24      240  S
     19      1   2.0270016875454672D-01 6.2D-09 0.0D+00 1.2D-09 0.0D+00       22      183       22      220  S
     19      1   2.0661390113038414D-01 6.0D-09 0.0D+00 1.0D-08 0.0D+00       22      185       22      220  S
     19      1   2.0385904776774844D-01 5.9D-09 0.0D+00 2.0D-07 0.0D+00       22      152       22      220  S
     19      1   2.0033059034006701D-01 5.1D-09 0.0D+00 2.4D-07 0.0D+00       24      196       24      240  S
     19      1   1.9186265686685069D-01 5.5D-09 0.0D+00 2.9D-07 0.0D+00       23      176       23      230  S
     19      1   1.9186265686525966D-01 5.5D-09 0.0D+00 2.9D-07 0.0D+00       23      225       23      230  S
     19      1   1.8946300792491527D-01 5.0D-09 0.0D+00 3.4D-07 0.0D+00       23      178       23      230  S
     19      1   2.0491601149627867D-01 5.5D-09 0.0D+00 1.7D-08 0.0D+00       22      175       22      220  S
     19      1   1.8946300792669282D-01 5.0D-09 0.0D+00 9.6D-10 0.0D+00       22      210       22      220  S
     19      1   1.8946300792597229D-01 5.0D-09 0.0D+00 1.2D-07 0.0D+00       23      186       23      230  S
     19      1   1.8946300792502110D-01 5.0D-09 0.0D+00 2.5D-07 0.0D+00       23      181       23      230  S
     19      1   1.8946300792568582D-01 5.0D-09 0.0D+00 1.3D-07 0.0D+00       24      195       24      240  S
     19      1   2.0157840495019300D-01 5.6D-09 0.0D+00 1.8D-09 0.0D+00       22      184       22      220  S
     19      1   2.0217254445631488D-01 5.7D-09 0.0D+00 1.9D-07 0.0D+00       22      213       22      220  S
     19      1   1.8946300792695678D-01 5.0D-09 0.0D+00 5.6D-08 0.0D+00       23      204       23      230  S
     19      1   1.9186265686960918D-01 5.5D-09 0.0D+00 1.4D-08 0.0D+00       23      197       23      230  S
     19      1   1.9186265686986981D-01 5.5D-09 0.0D+00 3.6D-09 0.0D+00       22      171       22      220  S
     19      1   3.7540367621156667D-01 2.2D-16 0.0D+00 3.8D-01 0.0D+00        5       70        5       50  S
     19      1   2.0285285712127785D-01 6.4D-09 0.0D+00 2.7D-08 0.0D+00       22      178       22      220  S
     19      1   1.9186265686939100D-01 5.5D-09 0.0D+00 7.7D-09 0.0D+00       22      169       22      220  S
     19      1   2.0270016875436703D-01 6.2D-09 0.0D+00 1.4D-09 0.0D+00       22      161       22      220  S
     19      1   1.9186265686956494D-01 5.5D-09 0.0D+00 3.3D-09 0.0D+00       22      172       22      220  S
     19      1   1.8946300792693860D-01 5.0D-09 0.0D+00 1.5D-09 0.0D+00       22      161       22      220  S
     19      1   2.1717305644414819D-01 7.7D-09 0.0D+00 7.0D-08 0.0D+00       24      235       24      240  S
     19      1   1.9926499084604757D-01 5.4D-09 0.0D+00 1.2D-08 0.0D+00       24      183       24      240  S
     19      1   1.9931664610788472D-01 5.3D-09 0.0D+00 7.7D-10 0.0D+00       22      138       22      220  S
     19      1   2.0491601149338226D-01 5.5D-09 0.0D+00 3.1D-07 0.0D+00       22      189       22      220  S
     19      1   1.9186265686632495D-01 5.5D-09 0.0D+00 2.1D-07 0.0D+00       23      217       23      230  S
     19      1   2.0270016875414629D-01 6.2D-09 0.0D+00 6.4D-08 0.0D+00       23      172       23      230  S
     19      1   2.0359227585324177D-01 6.2D-09 0.0D+00 4.8D-09 0.0D+00       22      186       22      220  S
     19      1   2.0033059034174394D-01 5.1D-09 0.0D+00 1.6D-08 0.0D+00       23      177       23      230  S
     19      1   1.9186265686940090D-01 5.5D-09 0.0D+00 2.6D-09 0.0D+00       22      169       22      220  S
     19      1   2.0285285712219511D-01 6.4D-09 0.0D+00 3.5D-09 0.0D+00       22      162       22      220  S
     19      1   2.0285285712165071D-01 6.4D-09 0.0D+00 2.7D-09 0.0D+00       22      183       22      220  S
     19      1   1.8946300792573761D-01 5.0D-09 0.0D+00 1.9D-07 0.0D+00       24      230       24      240  S
     19      1   2.0663369298180914D-01 5.2D-09 0.0D+00 8.5D-09 0.0D+00       22      209       22      220  S
     19      1   2.1736864000541661D-01 1.0D-06 0.0D+00 1.8D-01 0.0D+00       24      187       25      250  S
     19      1   2.0033059034163461D-01 5.1D-09 0.0D+00 7.7D-09 0.0D+00       22      166       22      220  S
     19      1   2.1717172016851224D-01 7.8D-09 0.0D+00 3.3D-07 0.0D+00       22      194       22      220  S
     19      1   1.9186265686931245D-01 5.5D-09 0.0D+00 7.3D-09 0.0D+00       22      161       22      220  S
     19      1   1.9186265686995846D-01 5.5D-09 0.0D+00 3.4D-08 0.0D+00       24      207       24      240  S
     19      1   2.0285285712170972D-01 6.4D-09 0.0D+00 8.7D-09 0.0D+00       22      150       22      220  S
     19      1   1.8946300792528734D-01 5.0D-09 0.0D+00 2.6D-07 0.0D+00       24      180       24      240  S
     19      1   1.8946300792485687D-01 5.0D-09 0.0D+00 3.1D-07 0.0D+00       24      227       24      240  S
     19      1   1.9186265686952830D-01 5.5D-09 0.0D+00 5.5D-09 0.0D+00       22      154       22      220  S
     19      1   1.8946300792670515D-01 5.0D-09 0.0D+00 8.8D-09 0.0D+00       22      169       22      220  S
     19      1   1.9186265686724263D-01 5.5D-09 0.0D+00 3.0D-07 0.0D+00       23      174       23      230  S
     19      1   1.8946300792686871D-01 5.0D-09 0.0D+00 3.5D-08 0.0D+00       24      180       24      240  S
     19      1   2.0270016875503347D-01 6.2D-09 0.0D+00 8.9D-09 0.0D+00       22      200       22      220  S
     19      1   1.9186265686954382D-01 5.5D-09 0.0D+00 5.8D-10 0.0D+00       22      205       22      220  S
     19      1   1.8946300792516660D-01 5.0D-09 0.0D+00 2.4D-07 0.0D+00       23      193       23      230  S
     19      1   2.1717172015455585D-01 7.8D-09 0.0D+00 7.7D-09 0.0D+00       21      152       21      210  S
     19      1   1.9186265686924472D-01 5.5D-09 0.0D+00 7.6D-09 0.0D+00       22      143       22      220  S
     19      1   2.0491601149373423D-01 5.5D-09 0.0D+00 3.1D-07 0.0D+00       22      179       22      220  S
     19      1   2.0491601149496722D-01 5.5D-09 0.0D+00 1.0D-07 0.0D+00       23      229       23      230  S
     19      1   2.1761304364969919D-01 6.8D-09 0.0D+00 8.7D-09 0.0D+00       22      160       22      220  S
     19      1   1.8946300792703011D-01 5.0D-09 0.0D+00 5.0D-08 0.0D+00       24      212       24      240  S
     19      1   2.0509496025293153D-01 6.3D-09 0.0D+00 7.2D-08 0.0D+00       24      205       24      240  S
     19      1   1.8946300792679155D-01 5.0D-09 0.0D+00 8.8D-09 0.0D+00       22      181       22      220  S
     19      1   1.9186265686868550D-01 5.5D-09 0.0D+00 9.5D-08 0.0D+00       24      198       24      240  S
     19      1   1.8946300792670917D-01 5.0D-09 0.0D+00 2.6D-10 0.0D+00       22      161       22      220  S
     19      1   2.0285285712158985D-01 6.4D-09 0.0D+00 1.4D-08 0.0D+00       24      214       24      240  S
     19      1   1.9186265686711704D-01 5.5D-09 0.0D+00 3.0D-07 0.0D+00       24      179       24      240  S
     19      1   1.9186265686805712D-01 5.5D-09 0.0D+00 1.3D-07 0.0D+00       23      171       23      230  S
     19      1   2.0491601149592059D-01 5.5D-09 0.0D+00 1.1D-08 0.0D+00       22      172       22      220  S
     19      1   2.1717743019755717D-01 7.6D-09 0.0D+00 3.5D-07 0.0D+00       24      161       24      240  S
     19      1   1.9186265686718901D-01 5.5D-09 0.0D+00 3.1D-07 0.0D+00       24      194       24      240  S
     19      1   1.8946300792646842D-01 5.0D-09 0.0D+00 8.4D-09 0.0D+00       21      171       21      210  S
     19      1   1.9186265686937293D-01 5.5D-09 0.0D+00 1.6D-11 0.0D+00       22      204       22      220  S
     19      1   2.0359227585176518D-01 6.2D-09 0.0D+00 1.5D-07 0.0D+00       23      199       23      230  S
     19      1   1.8946300792686194D-01 5.0D-09 0.0D+00 3.1D-08 0.0D+00       23      207       23      230  S
     19      1   2.1033119060664754D-01 5.5D-09 0.0D+00 2.6D-09 0.0D+00       22      228       22      220  S
     19      1   1.8946300792691190D-01 5.0D-09 0.0D+00 2.9D-09 0.0D+00       22      211       22      220  S
     19      1   1.9186265686933229D-01 5.5D-09 0.0D+00 5.2D-09 0.0D+00       22      164       22      220  S
     19      1   1.9931664610784450D-01 5.3D-09 0.0D+00 8.6D-09 0.0D+00       22      154       22      220  S
     19      1   2.0033059034115921D-01 5.1D-09 0.0D+00 3.2D-09 0.0D+00       21      172       21      210  S
     19      1   1.8946300792686668D-01 5.0D-09 0.0D+00 5.6D-09 0.0D+00       22      209       22      220  S
     19      1   2.0661390112972511D-01 6.0D-09 0.0D+00 4.1D-08 0.0D+00       24      192       24      240  S
     19      1   1.9846857281553740D-01 5.6D-09 0.0D+00 5.7D-09 0.0D+00       22      200       22      220  S
     19      1   1.8946300792688645D-01 5.0D-09 0.0D+00 1.7D-09 0.0D+00       22      182       22      220  S
     19      1   2.0492849845940109D-01 5.0D-09 0.0D+00 1.3D-08 0.0D+00       24      212       24      240  S
     19      1   1.8946300792698340D-01 5.0D-09 0.0D+00 4.9D-09 0.0D+00       22      178       22      220  S
     19      1   2.0285285712204837D-01 6.4D-09 0.0D+00 2.2D-09 0.0D+00       22      205       22      220  S
     19      1   1.8946300792697229D-01 5.0D-09 0.0D+00 2.7D-09 0.0D+00       22      181       22      220  S
     19      1   2.0270016875451430D-01 6.2D-09 0.0D+00 2.4D-08 0.0D+00       23      176       23      230  S
     19      1   2.0285285712186452D-01 6.4D-09 0.0D+00 7.3D-10 0.0D+00       22      178       22      220  S
     19      1   1.9926499084598151D-01 5.4D-09 0.0D+00 3.6D-09 0.0D+00       22      155       22      220  S
     19      1   1.9846857281537442D-01 5.6D-09 0.0D+00 6.8D-09 0.0D+00       22      154       22      220  S
     19      1   2.0359227585309497D-01 6.2D-09 0.0D+00 9.6D-09 0.0D+00       21      155       21      210  S
     19      1   1.9186265686832743D-01 5.5D-09 0.0D+00 1.4D-07 0.0D+00       22      182       22      220  S
