      3      1   5.7333414781749370D-01 7.5D-09 0.0D+00 1.4D-09 0.0D+00       20      107       20      200  S
      3      1   5.7333520709830188D-01 7.0D-09 0.0D+00 8.1D-09 0.0D+00       20       98       20      200  S
      3      1   5.7333183651655417D-01 8.6D-09 0.0D+00 6.5D-09 0.0D+00       21      105       21      210  S
      3      1   5.7333470504694461D-01 7.2D-09 0.0D+00 3.4D-09 0.0D+00       20       98       20      200  S
      3      1   5.7333612328136085D-01 6.6D-09 0.0D+00 1.1D-09 0.0D+00       20      101       20      200  S
      3      1   5.7333183650486352D-01 8.6D-09 0.0D+00 5.2D-09 0.0D+00       20      104       20      200  S
      3      1   5.7333303534431890D-01 8.0D-09 0.0D+00 6.2D-09 0.0D+00       20      103       20      200  S
      3      1   5.7333246887583389D-01 8.3D-09 0.0D+00 4.2D-10 0.0D+00       20      102       20      200  S
      3      1   5.7333183650470620D-01 8.6D-09 0.0D+00 9.5D-09 0.0D+00       20      103       20      200  S
      3      1   5.7333221779167209D-01 8.4D-09 0.0D+00 1.0D-09 0.0D+00       20      104       20      200  S
      3      1   5.7333516841120835D-01 7.0D-09 0.0D+00 2.9D-09 0.0D+00       20       99       20      200  S
      3      1   5.7333183650483410D-01 8.6D-09 0.0D+00 4.1D-10 0.0D+00       20      101       20      200  S
      3      1   5.7333183650487174D-01 8.6D-09 0.0D+00 6.7D-10 0.0D+00       20      103       20      200  S
      3      1   5.7333464442171256D-01 7.3D-09 0.0D+00 5.0D-09 0.0D+00       20       98       20      200  S
      3      1   5.7333183651676178D-01 8.6D-09 0.0D+00 6.1D-09 0.0D+00       21      108       21      210  S
      3      1   5.7333183650508435D-01 8.6D-09 0.0D+00 8.3D-09 0.0D+00       20      101       20      200  S
      3      1   5.7333425133623950D-01 7.4D-09 0.0D+00 5.1D-09 0.0D+00       20      108       20      200  S
      3      1   5.7333183650519215D-01 8.6D-09 0.0D+00 9.5D-09 0.0D+00       20      103       20      200  S
      3      1   5.7333183650494013D-01 8.6D-09 0.0D+00 7.7D-09 0.0D+00       20       99       20      200  S
      3      1   5.7333183650486697D-01 8.6D-09 0.0D+00 3.8D-09 0.0D+00       20      103       20      200  S
      3      1   5.7333183650514685D-01 8.6D-09 0.0D+00 8.5D-09 0.0D+00       20      104       20      200  S
      3      1   5.7333183650483566D-01 8.6D-09 0.0D+00 4.5D-10 0.0D+00       20      105       20      200  S
      3      1   5.7333183650490671D-01 8.6D-09 0.0D+00 8.5D-09 0.0D+00       20      104       20      200  S
      3      1   5.7333560771005687D-01 6.8D-09 0.0D+00 7.9D-09 0.0D+00       20      100       20      200  S
      3      1   5.7333219910528554D-01 8.4D-09 0.0D+00 9.7D-09 0.0D+00       20      104       20      200  S
      3      1   5.7333183650483954D-01 8.6D-09 0.0D+00 1.9D-09 0.0D+00       20      101       20      200  S
      3      1   5.7333183650484731D-01 8.6D-09 0.0D+00 1.0D-09 0.0D+00       20      103       20      200  S
      3      1   5.7333183650467923D-01 8.6D-09 0.0D+00 9.5D-09 0.0D+00       20      104       20      200  S
      3      1   5.7333183650484909D-01 8.6D-09 0.0D+00 3.1D-09 0.0D+00       20      104       20      200  S
      3      1   5.7333183650482100D-01 8.6D-09 0.0D+00 9.6D-10 0.0D+00       20      101       20      200  S
      3      1   5.7333183650483055D-01 8.6D-09 0.0D+00 4.4D-11 0.0D+00       20      102       20      200  S
      3      1   5.7333183650480013D-01 8.6D-09 0.0D+00 4.2D-10 0.0D+00       20      104       20      200  S
      3      1   5.7333402053471683D-01 7.5D-09 0.0D+00 9.7D-09 0.0D+00       20      118       20      200  S
      3      1   5.7333631319042500D-01 6.5D-09 0.0D+00 7.2D-10 0.0D+00       20      100       20      200  S
      3      1   5.7333268923577174D-01 8.2D-09 0.0D+00 1.9D-09 0.0D+00       20      102       20      200  S
      3      1   5.7333341521317538D-01 7.8D-09 0.0D+00 6.8D-09 0.0D+00       20      121       20      200  S
      3      1   5.7333602389643301D-01 6.7D-09 0.0D+00 4.1D-09 0.0D+00       20      101       20      200  S
      3      1   5.7333183650507291D-01 8.6D-09 0.0D+00 7.2D-09 0.0D+00       20      103       20      200  S
      3      1   5.7333276322883553D-01 8.1D-09 0.0D+00 6.3D-09 0.0D+00       20      104       20      200  S
      3      1   5.7333555480350462D-01 6.9D-09 0.0D+00 2.7D-09 0.0D+00       20       98       20      200  S
      3      1   5.7333183650505826D-01 8.6D-09 0.0D+00 5.9D-09 0.0D+00       20      105       20      200  S
      3      1   5.7333205789915198D-01 8.5D-09 0.0D+00 6.9D-09 0.0D+00       20      103       20      193  S
      3      1   5.7333283534126922D-01 8.1D-09 0.0D+00 4.1D-09 0.0D+00       20      102       20      200  S
      3      1   5.7333183650488406D-01 8.6D-09 0.0D+00 4.4D-09 0.0D+00       20      104       20      200  S
      3      1   5.7333183650508701D-01 8.6D-09 0.0D+00 6.7D-09 0.0D+00       20      101       20      200  S
      3      1   5.7333316546872681D-01 7.9D-09 0.0D+00 5.6D-09 0.0D+00       20      125       20      200  S
      3      1   5.7333327273474910D-01 7.9D-09 0.0D+00 8.3D-09 0.0D+00       20      119       20      200  S
      3      1   5.7333183650478792D-01 8.6D-09 0.0D+00 6.8D-09 0.0D+00       20      103       20      200  S
      3      1   5.7333348328320199D-01 7.8D-09 0.0D+00 4.9D-09 0.0D+00       20      112       20      200  S
      3      1   5.7333358662263290D-01 7.7D-09 0.0D+00 3.4D-09 0.0D+00       20      107       20      200  S
      3      1   5.7333368870818602D-01 7.7D-09 0.0D+00 1.1D-09 0.0D+00       20      107       20      200  S
      3      1   5.7333378956696679D-01 7.7D-09 0.0D+00 4.3D-11 0.0D+00       20      106       20      200  S
      3      1   5.7333388922421091D-01 7.6D-09 0.0D+00 3.4D-09 0.0D+00       20      116       20      200  S
      3      1   5.7333398770452715D-01 7.6D-09 0.0D+00 7.8D-09 0.0D+00       20      117       20      200  S
      3      1   5.7333268850387686D-01 8.2D-09 0.0D+00 1.4D-09 0.0D+00       20       99       20      200  S
      3      1   5.7333550154095370D-01 6.9D-09 0.0D+00 2.1D-09 0.0D+00       20      100       20      200  S
      3      1   5.7333183650488928D-01 8.6D-09 0.0D+00 6.3D-09 0.0D+00       20      104       20      200  S
      3      1   5.7333437033176349D-01 7.4D-09 0.0D+00 3.0D-09 0.0D+00       20      107       20      200  S
      3      1   5.7333446327652027D-01 7.3D-09 0.0D+00 1.6D-09 0.0D+00       20      112       20      200  S
      3      1   5.7333455519250587D-01 7.3D-09 0.0D+00 7.5D-09 0.0D+00       20      100       20      200  S
      3      1   5.7333464607386619D-01 7.3D-09 0.0D+00 6.4D-10 0.0D+00       20       99       20      200  S
      3      1   5.7333540046311460D-01 6.9D-09 0.0D+00 4.9D-09 0.0D+00       20       99       20      200  S
      3      1   5.7333183650486597D-01 8.6D-09 0.0D+00 3.9D-09 0.0D+00       20      102       20      200  S
      3      1   5.7333183651669906D-01 8.6D-09 0.0D+00 5.1D-09 0.0D+00       21      111       21      210  S
      3      1   5.7333389127178491D-01 7.6D-09 0.0D+00 5.5D-09 0.0D+00       20      117       20      200  S
      3      1   5.7333183650486907D-01 8.6D-09 0.0D+00 2.7D-09 0.0D+00       20      103       20      200  S
      3      1   5.7333183651668906D-01 8.6D-09 0.0D+00 5.4D-09 0.0D+00       21      107       21      210  S
      3      1   5.7333601439269144D-01 6.7D-09 0.0D+00 2.6D-09 0.0D+00       20       98       20      200  S
      3      1   5.7333584510565994D-01 6.7D-09 0.0D+00 2.2D-09 0.0D+00       20      102       20      200  S
      3      1   5.7333510903147422D-01 7.1D-09 0.0D+00 5.0D-09 0.0D+00       20       99       20      200  S
      3      1   5.7333461478181780D-01 7.3D-09 0.0D+00 9.4D-09 0.0D+00       20       98       20      200  S
      3      1   5.7333475257371769D-01 7.2D-09 0.0D+00 6.6D-09 0.0D+00       20       97       20      200  S
      3      1   5.7333566362317923D-01 6.8D-09 0.0D+00 4.0D-09 0.0D+00       20       97       20      200  S
      3      1   5.7333574283702593D-01 6.8D-09 0.0D+00 7.7D-10 0.0D+00       20      104       20      200  S
      3      1   5.7333582126215921D-01 6.8D-09 0.0D+00 6.5D-09 0.0D+00       20      100       20      200  S
      3      1   5.7333183650505415D-01 8.6D-09 0.0D+00 2.0D-09 0.0D+00       20      102       20      200  S
      3      1   5.7333597580070139D-01 6.7D-09 0.0D+00 4.9D-09 0.0D+00       20      100       20      200  S
      3      1   5.7333183650478847D-01 8.6D-09 0.0D+00 7.6D-09 0.0D+00       20      103       20      200  S
      3      1   5.7333257242659508D-01 8.2D-09 0.0D+00 7.3D-09 0.0D+00       20      103       20      200  S
      3      1   5.7333620202359747D-01 6.6D-09 0.0D+00 8.4D-09 0.0D+00       20       99       20      200  S
      3      1   5.7333627599205039D-01 6.6D-09 0.0D+00 9.4D-09 0.0D+00       20       99       20      200  S
      3      1   5.7333183650484354D-01 8.6D-09 0.0D+00 6.4D-09 0.0D+00       20      101       20      200  S
      3      1   5.7333183650485464D-01 8.6D-09 0.0D+00 5.2D-09 0.0D+00       20       99       20      200  S
      3      1   5.7333183650473962D-01 8.6D-09 0.0D+00 3.5D-09 0.0D+00       20      103       20      200  S
      3      1   5.7333183651652986D-01 8.6D-09 0.0D+00 2.8D-10 0.0D+00       21      106       21      210  S
      3      1   5.7333183651628272D-01 8.6D-09 0.0D+00 6.5D-09 0.0D+00       21      106       21      210  S
      3      1   5.7333463279509123D-01 7.3D-09 0.0D+00 8.1D-09 0.0D+00       20       99       20      200  S
      3      1   5.7333183650499620D-01 8.6D-09 0.0D+00 6.7D-10 0.0D+00       20      103       20      200  S
      3      1   5.7333183651661723D-01 8.6D-09 0.0D+00 3.8D-09 0.0D+00       21      108       21      210  S
      3      1   5.7333335398395713D-01 7.9D-09 0.0D+00 9.0D-09 0.0D+00       20      111       20      200  S
      3      1   5.7333183650476061D-01 8.6D-09 0.0D+00 8.5D-09 0.0D+00       20      103       20      200  S
      3      1   5.7333183651631070D-01 8.6D-09 0.0D+00 5.7D-09 0.0D+00       21      108       21      210  S
      3      1   5.7333183650498332D-01 8.6D-09 0.0D+00 6.1D-10 0.0D+00       20      103       20      200  S
      3      1   5.7333434162198160D-01 7.4D-09 0.0D+00 4.8D-10 0.0D+00       20      108       20      200  S
      3      1   5.7333604027070639D-01 6.7D-09 0.0D+00 6.6D-09 0.0D+00       20       99       20      200  S
      3      1   5.7333183650472197D-01 8.6D-09 0.0D+00 7.9D-09 0.0D+00       20      102       20      200  S
      3      1   5.7333517689598379D-01 7.0D-09 0.0D+00 4.6D-09 0.0D+00       20       97       20      200  S
      3      1   5.7333183651660058D-01 8.6D-09 0.0D+00 2.5D-09 0.0D+00       21      105       21      210  S
      3      1   5.7333183651659192D-01 8.6D-09 0.0D+00 2.8D-09 0.0D+00       21      105       21      210  S
      3      1   5.7333313489659277D-01 8.0D-09 0.0D+00 1.5D-08 0.0D+00       21      110       21      210  S
      3      1   5.7333582125280680D-01 6.8D-09 0.0D+00 9.4D-10 0.0D+00       20      100       20      200  S
      3      1   5.7333183650480746D-01 8.6D-09 0.0D+00 2.2D-09 0.0D+00       20      102       20      200  S
      3      1   5.7333246037730645D-01 8.3D-09 0.0D+00 8.2D-10 0.0D+00       20      104       20      200  S
      3      1   5.7333183650492736D-01 8.6D-09 0.0D+00 8.6D-09 0.0D+00       20      103       20      200  S
      3      1   5.7333183650469799D-01 8.6D-09 0.0D+00 3.8D-09 0.0D+00       20      103       20      200  S
      3      1   5.7333183650487374D-01 8.6D-09 0.0D+00 3.5D-09 0.0D+00       20      103       20      200  S
      3      1   5.7333183650501340D-01 8.6D-09 0.0D+00 1.5D-09 0.0D+00       20      105       20      200  S
      3      1   5.7333183650474784D-01 8.6D-09 0.0D+00 8.2D-09 0.0D+00       20      103       20      200  S
      3      1   5.7333183650482789D-01 8.6D-09 0.0D+00 5.6D-09 0.0D+00       20      103       20      200  S
      3      1   5.7333427970081263D-01 7.4D-09 0.0D+00 1.0D-09 0.0D+00       20      107       20      200  S
      3      1   5.7333183650497965D-01 8.6D-09 0.0D+00 1.2D-09 0.0D+00       20      102       20      200  S
      3      1   5.7333183650505404D-01 8.6D-09 0.0D+00 5.9D-09 0.0D+00       20      105       20      200  S
      3      1   5.7333183650490660D-01 8.6D-09 0.0D+00 8.0D-09 0.0D+00       20      102       20      200  S
      3      1   5.7333183650482555D-01 8.6D-09 0.0D+00 3.4D-10 0.0D+00       20      103       20      200  S
      3      1   5.7333183650487207D-01 8.6D-09 0.0D+00 4.3D-09 0.0D+00       20      102       20      200  S
      3      1   5.7333183650499786D-01 8.6D-09 0.0D+00 5.0D-09 0.0D+00       20      103       20      200  S
      3      1   5.7333198838524557D-01 8.5D-09 0.0D+00 4.1D-09 0.0D+00       20      104       20      193  S
      3      1   5.7333183650500463D-01 8.6D-09 0.0D+00 4.3D-09 0.0D+00       20      106       20      200  S
      3      1   5.7333238298384437D-01 8.3D-09 0.0D+00 4.5D-09 0.0D+00       20      104       20      200  S
      3      1   5.7333183650480990D-01 8.6D-09 0.0D+00 6.1D-09 0.0D+00       20      100       20      200  S
      3      1   5.7333183650487063D-01 8.6D-09 0.0D+00 9.7D-09 0.0D+00       20      103       20      200  S
      3      1   5.7333183650501263D-01 8.6D-09 0.0D+00 5.8D-09 0.0D+00       20      105       20      200  S
      3      1   5.7333476861199251D-01 7.2D-09 0.0D+00 6.9D-09 0.0D+00       20       97       20      200  S
      3      1   5.7333183651649011D-01 8.6D-09 0.0D+00 5.7D-10 0.0D+00       21      108       21      210  S
      3      1   5.7333235557581652D-01 8.3D-09 0.0D+00 5.6D-09 0.0D+00       20      101       20      200  S
      3      1   5.7333452896000292D-01 7.3D-09 0.0D+00 1.9D-09 0.0D+00       20      103       20      200  S
      3      1   5.7333183651658604D-01 8.6D-09 0.0D+00 8.0D-09 0.0D+00       21      108       21      210  S
      3      1   5.7333183650512254D-01 8.6D-09 0.0D+00 8.1D-09 0.0D+00       20      103       20      200  S
      3      1   5.7333362658430020D-01 7.7D-09 0.0D+00 1.9D-09 0.0D+00       20      105       20      200  S
      3      1   5.7333617765263312D-01 6.6D-09 0.0D+00 2.5D-09 0.0D+00       20      100       20      200  S
      3      1   5.7333183650498898D-01 8.6D-09 0.0D+00 8.7D-09 0.0D+00       20      102       20      200  S
      3      1   5.7333299120104630D-01 8.0D-09 0.0D+00 6.8D-09 0.0D+00       20      106       20      200  S
      3      1   5.7333310212925948D-01 8.0D-09 0.0D+00 2.7D-09 0.0D+00       20      102       20      200  S
      3      1   5.7333183651648678D-01 8.6D-09 0.0D+00 7.7D-10 0.0D+00       21      104       21      210  S
      3      1   5.7333262688379405D-01 8.2D-09 0.0D+00 4.2D-09 0.0D+00       20      105       20      200  S
      3      1   5.7333274105702192D-01 8.1D-09 0.0D+00 5.2D-09 0.0D+00       20      105       20      200  S
      3      1   5.7333285373936549D-01 8.1D-09 0.0D+00 1.3D-09 0.0D+00       20      105       20      200  S
      3      1   5.7333296496415198D-01 8.0D-09 0.0D+00 8.7D-09 0.0D+00       20      104       20      200  S
      3      1   5.7333307476422446D-01 8.0D-09 0.0D+00 4.8D-09 0.0D+00       20      103       20      200  S
      3      1   5.7333183650468411D-01 8.6D-09 0.0D+00 9.5D-09 0.0D+00       20      105       20      200  S
      3      1   5.7333183650493502D-01 8.6D-09 0.0D+00 7.6D-09 0.0D+00       20      105       20      200  S
      3      1   5.7333339592780208D-01 7.8D-09 0.0D+00 7.4D-09 0.0D+00       20      126       20      200  S
      3      1   5.7333350033560637D-01 7.8D-09 0.0D+00 5.2D-09 0.0D+00       20      110       20      200  S
      3      1   5.7333360346711038D-01 7.7D-09 0.0D+00 1.5D-09 0.0D+00       20      108       20      200  S
      3      1   5.7333370534959394D-01 7.7D-09 0.0D+00 7.9D-09 0.0D+00       20      105       20      200  S
      3      1   5.7333380600956951D-01 7.6D-09 0.0D+00 1.1D-08 0.0D+00       21      113       21      210  S
      3      1   5.7333390547164731D-01 7.6D-09 0.0D+00 7.8D-10 0.0D+00       20      118       20      200  S
      3      1   5.7333291843847034D-01 8.1D-09 0.0D+00 6.1D-09 0.0D+00       20      101       20      200  S
      3      1   5.7333183651629993D-01 8.6D-09 0.0D+00 4.9D-09 0.0D+00       21      106       21      210  S
      3      1   5.7333419691814191D-01 7.5D-09 0.0D+00 7.1D-09 0.0D+00       20      108       20      200  S
      3      1   5.7333222610580725D-01 8.4D-09 0.0D+00 3.2D-09 0.0D+00       20      104       20      200  S
      3      1   5.7333223930092447D-01 8.4D-09 0.0D+00 6.0D-09 0.0D+00       20      106       20      200  S
      3      1   5.7333183650486552D-01 8.6D-09 0.0D+00 4.3D-09 0.0D+00       20      103       20      200  S
      3      1   5.7333487918568815D-01 7.2D-09 0.0D+00 2.7D-09 0.0D+00       20       98       20      200  S
      3      1   5.7333465066151934D-01 7.3D-09 0.0D+00 4.2D-09 0.0D+00       20       99       20      200  S
      3      1   5.7333183651664221D-01 8.6D-09 0.0D+00 9.0D-09 0.0D+00       21      106       21      210  S
      3      1   5.7333324769536587D-01 7.9D-09 0.0D+00 6.6D-09 0.0D+00       20      122       20      200  S
      3      1   5.7333262506745242D-01 8.2D-09 0.0D+00 1.9D-09 0.0D+00       20      103       20      200  S
      3      1   5.7333501395892261D-01 7.1D-09 0.0D+00 7.5D-09 0.0D+00       20       97       20      200  S
      3      1   5.7333477747309547D-01 7.2D-09 0.0D+00 2.0D-09 0.0D+00       20       99       20      200  S
      3      1   5.7333183650503128D-01 8.6D-09 0.0D+00 5.7D-09 0.0D+00       20      104       20      200  S
      3      1   5.7333601365125697D-01 6.7D-09 0.0D+00 3.3D-09 0.0D+00       20      100       20      200  S
      3      1   5.7333535220204102D-01 7.0D-09 0.0D+00 2.8D-09 0.0D+00       20       98       20      200  S
      3      1   5.7333284505374849D-01 8.1D-09 0.0D+00 2.1D-09 0.0D+00       20      102       20      200  S
      3      1   5.7333183650494224D-01 8.6D-09 0.0D+00 8.2D-09 0.0D+00       20      103       20      200  S
      3      1   5.7333559679903745D-01 6.8D-09 0.0D+00 9.5D-10 0.0D+00       20       99       20      200  S
      3      1   5.7333567668273866D-01 6.8D-09 0.0D+00 5.2D-09 0.0D+00       20       99       20      200  S
      3      1   5.7333575576587525D-01 6.8D-09 0.0D+00 1.3D-09 0.0D+00       20      100       20      200  S
      3      1   5.7333583406276523D-01 6.7D-09 0.0D+00 3.8D-09 0.0D+00       20      100       20      200  S
      3      1   5.7333591158689834D-01 6.7D-09 0.0D+00 6.2D-09 0.0D+00       20       99       20      200  S
      3      1   5.7333344402523412D-01 7.8D-09 0.0D+00 1.9D-09 0.0D+00       20      111       20      200  S
      3      1   5.7333325171719651D-01 7.9D-09 0.0D+00 9.4D-09 0.0D+00       20      120       20      200  S
      3      1   5.7333613965335473D-01 6.6D-09 0.0D+00 8.3D-09 0.0D+00       20      100       20      200  S
      3      1   5.7333621421563241D-01 6.6D-09 0.0D+00 8.7D-09 0.0D+00       20       99       20      200  S
      3      1   5.7333628806836678D-01 6.6D-09 0.0D+00 8.2D-09 0.0D+00       20      104       20      200  S
      3      1   5.7333183650481490D-01 8.6D-09 0.0D+00 6.0D-09 0.0D+00       20      105       20      200  S
      3      1   5.7333183651628483D-01 8.6D-09 0.0D+00 6.0D-09 0.0D+00       21      106       21      210  S
      3      1   5.7333183651651776D-01 8.6D-09 0.0D+00 5.6D-09 0.0D+00       21      106       21      210  S
      3      1   5.7333183650499786D-01 8.6D-09 0.0D+00 5.2D-09 0.0D+00       20      103       20      200  S
      3      1   5.7333183650498620D-01 8.6D-09 0.0D+00 1.6D-09 0.0D+00       20      104       20      200  S
      3      1   5.7333491518940649D-01 7.1D-09 0.0D+00 2.2D-08 0.0D+00       21      106       21      210  S
      3      1   5.7333183651652675D-01 8.6D-09 0.0D+00 9.9D-09 0.0D+00       21      107       21      210  S
      3      1   5.7333183650507569D-01 8.6D-09 0.0D+00 6.9D-09 0.0D+00       20      100       20      200  S
      3      1   5.7333537795133427D-01 6.9D-09 0.0D+00 5.0D-09 0.0D+00       20      102       20      200  S
      3      1   5.7333598796409924D-01 6.7D-09 0.0D+00 7.5D-09 0.0D+00       20      100       20      200  S
      3      1   5.7333183650501751D-01 8.6D-09 0.0D+00 5.3D-09 0.0D+00       20      103       20      200  S
      3      1   5.7333507939896244D-01 7.1D-09 0.0D+00 1.7D-09 0.0D+00       20      100       20      200  S
      3      1   5.7333183650479580D-01 8.6D-09 0.0D+00 5.9D-09 0.0D+00       20      105       20      200  S
      3      1   5.7333183650488173D-01 8.6D-09 0.0D+00 9.2D-09 0.0D+00       20      100       20      200  S
      3      1   5.7333183651634390D-01 8.6D-09 0.0D+00 4.4D-09 0.0D+00       21      106       21      210  S
      3      1   5.7333183651652442D-01 8.6D-09 0.0D+00 5.0D-09 0.0D+00       21      106       21      210  S
      3      1   5.7333223613268547D-01 8.4D-09 0.0D+00 2.0D-09 0.0D+00       20      104       20      200  S
      3      1   5.7333335329131818D-01 7.9D-09 0.0D+00 3.3D-09 0.0D+00       20      110       20      200  S
      3      1   5.7333183651647779D-01 8.6D-09 0.0D+00 7.3D-09 0.0D+00       21      105       21      210  S
      3      1   5.7333183650501396D-01 8.6D-09 0.0D+00 4.5D-09 0.0D+00       20      103       20      200  S
      3      1   5.7333183651650377D-01 8.6D-09 0.0D+00 5.6D-09 0.0D+00       21      106       21      210  S
      3      1   5.7333183650493891D-01 8.6D-09 0.0D+00 3.4D-09 0.0D+00       20      104       20      200  S
      3      1   5.7333183650484643D-01 8.6D-09 0.0D+00 4.9D-09 0.0D+00       20      103       20      200  S
      3      1   5.7333183650502140D-01 8.6D-09 0.0D+00 9.8D-09 0.0D+00       20      107       20      200  S
      3      1   5.7333183650484021D-01 8.6D-09 0.0D+00 5.2D-09 0.0D+00       20      104       20      200  S
      3      1   5.7333183650483854D-01 8.6D-09 0.0D+00 1.2D-09 0.0D+00       20      103       20      200  S
      3      1   5.7333183650478803D-01 8.6D-09 0.0D+00 6.3D-09 0.0D+00       20      103       20      200  S
      3      1   5.7333447046191677D-01 7.3D-09 0.0D+00 8.6D-09 0.0D+00       20      110       20      200  S
      3      1   5.7333183650502462D-01 8.6D-09 0.0D+00 5.1D-09 0.0D+00       20      104       20      200  S
      3      1   5.7333183650495712D-01 8.6D-09 0.0D+00 1.9D-09 0.0D+00       20      101       20      200  S
      3      1   5.7333183650509467D-01 8.6D-09 0.0D+00 7.2D-09 0.0D+00       20      104       20      200  S
      3      1   5.7333183650510677D-01 8.6D-09 0.0D+00 7.2D-09 0.0D+00       20      103       20      200  S
      3      1   5.7333183650515984D-01 8.6D-09 0.0D+00 9.2D-09 0.0D+00       20      100       20      200  S
      3      1   5.7333183650498043D-01 8.6D-09 0.0D+00 9.0D-09 0.0D+00       20      104       20      200  S
      3      1   5.7333592854741500D-01 6.7D-09 0.0D+00 1.8D-09 0.0D+00       20       99       20      200  S
      3      1   5.7333183650504571D-01 8.6D-09 0.0D+00 7.3D-10 0.0D+00       20      103       20      200  S
      3      1   5.7333262107242577D-01 8.2D-09 0.0D+00 4.9D-09 0.0D+00       20      103       20      200  S
      3      1   5.7333183650482589D-01 8.6D-09 0.0D+00 5.2D-09 0.0D+00       20      101       20      200  S
      3      1   5.7333183650480746D-01 8.6D-09 0.0D+00 6.0D-09 0.0D+00       20      102       20      200  S
      3      1   5.7333183650501729D-01 8.6D-09 0.0D+00 1.0D-09 0.0D+00       20      102       20      200  S
      3      1   5.7333183651654596D-01 8.6D-09 0.0D+00 6.5D-09 0.0D+00       21      107       21      210  S
      3      1   5.7333183651636677D-01 8.6D-09 0.0D+00 9.1D-09 0.0D+00       21      108       21      210  S
      3      1   5.7333183650486552D-01 8.6D-09 0.0D+00 5.2D-10 0.0D+00       20      103       20      200  S
      3      1   5.7333440950718484D-01 7.4D-09 0.0D+00 6.1D-10 0.0D+00       20      114       20      200  S
      3      1   5.7333183650513420D-01 8.6D-09 0.0D+00 7.6D-09 0.0D+00       20      103       20      200  S
      3      1   5.7333183650481101D-01 8.6D-09 0.0D+00 6.4D-09 0.0D+00       20      103       20      200  S
      3      1   5.7333383277081518D-01 7.6D-09 0.0D+00 3.7D-09 0.0D+00       20      107       20      200  S
      3      1   5.7333183651643072D-01 8.6D-09 0.0D+00 2.5D-09 0.0D+00       21      105       21      210  S
      3      1   5.7333205255994490D-01 8.5D-09 0.0D+00 2.5D-09 0.0D+00       20      103       20      200  S
      3      1   5.7333217445854356D-01 8.4D-09 0.0D+00 5.3D-09 0.0D+00       20      104       20      200  S
      3      1   5.7333587775898209D-01 6.7D-09 0.0D+00 8.9D-10 0.0D+00       20      100       20      200  S
      3      1   5.7333241328188311D-01 8.3D-09 0.0D+00 5.3D-09 0.0D+00       20      105       20      200  S
      3      1   5.7333253028457543D-01 8.2D-09 0.0D+00 6.8D-09 0.0D+00       20      103       20      200  S
      3      1   5.7333264573119824D-01 8.2D-09 0.0D+00 8.7D-09 0.0D+00       20      102       20      200  S
      3      1   5.7333275965764063D-01 8.1D-09 0.0D+00 2.0D-09 0.0D+00       20      104       20      200  S
      3      1   5.7333287209830874D-01 8.1D-09 0.0D+00 1.3D-09 0.0D+00       20      103       20      200  S
      3      1   5.7333298308698744D-01 8.0D-09 0.0D+00 7.2D-09 0.0D+00       20      104       20      200  S
      3      1   5.7333491961803784D-01 7.1D-09 0.0D+00 6.4D-09 0.0D+00       20       98       20      200  S
      3      1   5.7333183651666009D-01 8.6D-09 0.0D+00 9.5D-09 0.0D+00       21      105       21      210  S
      3      1   5.7333183650481001D-01 8.6D-09 0.0D+00 5.0D-09 0.0D+00       20      103       20      200  S
      3      1   5.7333341315722541D-01 7.8D-09 0.0D+00 1.6D-09 0.0D+00       20      123       20      200  S
      3      1   5.7333351735362192D-01 7.8D-09 0.0D+00 6.6D-09 0.0D+00       20      109       20      200  S
      3      1   5.7333362027806478D-01 7.7D-09 0.0D+00 6.1D-09 0.0D+00       20      107       20      200  S
      3      1   5.7333372195804455D-01 7.7D-09 0.0D+00 5.1D-09 0.0D+00       20      106       20      200  S
      3      1   5.7333200885145885D-01 8.5D-09 0.0D+00 8.5D-09 0.0D+00       20      103       20      200  S
      3      1   5.7333314237418775D-01 8.0D-09 0.0D+00 2.3D-09 0.0D+00       20      101       20      200  S
      3      1   5.7333595378835922D-01 6.7D-09 0.0D+00 4.9D-09 0.0D+00       20      103       20      200  S
      3      1   5.7333183650481268D-01 8.6D-09 0.0D+00 5.9D-09 0.0D+00       20      102       20      200  S
      3      1   5.7333183650510278D-01 8.6D-09 0.0D+00 6.6D-09 0.0D+00       20      103       20      200  S
      3      1   5.7333534530312136D-01 7.0D-09 0.0D+00 6.2D-09 0.0D+00       20       99       20      200  S
      3      1   5.7333183650490727D-01 8.6D-09 0.0D+00 8.0D-09 0.0D+00       20      102       20      200  S
      3      1   5.7333183651670216D-01 8.6D-09 0.0D+00 5.8D-09 0.0D+00       21      104       21      210  S
      3      1   5.7333183650478636D-01 8.6D-09 0.0D+00 3.7D-09 0.0D+00       20      102       20      200  S
      3      1   5.7333183651638742D-01 8.6D-09 0.0D+00 1.4D-09 0.0D+00       21      105       21      210  S
      3      1   5.7333183650487896D-01 8.6D-09 0.0D+00 1.4D-09 0.0D+00       20      101       20      200  S
      3      1   5.7333485382642946D-01 7.2D-09 0.0D+00 4.6D-09 0.0D+00       20       98       20      200  S
      3      1   5.7333494144583619D-01 7.1D-09 0.0D+00 8.8D-09 0.0D+00       20       98       20      200  S
      3      1   5.7333502812511805D-01 7.1D-09 0.0D+00 5.4D-09 0.0D+00       20      100       20      200  S
      3      1   5.7333511388163083D-01 7.1D-09 0.0D+00 9.8D-09 0.0D+00       20       99       20      200  S
      3      1   5.7333519873251138D-01 7.0D-09 0.0D+00 8.9D-09 0.0D+00       20       99       20      200  S
      3      1   5.7333395733479053D-01 7.6D-09 0.0D+00 3.9D-09 0.0D+00       20      121       20      200  S
      3      1   5.7333338637434172D-01 7.8D-09 0.0D+00 9.0D-10 0.0D+00       20      109       20      200  S
      3      1   5.7333544801541791D-01 6.9D-09 0.0D+00 3.0D-09 0.0D+00       20       99       20      200  S
      3      1   5.7333552940579646D-01 6.9D-09 0.0D+00 7.4D-10 0.0D+00       20      101       20      200  S
      3      1   5.7333560996888988D-01 6.8D-09 0.0D+00 6.8D-09 0.0D+00       20       98       20      200  S
      3      1   5.7333568972027860D-01 6.8D-09 0.0D+00 1.7D-09 0.0D+00       20       99       20      200  S
      3      1   5.7333576867329805D-01 6.8D-09 0.0D+00 1.2D-10 0.0D+00       20       99       20      200  S
      3      1   5.7333584684238559D-01 6.7D-09 0.0D+00 1.8D-10 0.0D+00       20      101       20      200  S
      3      1   5.7333183650510100D-01 8.6D-09 0.0D+00 7.2D-09 0.0D+00       20      103       20      200  S
      3      1   5.7333183651634267D-01 8.6D-09 0.0D+00 9.0D-09 0.0D+00       21      107       21      210  S
      3      1   5.7333183650482644D-01 8.6D-09 0.0D+00 7.3D-10 0.0D+00       20      103       20      200  S
      3      1   5.7333615194337328D-01 6.6D-09 0.0D+00 4.7D-09 0.0D+00       20       99       20      200  S
      3      1   5.7333631311905497D-01 6.5D-09 0.0D+00 5.9D-09 0.0D+00       20       99       20      200  S
      3      1   5.7333183650486919D-01 8.6D-09 0.0D+00 3.7D-09 0.0D+00       20      104       20      200  S
      3      1   5.7333183651663056D-01 8.6D-09 0.0D+00 2.3D-09 0.0D+00       21      106       21      210  S
      3      1   5.7333183651637964D-01 8.6D-09 0.0D+00 3.7D-09 0.0D+00       21      105       21      210  S
      3      1   5.7333433783648990D-01 7.4D-09 0.0D+00 7.6D-09 0.0D+00       20      107       20      200  S
      3      1   5.7333379317231370D-01 7.7D-09 0.0D+00 7.7D-09 0.0D+00       20      105       20      200  S
      3      1   5.7333555904129152D-01 6.9D-09 0.0D+00 1.3D-09 0.0D+00       20       98       20      200  S
      3      1   5.7333183651648656D-01 8.6D-09 0.0D+00 7.6D-10 0.0D+00       21      106       21      210  S
      3      1   5.7333191105730907D-01 8.5D-09 0.0D+00 5.5D-09 0.0D+00       20      103       20      193  S
      3      1   5.7333385278188487D-01 7.6D-09 0.0D+00 8.5D-09 0.0D+00       20      105       20      200  S
      3      1   5.7333183650490527D-01 8.6D-09 0.0D+00 6.7D-09 0.0D+00       20      103       20      200  S
      3      1   5.7333183650488151D-01 8.6D-09 0.0D+00 3.8D-09 0.0D+00       20      104       20      200  S
      3      1   5.7333183650497099D-01 8.6D-09 0.0D+00 9.6D-09 0.0D+00       20      103       20      200  S
      3      1   5.7333183651650277D-01 8.6D-09 0.0D+00 5.1D-09 0.0D+00       21      106       21      210  S
      3      1   5.7333183651646247D-01 8.6D-09 0.0D+00 6.8D-10 0.0D+00       21      106       21      210  S
      3      1   5.7333183650483532D-01 8.6D-09 0.0D+00 2.8D-11 0.0D+00       20      103       20      200  S
      3      1   5.7333183650487629D-01 8.6D-09 0.0D+00 8.4D-10 0.0D+00       20      104       20      200  S
      3      1   5.7333183650493358D-01 8.6D-09 0.0D+00 7.8D-09 0.0D+00       20      100       20      200  S
      3      1   5.7333183650487152D-01 8.6D-09 0.0D+00 4.8D-09 0.0D+00       20      103       20      200  S
      3      1   5.7333183651658925D-01 8.6D-09 0.0D+00 7.4D-09 0.0D+00       21      105       21      210  S
      3      1   5.7333470153237687D-01 7.2D-09 0.0D+00 4.0D-09 0.0D+00       20       99       20      200  S
      3      1   5.7333183650484898D-01 8.6D-09 0.0D+00 9.8D-09 0.0D+00       20      104       20      200  S
      3      1   5.7333183650489195D-01 8.6D-09 0.0D+00 4.3D-09 0.0D+00       20      101       20      200  S
      3      1   5.7333183650494224D-01 8.6D-09 0.0D+00 4.3D-09 0.0D+00       20      103       20      200  S
      3      1   5.7333183650491515D-01 8.6D-09 0.0D+00 3.0D-09 0.0D+00       20      103       20      200  S
      3      1   5.7333183650488573D-01 8.6D-09 0.0D+00 8.0D-09 0.0D+00       20      102       20      200  S
      3      1   5.7333183650493169D-01 8.6D-09 0.0D+00 2.2D-09 0.0D+00       20      103       20      200  S
      3      1   5.7333183650499475D-01 8.6D-09 0.0D+00 9.9D-09 0.0D+00       20      104       20      200  S
      3      1   5.7333183650487685D-01 8.6D-09 0.0D+00 5.2D-09 0.0D+00       20      103       20      200  S
      3      1   5.7333550447288129D-01 6.9D-09 0.0D+00 1.9D-09 0.0D+00       20       98       20      200  S
      3      1   5.7333183650492014D-01 8.6D-09 0.0D+00 8.3D-09 0.0D+00       20      101       20      200  S
      3      1   5.7333183651652897D-01 8.6D-09 0.0D+00 5.8D-09 0.0D+00       21      106       21      210  S
      3      1   5.7333183651659003D-01 8.6D-09 0.0D+00 8.1D-09 0.0D+00       21      105       21      210  S
