     21      1   1.8224587591666599D-01 5.4D-09 0.0D+00 3.6D-08 0.0D+00       22      197       22      220  S
     21      1   1.8050439423047870D-01 4.8D-09 0.0D+00 1.3D-08 0.0D+00       23      156       23      230  S
     21      1   1.8009891497697428D-01 4.8D-09 0.0D+00 9.9D-11 0.0D+00       22      132       22      220  S
     21      1   1.8009891497693473D-01 4.8D-09 0.0D+00 1.8D-08 0.0D+00       23      137       23      230  S
     21      1   1.8009891497687833D-01 4.8D-09 0.0D+00 2.2D-08 0.0D+00       23      142       23      230  S
     21      1   1.8050439423064946D-01 4.8D-09 0.0D+00 3.3D-08 0.0D+00       23      154       23      230  S
     21      1   1.8247753182821350D-01 4.9D-09 0.0D+00 7.2D-09 0.0D+00       22      201       22      220  S
     21      1   1.8266642034635447D-01 5.5D-09 0.0D+00 1.5D-07 0.0D+00       24      202       24      240  S
     21      1   2.0153255284704155D-01 1.7D-05 0.0D+00 1.6D-01 0.0D+00       22      128       23      230  S
     21      1   1.8009891497694994D-01 4.8D-09 0.0D+00 8.4D-09 0.0D+00       22      138       22      220  S
     21      1   1.8009891497692870D-01 4.8D-09 0.0D+00 4.3D-09 0.0D+00       22      127       22      220  S
     21      1   1.6804825161454207D-01 4.6D-02 0.0D+00 6.1D-02 0.0D+00        1       10        2       20  F
     21      1   1.8009891497702535D-01 4.8D-09 0.0D+00 1.3D-09 0.0D+00       22      138       22      220  S
     21      1   1.8266642034768221D-01 5.5D-09 0.0D+00 7.1D-09 0.0D+00       22      173       22      220  S
     21      1   2.0270016875450964D-01 6.2D-09 0.0D+00 6.7D-09 0.0D+00       22      175       22      220  S
     21      1   1.8009891497703143D-01 4.8D-09 0.0D+00 1.7D-10 0.0D+00       22      137       22      220  S
     21      1   1.8050439423087011D-01 4.8D-09 0.0D+00 1.5D-08 0.0D+00       24      199       24      240  S
     21      1   1.8266642033679600D-01 5.5D-09 0.0D+00 1.3D-07 0.0D+00       23      167       23      230  S
     21      1   1.8247753182808535D-01 4.9D-09 0.0D+00 1.7D-09 0.0D+00       22      175       22      220  S
     21      1   1.8036241277567347D-01 5.3D-09 0.0D+00 1.6D-10 0.0D+00       22      187       22      220  S
     21      1   1.8247753182744550D-01 4.9D-09 0.0D+00 3.9D-08 0.0D+00       23      216       23      230  S
     21      1   1.8036241277501838D-01 5.3D-09 0.0D+00 1.1D-07 0.0D+00       24      165       24      240  S
     21      1   1.8009891497690605D-01 4.8D-09 0.0D+00 1.2D-09 0.0D+00       22      131       22      220  S
     21      1   1.8266642033563291D-01 5.5D-09 0.0D+00 3.0D-07 0.0D+00       23      185       23      230  S
     21      1   1.8009891497690694D-01 4.8D-09 0.0D+00 1.7D-08 0.0D+00       23      136       23      230  S
     21      1   1.8009891497695502D-01 4.8D-09 0.0D+00 3.3D-09 0.0D+00       22      133       22      220  S
     21      1   1.8224587591675692D-01 5.4D-09 0.0D+00 4.5D-10 0.0D+00       22      186       22      220  S
     21      1   1.8266642034795963D-01 5.5D-09 0.0D+00 1.8D-09 0.0D+00       21      176       21      210  S
     21      1   1.8009891497692368D-01 4.8D-09 0.0D+00 3.4D-10 0.0D+00       22      133       22      220  S
     21      1   1.8266642034779679D-01 5.5D-09 0.0D+00 1.9D-08 0.0D+00       24      190       24      240  S
     21      1   1.8009891497709576D-01 4.8D-09 0.0D+00 1.4D-09 0.0D+00       22      147       22      220  S
     21      1   1.8050439423049255D-01 4.8D-09 0.0D+00 6.5D-09 0.0D+00       22      148       22      220  S
     21      1   1.8009891497704131D-01 4.8D-09 0.0D+00 3.1D-09 0.0D+00       22      133       22      220  S
     21      1   1.8009891497702590D-01 4.8D-09 0.0D+00 3.3D-08 0.0D+00       23      160       23      230  S
     21      1   1.8009891497701691D-01 4.8D-09 0.0D+00 1.7D-08 0.0D+00       23      140       23      230  S
     21      1   1.8009891497690528D-01 4.8D-09 0.0D+00 4.3D-09 0.0D+00       22      155       22      220  S
     21      1   1.8224587591668043D-01 5.4D-09 0.0D+00 2.2D-08 0.0D+00       23      167       23      230  S
     21      1   1.9550486339848328D-01 6.0D-09 0.0D+00 1.4D-10 0.0D+00       21      159       21      210  S
     21      1   1.8009891497703578D-01 4.8D-09 0.0D+00 8.8D-09 0.0D+00       22      138       22      220  S
     21      1   1.8050439423066822D-01 4.8D-09 0.0D+00 2.3D-09 0.0D+00       22      158       22      220  S
     21      1   1.8224587591681235D-01 5.4D-09 0.0D+00 6.0D-09 0.0D+00       22      171       22      220  S
     21      1   1.8266642033777747D-01 5.5D-09 0.0D+00 8.5D-09 0.0D+00       21      217       21      210  S
     21      1   1.8266642034720496D-01 5.5D-09 0.0D+00 2.0D-09 0.0D+00       21      152       21      210  S
     21      1   1.8009891497699215D-01 4.8D-09 0.0D+00 8.1D-09 0.0D+00       22      128       22      220  S
     21      1   1.8009891497707600D-01 4.8D-09 0.0D+00 4.9D-09 0.0D+00       22      125       22      220  S
     21      1   1.8009891497692840D-01 4.8D-09 0.0D+00 9.8D-09 0.0D+00       22      136       22      220  S
     21      1   1.8009891497694253D-01 4.8D-09 0.0D+00 2.7D-09 0.0D+00       22      131       22      220  S
     21      1   1.8050439423063161D-01 4.8D-09 0.0D+00 9.5D-09 0.0D+00       22      156       22      220  S
     21      1   1.8036241277576465D-01 5.3D-09 0.0D+00 2.5D-08 0.0D+00       23      171       23      230  S
 no information
     21      1   1.8450172997099934D-01 2.3D-06 0.0D+00 1.2D-01 0.0D+00       24      151       25      250  S
     21      1   1.8402086316088989D-01 5.3D-09 0.0D+00 7.7D-09 0.0D+00       22      167       22      220  S
     21      1   1.8577766506992394D-01 5.1D-09 0.0D+00 3.2D-07 0.0D+00       23      187       23      230  S
     21      1   1.8009891497702907D-01 4.8D-09 0.0D+00 8.7D-09 0.0D+00       22      133       22      220  S
     21      1   1.8224587591655772D-01 5.4D-09 0.0D+00 9.6D-09 0.0D+00       22      178       22      220  S
     21      1   2.1838988097813886D-01 6.8D-09 0.0D+00 1.4D-07 0.0D+00       23      180       23      230  S
     21      1   1.9186265686965090D-01 5.5D-09 0.0D+00 1.6D-10 0.0D+00       22      190       22      220  S
     21      1   1.9483761875695110D-01 6.7D-09 0.0D+00 6.1D-09 0.0D+00       22      160       22      220  S
     21      1   1.8224587591597363D-01 5.4D-09 0.0D+00 1.0D-07 0.0D+00       23      184       23      230  S
     21      1   1.8266642034722275D-01 5.5D-09 0.0D+00 6.1D-09 0.0D+00       21      143       21      210  S
     21      1   1.8266642034716674D-01 5.5D-09 0.0D+00 5.6D-09 0.0D+00       21      188       21      210  S
     21      1   1.8009891497706509D-01 4.8D-09 0.0D+00 3.8D-09 0.0D+00       22      127       22      220  S
     21      1   2.0002548136029610D-01 6.6D-09 0.0D+00 2.8D-09 0.0D+00       22      185       22      220  S
     21      1   1.8009891497707070D-01 4.8D-09 0.0D+00 5.3D-09 0.0D+00       22      132       22      220  S
     21      1   1.8247753182620044D-01 4.9D-09 0.0D+00 2.7D-07 0.0D+00       23      190       23      230  S
     21      1   1.8009891497696612D-01 4.8D-09 0.0D+00 8.8D-09 0.0D+00       22      127       22      220  S
     21      1   1.8247753182815596D-01 4.9D-09 0.0D+00 7.6D-10 0.0D+00       22      189       22      220  S
     21      1   1.8009891497775019D-01 4.8D-09 0.0D+00 8.4D-09 0.0D+00       21      150       21      210  S
     21      1   1.8224587591718477D-01 5.4D-09 0.0D+00 5.9D-08 0.0D+00       23      168       23      230  S
     21      1   1.8050439422898271D-01 4.8D-09 0.0D+00 2.7D-07 0.0D+00       23      194       23      230  S
     21      1   1.8224587591415783D-01 5.4D-09 0.0D+00 3.2D-07 0.0D+00       24      187       24      240  S
     21      1   1.8036241277587989D-01 5.3D-09 0.0D+00 2.5D-09 0.0D+00       22      140       22      220  S
     21      1   1.9186265686951512D-01 5.5D-09 0.0D+00 8.6D-09 0.0D+00       22      176       22      220  S
     21      1   4.7072495656005942D-01 5.3D-03 0.0D+00 1.0D+00 0.0D+00       21      109       22      220  S
     21      1   1.8266642034728681D-01 5.5D-09 0.0D+00 4.9D-09 0.0D+00       22      182       22      220  S
     21      1   1.8266642033771729D-01 5.5D-09 0.0D+00 9.9D-09 0.0D+00       22      158       22      220  S
     21      1   1.8266642033834274D-01 5.5D-09 0.0D+00 1.6D-09 0.0D+00       22      179       22      220  S
     21      1   1.8402086316048499D-01 5.3D-09 0.0D+00 1.6D-08 0.0D+00       23      187       23      230  S
     21      1   1.9483762245006683D-01 6.7D-09 0.0D+00 4.5D-10 0.0D+00       22      149       22      220  S
     21      1   1.8224587595953390D-01 5.4D-09 0.0D+00 1.2D-07 0.0D+00       24      177       24      240  S
     21      1   1.8224587591661404D-01 5.4D-09 0.0D+00 7.4D-09 0.0D+00       22      184       22      220  S
     21      1   1.8577766507062254D-01 5.1D-09 0.0D+00 2.4D-07 0.0D+00       24      220       24      240  S
     21      1   1.8247753182735590D-01 4.9D-09 0.0D+00 1.1D-07 0.0D+00       24      215       24      240  S
     21      1   1.8036241277564849D-01 5.3D-09 0.0D+00 2.9D-09 0.0D+00       22      174       22      220  S
     21      1   1.8009891497706443D-01 4.8D-09 0.0D+00 7.2D-09 0.0D+00       22      145       22      220  S
     21      1   1.8266642034763927D-01 5.5D-09 0.0D+00 1.1D-08 0.0D+00       23      188       23      230  S
     21      1   1.8009891497697506D-01 4.8D-09 0.0D+00 4.7D-09 0.0D+00       22      139       22      220  S
     21      1   1.8266642034781927D-01 5.5D-09 0.0D+00 4.6D-09 0.0D+00       22      172       22      220  S
     21      1   1.8050439422960146D-01 4.8D-09 0.0D+00 1.6D-07 0.0D+00       24      173       24      240  S
     21      1   1.8036241277474699D-01 5.3D-09 0.0D+00 1.6D-07 0.0D+00       24      207       24      240  S
     21      1   1.8224587591610805D-01 5.4D-09 0.0D+00 3.4D-08 0.0D+00       23      216       23      230  S
     21      1   1.9091388851721453D-01 5.9D-09 0.0D+00 1.4D-08 0.0D+00       23      181       23      230  S
     21      1   1.8009891497707675D-01 4.8D-09 0.0D+00 3.3D-09 0.0D+00       22      123       22      220  S
     21      1   1.8361234485256181D-01 4.6D-09 0.0D+00 7.2D-09 0.0D+00       22      164       22      220  S
     21      1   1.8247753182789667D-01 4.9D-09 0.0D+00 2.8D-09 0.0D+00       21      165       21      210  S
     21      1   1.8224587591644131D-01 5.4D-09 0.0D+00 9.2D-09 0.0D+00       22      177       22      220  S
     21      1   1.8266642034771635D-01 5.5D-09 0.0D+00 5.3D-09 0.0D+00       22      157       22      220  S
     21      1   1.8009891497701053D-01 4.8D-09 0.0D+00 3.5D-09 0.0D+00       22      131       22      220  S
     21      1   1.8247753182818921D-01 4.9D-09 0.0D+00 4.4D-09 0.0D+00       22      197       22      220  S
     21      1   1.8224587591557187D-01 5.4D-09 0.0D+00 1.5D-07 0.0D+00       23      183       23      230  S
     21      1   1.8009891497699360D-01 4.8D-09 0.0D+00 2.0D-08 0.0D+00       23      144       23      230  S
     21      1   1.8009891497711497D-01 4.8D-09 0.0D+00 5.4D-09 0.0D+00       22      124       22      220  S
     21      1   1.8009891497704331D-01 4.8D-09 0.0D+00 2.2D-09 0.0D+00       22      123       22      220  S
     21      1   1.9164448829715122D-01 5.7D-09 0.0D+00 8.8D-10 0.0D+00       22      139       22      220  S
     21      1   1.8266642033577593D-01 5.5D-09 0.0D+00 2.3D-07 0.0D+00       23      190       23      230  S
     21      1   1.8009891497699115D-01 4.8D-09 0.0D+00 4.0D-09 0.0D+00       22      137       22      220  S
     21      1   1.8247753182772319D-01 4.9D-09 0.0D+00 7.9D-09 0.0D+00       21      205       21      210  S
     21      1   1.8224587591704361D-01 5.4D-09 0.0D+00 7.8D-09 0.0D+00       22      166       22      220  S
     21      1   1.8247753182634244D-01 4.9D-09 0.0D+00 2.3D-07 0.0D+00       23      219       23      230  S
     21      1   1.8050439423042366D-01 4.8D-09 0.0D+00 8.1D-09 0.0D+00       21      153       21      210  S
     21      1   1.8224587596041142D-01 5.4D-09 0.0D+00 8.0D-09 0.0D+00       22      159       22      220  S
     21      1   1.8009891497719582D-01 4.8D-09 0.0D+00 4.7D-09 0.0D+00       22      123       22      220  S
     21      1   1.8224587591661259D-01 5.4D-09 0.0D+00 5.6D-09 0.0D+00       22      164       22      220  S
     21      1   1.8266642034782304D-01 5.5D-09 0.0D+00 5.8D-09 0.0D+00       22      173       22      220  S
     21      1   1.8266642034493069D-01 5.5D-09 0.0D+00 2.9D-07 0.0D+00       22      197       22      220  S
     21      1   2.1475181316115546D-01 5.6D-09 0.0D+00 6.6D-09 0.0D+00       21      240       21      210  S
     21      1   1.8009891497699421D-01 4.8D-09 0.0D+00 9.6D-09 0.0D+00       22      136       22      220  S
     21      1   1.8036241277581894D-01 5.3D-09 0.0D+00 3.1D-09 0.0D+00       22      165       22      220  S
     21      1   1.8266642034528335D-01 5.5D-09 0.0D+00 3.2D-07 0.0D+00       23      179       23      230  S
     21      1   1.8316266740058149D-01 5.0D-09 0.0D+00 4.1D-09 0.0D+00       22      126       22      220  S
     21      1   1.9483761875731387D-01 6.7D-09 0.0D+00 6.7D-09 0.0D+00       22      210       22      220  S
     21      1   1.8224587591420635D-01 5.4D-09 0.0D+00 3.2D-07 0.0D+00       23      214       23      230  S
     21      1   1.8247753182862533D-01 4.9D-09 0.0D+00 6.1D-09 0.0D+00       22      212       22      220  S
     21      1   1.2831865258954508D-01 3.5D-01 0.0D+00 1.0D+00 0.0D+00        0        0        1       10  F
     21      1   2.0002548137016307D-01 6.6D-09 0.0D+00 5.2D-09 0.0D+00       22      175       22      220  S
     21      1   1.8316266740078549D-01 5.0D-09 0.0D+00 3.9D-08 0.0D+00       23      167       23      230  S
     21      1   1.8009891497685296D-01 4.8D-09 0.0D+00 1.6D-09 0.0D+00       21      128       21      210  S
     21      1   2.0266607870537068D-01 6.4D-09 0.0D+00 9.5D-10 0.0D+00       22      154       22      220  S
 no information
     21      1   2.0633733585468447D-01 5.6D-09 0.0D+00 3.0D-07 0.0D+00       23      160       23      230  S
     21      1   1.8036241277399170D-01 5.3D-09 0.0D+00 2.1D-07 0.0D+00       23      165       23      230  S
     21      1   1.8266642034837297D-01 5.5D-09 0.0D+00 8.2D-09 0.0D+00       22      161       22      220  S
     21      1   1.8946300792681012D-01 5.0D-09 0.0D+00 2.2D-08 0.0D+00       24      184       24      240  S
     21      1   1.9186265686945028D-01 5.5D-09 0.0D+00 8.4D-09 0.0D+00       22      179       22      220  S
     21      1   1.8529023433551586D-01 5.4D-09 0.0D+00 2.3D-07 0.0D+00       22      221       22      220  S
     21      1   1.8036241277589041D-01 5.3D-09 0.0D+00 4.3D-09 0.0D+00       22      161       22      220  S
     21      1   1.9186265686795681D-01 5.5D-09 0.0D+00 1.7D-07 0.0D+00       23      194       23      230  S
     21      1   1.8247753182795418D-01 4.9D-09 0.0D+00 6.8D-09 0.0D+00       21      166       21      210  S
     21      1   1.9186265686953624D-01 5.5D-09 0.0D+00 2.2D-10 0.0D+00       21      174       21      210  S
     21      1   1.8036241277572637D-01 5.3D-09 0.0D+00 2.3D-09 0.0D+00       22      159       22      220  S
     21      1   1.8266642034578548D-01 5.5D-09 0.0D+00 1.5D-07 0.0D+00       24      214       24      240  S
     21      1   2.1065619887817114D-01 6.0D-09 0.0D+00 3.7D-09 0.0D+00       22      176       22      220  S
     21      1   1.8247753182657747D-01 4.9D-09 0.0D+00 2.2D-07 0.0D+00       23      213       23      230  S
     21      1   1.8266642033799149D-01 5.5D-09 0.0D+00 8.0D-09 0.0D+00       22      190       22      220  S
     21      1   1.8266642034694006D-01 5.5D-09 0.0D+00 1.6D-07 0.0D+00       24      193       24      240  S
     21      1   1.8036241277481666D-01 5.3D-09 0.0D+00 1.4D-07 0.0D+00       24      193       24      240  S
     21      1   1.8009891497705768D-01 4.8D-09 0.0D+00 6.5D-09 0.0D+00       22      131       22      220  S
     21      1   1.8009891497700337D-01 4.8D-09 0.0D+00 4.9D-09 0.0D+00       22      145       22      220  S
     21      1   1.8266642034795583D-01 5.5D-09 0.0D+00 2.5D-08 0.0D+00       24      201       24      240  S
     21      1   1.8247753182789073D-01 4.9D-09 0.0D+00 8.0D-09 0.0D+00       21      151       21      210  S
     21      1   1.8050439423096179D-01 4.8D-09 0.0D+00 9.6D-09 0.0D+00       22      165       22      220  S
     21      1   1.8050439423070772D-01 4.8D-09 0.0D+00 7.4D-09 0.0D+00       22      162       22      220  S
     21      1   1.8009891497687172D-01 4.8D-09 0.0D+00 9.2D-09 0.0D+00       21      133       21      210  S
     21      1   1.8224587595229327D-01 5.4D-09 0.0D+00 6.0D-08 0.0D+00       23      186       23      230  S
     21      1   2.6396601028953853D-01 7.8D-03 0.0D+00 1.0D+00 0.0D+00       22      143       23      230  S
     21      1   1.8266642033767053D-01 5.5D-09 0.0D+00 4.5D-08 0.0D+00       23      203       23      230  S
     21      1   1.8266642034662964D-01 5.5D-09 0.0D+00 1.2D-07 0.0D+00       24      188       24      240  S
     21      1   1.8266642034804018D-01 5.5D-09 0.0D+00 1.2D-10 0.0D+00       22      176       22      220  S
     21      1   1.8009891497704600D-01 4.8D-09 0.0D+00 1.6D-09 0.0D+00       22      126       22      220  S
     21      1   1.8050439423064751D-01 4.8D-09 0.0D+00 4.6D-10 0.0D+00       22      173       22      220  S
     21      1   1.8036241277463483D-01 5.3D-09 0.0D+00 1.1D-07 0.0D+00       24      189       24      240  S
     21      1   1.8009891497701278D-01 4.8D-09 0.0D+00 3.4D-09 0.0D+00       22      119       22      220  S
     21      1   1.8009891497696839D-01 4.8D-09 0.0D+00 9.0D-09 0.0D+00       22      132       22      220  S
     21      1   1.8050439422852235D-01 4.8D-09 0.0D+00 3.3D-07 0.0D+00       23      158       23      230  S
     21      1   1.8251387088399204D-01 7.3D-07 0.0D+00 1.4D-01 0.0D+00       25      154       26      260  S
     21      1   1.8009891497704067D-01 4.8D-09 0.0D+00 3.6D-09 0.0D+00       22      141       22      220  S
     21      1   1.8316266739886805D-01 5.0D-09 0.0D+00 2.7D-07 0.0D+00       24      178       24      240  S
     21      1   1.8036241277586509D-01 5.3D-09 0.0D+00 2.1D-10 0.0D+00       22      141       22      220  S
     21      1   1.8266642034785086D-01 5.5D-09 0.0D+00 3.5D-09 0.0D+00       22      189       22      220  S
     21      1   1.8224587591698210D-01 5.4D-09 0.0D+00 6.8D-09 0.0D+00       22      164       22      220  S
     21      1   1.8247753182786838D-01 4.9D-09 0.0D+00 3.4D-08 0.0D+00       23      193       23      230  S
     21      1   1.8266642034522285D-01 5.5D-09 0.0D+00 3.0D-07 0.0D+00       23      203       23      230  S
     21      1   1.8009891497691838D-01 4.8D-09 0.0D+00 1.3D-09 0.0D+00       22      131       22      220  S
     21      1   1.8050439423098158D-01 4.8D-09 0.0D+00 4.5D-09 0.0D+00       22      151       22      220  S
     21      1   1.8009891497695593D-01 4.8D-09 0.0D+00 1.3D-08 0.0D+00       23      138       23      230  S
     21      1   1.8402086366966922D-01 5.3D-09 0.0D+00 3.2D-07 0.0D+00       22      222       22      220  S
     21      1   1.8009891497670677D-01 4.8D-09 0.0D+00 9.3D-09 0.0D+00       21      139       21      210  S
     21      1   1.8036241277571100D-01 5.3D-09 0.0D+00 2.6D-10 0.0D+00       22      171       22      220  S
     21      1   2.1823691874330065D-01 1.2D-07 0.0D+00 1.4D+01 0.0D+00       23      173       24      240  S
     21      1   1.8266642034816272D-01 5.5D-09 0.0D+00 6.2D-09 0.0D+00       22      243       22      220  S
     21      1   1.8266642034532951D-01 5.5D-09 0.0D+00 2.7D-07 0.0D+00       24      204       24      240  S
     21      1   1.8266642034643280D-01 5.5D-09 0.0D+00 1.5D-07 0.0D+00       23      171       23      230  S
     21      1   1.8050439422852185D-01 4.8D-09 0.0D+00 3.0D-07 0.0D+00       23      171       23      230  S
     21      1   1.8266642034719480D-01 5.5D-09 0.0D+00 3.4D-08 0.0D+00       23      169       23      230  S
     21      1   1.8247753182624801D-01 4.9D-09 0.0D+00 2.6D-07 0.0D+00       24      200       24      240  S
     21      1   1.8050439423077214D-01 4.8D-09 0.0D+00 2.1D-08 0.0D+00       24      174       24      240  S
     21      1   1.8050439423090853D-01 4.8D-09 0.0D+00 7.5D-09 0.0D+00       22      155       22      220  S
     21      1   2.1838988109894580D-01 6.8D-09 0.0D+00 3.0D-09 0.0D+00       22      167       22      220  S
     21      1   1.8009891497706104D-01 4.8D-09 0.0D+00 1.0D-08 0.0D+00       24      176       24      240  S
     21      1   1.8009891497706831D-01 4.8D-09 0.0D+00 1.6D-09 0.0D+00       22      141       22      220  S
     21      1   2.1717743019844651D-01 7.6D-09 0.0D+00 2.9D-07 0.0D+00       24      200       24      240  S
     21      1   1.8224587591444363D-01 5.4D-09 0.0D+00 3.1D-07 0.0D+00       23      176       23      230  S
     21      1   1.8266642034319644D-01 5.5D-09 0.0D+00 1.6D-07 0.0D+00       24      211       24      240  S
     21      1   1.8036241277569606D-01 5.3D-09 0.0D+00 2.7D-09 0.0D+00       22      143       22      220  S
     21      1   1.8009891497707822D-01 4.8D-09 0.0D+00 5.3D-09 0.0D+00       22      131       22      220  S
     21      1   1.8266642033527408D-01 5.5D-09 0.0D+00 3.1D-07 0.0D+00       23      195       23      230  S
     21      1   1.8115200935812112D-01 5.1D-09 0.0D+00 7.6D-09 0.0D+00       22      165       22      220  S
     21      1   1.8266642034789898D-01 5.5D-09 0.0D+00 5.1D-09 0.0D+00       22      189       22      220  S
     21      1   1.8252033976711202D-01 6.7D-07 0.0D+00 1.1D-01 0.0D+00       25      155       26      260  S
     21      1   1.8036241277572046D-01 5.3D-09 0.0D+00 2.5D-06 0.0D+00       23      168       23      230  S
     21      1   1.8050439423068215D-01 4.8D-09 0.0D+00 8.5D-10 0.0D+00       22      168       22      220  S
     21      1   1.8266642033782413D-01 5.5D-09 0.0D+00 2.9D-09 0.0D+00       22      179       22      220  S
     21      1   1.8050439423074635D-01 4.8D-09 0.0D+00 2.5D-08 0.0D+00       23      184       23      230  S
     21      1   1.8050439423043180D-01 4.8D-09 0.0D+00 3.5D-09 0.0D+00       21      174       21      210  S
     21      1   1.8266642034797925D-01 5.5D-09 0.0D+00 3.2D-09 0.0D+00       22      196       22      220  S
     21      1   1.8009891497691424D-01 4.8D-09 0.0D+00 1.9D-09 0.0D+00       22      143       22      220  S
     21      1   1.8266642034779978D-01 5.5D-09 0.0D+00 9.8D-09 0.0D+00       22      164       22      220  S
     21      1   1.8224587591679575D-01 5.4D-09 0.0D+00 1.7D-09 0.0D+00       22      193       22      220  S
     21      1   1.9707281221184206D-01 5.8D-09 0.0D+00 3.1D-07 0.0D+00       23      180       23      230  S
     21      1   1.8266642033792352D-01 5.5D-09 0.0D+00 9.0D-09 0.0D+00       22      165       22      220  S
     21      1   1.8224587591674524D-01 5.4D-09 0.0D+00 3.8D-08 0.0D+00       23      153       23      230  S
     21      1   1.8050439423075731D-01 4.8D-09 0.0D+00 9.1D-09 0.0D+00       22      177       22      220  S
     21      1   1.8266642034808633D-01 5.5D-09 0.0D+00 4.6D-09 0.0D+00       22      214       22      220  S
     21      1   1.8009891497695715D-01 4.8D-09 0.0D+00 5.7D-09 0.0D+00       22      132       22      220  S
     21      1   1.8266642034773375D-01 5.5D-09 0.0D+00 6.1D-09 0.0D+00       22      182       22      220  S
     21      1   1.8266642034761021D-01 5.5D-09 0.0D+00 9.3D-09 0.0D+00       22      177       22      220  S
     21      1   1.8009891497690420D-01 4.8D-09 0.0D+00 7.7D-09 0.0D+00       22      146       22      220  S
     21      1   1.8009891497815952D-01 4.8D-09 0.0D+00 5.0D-09 0.0D+00       22      204       22      220  S
     21      1   1.8036241290688726D-01 5.3D-09 0.0D+00 6.2D-05 0.0D+00       24      242       24      240  S
     21      1   1.8224587591723451D-01 5.4D-09 0.0D+00 3.0D-09 0.0D+00       22      175       22      220  S
     21      1   1.9186265686985357D-01 5.5D-09 0.0D+00 1.9D-08 0.0D+00       23      180       23      230  S
     21      1   1.9091388851747260D-01 5.9D-09 0.0D+00 6.1D-09 0.0D+00       22      196       22      220  S
     21      1   1.8266642034778910D-01 5.5D-09 0.0D+00 2.2D-08 0.0D+00       23      173       23      230  S
     21      1   1.9186265686938705D-01 5.5D-09 0.0D+00 1.7D-09 0.0D+00       21      180       21      210  S
     21      1   1.8050439423083067D-01 4.8D-09 0.0D+00 2.0D-09 0.0D+00       22      157       22      220  S
     21      1   1.8224587591810038D-01 5.4D-09 0.0D+00 8.7D-09 0.0D+00       22      191       22      220  S
     21      1   1.8036241277612669D-01 5.3D-09 0.0D+00 9.2D-09 0.0D+00       22      162       22      220  S
     21      1   1.8050439423034348D-01 4.8D-09 0.0D+00 9.4D-10 0.0D+00       21      145       21      210  S
     21      1   1.8050439423057799D-01 4.8D-09 0.0D+00 7.7D-09 0.0D+00       22      173       22      220  S
     21      1   1.8402086316066882D-01 5.3D-09 0.0D+00 1.2D-10 0.0D+00       22      218       22      220  S
     21      1   2.0267566140358448D-01 6.6D-09 0.0D+00 1.4D-07 0.0D+00       23      216       23      230  S
     21      1   1.8036241277626405D-01 5.3D-09 0.0D+00 7.7D-09 0.0D+00       22      192       22      220  S
     21      1   1.8247753182566046D-01 4.9D-09 0.0D+00 3.0D-07 0.0D+00       22      201       22      220  S
     21      1   1.8266642034812242D-01 5.5D-09 0.0D+00 8.7D-09 0.0D+00       22      167       22      220  S
     21      1   1.8224587591665195D-01 5.4D-09 0.0D+00 2.4D-08 0.0D+00       24      195       24      240  S
     21      1   1.8577766507186089D-01 5.1D-09 0.0D+00 6.0D-10 0.0D+00       21      152       21      210  S
     21      1   1.8050439423083181D-01 4.8D-09 0.0D+00 1.2D-08 0.0D+00       24      188       24      240  S
     21      1   1.8266642034708253D-01 5.5D-09 0.0D+00 2.1D-08 0.0D+00       23      175       23      230  S
     21      1   1.8266642034719016D-01 5.5D-09 0.0D+00 3.6D-09 0.0D+00       21      165       21      210  S
     21      1   1.8050439422939951D-01 4.8D-09 0.0D+00 2.4D-07 0.0D+00       23      197       23      230  S
     21      1   1.8009891497684358D-01 4.8D-09 0.0D+00 2.4D-08 0.0D+00       23      143       23      230  S
     21      1   1.8266642034782596D-01 5.5D-09 0.0D+00 5.2D-09 0.0D+00       22      172       22      220  S
     21      1   1.8036241277560328D-01 5.3D-09 0.0D+00 1.0D-09 0.0D+00       22      146       22      220  S
     21      1   1.8266642034786990D-01 5.5D-09 0.0D+00 4.4D-09 0.0D+00       22      177       22      220  S
     21      1   1.8266642034886013D-01 5.5D-09 0.0D+00 9.4D-08 0.0D+00       24      213       24      240  S
     21      1   1.8036241277568849D-01 5.3D-09 0.0D+00 2.2D-09 0.0D+00       22      158       22      220  S
     21      1   1.8266642034504782D-01 5.5D-09 0.0D+00 3.2D-07 0.0D+00       23      206       23      230  S
     21      1   1.8009891497688593D-01 4.8D-09 0.0D+00 1.1D-09 0.0D+00       22      131       22      220  S
     21      1   1.9927366875497704D-01 6.6D-09 0.0D+00 3.2D-09 0.0D+00       22      163       22      220  S
     21      1   1.8009891497686448D-01 4.8D-09 0.0D+00 9.0D-09 0.0D+00       21      128       21      210  S
 no information
     21      1   1.8050439422986253D-01 4.8D-09 0.0D+00 1.4D-07 0.0D+00       24      164       24      240  S
     21      1   1.8009891497700722D-01 4.8D-09 0.0D+00 6.4D-09 0.0D+00       22      141       22      220  S
     21      1   1.8266642034678462D-01 5.5D-09 0.0D+00 1.0D-07 0.0D+00       23      188       23      230  S
     21      1   1.8247753182600865D-01 4.9D-09 0.0D+00 3.2D-07 0.0D+00       23      177       23      230  S
     21      1   2.0163643973424872D-01 6.8D-09 0.0D+00 1.3D-09 0.0D+00       22      162       22      220  S
     21      1   1.8009891497683264D-01 4.8D-09 0.0D+00 7.8D-10 0.0D+00       22      127       22      220  S
     21      1   1.8247753182803178D-01 4.9D-09 0.0D+00 9.0D-10 0.0D+00       22      214       22      220  S
     21      1   1.8266642034620872D-01 5.5D-09 0.0D+00 1.3D-07 0.0D+00       23      245       23      230  S
     21      1   1.8266642034657077D-01 5.5D-09 0.0D+00 1.9D-07 0.0D+00       23      176       23      230  S
     21      1   1.8260649950352292D-01 2.0D-07 0.0D+00 3.1D-02 0.0D+00       26      229       27      270  S
     21      1   1.8036241277579582D-01 5.3D-09 0.0D+00 3.1D-08 0.0D+00       23      173       23      230  S
     21      1   1.8224587591700847D-01 5.4D-09 0.0D+00 4.7D-09 0.0D+00       22      195       22      220  S
     21      1   1.8115200935804879D-01 5.1D-09 0.0D+00 1.2D-09 0.0D+00       21      149       21      210  S
     21      1   1.8266642034701736D-01 5.5D-09 0.0D+00 3.0D-07 0.0D+00       25      205       25      250  S
     21      1   1.8266642033770925D-01 5.5D-09 0.0D+00 6.7D-09 0.0D+00       22      171       22      220  S
     21      1   1.8050439423063425D-01 4.8D-09 0.0D+00 3.4D-08 0.0D+00       23      171       23      230  S
     21      1   1.8009891497698288D-01 4.8D-09 0.0D+00 4.2D-09 0.0D+00       22      134       22      220  S
     21      1   1.9186265686692791D-01 5.5D-09 0.0D+00 2.9D-07 0.0D+00       24      178       24      240  S
     21      1   1.8224587594272121D-01 5.4D-09 0.0D+00 1.7D-09 0.0D+00       22      168       22      220  S
     21      1   1.8009891497708741D-01 4.8D-09 0.0D+00 2.9D-08 0.0D+00       23      134       23      230  S
     21      1   1.8266642034796854D-01 5.5D-09 0.0D+00 2.8D-09 0.0D+00       22      177       22      220  S
     21      1   1.8361234485258079D-01 4.6D-09 0.0D+00 1.3D-09 0.0D+00       22      149       22      220  S
     21      1   1.8009891497705241D-01 4.8D-09 0.0D+00 4.7D-09 0.0D+00       22      146       22      220  S
     21      1   1.8009891497682437D-01 4.8D-09 0.0D+00 9.7D-09 0.0D+00       22      129       22      220  S
     21      1   1.8036241277566173D-01 5.3D-09 0.0D+00 8.6D-09 0.0D+00       22      153       22      220  S
     21      1   1.8050439423053566D-01 4.8D-09 0.0D+00 2.4D-08 0.0D+00       24      188       24      240  S
     21      1   1.8224587591542077D-01 5.4D-09 0.0D+00 2.0D-07 0.0D+00       23      171       23      230  S
     21      1   1.8266642034798730D-01 5.5D-09 0.0D+00 4.3D-09 0.0D+00       22      192       22      220  S
     21      1   1.8224587378854581D-01 5.4D-09 0.0D+00 5.1D-05 0.0D+00       23      204       23      230  S
     21      1   1.8036241277482953D-01 5.3D-09 0.0D+00 1.1D-07 0.0D+00       24      210       24      240  S
     21      1   1.8061148790399317D-01 4.3D-02 0.0D+00 7.8D-02 0.0D+00        1       10        2       20  F
     21      1   1.8266642034744093D-01 5.5D-09 0.0D+00 9.4D-10 0.0D+00       22      207       22      220  S
     21      1   1.8009891497712288D-01 4.8D-09 0.0D+00 5.8D-08 0.0D+00       23      163       23      230  S
     21      1   1.8224587591678371D-01 5.4D-09 0.0D+00 2.0D-08 0.0D+00       23      186       23      230  S
     21      1   1.8266642034697281D-01 5.5D-09 0.0D+00 1.4D-07 0.0D+00       23      202       23      230  S
     21      1   1.8009891497686661D-01 4.8D-09 0.0D+00 3.8D-09 0.0D+00       22      128       22      220  S
     21      1   2.0002548136826367D-01 6.6D-09 0.0D+00 1.4D-07 0.0D+00       23      174       23      230  S
     21      1   1.8009891497705927D-01 4.8D-09 0.0D+00 2.5D-09 0.0D+00       22      128       22      220  S
     21      1   1.8036241277581755D-01 5.3D-09 0.0D+00 3.9D-08 0.0D+00       23      148       23      230  S
     21      1   1.8036241277588644D-01 5.3D-09 0.0D+00 3.4D-09 0.0D+00       22      152       22      220  S
     21      1   1.8529023433751732D-01 5.4D-09 0.0D+00 8.7D-09 0.0D+00       22      207       22      220  S
     21      1   1.8009891497700339D-01 4.8D-09 0.0D+00 6.4D-09 0.0D+00       22      135       22      220  S
     21      1   1.8316266740082793D-01 5.0D-09 0.0D+00 2.1D-08 0.0D+00       23      194       23      230  S
     21      1   1.8266642034744901D-01 5.5D-09 0.0D+00 9.7D-09 0.0D+00       21      186       21      210  S
     21      1   1.8050439423095185D-01 4.8D-09 0.0D+00 5.1D-09 0.0D+00       22      163       22      220  S
     21      1   1.8266642034767441D-01 5.5D-09 0.0D+00 5.9D-09 0.0D+00       22      178       22      220  S
     21      1   1.8224587591433924D-01 5.4D-09 0.0D+00 3.4D-07 0.0D+00       24      180       24      240  S
     21      1   1.8266642033786518D-01 5.5D-09 0.0D+00 1.2D-09 0.0D+00       22      172       22      220  S
     21      1   1.8247753182804174D-01 4.9D-09 0.0D+00 2.3D-09 0.0D+00       22      177       22      220  S
     21      1   1.8009891497678460D-01 4.8D-09 0.0D+00 1.3D-09 0.0D+00       21      153       21      210  S
     21      1   1.8257637722441197D-01 2.8D-07 0.0D+00 1.1D-02 0.0D+00       25      156       26      260  S
     21      1   1.8224587591440983D-01 5.4D-09 0.0D+00 2.8D-07 0.0D+00       23      204       23      230  S
     21      1   1.8050439422877149D-01 4.8D-09 0.0D+00 3.1D-07 0.0D+00       23      184       23      230  S
     21      1   1.8266642034809757D-01 5.5D-09 0.0D+00 3.8D-08 0.0D+00       23      190       23      230  S
     21      1   1.9186265686941106D-01 5.5D-09 0.0D+00 9.3D-09 0.0D+00       22      163       22      220  S
     21      1   1.8251395442935373D-01 7.3D-07 0.0D+00 1.4D-01 0.0D+00       24      134       25      250  S
     21      1   1.8266642033792199D-01 5.5D-09 0.0D+00 2.8D-08 0.0D+00       23      188       23      230  S
     21      1   1.9483761875718172D-01 6.7D-09 0.0D+00 1.9D-09 0.0D+00       22      196       22      220  S
     21      1   1.8009891497709843D-01 4.8D-09 0.0D+00 1.8D-09 0.0D+00       22      128       22      220  S
     21      1   1.8224587591505848D-01 5.4D-09 0.0D+00 2.2D-07 0.0D+00       23      229       23      230  S
     21      1   2.1854627579811670D-01 4.6D-04 0.0D+00 1.2D-01 0.0D+00        1       10        2       20  F
     21      1   1.9509078967586238D-01 6.3D-09 0.0D+00 2.6D-07 0.0D+00       23      232       23      230  S
     21      1   1.8009891497698363D-01 4.8D-09 0.0D+00 2.3D-09 0.0D+00       22      126       22      220  S
 no information
     21      1   1.8266642034573544D-01 5.5D-09 0.0D+00 2.2D-07 0.0D+00       23      179       23      230  S
     21      1   1.8266642034802402D-01 5.5D-09 0.0D+00 2.8D-09 0.0D+00       22      198       22      220  S
     21      1   1.8224587591626951D-01 5.4D-09 0.0D+00 2.5D-08 0.0D+00       24      225       24      240  S
 no information
     21      1   1.8050439422891645D-01 4.8D-09 0.0D+00 2.9D-07 0.0D+00       24      179       24      240  S
     21      1   1.8224587588912863D-01 5.4D-09 0.0D+00 5.1D-07 0.0D+00       23      195       23      230  S
     21      1   1.8316266740075968D-01 5.0D-09 0.0D+00 2.7D-10 0.0D+00       22      203       22      220  S
     21      1   1.8247753182752699D-01 4.9D-09 0.0D+00 7.1D-08 0.0D+00       23      182       23      230  S
     21      1   1.8050439423061837D-01 4.8D-09 0.0D+00 2.7D-08 0.0D+00       23      163       23      230  S
     21      1   1.8050439423050710D-01 4.8D-09 0.0D+00 4.1D-08 0.0D+00       22      157       22      220  S
     21      1   1.8009891497692340D-01 4.8D-09 0.0D+00 6.2D-09 0.0D+00       22      135       22      220  S
     21      1   1.8577766507795276D-01 5.1D-09 0.0D+00 7.3D-08 0.0D+00       24      237       24      240  S
     21      1   1.8009891497723629D-01 4.8D-09 0.0D+00 9.8D-09 0.0D+00       22      128       22      220  S
     21   0.00    0.00    0.00   1.7967519492031225D-01 5.1D-09 0.0D+00 6.3D-10 0.0D+00       22      171       22      220     923     380    1115     380     391   0.65     0    0    829  BR
     21      1   1.8266642034778999D-01 5.5D-09 0.0D+00 2.2D-09 0.0D+00       22      181       22      220  S
     21      1   1.8247753182780799D-01 4.9D-09 0.0D+00 5.4D-09 0.0D+00       21      154       21      210  S
     21      1   1.8009891497693009D-01 4.8D-09 0.0D+00 6.6D-09 0.0D+00       22      145       22      220  S
     21      1   1.8266642034724712D-01 5.5D-09 0.0D+00 5.1D-08 0.0D+00       24      187       24      240  S
     21      1   1.9483761875260275D-01 6.7D-09 0.0D+00 3.8D-07 0.0D+00       23      219       23      230  S
     21      1   1.9186265686981027D-01 5.5D-09 0.0D+00 5.7D-09 0.0D+00       22      191       22      220  S
     21      1   1.8050439423042236D-01 4.8D-09 0.0D+00 1.1D-09 0.0D+00       21      151       21      210  S
     21      1   1.8050439423072370D-01 4.8D-09 0.0D+00 7.5D-09 0.0D+00       22      163       22      220  S
     21      1   1.8009891497693628D-01 4.8D-09 0.0D+00 7.1D-09 0.0D+00       22      134       22      220  S
     21      1   2.1209282327921986D-01 6.3D-09 0.0D+00 4.8D-09 0.0D+00       21      179       21      210  S
     21      1   1.8250822157925820D-01 4.8D-09 0.0D+00 1.3D-07 0.0D+00       22      188       22      220  S
     21      1   1.8036241277392925D-01 5.3D-09 0.0D+00 2.5D-07 0.0D+00       23      171       23      230  S
     21      1   1.8036241299430855D-01 5.3D-09 0.0D+00 6.2D-10 0.0D+00       23      165       23      230  S
     21      1   1.2329575580777012D-01 3.4D-01 0.0D+00 1.0D+00 0.0D+00        0        0        1       10  F
     21      1   1.8036241277573492D-01 5.3D-09 0.0D+00 4.6D-09 0.0D+00       22      142       22      220  S
     21      1   1.8266642034787173D-01 5.5D-09 0.0D+00 6.8D-09 0.0D+00       22      233       22      220  S
     21      1   1.8224587591428965D-01 5.4D-09 0.0D+00 5.7D-08 0.0D+00       23      194       23      230  S
     21      1   1.8050439423071568D-01 4.8D-09 0.0D+00 2.1D-08 0.0D+00       24      205       24      240  S
     21      1   1.8050439423068260D-01 4.8D-09 0.0D+00 7.7D-09 0.0D+00       21      150       21      210  S
     21      1   1.8009891497703812D-01 4.8D-09 0.0D+00 4.0D-09 0.0D+00       22      127       22      220  S
     21      1   1.8247753182588244D-01 4.9D-09 0.0D+00 3.1D-07 0.0D+00       23      197       23      230  S
     21      1   1.8036241277393139D-01 5.3D-09 0.0D+00 2.8D-07 0.0D+00       24      189       24      240  S
     21      1   2.0002548136656012D-01 6.6D-09 0.0D+00 2.7D-07 0.0D+00       23      182       23      230  S
     21      1   1.8529023433723482D-01 5.4D-09 0.0D+00 3.3D-09 0.0D+00       21      196       21      210  S
     21      1   1.8361234485211583D-01 4.6D-09 0.0D+00 7.3D-08 0.0D+00       23      164       23      230  S
     21      1   1.8224587591663913D-01 5.4D-09 0.0D+00 7.4D-09 0.0D+00       22      182       22      220  S
     21      1   1.8036241277320800D-01 5.3D-09 0.0D+00 3.2D-07 0.0D+00       24      172       24      240  S
     21      1   1.8036241277581311D-01 5.3D-09 0.0D+00 7.0D-09 0.0D+00       22      155       22      220  S
     21      1   1.8577766507000637D-01 5.1D-09 0.0D+00 2.7D-07 0.0D+00       24      236       24      240  S
     21      1   1.8224587591658459D-01 5.4D-09 0.0D+00 7.6D-09 0.0D+00       22      161       22      220  S
     21      1   1.8247753182820547D-01 4.9D-09 0.0D+00 2.5D-08 0.0D+00       23      184       23      230  S
     21      1   1.8247753182806323D-01 4.9D-09 0.0D+00 3.9D-09 0.0D+00       22      212       22      220  S
     21      1   2.0385904777064995D-01 5.9D-09 0.0D+00 1.6D-08 0.0D+00       23      151       23      230  S
     21      1   1.9550486339860271D-01 6.0D-09 0.0D+00 3.2D-08 0.0D+00       22      189       22      220  S
     21      1   1.8316266739948844D-01 5.0D-09 0.0D+00 1.5D-07 0.0D+00       23      159       23      230  S
     21      1   1.8009891497692571D-01 4.8D-09 0.0D+00 6.3D-09 0.0D+00       22      142       22      220  S
     21      1   1.8247753182707652D-01 4.9D-09 0.0D+00 1.3D-07 0.0D+00       23      187       23      230  S
     21      1   1.8266642034617175D-01 5.5D-09 0.0D+00 1.7D-07 0.0D+00       23      167       23      230  S
     21      1   1.8266642034761899D-01 5.5D-09 0.0D+00 3.0D-09 0.0D+00       22      168       22      220  S
     21      1   1.8009891497700706D-01 4.8D-09 0.0D+00 2.7D-09 0.0D+00       22      147       22      220  S
     21      1   1.8266642034758862D-01 5.5D-09 0.0D+00 7.9D-10 0.0D+00       22      181       22      220  S
     21      1   1.8266642034509661D-01 5.5D-09 0.0D+00 3.1D-07 0.0D+00       23      205       23      230  S
     21      1   1.8247753182823856D-01 4.9D-09 0.0D+00 2.1D-08 0.0D+00       24      228       24      240  S
     21      1   1.8266642034536143D-01 5.5D-09 0.0D+00 3.2D-07 0.0D+00       23      183       23      230  S
     21      1   1.8266642033653954D-01 5.5D-09 0.0D+00 1.5D-07 0.0D+00       23      177       23      230  S
     21      1   6.3338003825315320D-02 5.2D-01 0.0D+00 1.0D+00 0.0D+00        0        0        1       10  F
     21      1   2.0266607870209372D-01 6.4D-09 0.0D+00 2.4D-07 0.0D+00       23      189       23      230  S
     21      1   1.8266642034727396D-01 5.5D-09 0.0D+00 1.2D-09 0.0D+00       22      171       22      220  S
     21      1   1.8036241277320231D-01 5.3D-09 0.0D+00 3.2D-07 0.0D+00       23      165       23      230  S
     21      1   1.8266642034651773D-01 5.5D-09 0.0D+00 1.6D-07 0.0D+00       23      179       23      230  S
     21      1   1.8009891497695260D-01 4.8D-09 0.0D+00 5.0D-09 0.0D+00       22      132       22      220  S
     21      1   1.8050439422953907D-01 4.8D-09 0.0D+00 1.1D-07 0.0D+00       23      174       23      230  S
     21      1   1.8224587591697178D-01 5.4D-09 0.0D+00 1.2D-09 0.0D+00       22      193       22      220  S
     21      1   1.8009891497657082D-01 4.8D-09 0.0D+00 4.0D-10 0.0D+00       21      138       21      210  S
     21      1   1.8009891497692423D-01 4.8D-09 0.0D+00 1.7D-08 0.0D+00       23      140       23      230  S
     21      1   1.9186265686978085D-01 5.5D-09 0.0D+00 8.1D-09 0.0D+00       22      183       22      220  S
     21      1   1.8266642034523958D-01 5.5D-09 0.0D+00 3.1D-07 0.0D+00       24      214       24      240  S
     21      1   1.8266642034756855D-01 5.5D-09 0.0D+00 2.6D-08 0.0D+00       22      149       22      220  S
     21      1   2.1717172016903033D-01 7.8D-09 0.0D+00 3.4D-07 0.0D+00       23      177       23      230  S
     21      1   1.8266642033775121D-01 5.5D-09 0.0D+00 2.7D-10 0.0D+00       22      157       22      220  S
     21      1   1.8266642034679756D-01 5.5D-09 0.0D+00 9.2D-08 0.0D+00       23      187       23      230  S
     21      1   1.8036241277466916D-01 5.3D-09 0.0D+00 1.6D-07 0.0D+00       24      189       24      240  S
     21      1   1.8050439423059259D-01 4.8D-09 0.0D+00 2.9D-09 0.0D+00       22      144       22      220  S
     21      1   1.9483762272455948D-01 6.7D-09 0.0D+00 1.8D-07 0.0D+00       23      286       23      230  S
     21      1   1.8266642034832942D-01 5.5D-09 0.0D+00 7.9D-09 0.0D+00       22      195       22      220  S
     21      1   1.8266642033788499D-01 5.5D-09 0.0D+00 5.3D-09 0.0D+00       22      191       22      220  S
     21      1   1.8050439422888553D-01 4.8D-09 0.0D+00 2.8D-07 0.0D+00       23      168       23      230  S
     21      1   1.8316266740062986D-01 5.0D-09 0.0D+00 9.7D-09 0.0D+00       22      184       22      220  S
     21      1   1.8266642034541056D-01 5.5D-09 0.0D+00 2.3D-07 0.0D+00       22      182       22      220  S
     21      1   1.8247753182615536D-01 4.9D-09 0.0D+00 2.8D-07 0.0D+00       23      189       23      230  S
     21      1   1.8247753182653728D-01 4.9D-09 0.0D+00 2.4D-07 0.0D+00       23      210       23      230  S
     21      1   1.8224587591603947D-01 5.4D-09 0.0D+00 5.5D-08 0.0D+00       24      179       24      240  S
     21      1   1.8266642034783606D-01 5.5D-09 0.0D+00 1.6D-09 0.0D+00       22      204       22      220  S
     21      1   1.8266642033440494D-01 5.5D-09 0.0D+00 3.2D-07 0.0D+00       23      206       23      230  S
     21      1   1.8266642034714728D-01 5.5D-09 0.0D+00 2.0D-08 0.0D+00       24      226       24      240  S
     21      1   1.3789846169666148D-01 3.2D-01 0.0D+00 1.0D+00 0.0D+00        0        0        1       10  F
     21      1   1.8266642034758412D-01 5.5D-09 0.0D+00 2.4D-08 0.0D+00       23      206       23      230  S
     21      1   1.8266642034783084D-01 5.5D-09 0.0D+00 4.3D-08 0.0D+00       23      178       23      230  S
     21      1   1.8009891497694885D-01 4.8D-09 0.0D+00 3.3D-08 0.0D+00       23      163       23      230  S
     21      1   1.8050439423057985D-01 4.8D-09 0.0D+00 1.8D-08 0.0D+00       24      185       24      240  S
     21      1   1.8266642034775513D-01 5.5D-09 0.0D+00 1.1D-08 0.0D+00       24      199       24      240  S
     21      1   1.8009891497703442D-01 4.8D-09 0.0D+00 8.2D-09 0.0D+00       22      134       22      220  S
     21      1   1.8050439422878520D-01 4.8D-09 0.0D+00 3.0D-07 0.0D+00       23      163       23      230  S
     21      1   1.8266642034762234D-01 5.5D-09 0.0D+00 2.2D-09 0.0D+00       22      163       22      220  S
     21      1   1.8224587591566641D-01 5.4D-09 0.0D+00 1.1D-07 0.0D+00       24      207       24      240  S
     21      1   1.8247753182714310D-01 4.9D-09 0.0D+00 1.3D-07 0.0D+00       23      219       23      230  S
     21      1   1.8247753182825932D-01 4.9D-09 0.0D+00 9.9D-09 0.0D+00       22      190       22      220  S
     21      1   1.8266642034738398D-01 5.5D-09 0.0D+00 2.2D-09 0.0D+00       22      182       22      220  S
     21      1   1.8036241277566184D-01 5.3D-09 0.0D+00 1.6D-09 0.0D+00       22      151       22      220  S
     21      1   1.8036241277593856D-01 5.3D-09 0.0D+00 8.2D-09 0.0D+00       22      147       22      220  S
     21      1   1.8316266740053358D-01 5.0D-09 0.0D+00 3.4D-09 0.0D+00       22      150       22      220  S
     21      1   1.9485171801429266D-01 6.6D-09 0.0D+00 8.7D-09 0.0D+00       22      262       22      220  S
     21      1   1.8247753182666335D-01 4.9D-09 0.0D+00 2.4D-07 0.0D+00       24      202       24      240  S
     21      1   1.8266642034788352D-01 5.5D-09 0.0D+00 2.8D-09 0.0D+00       22      163       22      220  S
     21      1   1.8009891497816302D-01 4.8D-09 0.0D+00 7.8D-09 0.0D+00       22      178       22      220  S
     21      1   1.8316266739877521D-01 5.0D-09 0.0D+00 3.2D-07 0.0D+00       23      185       23      230  S
     21      1   1.8266642034781980D-01 5.5D-09 0.0D+00 4.4D-11 0.0D+00       22      178       22      220  S
     21      1   1.8266642034756006D-01 5.5D-09 0.0D+00 8.6D-09 0.0D+00       22      214       22      220  S
     21      1   1.9186265686948958D-01 5.5D-09 0.0D+00 3.9D-08 0.0D+00       24      198       24      240  S
     21      1   1.8266642033490474D-01 5.5D-09 0.0D+00 3.1D-07 0.0D+00       23      182       23      230  S
     21      1   1.8266642034775815D-01 5.5D-09 0.0D+00 4.8D-09 0.0D+00       22      176       22      220  S
     21      1   1.9707281221182699D-01 5.8D-09 0.0D+00 3.2D-07 0.0D+00       24      180       24      240  S
     21      1   1.8036241277568127D-01 5.3D-09 0.0D+00 3.3D-05 0.0D+00       23      157       23      230  S
     21      1   1.8050439423075157D-01 4.8D-09 0.0D+00 8.0D-09 0.0D+00       21      147       21      210  S
     21      1   1.8009891497691533D-01 4.8D-09 0.0D+00 1.3D-09 0.0D+00       22      128       22      220  S
     21      1   1.8009891497697306D-01 4.8D-09 0.0D+00 2.8D-09 0.0D+00       22      134       22      220  S
     21      1   1.8266642034796235D-01 5.5D-09 0.0D+00 9.9D-09 0.0D+00       22      205       22      220  S
     21      1   1.8266642033790798D-01 5.5D-09 0.0D+00 2.1D-08 0.0D+00       24      235       24      240  S
     21      1   1.8266642034808309D-01 5.5D-09 0.0D+00 3.5D-08 0.0D+00       23      184       23      230  S
     21      1   1.8050439423056938D-01 4.8D-09 0.0D+00 3.6D-08 0.0D+00       23      159       23      230  S
     21      1   1.8009891497691638D-01 4.8D-09 0.0D+00 1.3D-09 0.0D+00       22      126       22      220  S
     21      1   1.8009891497702143D-01 4.8D-09 0.0D+00 3.6D-09 0.0D+00       22      133       22      220  S
     21      1   1.8266642034780928D-01 5.5D-09 0.0D+00 3.6D-08 0.0D+00       23      185       23      230  S
     21      1   1.8529023433675162D-01 5.4D-09 0.0D+00 9.1D-08 0.0D+00       24      241       24      240  S
     21      1   1.8224587591622698D-01 5.4D-09 0.0D+00 5.6D-08 0.0D+00       23      192       23      230  S
     21      1   1.9186265686963519D-01 5.5D-09 0.0D+00 1.7D-09 0.0D+00       22      160       22      220  S
     21      1   1.9831902627822368D-01 6.0D-09 0.0D+00 3.1D-08 0.0D+00       23      237       23      230  S
     21      1   1.8224587591750235D-01 5.4D-09 0.0D+00 3.2D-08 0.0D+00       24      227       24      240  S
     21      1   1.8266642034772756D-01 5.5D-09 0.0D+00 2.3D-09 0.0D+00       22      146       22      220  S
     21      1   1.8266642034785557D-01 5.5D-09 0.0D+00 9.4D-09 0.0D+00       22      187       22      220  S
     21      1   1.8266642034718178D-01 5.5D-09 0.0D+00 9.7D-09 0.0D+00       22      206       22      220  S
     21      1   1.9707281221358425D-01 5.8D-09 0.0D+00 1.4D-07 0.0D+00       23      162       23      230  S
     21      1   1.8542050930591633D-01 4.4D-09 0.0D+00 1.4D-08 0.0D+00       25      216       25      250  S
     21      1   1.8224587591493144D-01 5.4D-09 0.0D+00 1.9D-07 0.0D+00       22      192       22      220  S
     21      1   2.1852921232346004D-01 6.1D-09 0.0D+00 1.1D-10 0.0D+00       22      158       22      220  S
     21      1   1.8266642033777711D-01 5.5D-09 0.0D+00 1.3D-08 0.0D+00       24      214       24      240  S
     21      1   1.8266642034555766D-01 5.5D-09 0.0D+00 3.2D-07 0.0D+00       24      213       24      240  S
     21      1   2.0110604352731429D-01 6.7D-09 0.0D+00 1.6D-09 0.0D+00       22      155       22      220  S
     21      1   1.8266642034766478D-01 5.5D-09 0.0D+00 4.7D-09 0.0D+00       21      185       21      210  S
     21      1   1.8050439423067174D-01 4.8D-09 0.0D+00 3.8D-10 0.0D+00       22      129       22      220  S
 no information
     21      1   1.8036241299425793D-01 5.3D-09 0.0D+00 6.7D-10 0.0D+00       23      164       23      230  S
     21      1   1.8266642034832029D-01 5.5D-09 0.0D+00 3.2D-08 0.0D+00       23      185       23      230  S
     21      1   1.8266642034546687D-01 5.5D-09 0.0D+00 3.2D-07 0.0D+00       23      176       23      230  S
     21      1   1.8224587591603658D-01 5.4D-09 0.0D+00 7.9D-08 0.0D+00       24      197       24      240  S
     21      1   1.8009891497689826D-01 4.8D-09 0.0D+00 7.3D-09 0.0D+00       22      128       22      220  S
     21      1   1.8050439422952277D-01 4.8D-09 0.0D+00 1.4D-07 0.0D+00       23      162       23      230  S
     21      1   1.8266642033556821D-01 5.5D-09 0.0D+00 3.1D-07 0.0D+00       23      190       23      230  S
     21      1   2.0661390113059183D-01 6.0D-09 0.0D+00 2.8D-08 0.0D+00       23      202       23      230  S
     21      1   1.8266642034724537D-01 5.5D-09 0.0D+00 1.9D-08 0.0D+00       23      178       23      230  S
     21      1   1.8009891497698599D-01 4.8D-09 0.0D+00 8.8D-09 0.0D+00       22      127       22      220  S
     21      1   1.8036241277591367D-01 5.3D-09 0.0D+00 9.8D-09 0.0D+00       22      159       22      220  S
     21      1   1.8036241277564088D-01 5.3D-09 0.0D+00 3.7D-05 0.0D+00       23      158       23      230  S
     21      1   1.8009891497698824D-01 4.8D-09 0.0D+00 1.1D-10 0.0D+00       22      130       22      220  S
     21      1   1.8009891497701500D-01 4.8D-09 0.0D+00 1.2D-09 0.0D+00       22      129       22      220  S
     21      1   1.9509078967996374D-01 6.3D-09 0.0D+00 4.8D-10 0.0D+00       22      159       22      220  S
 no information
     21      1   1.8316266740086701D-01 5.0D-09 0.0D+00 3.8D-08 0.0D+00       24      210       24      240  S
     21      1   2.0274517857800109D-01 6.5D-09 0.0D+00 1.1D-09 0.0D+00       22      155       22      220  S
     21      1   1.8009891497702366D-01 4.8D-09 0.0D+00 9.6D-10 0.0D+00       22      125       22      220  S
     21      1   1.8009891497697414D-01 4.8D-09 0.0D+00 6.2D-10 0.0D+00       22      129       22      220  S
     21      1   1.8247753182826126D-01 4.9D-09 0.0D+00 6.8D-10 0.0D+00       22      192       22      220  S
     21      1   1.8266642034494862D-01 5.5D-09 0.0D+00 3.0D-07 0.0D+00       23      194       23      230  S
     21      1   1.8266642034827019D-01 5.5D-09 0.0D+00 3.9D-08 0.0D+00       22      225       22      220  S
     21      1   1.8050439423060102D-01 4.8D-09 0.0D+00 6.5D-09 0.0D+00       22      152       22      220  S
     21      1   1.8266642034578631D-01 5.5D-09 0.0D+00 2.3D-07 0.0D+00       23      185       23      230  S
     21      1   1.8036241277585233D-01 5.3D-09 0.0D+00 2.3D-08 0.0D+00       23      182       23      230  S
     21      1   1.8266642034774938D-01 5.5D-09 0.0D+00 3.2D-10 0.0D+00       22      179       22      220  S
     21      1   1.8009891497695710D-01 4.8D-09 0.0D+00 2.4D-09 0.0D+00       22      135       22      220  S
     21      1   1.8266642034786448D-01 5.5D-09 0.0D+00 1.6D-09 0.0D+00       22      157       22      220  S
     21      1   1.8266642034786887D-01 5.5D-09 0.0D+00 1.5D-08 0.0D+00       24      206       24      240  S
     21      1   1.8247753182833445D-01 4.9D-09 0.0D+00 4.4D-08 0.0D+00       23      194       23      230  S
     21      1   1.8009891497693201D-01 4.8D-09 0.0D+00 5.9D-09 0.0D+00       22      126       22      220  S
     21      1   1.8224587591656766D-01 5.4D-09 0.0D+00 6.7D-10 0.0D+00       22      197       22      220  S
     21      1   1.8266642034653299D-01 5.5D-09 0.0D+00 1.6D-07 0.0D+00       23      183       23      230  S
     21      1   1.8266642034751882D-01 5.5D-09 0.0D+00 5.6D-09 0.0D+00       22      189       22      220  S
     21      1   1.8009891497687616D-01 4.8D-09 0.0D+00 6.8D-09 0.0D+00       22      127       22      220  S
     21      1   1.8009891497692973D-01 4.8D-09 0.0D+00 8.0D-09 0.0D+00       21      187       21      210  S
     21      1   1.8009891497691427D-01 4.8D-09 0.0D+00 9.4D-09 0.0D+00       22      132       22      220  S
     21      1   1.8050439422950584D-01 4.8D-09 0.0D+00 2.2D-07 0.0D+00       24      215       24      240  S
     21      1   1.8247753182610110D-01 4.9D-09 0.0D+00 3.0D-07 0.0D+00       24      218       24      240  S
