     15      1   2.2305429105409227D-01 4.9D-09 0.0D+00 3.8D-08 0.0D+00       23      173       23      230  S
     15      1   2.2305429105328908D-01 4.9D-09 0.0D+00 8.9D-09 0.0D+00       22      140       22      220  S
     15      1   2.3024627132650397D-01 6.1D-09 0.0D+00 2.4D-07 0.0D+00       23      179       23      230  S
     15      1   2.2351726898589080D-01 5.1D-09 0.0D+00 1.6D-09 0.0D+00       22      196       22      220  S
     15      1   2.7145986628426927D-01 8.4D-09 0.0D+00 6.1D-09 0.0D+00       22      169       22      220  S
     15      1   2.3362052940858039D-01 5.8D-09 0.0D+00 3.5D-09 0.0D+00       22      172       22      220  S
     15      1   2.2305429105366964D-01 4.9D-09 0.0D+00 1.1D-08 0.0D+00       23      187       23      230  S
     15      1   2.2351726898590690D-01 5.1D-09 0.0D+00 5.4D-09 0.0D+00       22      201       22      220  S
     15      1   2.2305429105340727D-01 4.9D-09 0.0D+00 1.8D-08 0.0D+00       24      186       24      240  S
     15      1   2.2347576096180702D-01 5.1D-09 0.0D+00 1.3D-09 0.0D+00       22      150       22      220  S
     15      1   2.2305429105121660D-01 4.9D-09 0.0D+00 2.9D-07 0.0D+00       23      190       23      230  S
     15      1   2.3362052940804559D-01 5.8D-09 0.0D+00 7.1D-08 0.0D+00       23      165       23      230  S
     15      1   2.2347576095966828D-01 5.1D-09 0.0D+00 3.0D-07 0.0D+00       24      161       24      240  S
     15      1   2.2305429105386373D-01 4.9D-09 0.0D+00 3.6D-09 0.0D+00       22      173       22      220  S
     15      1   2.2305429105384514D-01 4.9D-09 0.0D+00 1.4D-08 0.0D+00       24      197       24      240  S
     15      1   2.2305429105394384D-01 4.9D-09 0.0D+00 5.6D-09 0.0D+00       22      170       22      220  S
     15      1   2.2305429105298344D-01 4.9D-09 0.0D+00 1.8D-09 0.0D+00       21      137       21      210  S
     15      1   2.2305429105297395D-01 4.9D-09 0.0D+00 1.1D-07 0.0D+00       23      198       23      230  S
     15      1   2.2305429105335267D-01 4.9D-09 0.0D+00 4.8D-08 0.0D+00       24      193       24      240  S
     15      1   2.2305429105333124D-01 4.9D-09 0.0D+00 2.3D-09 0.0D+00       22      168       22      220  S
     15      1   1.5836096658368382D-01 2.9D-01 0.0D+00 1.0D+00 0.0D+00        0        0        1       10  F
     15      1   2.3608578678615641D-01 5.5D-09 0.0D+00 1.5D-08 0.0D+00       23      186       23      230  S
     15      1   2.2305429105387364D-01 4.9D-09 0.0D+00 5.9D-09 0.0D+00       22      176       22      220  S
     15      1   2.2351726898583035D-01 5.1D-09 0.0D+00 5.5D-09 0.0D+00       22      190       22      220  S
     15      1   2.2305429105295449D-01 4.9D-09 0.0D+00 9.4D-09 0.0D+00       21      158       21      210  S
     15      1   2.2351726898448790D-01 5.1D-09 0.0D+00 1.9D-07 0.0D+00       24      227       24      240  S
     15      1   2.3027551661860382D-01 7.4D-09 0.0D+00 5.5D-09 0.0D+00       23      205       23      230  S
     15      1   2.3409289347445375D-01 5.4D-09 0.0D+00 7.5D-09 0.0D+00       21      154       21      210  S
     15      1   2.2305429105381605D-01 4.9D-09 0.0D+00 8.9D-09 0.0D+00       22      155       22      220  S
     15      1   2.3024627132887665D-01 6.1D-09 0.0D+00 1.9D-09 0.0D+00       22      163       22      220  S
     15      1   2.2348446074592018D-01 5.1D-09 0.0D+00 1.3D-09 0.0D+00       22      135       22      220  S
     15      1   2.2305429105323940D-01 4.9D-09 0.0D+00 2.9D-08 0.0D+00       24      237       24      240  S
     15      1   2.2305429105233204D-01 4.9D-09 0.0D+00 2.5D-07 0.0D+00       24      211       24      240  S
     15      1   2.3386876165016199D-01 5.6D-09 0.0D+00 3.1D-07 0.0D+00       23      175       23      230  S
     15      1   2.2971781339846004D-01 6.6D-09 0.0D+00 2.6D-07 0.0D+00       25      208       25      250  S
     15      1   2.2305429105364738D-01 4.9D-09 0.0D+00 2.4D-08 0.0D+00       23      169       23      230  S
     15      1   2.2305429105227395D-01 4.9D-09 0.0D+00 1.2D-07 0.0D+00       23      160       23      230  S
     15      1   2.2351726898635058D-01 5.1D-09 0.0D+00 9.6D-09 0.0D+00       22      224       22      220  S
     15      1   2.2305429105200497D-01 4.9D-09 0.0D+00 2.6D-07 0.0D+00       23      210       23      230  S
     15      1   2.2305429105314123D-01 4.9D-09 0.0D+00 7.2D-09 0.0D+00       22      147       22      220  S
     15      1   2.2305429105106220D-01 4.9D-09 0.0D+00 3.2D-07 0.0D+00       23      149       23      230  S
     15      1   2.3027551661344209D-01 7.4D-09 0.0D+00 3.0D-07 0.0D+00       24      188       24      240  S
     15      1   2.2305429105281840D-01 4.9D-09 0.0D+00 1.2D-07 0.0D+00       22      183       22      220  S
     15      1   2.2347576095964219D-01 5.1D-09 0.0D+00 3.2D-07 0.0D+00       24      159       24      240  S
     15      1   2.6137821175121501D-01 6.1D-09 0.0D+00 1.5D-09 0.0D+00       23      175       23      230  S
     15      1   2.2305429105188757D-01 4.9D-09 0.0D+00 2.1D-07 0.0D+00       24      185       24      240  S
     15      1   2.2971781362629470D-01 6.6D-09 0.0D+00 2.0D-09 0.0D+00       22      219       22      220  S
     15      1   2.2305429105393138D-01 4.9D-09 0.0D+00 1.5D-09 0.0D+00       22      168       22      220  S
     15      1   2.2305429105225213D-01 4.9D-09 0.0D+00 1.5D-07 0.0D+00       23      177       23      230  S
     15      1   2.6053014985312373D-01 5.9D-09 0.0D+00 1.1D-09 0.0D+00       23      192       23      230  S
     15      1   2.2305429105174274D-01 4.9D-09 0.0D+00 2.3D-07 0.0D+00       23      166       23      230  S
     15      1   2.2347576096278743D-01 5.1D-09 0.0D+00 4.1D-08 0.0D+00       23      160       23      230  S
     15      1   2.2305429105375224D-01 4.9D-09 0.0D+00 1.1D-08 0.0D+00       23      152       23      230  S
     15      1   2.2305429105266764D-01 4.9D-09 0.0D+00 1.9D-05 0.0D+00       22      178       22      220  S
     15      1   2.2305429105380328D-01 4.9D-09 0.0D+00 4.1D-07 0.0D+00       23      151       23      230  S
     15      1   2.3027551661881870D-01 7.4D-09 0.0D+00 8.0D-09 0.0D+00       23      172       23      230  S
     15      1   2.2305429105398739D-01 4.9D-09 0.0D+00 5.6D-09 0.0D+00       22      156       22      220  S
     15      1   2.2351726898604024D-01 5.1D-09 0.0D+00 3.6D-08 0.0D+00       24      174       24      240  S
     15      1   2.2305429105192695D-01 4.9D-09 0.0D+00 1.4D-07 0.0D+00       22      180       22      220  S
     15      1   2.2305429105196661D-01 4.9D-09 0.0D+00 1.2D-07 0.0D+00       23      185       23      230  S
     15      1   2.2305429105186131D-01 4.9D-09 0.0D+00 3.0D-07 0.0D+00       24      186       24      240  S
     15      1   2.2305429105350694D-01 4.9D-09 0.0D+00 5.0D-08 0.0D+00       23      181       23      230  S
     15      1   2.2305429105379510D-01 4.9D-09 0.0D+00 1.2D-09 0.0D+00       22      147       22      220  S
     15      1   2.2971781339762209D-01 6.6D-09 0.0D+00 3.4D-07 0.0D+00       25      230       25      250  S
     15      1   1.9947218062054800D-01 2.8D-01 0.0D+00 1.0D+00 0.0D+00        0        0        1       10  F
     15      1   2.2305429105311628D-01 4.9D-09 0.0D+00 5.8D-09 0.0D+00       21      123       21      210  S
     15      1   2.2351726898626825D-01 5.1D-09 0.0D+00 2.8D-09 0.0D+00       22      190       22      220  S
     15      1   2.3409289347436346D-01 5.4D-09 0.0D+00 3.4D-08 0.0D+00       23      187       23      230  S
     15      1   2.2305429105297170D-01 4.9D-09 0.0D+00 7.5D-09 0.0D+00       21      151       21      210  S
     15      1   2.3027551555594530D-01 7.4D-09 0.0D+00 9.6D-09 0.0D+00       22      171       22      220  S
     15      1   2.2305429105378441D-01 4.9D-09 0.0D+00 9.8D-10 0.0D+00       22      156       22      220  S
     15      1   2.2305429105361468D-01 4.9D-09 0.0D+00 3.1D-08 0.0D+00       24      167       24      240  S
     15      1   2.3393209573012988D-01 6.0D-09 0.0D+00 9.2D-09 0.0D+00       22      142       22      220  S
     15      1   2.2351726898376209D-01 5.1D-09 0.0D+00 3.2D-07 0.0D+00       23      168       23      230  S
     15      1   2.2347576096215743D-01 5.1D-09 0.0D+00 2.0D-09 0.0D+00       22      169       22      220  S
     15      1   2.2305429105235380D-01 4.9D-09 0.0D+00 1.1D-07 0.0D+00       22      191       22      220  S
     15      1   2.2305429105392183D-01 4.9D-09 0.0D+00 4.8D-09 0.0D+00       22      148       22      220  S
     15      1   2.2347576096184252D-01 5.1D-09 0.0D+00 1.1D-09 0.0D+00       22      159       22      220  S
     15      1   2.2305429105341051D-01 4.9D-09 0.0D+00 9.7D-09 0.0D+00       22      152       22      220  S
     15      1   2.2305429105387245D-01 4.9D-09 0.0D+00 8.2D-09 0.0D+00       22      175       22      220  S
     15      1   2.2305429105425878D-01 4.9D-09 0.0D+00 6.0D-09 0.0D+00       22      199       22      220  S
     15      1   2.2305429105378627D-01 4.9D-09 0.0D+00 5.0D-09 0.0D+00       22      145       22      220  S
     15      1   2.3024627132657266D-01 6.1D-09 0.0D+00 2.2D-07 0.0D+00       23      144       23      230  S
     15      1   2.2347576095974650D-01 5.1D-09 0.0D+00 3.0D-07 0.0D+00       24      176       24      240  S
     15      1   2.2305429105342342D-01 4.9D-09 0.0D+00 2.7D-09 0.0D+00       22      191       22      220  S
     15      1   2.3027551661080450D-01 7.4D-09 0.0D+00 3.0D-07 0.0D+00       24      181       24      240  S
     15      1   2.2305429105336855D-01 4.9D-09 0.0D+00 6.5D-09 0.0D+00       22      178       22      220  S
     15      1   2.2305429105338548D-01 4.9D-09 0.0D+00 3.0D-09 0.0D+00       22      149       22      220  S
     15      1   2.2971781339973932D-01 6.6D-09 0.0D+00 1.6D-07 0.0D+00       24      206       24      240  S
     15      1   2.2305429105363378D-01 4.9D-09 0.0D+00 8.4D-09 0.0D+00       22      177       22      220  S
     15      1   2.2347576095969088D-01 5.1D-09 0.0D+00 3.3D-07 0.0D+00       24      150       24      240  S
     15      1   2.2347576095991306D-01 5.1D-09 0.0D+00 3.1D-07 0.0D+00       24      227       24      240  S
     15      1   2.3027551566465693D-01 7.4D-09 0.0D+00 2.0D-09 0.0D+00       24      182       24      240  S
     15      1   2.2305429105380689D-01 4.9D-09 0.0D+00 1.9D-08 0.0D+00       24      172       24      240  S
     15      1   2.2305429105229591D-01 4.9D-09 0.0D+00 2.2D-07 0.0D+00       23      193       23      230  S
     15      1   2.2305429105203170D-01 4.9D-09 0.0D+00 3.1D-07 0.0D+00       23      224       23      230  S
     15      1   2.2351726898591273D-01 5.1D-09 0.0D+00 6.3D-10 0.0D+00       22      196       22      220  S
     15      1   2.2305429105365002D-01 4.9D-09 0.0D+00 4.1D-06 0.0D+00       23      155       23      230  S
     15      1   2.2305429105375968D-01 4.9D-09 0.0D+00 9.1D-09 0.0D+00       22      157       22      220  S
     15      1   2.2305429105135272D-01 4.9D-09 0.0D+00 2.7D-07 0.0D+00       23      153       23      230  S
