     21      1   1.6687931282628313D-01 5.2D-09 0.0D+00 3.2D-07 0.0D+00       23      209       23      230  S
     21      1   1.6697965428267292D-01 5.1D-09 0.0D+00 3.1D-09 0.0D+00       22      221       22      220  S
     21      1   1.6687931282674423D-01 5.2D-09 0.0D+00 2.4D-07 0.0D+00       24      203       24      240  S
     21      1   1.6697965428260170D-01 5.1D-09 0.0D+00 8.1D-09 0.0D+00       22      163       22      220  S
     21      1   1.6687931282639018D-01 5.2D-09 0.0D+00 3.1D-07 0.0D+00       23      215       23      230  S
     21      1   1.6697965428224040D-01 5.1D-09 0.0D+00 2.5D-11 0.0D+00       22      174       22      220  S
     21      1   1.6697965428577952D-01 5.1D-09 0.0D+00 2.1D-07 0.0D+00       23      220       23      230  S
     21      1   1.6687931283529800D-01 5.2D-09 0.0D+00 3.8D-09 0.0D+00       23      228       23      230  S
     21      1   1.6687931282859381D-01 5.2D-09 0.0D+00 7.6D-09 0.0D+00       22      173       22      220  S
     21      1   2.0422460718795588D-01 3.5D-07 0.0D+00 5.7D-03 0.0D+00       26      159       27      270  S
     21      1   1.6697965428248410D-01 5.1D-09 0.0D+00 2.1D-09 0.0D+00       22      172       22      220  S
     21      1   2.3853718444977881D-01 7.5D-09 0.0D+00 7.2D-09 0.0D+00       22      158       22      220  S
     21      1   1.6687931282649229D-01 5.2D-09 0.0D+00 2.6D-07 0.0D+00       23      192       23      230  S
     21      1   1.6687931282849774D-01 5.2D-09 0.0D+00 2.3D-08 0.0D+00       24      261       24      240  S
     21      1   2.3755952551788842D-01 8.1D-09 0.0D+00 3.1D-10 0.0D+00       23      170       23      230  S
     21      1   1.6687931282895821D-01 5.2D-09 0.0D+00 2.6D-09 0.0D+00       22      183       22      220  S
     21      1   2.3853718109545285D-01 7.5D-09 0.0D+00 9.4D-08 0.0D+00       23      160       23      230  S
     21      1   1.6697965428020711D-01 5.1D-09 0.0D+00 3.1D-07 0.0D+00       23      181       23      230  S
     21      1   1.6697965428282316D-01 5.1D-09 0.0D+00 4.0D-09 0.0D+00       22      171       22      220  S
     21      1   1.6687931282781054D-01 5.2D-09 0.0D+00 8.4D-08 0.0D+00       23      221       23      230  S
     21      1   1.6676677668447973D-01 5.2D-07 0.0D+00 3.3D-02 0.0D+00       24      161       25      250  S
     21      1   1.6687931282882476D-01 5.2D-09 0.0D+00 9.7D-09 0.0D+00       22      225       22      220  S
     21      1   1.9213928836440336D-01 7.2D-09 0.0D+00 2.9D-09 0.0D+00       21      200       21      210  S
     21      1   2.3853718610632227D-01 7.5D-09 0.0D+00 2.1D-09 0.0D+00       23      186       23      230  S
     21      1   2.2659338643535806D-01 1.6D-06 0.0D+00 4.0D-01 0.0D+00       23      143       24      240  S
     21      1   1.6687931282849836D-01 5.2D-09 0.0D+00 9.4D-09 0.0D+00       22      182       22      220  S
     21      1   1.6697965439155363D-01 5.1D-09 0.0D+00 1.6D-07 0.0D+00       22      248       22      220  S
     21      1   1.6697965428033501D-01 5.1D-09 0.0D+00 3.2D-07 0.0D+00       23      187       23      230  S
     21      1   1.6697965428027081D-01 5.1D-09 0.0D+00 2.9D-07 0.0D+00       23      172       23      230  S
     21      1   1.6697965428222930D-01 5.1D-09 0.0D+00 6.9D-09 0.0D+00       22      160       22      220  S
     21      1   1.6697965428026978D-01 5.1D-09 0.0D+00 2.9D-07 0.0D+00       23      180       23      230  S
     21      1   1.6697965428263567D-01 5.1D-09 0.0D+00 9.8D-09 0.0D+00       22      195       22      220  S
     21      1   1.6697965428317940D-01 5.1D-09 0.0D+00 4.7D-09 0.0D+00       22      191       22      220  S
     21      1   1.6687931282620180D-01 5.2D-09 0.0D+00 3.1D-07 0.0D+00       24      221       24      240  S
     21      1   2.6940753213250584D-01 6.1D-07 0.0D+00 3.4D-01 0.0D+00       23      149       24      240  S
     21      1   1.6687931282908325D-01 5.2D-09 0.0D+00 4.8D-09 0.0D+00       22      196       22      220  S
     21      1   1.6697965428097697D-01 5.1D-09 0.0D+00 2.9D-07 0.0D+00       23      180       23      230  S
     21      1   1.6697965428233502D-01 5.1D-09 0.0D+00 8.8D-09 0.0D+00       22      214       22      220  S
     21      1   1.6697965428275363D-01 5.1D-09 0.0D+00 2.3D-08 0.0D+00       23      200       23      230  S
     21      1   1.6697965428229827D-01 5.1D-09 0.0D+00 3.6D-09 0.0D+00       22      208       22      220  S
     21      1   1.6687931282761373D-01 5.2D-09 0.0D+00 1.3D-07 0.0D+00       23      236       23      230  S
     21      1   2.3752416867463946D-01 8.1D-09 0.0D+00 4.5D-08 0.0D+00       23      224       24      231  S
     21      1   2.3667383624365193D-01 6.6D-09 0.0D+00 6.9D-08 0.0D+00       23      184       23      230  S
     21      1   1.6687931283682383D-01 5.2D-09 0.0D+00 2.2D-07 0.0D+00       24      194       24      240  S
     21      1   1.6697965428229358D-01 5.1D-09 0.0D+00 3.5D-09 0.0D+00       22      132       22      220  S
     21      1   1.6687931282859034D-01 5.2D-09 0.0D+00 6.0D-09 0.0D+00       22      210       22      220  S
     21      1   1.6697965428081601D-01 5.1D-09 0.0D+00 2.4D-07 0.0D+00       23      219       23      230  S
     21      1   1.6697965428291980D-01 5.1D-09 0.0D+00 3.7D-08 0.0D+00       24      196       24      240  S
     21      1   1.6678626291977022D-01 3.6D-07 0.0D+00 2.5D-02 0.0D+00       24      160       25      250  S
     21      1   1.6697965428244438D-01 5.1D-09 0.0D+00 5.0D-11 0.0D+00       23      191       23      230  S
     21      1   1.6687931282708432D-01 5.2D-09 0.0D+00 2.3D-07 0.0D+00       24      208       24      240  S
     21      1   1.6687931282836246D-01 5.2D-09 0.0D+00 3.3D-10 0.0D+00       22      161       22      220  S
     21      1   1.6687931282704424D-01 5.2D-09 0.0D+00 1.8D-07 0.0D+00       23      217       23      230  S
     21      1   2.3853718610597460D-01 7.5D-09 0.0D+00 6.5D-10 0.0D+00       22      187       22      220  S
     21      1   2.0617891365025717D-01 1.7D-16 0.0D+00 7.4D+01 0.0D+00       24      156       25      250  S
     21      1   2.3752415436983615D-01 8.1D-09 0.0D+00 1.7D-10 0.0D+00       22      188       22      220  S
     21      1   1.6687931282849261D-01 5.2D-09 0.0D+00 3.3D-09 0.0D+00       22      172       22      220  S
     21      1   1.6687931282882165D-01 5.2D-09 0.0D+00 4.7D-09 0.0D+00       22      179       22      220  S
     21      1   1.6697965428265946D-01 5.1D-09 0.0D+00 9.1D-09 0.0D+00       22      212       22      220  S
     21      1   1.6687931282890975D-01 5.2D-09 0.0D+00 1.6D-08 0.0D+00       24      256       24      240  S
     21      1   2.3853718141704869D-01 7.5D-09 0.0D+00 2.0D-09 0.0D+00       23      149       23      230  S
     21      1   2.3853718610828245D-01 7.5D-09 0.0D+00 8.9D-08 0.0D+00       23      174       24      232  S
     21      1   1.6687931276050080D-01 5.2D-09 0.0D+00 9.4D-09 0.0D+00       21      218       21      210  S
     21      1   1.6697965428221662D-01 5.1D-09 0.0D+00 9.5D-09 0.0D+00       22      191       22      220  S
     21      1   2.3756722999008037D-01 7.1D-09 0.0D+00 7.0D-10 0.0D+00       22      166       22      220  S
     21      1   1.6697965428220063D-01 5.1D-09 0.0D+00 2.1D-09 0.0D+00       22      143       22      220  S
     21      1   2.3755953949592742D-01 8.1D-09 0.0D+00 1.7D-09 0.0D+00       22      139       22      220  S
     21      1   1.6697965428222425D-01 5.1D-09 0.0D+00 7.6D-09 0.0D+00       20      159       20      200  S
     21      1   1.6697965428123454D-01 5.1D-09 0.0D+00 1.0D-07 0.0D+00       24      228       24      240  S
     21      1   1.6687931251205526D-01 5.2D-09 0.0D+00 3.6D-10 0.0D+00       20      197       20      200  S
     21      1   1.6689859932315035D-01 2.9D-07 0.0D+00 1.4D-02 0.0D+00       24      185       25      250  S
     21      1   1.6687931282839180D-01 5.2D-09 0.0D+00 7.3D-10 0.0D+00       22      161       22      220  S
     21      1   1.6687931282604554D-01 5.2D-09 0.0D+00 3.1D-07 0.0D+00       23      192       23      230  S
     21      1   1.6687931282627352D-01 5.2D-09 0.0D+00 3.1D-07 0.0D+00       24      211       24      240  S
     21      1   1.6687931282857540D-01 5.2D-09 0.0D+00 7.5D-09 0.0D+00       22      190       22      220  S
     21      1   1.6687931260187228D-01 5.2D-09 0.0D+00 2.2D-08 0.0D+00       23      284       23      230  S
     21      1   1.6697965428220213D-01 5.1D-09 0.0D+00 2.3D-08 0.0D+00       23      198       23      230  S
     21      1   1.6697965428092179D-01 5.1D-09 0.0D+00 2.8D-07 0.0D+00       24      197       24      240  S
     21      1   1.6697965428304812D-01 5.1D-09 0.0D+00 8.0D-09 0.0D+00       22      194       22      220  S
     21      1   2.3667383624580787D-01 6.6D-09 0.0D+00 8.4D-10 0.0D+00       23      163       23      230  S
     21      1   2.3775115477814662D-01 1.9D-06 0.0D+00 2.3D-01 0.0D+00       24      169       25      250  S
     21      1   1.6687931282846993D-01 5.2D-09 0.0D+00 1.5D-10 0.0D+00       22      174       22      220  S
     21      1   2.3755952551727544D-01 8.1D-09 0.0D+00 5.1D-10 0.0D+00       22      168       22      220  S
     21      1   2.3853718610663283D-01 7.5D-09 0.0D+00 4.0D-09 0.0D+00       22      175       22      220  S
     21      1   2.3667383624535568D-01 6.6D-09 0.0D+00 1.3D-09 0.0D+00       22      150       22      220  S
     21      1   1.6697965428267128D-01 5.1D-09 0.0D+00 3.7D-09 0.0D+00       22      203       22      220  S
     21      1   1.6687931282860805D-01 5.2D-09 0.0D+00 1.3D-09 0.0D+00       22      177       22      220  S
     21      1   1.6697965428000144D-01 5.1D-09 0.0D+00 3.3D-07 0.0D+00       23      194       23      230  S
     21      1   1.6697965428047618D-01 5.1D-09 0.0D+00 2.8D-07 0.0D+00       23      222       23      230  S
     21      1   1.6697965428237785D-01 5.1D-09 0.0D+00 1.8D-08 0.0D+00       23      206       23      230  S
     21      1   1.6697965428274661D-01 5.1D-09 0.0D+00 2.0D-10 0.0D+00       22      178       22      220  S
     21      1   1.6697965428246653D-01 5.1D-09 0.0D+00 6.1D-10 0.0D+00       21      184       21      210  S
     21      1   2.3667383624565108D-01 6.6D-09 0.0D+00 2.0D-09 0.0D+00       23      155       23      230  S
     21      1   1.6697965428229819D-01 5.1D-09 0.0D+00 1.7D-09 0.0D+00       22      202       22      220  S
     21      1   1.6687931280544513D-01 5.2D-09 0.0D+00 1.5D-07 0.0D+00       24      185       24      240  S
     21      1   2.3755953949256545D-01 8.1D-09 0.0D+00 1.2D-09 0.0D+00       23      184       23      230  S
     21      1   1.6697965428239500D-01 5.1D-09 0.0D+00 3.2D-09 0.0D+00       22      182       22      220  S
     21      1   1.6687931282896748D-01 5.2D-09 0.0D+00 2.8D-09 0.0D+00       23      190       23      230  S
     21      1   1.6697965421026290D-01 5.1D-09 0.0D+00 2.2D-09 0.0D+00       20      174       20      200  S
     21      1   1.6687931283511609D-01 5.2D-09 0.0D+00 1.2D-09 0.0D+00       23      194       23      230  S
