     17      1   2.3853718609611355D-01 7.5D-09 0.0D+00 1.5D-09 0.0D+00       21      161       21      210  S
     17      1   2.3853718141942529D-01 7.5D-09 0.0D+00 1.1D-09 0.0D+00       22      169       22      220  S
     17      1   2.3755953949571587D-01 8.1D-09 0.0D+00 4.8D-10 0.0D+00       22      151       22      220  S
     17      1   2.3853718027452361D-01 7.5D-09 0.0D+00 4.6D-08 0.0D+00       24      156       24      240  S
     17      1   2.3755952551258799D-01 8.1D-09 0.0D+00 7.0D-08 0.0D+00       23      151       23      230  S
     17      1   2.3755953947467179D-01 8.1D-09 0.0D+00 5.0D-08 0.0D+00       23      187       23      230  S
     17      1   2.3667383624414465D-01 6.6D-09 0.0D+00 1.5D-09 0.0D+00       22      152       22      220  S
     17      1   2.3853718610771057D-01 7.5D-09 0.0D+00 4.1D-10 0.0D+00       22      193       22      220  S
     17      1   2.3755952552030557D-01 8.1D-09 0.0D+00 6.7D-10 0.0D+00       22      149       22      220  S
     17      1   2.3667383624543062D-01 6.6D-09 0.0D+00 5.8D-09 0.0D+00       22      163       22      220  S
     17      1   2.3752416867614307D-01 8.1D-09 0.0D+00 1.4D-09 0.0D+00       22      169       22      220  S
     17      1   2.3752416867380555D-01 8.1D-09 0.0D+00 4.2D-12 0.0D+00       22      239       22      220  S
     17      1   2.3853718610697924D-01 7.5D-09 0.0D+00 1.5D-09 0.0D+00       22      178       22      220  S
     17      1   2.3755952548111517D-01 8.1D-09 0.0D+00 5.1D-10 0.0D+00       23      153       23      230  S
     17      1   2.3752416867816062D-01 8.1D-09 0.0D+00 2.2D-08 0.0D+00       23      170       24      232  S
     17      1   2.3853718610462432D-01 7.5D-09 0.0D+00 2.3D-10 0.0D+00       22      216       22      220  S
     17      1   2.3667383621213489D-01 6.6D-09 0.0D+00 4.9D-08 0.0D+00       23      191       23      230  S
     17      1   2.3756722998603752D-01 7.1D-09 0.0D+00 1.1D-09 0.0D+00       22      160       22      220  S
     17      1   2.3755952551886417D-01 8.1D-09 0.0D+00 5.3D-08 0.0D+00       23      169       24      231  S
     17      1   2.3752416867869930D-01 8.1D-09 0.0D+00 1.2D-09 0.0D+00       22      174       22      220  S
     17      1   2.3853718141559735D-01 7.5D-09 0.0D+00 9.1D-08 0.0D+00       23      171       23      230  S
     17      1   2.3755952551652401D-01 8.1D-09 0.0D+00 2.5D-08 0.0D+00       23      153       23      230  S
     17      1   2.3752416867415310D-01 8.1D-09 0.0D+00 1.4D-09 0.0D+00       22      174       22      220  S
     17      1   2.3667383624737140D-01 6.6D-09 0.0D+00 8.4D-10 0.0D+00       22      163       22      220  S
     17      1   2.3853718610406693D-01 7.5D-09 0.0D+00 2.3D-09 0.0D+00       22      173       22      220  S
     17      1   2.3752416867210985D-01 8.1D-09 0.0D+00 6.9D-08 0.0D+00       22      170       22      220  S
     17      1   2.3755953949655426D-01 8.1D-09 0.0D+00 1.5D-09 0.0D+00       22      161       22      220  S
     17      1   2.3752416867375822D-01 8.1D-09 0.0D+00 8.3D-09 0.0D+00       22      158       22      220  S
     17      1   2.3755953947941730D-01 8.1D-09 0.0D+00 6.5D-08 0.0D+00       23      177       24      232  S
     17      1   2.3752416867687365D-01 8.1D-09 0.0D+00 5.1D-08 0.0D+00       23      172       23      230  S
     17      1   2.3752416868076767D-01 8.1D-09 0.0D+00 2.6D-10 0.0D+00       22      152       22      220  S
     17      1   2.3853718056552672D-01 7.5D-09 0.0D+00 8.4D-08 0.0D+00       23      195       24      231  S
     17      1   2.3853718109587421D-01 7.5D-09 0.0D+00 8.7D-08 0.0D+00       23      154       23      230  S
     17      1   2.3853718141476318D-01 7.5D-09 0.0D+00 5.7D-09 0.0D+00       22      158       22      220  S
     17      1   2.3853718444967856D-01 7.5D-09 0.0D+00 9.3D-10 0.0D+00       22      163       22      220  S
     17      1   2.3755952551517640D-01 8.1D-09 0.0D+00 1.6D-08 0.0D+00       23      172       23      230  S
     17      1   2.3755953949006187D-01 8.1D-09 0.0D+00 2.3D-10 0.0D+00       22      160       22      220  S
     17      1   2.3756722998559165D-01 7.1D-09 0.0D+00 5.3D-08 0.0D+00       23      176       23      230  S
     17      1   2.3755953947895692D-01 8.1D-09 0.0D+00 5.1D-08 0.0D+00       23      160       23      230  S
     17      1   2.3755952551626144D-01 8.1D-09 0.0D+00 9.3D-10 0.0D+00       22      158       22      220  S
     17      1   2.3755953948592085D-01 8.1D-09 0.0D+00 4.4D-09 0.0D+00       22      175       22      220  S
     17      1   2.3667383624770744D-01 6.6D-09 0.0D+00 5.2D-10 0.0D+00       22      171       22      220  S
     17      1   2.1628506398806038D-01 9.1D-09 0.0D+00 1.3D-09 0.0D+00       22      188       22      220  S
     17      1   2.3755953949337111D-01 8.1D-09 0.0D+00 9.8D-08 0.0D+00       23      196       24      232  S
     17      1   2.3752416867415788D-01 8.1D-09 0.0D+00 1.6D-08 0.0D+00       23      152       23      230  S
     17      1   2.3667383624504629D-01 6.6D-09 0.0D+00 1.2D-09 0.0D+00       22      151       22      220  S
     17      1   2.3755953949338240D-01 8.1D-09 0.0D+00 9.0D-09 0.0D+00       22      188       22      220  S
     17      1   2.3755953951553821D-01 8.1D-09 0.0D+00 6.4D-08 0.0D+00       23      188       23      230  S
     17      1   2.3853718141464086D-01 7.5D-09 0.0D+00 1.2D-09 0.0D+00       22      141       22      220  S
     17      1   2.3667383510549048D-01 6.6D-09 0.0D+00 5.0D-08 0.0D+00       23      182       24      231  S
     17      1   2.3752416867323811D-01 8.1D-09 0.0D+00 3.4D-08 0.0D+00       23      152       23      230  S
     17      1   2.3853718109948821D-01 7.5D-09 0.0D+00 5.7D-09 0.0D+00       22      143       22      220  S
     17      1   2.3667384067423655D-01 6.6D-09 0.0D+00 5.9D-08 0.0D+00       23      180       23      230  S
     17      1   2.3667383624746427D-01 6.6D-09 0.0D+00 4.8D-10 0.0D+00       22      147       22      220  S
     17      1   2.3667383619735341D-01 6.6D-09 0.0D+00 5.1D-08 0.0D+00       23      149       24      231  S
     17      1   2.3756722998589028D-01 7.1D-09 0.0D+00 5.5D-08 0.0D+00       23      193       23      230  S
     17      1   2.3756722998573010D-01 7.1D-09 0.0D+00 2.0D-09 0.0D+00       22      166       22      220  S
     17      1   2.3667383624416349D-01 6.6D-09 0.0D+00 2.7D-10 0.0D+00       22      174       22      220  S
     17      1   2.3853718444956548D-01 7.5D-09 0.0D+00 8.8D-10 0.0D+00       22      142       22      220  S
     17      1   2.3755952551549575D-01 8.1D-09 0.0D+00 2.6D-08 0.0D+00       23      183       24      231  S
     17      1   2.3752416827650089D-01 8.1D-09 0.0D+00 4.6D-08 0.0D+00       23      169       23      230  S
     17      1   2.3853718610059818D-01 7.5D-09 0.0D+00 9.0D-08 0.0D+00       23      186       23      230  S
     17      1   2.3667383624651608D-01 6.6D-09 0.0D+00 4.0D-09 0.0D+00       22      175       22      220  S
     17      1   2.3667383624719751D-01 6.6D-09 0.0D+00 7.2D-10 0.0D+00       22      159       22      220  S
     17      1   2.3853718607652644D-01 7.5D-09 0.0D+00 2.7D-09 0.0D+00       22      153       22      220  S
     17      1   2.3667383624397498D-01 6.6D-09 0.0D+00 3.8D-09 0.0D+00       22      172       22      220  S
     17      1   2.3853718141450700D-01 7.5D-09 0.0D+00 2.5D-09 0.0D+00       22      140       22      220  S
     17      1   2.3667383624364224D-01 6.6D-09 0.0D+00 3.5D-08 0.0D+00       23      149       23      230  S
     17      1   2.3756722998608595D-01 7.1D-09 0.0D+00 5.4D-08 0.0D+00       23      154       24      232  S
     17      1   2.3853718610531338D-01 7.5D-09 0.0D+00 9.9D-10 0.0D+00       22      190       22      220  S
     17      1   2.3853718610506608D-01 7.5D-09 0.0D+00 8.4D-10 0.0D+00       22      162       22      220  S
     17      1   2.3667383624451604D-01 6.6D-09 0.0D+00 1.3D-08 0.0D+00       23      182       23      230  S
     17      1   2.3667383624623078D-01 6.6D-09 0.0D+00 3.1D-08 0.0D+00       23      147       23      230  S
     17      1   2.1628506262670724D-01 9.1D-09 0.0D+00 3.5D-07 0.0D+00       23      187       23      230  S
     17      1   2.3755952551314491D-01 8.1D-09 0.0D+00 6.9D-08 0.0D+00       23      175       23      230  S
     17      1   2.3853718142199312D-01 7.5D-09 0.0D+00 2.6D-09 0.0D+00       22      156       22      220  S
     17      1   2.1623126536933968D-01 9.1D-09 0.0D+00 2.8D-09 0.0D+00       21      148       21      210  S
     17      1   2.3853718610397279D-01 7.5D-09 0.0D+00 1.6D-09 0.0D+00       22      158       22      220  S
     17      1   2.3752416867390228D-01 8.1D-09 0.0D+00 1.2D-09 0.0D+00       22      159       22      220  S
     17      1   2.3755953949497044D-01 8.1D-09 0.0D+00 1.7D-09 0.0D+00       22      144       22      220  S
     17      1   2.3752416867472961D-01 8.1D-09 0.0D+00 1.3D-09 0.0D+00       22      166       22      220  S
     17      1   2.3853718611043942D-01 7.5D-09 0.0D+00 3.5D-10 0.0D+00       22      161       22      220  S
     17      1   2.3752416867645765D-01 8.1D-09 0.0D+00 5.5D-10 0.0D+00       22      179       22      220  S
     17      1   2.4255262484317552D-01 7.9D-08 0.0D+00 1.0D+00 0.0D+00       25      132       26      260  S
     17      1   2.3752415436276744D-01 8.1D-09 0.0D+00 5.4D-08 0.0D+00       23      221       24      232  S
     17      1   2.3756722722917070D-01 7.1D-09 0.0D+00 5.7D-08 0.0D+00       24      168       24      240  S
     17      1   2.3667383624246416D-01 6.6D-09 0.0D+00 6.6D-08 0.0D+00       23      146       24      231  S
     17      1   2.3755952552072573D-01 8.1D-09 0.0D+00 1.7D-09 0.0D+00       22      145       22      220  S
     17      1   2.3853717835640417D-01 7.5D-09 0.0D+00 2.2D-09 0.0D+00       22      148       22      220  S
     17      1   2.3853718610511160D-01 7.5D-09 0.0D+00 9.0D-09 0.0D+00       22      176       22      220  S
     17      1   2.3755953949171205D-01 8.1D-09 0.0D+00 6.8D-10 0.0D+00       22      165       22      220  S
     17      1   2.3752416867571402D-01 8.1D-09 0.0D+00 7.4D-10 0.0D+00       22      157       22      220  S
     17      1   2.2139339710485598D-01 7.1D-09 0.0D+00 6.3D-09 0.0D+00       21      171       21      210  S
     17      1   2.3752416867377735D-01 8.1D-09 0.0D+00 1.6D-09 0.0D+00       22      165       22      220  S
     17      1   2.3752416867128473D-01 8.1D-09 0.0D+00 2.5D-09 0.0D+00       22      188       22      220  S
     17      1   2.3667383624401983D-01 6.6D-09 0.0D+00 4.8D-08 0.0D+00       23      178       23      230  S
     17      1   2.3853718109842539D-01 7.5D-09 0.0D+00 2.8D-08 0.0D+00       23      172       23      230  S
     17      1   2.3853718610950292D-01 7.5D-09 0.0D+00 2.6D-09 0.0D+00       22      167       22      220  S
     17      1   2.3752416867468579D-01 8.1D-09 0.0D+00 1.0D-08 0.0D+00       23      199       23      230  S
     17      1   2.3752416867554038D-01 8.1D-09 0.0D+00 6.1D-08 0.0D+00       23      163       24      232  S
     17      1   2.3755953949139766D-01 8.1D-09 0.0D+00 7.0D-08 0.0D+00       23      180       23      230  S
     17      1   2.3756722999068791D-01 7.1D-09 0.0D+00 2.7D-10 0.0D+00       22      144       22      220  S
     17      1   2.3853718610515590D-01 7.5D-09 0.0D+00 7.9D-10 0.0D+00       22      168       22      220  S
     17      1   2.3853718444867361D-01 7.5D-09 0.0D+00 4.2D-08 0.0D+00       23      164       23      230  S
     17      1   2.3755952551598966D-01 8.1D-09 0.0D+00 1.2D-09 0.0D+00       22      161       22      220  S
     17      1   2.3755953949022146D-01 8.1D-09 0.0D+00 1.9D-09 0.0D+00       22      183       22      220  S
     17      1   2.0569037933690415D-01 8.2D-09 0.0D+00 7.8D-09 0.0D+00       21      144       21      210  S
     17      1   2.3853718610768460D-01 7.5D-09 0.0D+00 1.9D-09 0.0D+00       22      161       22      220  S
     17      1   2.1628506126159119D-01 9.1D-09 0.0D+00 1.3D-08 0.0D+00       22      170       22      220  S
     17      1   2.3667383624405233D-01 6.6D-09 0.0D+00 1.6D-09 0.0D+00       22      169       22      220  S
     17      1   2.3755952551370887D-01 8.1D-09 0.0D+00 7.0D-08 0.0D+00       23      151       23      230  S
     17      1   2.3752416867677681D-01 8.1D-09 0.0D+00 5.4D-08 0.0D+00       23      196       23      230  S
     17      1   2.3853718141421543D-01 7.5D-09 0.0D+00 1.4D-09 0.0D+00       22      143       22      220  S
     17      1   2.3853718141270236D-01 7.5D-09 0.0D+00 9.2D-08 0.0D+00       23      158       24      232  S
     17      1   2.2206533869994188D-01 7.1D-09 0.0D+00 9.9D-09 0.0D+00       21      176       21      210  S
     17      1   2.3752416867414453D-01 8.1D-09 0.0D+00 2.0D-09 0.0D+00       22      177       22      220  S
     17      1   2.3755953949227862D-01 8.1D-09 0.0D+00 6.5D-10 0.0D+00       22      153       22      220  S
     17      1   2.3752416867125228D-01 8.1D-09 0.0D+00 3.2D-08 0.0D+00       24      239       24      240  S
     17      1   2.3755953949005132D-01 8.1D-09 0.0D+00 6.7D-10 0.0D+00       22      156       22      220  S
     17      1   2.3667383624427732D-01 6.6D-09 0.0D+00 9.7D-10 0.0D+00       22      156       22      220  S
     17      1   2.3752416860872330D-01 8.1D-09 0.0D+00 1.1D-09 0.0D+00       22      167       22      220  S
     17      1   2.3752416868074364D-01 8.1D-09 0.0D+00 1.5D-09 0.0D+00       21      147       21      210  S
     17      1   2.3755953949444858D-01 8.1D-09 0.0D+00 4.5D-08 0.0D+00       23      152       23      230  S
     17      1   2.3756722998584948D-01 7.1D-09 0.0D+00 7.4D-11 0.0D+00       22      160       22      220  S
     17      1   2.3667383624434776D-01 6.6D-09 0.0D+00 1.3D-09 0.0D+00       22      140       22      220  S
     17      1   2.1628506085357241D-01 9.1D-09 0.0D+00 2.9D-07 0.0D+00       22      174       22      220  S
     17      1   2.3752416828116368D-01 8.1D-09 0.0D+00 5.2D-10 0.0D+00       22      189       22      220  S
     17      1   2.3853718610792146D-01 7.5D-09 0.0D+00 3.9D-09 0.0D+00       22      144       22      220  S
     17      1   2.3667383624514310D-01 6.6D-09 0.0D+00 3.0D-09 0.0D+00       22      157       22      220  S
     17      1   2.3853718027631460D-01 7.5D-09 0.0D+00 2.1D-09 0.0D+00       23      141       23      230  S
     17      1   2.3755953948918027D-01 8.1D-09 0.0D+00 3.5D-08 0.0D+00       23      154       24      232  S
     17      1   2.3756722998603183D-01 7.1D-09 0.0D+00 3.4D-09 0.0D+00       22      166       22      220  S
     17      1   2.3853718445062588D-01 7.5D-09 0.0D+00 3.5D-09 0.0D+00       22      154       22      220  S
     17      1   2.3853718610142099D-01 7.5D-09 0.0D+00 7.7D-08 0.0D+00       23      191       24      232  S
     17      1   2.3755953948846076D-01 8.1D-09 0.0D+00 3.1D-08 0.0D+00       23      159       24      232  S
     17      1   2.3755953948952607D-01 8.1D-09 0.0D+00 9.4D-09 0.0D+00       22      159       22      220  S
     17      1   2.3756722998654334D-01 7.1D-09 0.0D+00 6.0D-08 0.0D+00       23      205       24      232  S
     17      1   2.3756722998899646D-01 7.1D-09 0.0D+00 1.8D-05 0.0D+00       24      262       24      240  S
     17      1   2.3853718610425678D-01 7.5D-09 0.0D+00 1.5D-09 0.0D+00       22      154       22      220  S
     17      1   2.3667383624499447D-01 6.6D-09 0.0D+00 2.3D-09 0.0D+00       22      168       22      220  S
     17      1   2.3853718610452060D-01 7.5D-09 0.0D+00 5.0D-10 0.0D+00       22      155       22      220  S
     17      1   2.3853718141872077D-01 7.5D-09 0.0D+00 7.1D-10 0.0D+00       22      162       22      220  S
     17      1   2.3752416867794557D-01 8.1D-09 0.0D+00 1.3D-09 0.0D+00       22      164       22      220  S
     17      1   2.3752416867253681D-01 8.1D-09 0.0D+00 3.4D-08 0.0D+00       23      177       24      231  S
     17      1   2.3756722998665686D-01 7.1D-09 0.0D+00 2.3D-06 0.0D+00       23      261       24      232  S
     17      1   2.3667383624738295D-01 6.6D-09 0.0D+00 6.6D-11 0.0D+00       22      196       22      220  S
     17      1   2.3755953948918024D-01 8.1D-09 0.0D+00 5.3D-08 0.0D+00       23      166       24      232  S
     17      1   2.3755952551640808D-01 8.1D-09 0.0D+00 8.9D-11 0.0D+00       22      165       22      220  S
     17      1   2.3755952551614060D-01 8.1D-09 0.0D+00 3.5D-08 0.0D+00       23      159       23      230  S
     17      1   2.3667383624619079D-01 6.6D-09 0.0D+00 6.0D-10 0.0D+00       22      149       22      220  S
     17      1   2.3667383624613911D-01 6.6D-09 0.0D+00 8.2D-10 0.0D+00       22      147       22      220  S
     17      1   2.3752416867081588D-01 8.1D-09 0.0D+00 7.0D-08 0.0D+00       23      200       23      230  S
     17      1   2.3755953949014327D-01 8.1D-09 0.0D+00 1.1D-09 0.0D+00       22      169       22      220  S
     17      1   2.3853718141175770D-01 7.5D-09 0.0D+00 8.8D-08 0.0D+00       23      169       24      231  S
     17      1   2.3755952551896356D-01 8.1D-09 0.0D+00 3.3D-08 0.0D+00       23      158       23      230  S
     17      1   2.3752416867448797D-01 8.1D-09 0.0D+00 1.4D-09 0.0D+00       22      143       22      220  S
     17      1   2.3853718141186875D-01 7.5D-09 0.0D+00 8.6D-08 0.0D+00       23      161       24      231  S
     17      1   2.3755953948874298D-01 8.1D-09 0.0D+00 2.3D-08 0.0D+00       23      140       23      230  S
     17      1   2.3752416867297690D-01 8.1D-09 0.0D+00 2.1D-08 0.0D+00       23      159       24      232  S
     17      1   2.3667383624605662D-01 6.6D-09 0.0D+00 6.9D-08 0.0D+00       23      142       23      230  S
     17      1   2.3755952551737983D-01 8.1D-09 0.0D+00 7.1D-10 0.0D+00       23      179       23      230  S
     17      1   2.3756722998082533D-01 7.1D-09 0.0D+00 6.5D-08 0.0D+00       23      198       24      232  S
     17      1   2.3853718609310487D-01 7.5D-09 0.0D+00 8.2D-08 0.0D+00       23      168       24      232  S
     17      1   2.3667383609681372D-01 6.6D-09 0.0D+00 3.3D-08 0.0D+00       23      179       23      230  S
     17      1   2.3667383624772595D-01 6.6D-09 0.0D+00 5.6D-10 0.0D+00       22      163       22      220  S
     17      1   2.3752416867967927D-01 8.1D-09 0.0D+00 1.3D-09 0.0D+00       22      147       22      220  S
     17      1   2.3667383624599797D-01 6.6D-09 0.0D+00 4.1D-09 0.0D+00       22      172       22      220  S
     17      1   2.3755952552135973D-01 8.1D-09 0.0D+00 1.5D-09 0.0D+00       22      156       22      220  S
     17      1   2.3853718445654226D-01 7.5D-09 0.0D+00 2.6D-10 0.0D+00       23      174       23      230  S
     17      1   2.3752416868060416D-01 8.1D-09 0.0D+00 1.2D-09 0.0D+00       22      163       22      220  S
     17      1   2.1628506173868581D-01 9.1D-09 0.0D+00 3.5D-09 0.0D+00       21      169       21      210  S
     17      1   2.3752415436487836D-01 8.1D-09 0.0D+00 7.8D-10 0.0D+00       22      153       22      220  S
     17      1   2.1623128475540676D-01 9.1D-09 0.0D+00 2.9D-07 0.0D+00       23      204       23      230  S
     17      1   2.3667383624558147D-01 6.6D-09 0.0D+00 8.1D-10 0.0D+00       22      153       22      220  S
     17      1   2.3853718610451016D-01 7.5D-09 0.0D+00 6.4D-11 0.0D+00       22      178       22      220  S
     17      1   2.3752415436172566D-01 8.1D-09 0.0D+00 1.6D-09 0.0D+00       23      178       23      230  S
     17      1   2.3853718610143929D-01 7.5D-09 0.0D+00 8.2D-08 0.0D+00       23      166       23      230  S
     17      1   2.3756722998667501D-01 7.1D-09 0.0D+00 5.8D-08 0.0D+00       23      167       24      232  S
     17      1   2.3853718609520783D-01 7.5D-09 0.0D+00 4.3D-08 0.0D+00       23      180       23      230  S
     17      1   2.3752416867274662D-01 8.1D-09 0.0D+00 6.0D-08 0.0D+00       23      193       23      230  S
     17      1   2.3755953942534333D-01 8.1D-09 0.0D+00 1.7D-09 0.0D+00       21      152       21      210  S
     17      1   2.3755953949245293D-01 8.1D-09 0.0D+00 6.4D-10 0.0D+00       22      152       22      220  S
     17      1   2.1587651524002038D-01 9.1D-09 0.0D+00 6.6D-10 0.0D+00       21      180       21      210  S
     17      1   2.3755953949174002D-01 8.1D-09 0.0D+00 2.9D-10 0.0D+00       22      185       22      220  S
     17      1   2.3755953948570413D-01 8.1D-09 0.0D+00 7.0D-08 0.0D+00       23      204       23      230  S
     17      1   2.3853718445468183D-01 7.5D-09 0.0D+00 1.8D-09 0.0D+00       21      163       21      210  S
     17      1   2.3853718109688807D-01 7.5D-09 0.0D+00 6.2D-08 0.0D+00       23      154       23      230  S
     17      1   2.3752416867941886D-01 8.1D-09 0.0D+00 3.4D-09 0.0D+00       22      152       22      220  S
     17      1   2.3755952551490742D-01 8.1D-09 0.0D+00 6.7D-08 0.0D+00       23      153       23      230  S
     17      1   2.3667383624751953D-01 6.6D-09 0.0D+00 1.4D-09 0.0D+00       22      155       22      220  S
     17      1   2.3755953949103412D-01 8.1D-09 0.0D+00 1.2D-09 0.0D+00       22      173       22      220  S
     17      1   2.3755953949372252D-01 8.1D-09 0.0D+00 3.4D-10 0.0D+00       22      155       22      220  S
     17      1   2.3755953949124278D-01 8.1D-09 0.0D+00 9.6D-10 0.0D+00       21      150       21      210  S
     17      1   2.3667383623568625D-01 6.6D-09 0.0D+00 4.2D-09 0.0D+00       20      155       20      200  S
     17      1   2.3752416867956566D-01 8.1D-09 0.0D+00 2.6D-10 0.0D+00       22      146       22      220  S
     17      1   2.3667383624434227D-01 6.6D-09 0.0D+00 5.0D-09 0.0D+00       22      173       22      220  S
     17      1   2.3755953948986999D-01 8.1D-09 0.0D+00 8.3D-10 0.0D+00       22      215       22      220  S
     17      1   2.3755952552098930D-01 8.1D-09 0.0D+00 1.3D-10 0.0D+00       22      158       22      220  S
     17      1   2.3755953949008812D-01 8.1D-09 0.0D+00 1.4D-09 0.0D+00       22      162       22      220  S
     17      1   2.3853717835044477D-01 7.5D-09 0.0D+00 4.9D-09 0.0D+00       22      145       22      220  S
     17      1   2.3755952552106258D-01 8.1D-09 0.0D+00 1.5D-09 0.0D+00       22      173       22      220  S
     17      1   2.3755952551688153D-01 8.1D-09 0.0D+00 5.4D-10 0.0D+00       22      144       22      220  S
     17      1   2.3667383624566085D-01 6.6D-09 0.0D+00 2.3D-09 0.0D+00       22      191       22      220  S
     17      1   2.3853718610464716D-01 7.5D-09 0.0D+00 7.2D-09 0.0D+00       22      160       22      220  S
     17      1   2.3755953948724079D-01 8.1D-09 0.0D+00 5.2D-08 0.0D+00       23      178       23      230  S
     17      1   2.3853718582315608D-01 7.5D-09 0.0D+00 3.2D-09 0.0D+00       22      172       22      220  S
     17      1   2.3853718141312341D-01 7.5D-09 0.0D+00 9.2D-08 0.0D+00       23      194       24      231  S
     17      1   2.3752416867271706D-01 8.1D-09 0.0D+00 5.2D-08 0.0D+00       23      199       23      230  S
     17      1   2.3667383624253921D-01 6.6D-09 0.0D+00 6.5D-08 0.0D+00       23      180       23      230  S
     17      1   2.3755953404278135D-01 8.1D-09 0.0D+00 1.8D-09 0.0D+00       22      205       22      220  S
     17      1   2.3667383624500016D-01 6.6D-09 0.0D+00 2.0D-09 0.0D+00       22      171       22      220  S
     17      1   2.3755952551611922D-01 8.1D-09 0.0D+00 3.4D-09 0.0D+00       22      136       22      220  S
     17      1   2.3667383624392829D-01 6.6D-09 0.0D+00 2.3D-09 0.0D+00       22      135       22      220  S
     17      1   2.3853718610947924D-01 7.5D-09 0.0D+00 3.5D-09 0.0D+00       22      151       22      220  S
     17      1   2.0452600266164206D-01 6.9D-09 0.0D+00 7.0D-09 0.0D+00       22      143       22      220  S
     17      1   2.3853718610434985D-01 7.5D-09 0.0D+00 3.0D-09 0.0D+00       22      148       22      220  S
     17      1   2.3752416867166865D-01 8.1D-09 0.0D+00 6.8D-08 0.0D+00       23      184       23      230  S
     17      1   2.3667383624570543D-01 6.6D-09 0.0D+00 6.8D-08 0.0D+00       23      188       23      230  S
     17      1   2.3667383624537291D-01 6.6D-09 0.0D+00 2.9D-09 0.0D+00       22      167       22      220  S
     17      1   2.3667383624315538D-01 6.6D-09 0.0D+00 6.6D-08 0.0D+00       23      133       23      230  S
     17      1   2.3853718110242716D-01 7.5D-09 0.0D+00 4.9D-08 0.0D+00       24      171       24      240  S
     17      1   2.3853718610971555D-01 7.5D-09 0.0D+00 1.5D-09 0.0D+00       22      158       22      220  S
     17      1   2.3667383624608423D-01 6.6D-09 0.0D+00 4.4D-08 0.0D+00       23      175       24      232  S
     17      1   2.3755953949077163D-01 8.1D-09 0.0D+00 4.5D-10 0.0D+00       22      159       22      220  S
     17      1   2.3752416867168205D-01 8.1D-09 0.0D+00 5.4D-08 0.0D+00       23      162       23      230  S
     17      1   2.3853718109524960D-01 7.5D-09 0.0D+00 8.7D-08 0.0D+00       23      157       23      230  S
     17      1   2.3853718610332572D-01 7.5D-09 0.0D+00 4.3D-08 0.0D+00       23      173       24      232  S
     17      1   2.3756722998901383D-01 7.1D-09 0.0D+00 1.6D-08 0.0D+00       23      179       24      232  S
     17      1   2.3667383624609201D-01 6.6D-09 0.0D+00 2.0D-09 0.0D+00       22      158       22      220  S
     17      1   2.3635837865295684D-01 5.1D-07 0.0D+00 9.5D-03 0.0D+00       26      172       27      270  S
     17      1   2.3667383624753316D-01 6.6D-09 0.0D+00 2.2D-09 0.0D+00       22      161       22      220  S
     17      1   2.3755953948855676D-01 8.1D-09 0.0D+00 5.9D-08 0.0D+00       23      173       24      232  S
     17      1   2.3853718610248478D-01 7.5D-09 0.0D+00 4.1D-08 0.0D+00       23      183       23      230  S
     17      1   2.3853718610634470D-01 7.5D-09 0.0D+00 4.6D-09 0.0D+00       22      187       22      220  S
     17      1   2.3755953949373565D-01 8.1D-09 0.0D+00 3.4D-08 0.0D+00       23      149       23      230  S
     17      1   2.3755953949070485D-01 8.1D-09 0.0D+00 3.6D-10 0.0D+00       22      169       22      220  S
     17      1   2.3756722722918205D-01 7.1D-09 0.0D+00 6.2D-08 0.0D+00       24      156       24      240  S
     17      1   2.3752416867211590D-01 8.1D-09 0.0D+00 4.0D-08 0.0D+00       23      173       23      230  S
     17      1   2.3755952551812648D-01 8.1D-09 0.0D+00 1.5D-09 0.0D+00       22      154       22      220  S
     17      1   2.3755952552161569D-01 8.1D-09 0.0D+00 2.5D-08 0.0D+00       23      159       23      230  S
     17      1   2.3755953949119729D-01 8.1D-09 0.0D+00 1.9D-09 0.0D+00       22      169       22      220  S
     17      1   2.3853718141652153D-01 7.5D-09 0.0D+00 3.3D-09 0.0D+00       22      151       22      220  S
     17      1   2.3667383624472915D-01 6.6D-09 0.0D+00 2.4D-09 0.0D+00       22      148       22      220  S
     17      1   2.3755953949136221D-01 8.1D-09 0.0D+00 1.1D-09 0.0D+00       22      228       22      220  S
     17      1   2.3667383624385518D-01 6.6D-09 0.0D+00 5.0D-09 0.0D+00       22      135       22      220  S
     17      1   2.3756722998776597D-01 7.1D-09 0.0D+00 6.3D-08 0.0D+00       23      159       23      230  S
     17      1   2.3853718444915095D-01 7.5D-09 0.0D+00 5.6D-10 0.0D+00       22      158       22      220  S
     17      1   2.3667383624578067D-01 6.6D-09 0.0D+00 1.3D-10 0.0D+00       22      178       22      220  S
     17      1   2.3752416867892745D-01 8.1D-09 0.0D+00 1.9D-09 0.0D+00       22      197       22      220  S
     17      1   2.3755953948862318D-01 8.1D-09 0.0D+00 3.5D-08 0.0D+00       23      174       23      230  S
     17      1   2.3755953949075462D-01 8.1D-09 0.0D+00 6.7D-10 0.0D+00       22      146       22      220  S
     17      1   2.3755953948778052D-01 8.1D-09 0.0D+00 5.2D-08 0.0D+00       23      152       23      230  S
     17      1   2.3667383624385907D-01 6.6D-09 0.0D+00 6.5D-10 0.0D+00       22      168       22      220  S
     17      1   2.3752416867252049D-01 8.1D-09 0.0D+00 5.6D-08 0.0D+00       23      158       23      230  S
     17      1   2.3853718610400204D-01 7.5D-09 0.0D+00 2.2D-08 0.0D+00       23      195       23      230  S
     17      1   2.3752415436980548D-01 8.1D-09 0.0D+00 4.9D-10 0.0D+00       22      160       22      220  S
     17      1   2.3853718445204622D-01 7.5D-09 0.0D+00 8.7D-08 0.0D+00       23      162       23      230  S
     17      1   2.3755953949135147D-01 8.1D-09 0.0D+00 7.2D-10 0.0D+00       22      158       22      220  S
     17      1   2.3756722999010782D-01 7.1D-09 0.0D+00 5.1D-09 0.0D+00       22      162       22      220  S
     17      1   2.3752416866574808D-01 8.1D-09 0.0D+00 7.2D-10 0.0D+00       22      158       22      220  S
     17      1   2.3853718141455180D-01 7.5D-09 0.0D+00 3.0D-09 0.0D+00       22      153       22      220  S
     17      1   2.1623128493024432D-01 9.1D-09 0.0D+00 6.5D-11 0.0D+00       22      171       22      220  S
     17      1   2.3667383624729726D-01 6.6D-09 0.0D+00 9.9D-09 0.0D+00       22      167       22      220  S
     17      1   2.3667383624538299D-01 6.6D-09 0.0D+00 1.4D-09 0.0D+00       22      186       22      220  S
     17      1   2.3752416867402532D-01 8.1D-09 0.0D+00 8.9D-10 0.0D+00       22      144       22      220  S
     17      1   2.3853718445488681D-01 7.5D-09 0.0D+00 3.6D-09 0.0D+00       22      174       22      220  S
     17      1   2.3752416867441897D-01 8.1D-09 0.0D+00 1.4D-09 0.0D+00       22      149       22      220  S
     17      1   2.3755953949542380D-01 8.1D-09 0.0D+00 1.3D-09 0.0D+00       22      171       22      220  S
     17      1   2.3853718056239695D-01 7.5D-09 0.0D+00 4.5D-08 0.0D+00       24      159       24      240  S
     17      1   2.3853718141280014D-01 7.5D-09 0.0D+00 4.2D-08 0.0D+00       23      158       23      230  S
     17      1   2.3752416867421872D-01 8.1D-09 0.0D+00 1.4D-09 0.0D+00       22      182       22      220  S
     17      1   2.3853718110091585D-01 7.5D-09 0.0D+00 5.3D-09 0.0D+00       22      140       22      220  S
     17      1   2.3853718445545008D-01 7.5D-09 0.0D+00 1.0D-09 0.0D+00       22      157       22      220  S
     17      1   2.3755952552154050D-01 8.1D-09 0.0D+00 3.9D-09 0.0D+00       22      150       22      220  S
     17      1   2.3853718610313535D-01 7.5D-09 0.0D+00 8.8D-08 0.0D+00       23      166       23      230  S
     17      1   2.3853718445451483D-01 7.5D-09 0.0D+00 1.8D-09 0.0D+00       22      182       22      220  S
     17      1   2.3667383624423488D-01 6.6D-09 0.0D+00 5.5D-08 0.0D+00       23      158       24      232  S
     17      1   2.3667383624766392D-01 6.6D-09 0.0D+00 8.3D-10 0.0D+00       22      151       22      220  S
     17      1   2.3667383624524813D-01 6.6D-09 0.0D+00 6.3D-08 0.0D+00       23      185       23      230  S
     17      1   2.3667383624435209D-01 6.6D-09 0.0D+00 2.2D-09 0.0D+00       22      178       22      220  S
     17      1   2.3853718141484126D-01 7.5D-09 0.0D+00 3.2D-09 0.0D+00       22      154       22      220  S
     17      1   2.3705117961007915D-01 5.8D-07 0.0D+00 7.3D-03 0.0D+00       24      131       25      250  S
     17      1   2.1525747595646483D-01 9.1D-09 0.0D+00 2.3D-09 0.0D+00       20      175       20      200  S
     17      1   2.3755953949014186D-01 8.1D-09 0.0D+00 1.3D-09 0.0D+00       22      174       22      220  S
     17      1   2.3853718610415978D-01 7.5D-09 0.0D+00 2.1D-09 0.0D+00       22      160       22      220  S
     17      1   2.3755953949010342D-01 8.1D-09 0.0D+00 8.2D-10 0.0D+00       22      139       22      220  S
     17      1   2.3755953949230968D-01 8.1D-09 0.0D+00 3.5D-09 0.0D+00       23      147       23      230  S
     17      1   2.3755952551432438D-01 8.1D-09 0.0D+00 3.3D-08 0.0D+00       23      166       23      230  S
     17      1   2.3755953948974207D-01 8.1D-09 0.0D+00 6.8D-08 0.0D+00       23      171       24      231  S
     17      1   2.3752416894028869D-01 8.1D-09 0.0D+00 7.0D-08 0.0D+00       23      174       23      230  S
     17      1   2.3853718445242370D-01 7.5D-09 0.0D+00 4.2D-08 0.0D+00       23      187       23      230  S
     17      1   2.3667383624381885D-01 6.6D-09 0.0D+00 2.5D-08 0.0D+00       23      189       24      232  S
     17      1   2.3667383624409746D-01 6.6D-09 0.0D+00 2.8D-09 0.0D+00       22      148       22      220  S
     17      1   2.3755953949050557D-01 8.1D-09 0.0D+00 7.1D-08 0.0D+00       23      228       23      230  S
     17      1   2.3853717834802241D-01 7.5D-09 0.0D+00 8.9D-08 0.0D+00       24      141       24      240  S
     17      1   2.3667383624732080D-01 6.6D-09 0.0D+00 5.2D-08 0.0D+00       23      165       23      230  S
     17      1   2.3853718141816166D-01 7.5D-09 0.0D+00 4.2D-08 0.0D+00       23      176       23      230  S
     17      1   2.3755953948809927D-01 8.1D-09 0.0D+00 7.0D-08 0.0D+00       23      169       24      231  S
     17      1   2.3752416867417209D-01 8.1D-09 0.0D+00 1.2D-09 0.0D+00       22      171       22      220  S
     17      1   2.3756722998682547D-01 7.1D-09 0.0D+00 6.0D-08 0.0D+00       23      172       24      232  S
     17      1   2.3756722998665500D-01 7.1D-09 0.0D+00 8.1D-10 0.0D+00       22      177       22      220  S
     17      1   2.3755953948924718D-01 8.1D-09 0.0D+00 2.8D-08 0.0D+00       23      164       24      232  S
     17      1   2.3667383623904165D-01 6.6D-09 0.0D+00 6.6D-08 0.0D+00       23      179       23      230  S
     17      1   2.3752416866250842D-01 8.1D-09 0.0D+00 2.6D-08 0.0D+00       23      175       23      230  S
     17      1   2.3752416867542941D-01 8.1D-09 0.0D+00 6.8D-08 0.0D+00       23      160       24      232  S
     17      1   2.3853718610769484D-01 7.5D-09 0.0D+00 6.5D-08 0.0D+00       23      183       24      231  S
     17      1   2.3752416867127202D-01 8.1D-09 0.0D+00 1.2D-09 0.0D+00       22      154       22      220  S
     17      1   2.3755953948838560D-01 8.1D-09 0.0D+00 1.6D-09 0.0D+00       23      157       23      230  S
     17      1   2.3756722998622326D-01 7.1D-09 0.0D+00 4.5D-10 0.0D+00       22      148       22      220  S
     17      1   2.3755952551712411D-01 8.1D-09 0.0D+00 5.2D-08 0.0D+00       22      161       22      220  S
     17      1   2.3755952551546902D-01 8.1D-09 0.0D+00 2.1D-09 0.0D+00       22      130       22      220  S
     17      1   2.3853718141410846D-01 7.5D-09 0.0D+00 1.3D-09 0.0D+00       22      142       22      220  S
     17      1   2.3755953947574751D-01 8.1D-09 0.0D+00 6.2D-08 0.0D+00       23      171       24      231  S
     17      1   2.3752416867514672D-01 8.1D-09 0.0D+00 1.5D-09 0.0D+00       22      159       22      220  S
     17      1   2.3755952551598572D-01 8.1D-09 0.0D+00 5.3D-08 0.0D+00       23      178       23      230  S
     17      1   2.3752416864262596D-01 8.1D-09 0.0D+00 4.1D-11 0.0D+00       22      177       22      220  S
     17      1   2.3755953949008854D-01 8.1D-09 0.0D+00 1.6D-09 0.0D+00       22      156       22      220  S
     17      1   2.3667383624387039D-01 6.6D-09 0.0D+00 3.0D-09 0.0D+00       22      177       22      220  S
     17      1   2.3756722998942914D-01 7.1D-09 0.0D+00 1.9D-09 0.0D+00       22      153       22      220  S
     17      1   2.3755952551607884D-01 8.1D-09 0.0D+00 6.1D-08 0.0D+00       23      173       24      231  S
     17      1   2.3667383624450622D-01 6.6D-09 0.0D+00 6.2D-10 0.0D+00       22      141       22      220  S
     17      1   2.3756722998693311D-01 7.1D-09 0.0D+00 7.7D-10 0.0D+00       22      150       22      220  S
     17      1   2.3853718607522154D-01 7.5D-09 0.0D+00 5.1D-09 0.0D+00       22      171       22      220  S
     17      1   2.3752416867322682D-01 8.1D-09 0.0D+00 3.5D-08 0.0D+00       23      215       24      232  S
     17      1   2.3755952551493148D-01 8.1D-09 0.0D+00 3.6D-09 0.0D+00       23      189       23      230  S
     17      1   2.3853718444737906D-01 7.5D-09 0.0D+00 9.0D-08 0.0D+00       23      151       23      230  S
     17      1   2.3853718610549890D-01 7.5D-09 0.0D+00 8.6D-08 0.0D+00       23      181       23      230  S
     17      1   2.3853718610422792D-01 7.5D-09 0.0D+00 8.9D-09 0.0D+00       22      168       22      220  S
     17      1   2.3755953948140360D-01 8.1D-09 0.0D+00 1.5D-09 0.0D+00       22      198       22      220  S
     17      1   2.3853718610443178D-01 7.5D-09 0.0D+00 4.4D-09 0.0D+00       22      166       22      220  S
     17      1   2.3853718610408581D-01 7.5D-09 0.0D+00 1.7D-09 0.0D+00       22      160       22      220  S
     17      1   2.3756722998633001D-01 7.1D-09 0.0D+00 4.7D-10 0.0D+00       22      143       22      220  S
     17      1   2.3667383624780583D-01 6.6D-09 0.0D+00 1.5D-09 0.0D+00       22      181       22      220  S
     17      1   2.3756722998611532D-01 7.1D-09 0.0D+00 3.7D-09 0.0D+00       22      144       22      220  S
     17      1   2.3853718442320496D-01 7.5D-09 0.0D+00 4.4D-09 0.0D+00       23      159       23      230  S
     17      1   2.3752416867606868D-01 8.1D-09 0.0D+00 5.3D-09 0.0D+00       22      267       22      220  S
     17      1   2.3667383624295693D-01 6.6D-09 0.0D+00 6.4D-08 0.0D+00       23      168       23      230  S
     17      1   2.3755953949243863D-01 8.1D-09 0.0D+00 2.0D-09 0.0D+00       22      165       22      220  S
     17      1   2.3752416867652923D-01 8.1D-09 0.0D+00 1.7D-09 0.0D+00       22      167       22      220  S
     17      1   2.3755953949084502D-01 8.1D-09 0.0D+00 7.8D-09 0.0D+00       22      148       22      220  S
     17      1   2.3752416867405071D-01 8.1D-09 0.0D+00 2.0D-09 0.0D+00       22      142       22      220  S
     17      1   2.3667383624626448D-01 6.6D-09 0.0D+00 3.2D-08 0.0D+00       23      154       24      231  S
     17      1   2.3853718141651278D-01 7.5D-09 0.0D+00 3.5D-09 0.0D+00       22      157       22      220  S
     17      1   2.3667383623846916D-01 6.6D-09 0.0D+00 4.1D-09 0.0D+00       22      161       22      220  S
     17      1   2.3752416867698670D-01 8.1D-09 0.0D+00 1.2D-09 0.0D+00       22      161       22      220  S
     17      1   2.3755953947727371D-01 8.1D-09 0.0D+00 3.4D-08 0.0D+00       24      180       25      242  S
     17      1   2.3853718610667868D-01 7.5D-09 0.0D+00 4.6D-10 0.0D+00       22      165       22      220  S
     17      1   2.3853718610160385D-01 7.5D-09 0.0D+00 9.3D-08 0.0D+00       23      171       23      230  S
     17      1   2.3667383624375699D-01 6.6D-09 0.0D+00 1.4D-09 0.0D+00       22      152       22      220  S
     17      1   2.3755953949267569D-01 8.1D-09 0.0D+00 6.5D-10 0.0D+00       23      197       23      230  S
     17      1   2.3752416867166856D-01 8.1D-09 0.0D+00 4.4D-08 0.0D+00       23      138       23      230  S
     17      1   2.3755952551934312D-01 8.1D-09 0.0D+00 7.7D-09 0.0D+00       22      188       22      220  S
     17      1   2.3752416867404141D-01 8.1D-09 0.0D+00 1.7D-09 0.0D+00       22      165       22      220  S
     17      1   2.3853718446729313D-01 7.5D-09 0.0D+00 5.5D-09 0.0D+00       23      154       23      230  S
     17      1   2.3756722998703741D-01 7.1D-09 0.0D+00 3.2D-09 0.0D+00       22      173       22      220  S
     17      1   2.3853718056378609D-01 7.5D-09 0.0D+00 1.2D-09 0.0D+00       23      147       23      230  S
     17      1   2.3752416867934079D-01 8.1D-09 0.0D+00 2.0D-09 0.0D+00       22      151       22      220  S
     17      1   2.2150676121613846D-01 7.1D-09 0.0D+00 1.5D-09 0.0D+00       21      181       21      210  S
     17      1   2.3853718610529134D-01 7.5D-09 0.0D+00 1.2D-09 0.0D+00       22      158       22      220  S
     17      1   2.3755952551677856D-01 8.1D-09 0.0D+00 9.0D-10 0.0D+00       22      157       22      220  S
     17      1   2.3752416867503739D-01 8.1D-09 0.0D+00 7.0D-10 0.0D+00       21      125       21      210  S
     17      1   2.3756722998635366D-01 7.1D-09 0.0D+00 1.5D-09 0.0D+00       22      164       22      220  S
     17      1   2.3853718610327021D-01 7.5D-09 0.0D+00 1.1D-09 0.0D+00       22      173       22      220  S
     17      1   2.3755952551390619D-01 8.1D-09 0.0D+00 7.1D-08 0.0D+00       23      150       23      230  S
     17      1   2.3667383624489963D-01 6.6D-09 0.0D+00 3.6D-08 0.0D+00       23      172       24      231  S
     17      1   2.3755953949262221D-01 8.1D-09 0.0D+00 1.9D-09 0.0D+00       22      192       22      220  S
     17      1   2.3853718610155061D-01 7.5D-09 0.0D+00 9.5D-08 0.0D+00       23      187       23      230  S
     17      1   2.3853718610631855D-01 7.5D-09 0.0D+00 9.7D-10 0.0D+00       22      167       22      220  S
     17      1   2.3667383624574742D-01 6.6D-09 0.0D+00 6.9D-08 0.0D+00       23      195       23      230  S
     17      1   2.3667383624268704D-01 6.6D-09 0.0D+00 6.8D-08 0.0D+00       23      152       23      230  S
     17      1   2.3755953949175185D-01 8.1D-09 0.0D+00 1.2D-09 0.0D+00       22      212       22      220  S
     17      1   2.3853718610440877D-01 7.5D-09 0.0D+00 2.7D-10 0.0D+00       22      196       22      220  S
     17      1   2.3853718141996869D-01 7.5D-09 0.0D+00 3.3D-09 0.0D+00       22      156       22      220  S
     17      1   2.3756722998587629D-01 7.1D-09 0.0D+00 2.9D-05 0.0D+00       23      220       24      232  S
     17      1   2.3853718141759084D-01 7.5D-09 0.0D+00 2.0D-09 0.0D+00       22      173       22      220  S
     17      1   2.3853718110075639D-01 7.5D-09 0.0D+00 6.9D-10 0.0D+00       23      181       23      230  S
     17      1   2.3752416866812257D-01 8.1D-09 0.0D+00 1.3D-09 0.0D+00       22      171       22      220  S
     17      1   2.3853718633902288D-01 7.5D-09 0.0D+00 1.7D-09 0.0D+00       23      179       23      230  S
     17      1   2.3756722998713739D-01 7.1D-09 0.0D+00 1.2D-09 0.0D+00       22      147       22      220  S
     17      1   2.3853718610810520D-01 7.5D-09 0.0D+00 2.4D-09 0.0D+00       22      153       22      220  S
     17      1   2.3853718610302962D-01 7.5D-09 0.0D+00 8.5D-08 0.0D+00       23      155       24      232  S
     17      1   2.3755952551745180D-01 8.1D-09 0.0D+00 3.4D-09 0.0D+00       22      206       22      220  S
     17      1   2.3755952551602796D-01 8.1D-09 0.0D+00 1.3D-09 0.0D+00       22      158       22      220  S
     17      1   2.3755952551536658D-01 8.1D-09 0.0D+00 5.1D-08 0.0D+00       23      157       23      230  S
     17      1   2.3752415436903140D-01 8.1D-09 0.0D+00 2.6D-08 0.0D+00       23      155       23      230  S
     17      1   2.3853718610568334D-01 7.5D-09 0.0D+00 9.1D-08 0.0D+00       23      168       23      230  S
     17      1   2.3708105162980045D-01 5.1D-07 0.0D+00 5.0D-03 0.0D+00       25      140       26      260  S
     17      1   2.3853718610473648D-01 7.5D-09 0.0D+00 2.3D-09 0.0D+00       22      170       22      220  S
     17      1   2.3752416867415527D-01 8.1D-09 0.0D+00 2.2D-09 0.0D+00       22      138       22      220  S
     17      1   2.3755953949052408D-01 8.1D-09 0.0D+00 1.3D-09 0.0D+00       22      166       22      220  S
     17      1   2.3853718610481506D-01 7.5D-09 0.0D+00 2.6D-09 0.0D+00       22      164       22      220  S
     17      1   2.3853718610388389D-01 7.5D-09 0.0D+00 2.9D-08 0.0D+00       23      166       24      232  S
     17      1   2.3752416866558426D-01 8.1D-09 0.0D+00 2.0D-09 0.0D+00       22      183       22      220  S
     17      1   2.3752416867674356D-01 8.1D-09 0.0D+00 1.2D-09 0.0D+00       22      173       22      220  S
     17      1   2.3755953949453776D-01 8.1D-09 0.0D+00 4.2D-10 0.0D+00       22      162       22      220  S
     17      1   2.3752416867431922D-01 8.1D-09 0.0D+00 7.1D-10 0.0D+00       22      149       22      220  S
     17      1   2.3667383549140583D-01 6.6D-09 0.0D+00 3.8D-09 0.0D+00       22      181       22      220  S
     17      1   2.3667383624589539D-01 6.6D-09 0.0D+00 3.3D-09 0.0D+00       22      132       22      220  S
     17      1   2.3755953949030534D-01 8.1D-09 0.0D+00 2.0D-09 0.0D+00       22      153       22      220  S
     17      1   2.3853718141546015D-01 7.5D-09 0.0D+00 2.0D-10 0.0D+00       22      159       22      220  S
     17      1   2.3853718610744989D-01 7.5D-09 0.0D+00 4.7D-09 0.0D+00       22      150       22      220  S
     17      1   2.1628506285692078D-01 9.1D-09 0.0D+00 6.6D-09 0.0D+00       21      202       21      210  S
     17      1   2.3667383624568761D-01 6.6D-09 0.0D+00 7.6D-10 0.0D+00       22      146       22      220  S
     17      1   2.3667383623835567D-01 6.6D-09 0.0D+00 3.6D-09 0.0D+00       22      169       22      220  S
     17      1   2.3755952552038012D-01 8.1D-09 0.0D+00 1.5D-09 0.0D+00       22      186       22      220  S
     17      1   2.3756722998597007D-01 7.1D-09 0.0D+00 1.3D-10 0.0D+00       22      152       22      220  S
     17      1   2.3756723047539044D-01 7.1D-09 0.0D+00 1.6D-10 0.0D+00       21      153       21      210  S
     17      1   2.3853718056396905D-01 7.5D-09 0.0D+00 7.1D-10 0.0D+00       22      145       22      220  S
     17      1   2.3853718142004482D-01 7.5D-09 0.0D+00 3.8D-09 0.0D+00       22      180       22      220  S
     17      1   2.3752416867454731D-01 8.1D-09 0.0D+00 1.5D-09 0.0D+00       22      186       22      220  S
     17      1   2.3752416867156378D-01 8.1D-09 0.0D+00 5.8D-08 0.0D+00       22      154       22      220  S
     17      1   2.3853718027643186D-01 7.5D-09 0.0D+00 9.7D-10 0.0D+00       23      150       23      230  S
     17      1   2.3755952551695708D-01 8.1D-09 0.0D+00 3.2D-10 0.0D+00       22      156       22      220  S
     17      1   2.3667383623733615D-01 6.6D-09 0.0D+00 2.8D-09 0.0D+00       22      156       22      220  S
     17      1   2.3853718141925997D-01 7.5D-09 0.0D+00 3.5D-09 0.0D+00       22      147       22      220  S
     17      1   2.3755953948811870D-01 8.1D-09 0.0D+00 4.1D-08 0.0D+00       23      185       23      230  S
     17      1   2.3853718610387922D-01 7.5D-09 0.0D+00 8.6D-08 0.0D+00       23      174       23      230  S
     17      1   2.3853718110502808D-01 7.5D-09 0.0D+00 4.1D-09 0.0D+00       21      148       21      210  S
     17      1   2.3755953948182026D-01 8.1D-09 0.0D+00 3.3D-10 0.0D+00       23      170       23      230  S
     17      1   2.3755952551298945D-01 8.1D-09 0.0D+00 7.0D-08 0.0D+00       23      156       23      230  S
     17      1   2.3853718610098121D-01 7.5D-09 0.0D+00 8.7D-08 0.0D+00       23      189       24      232  S
     17      1   2.3752416868042078D-01 8.1D-09 0.0D+00 2.0D-09 0.0D+00       22      172       22      220  S
     17      1   2.3853718610924360D-01 7.5D-09 0.0D+00 1.3D-09 0.0D+00       22      148       22      220  S
     17      1   2.3755953948792238D-01 8.1D-09 0.0D+00 4.2D-08 0.0D+00       23      179       24      231  S
     17      1   2.3853718142033906D-01 7.5D-09 0.0D+00 5.9D-10 0.0D+00       22      158       22      220  S
     17      1   2.3755953949055494D-01 8.1D-09 0.0D+00 1.8D-08 0.0D+00       23      165       24      232  S
     17      1   2.3756722998447652D-01 7.1D-09 0.0D+00 6.1D-08 0.0D+00       23      197       24      232  S
     17      1   2.3667383624388771D-01 6.6D-09 0.0D+00 8.2D-10 0.0D+00       22      149       22      220  S
     17      1   2.3755952551437520D-01 8.1D-09 0.0D+00 6.8D-08 0.0D+00       23      203       24      231  S
     17      1   2.3755952551545997D-01 8.1D-09 0.0D+00 6.6D-08 0.0D+00       23      181       24      232  S
     17      1   2.3853718610225988D-01 7.5D-09 0.0D+00 4.7D-08 0.0D+00       23      172       23      230  S
     17      1   2.3667383624736724D-01 6.6D-09 0.0D+00 1.1D-09 0.0D+00       22      154       22      220  S
     17      1   2.3752416866993348D-01 8.1D-09 0.0D+00 1.1D-09 0.0D+00       22      190       22      220  S
     17      1   2.3755952551599008D-01 8.1D-09 0.0D+00 2.2D-09 0.0D+00       22      163       22      220  S
     17      1   2.3755953949507536D-01 8.1D-09 0.0D+00 4.3D-10 0.0D+00       22      166       22      220  S
     17      1   2.3853718141514541D-01 7.5D-09 0.0D+00 2.0D-10 0.0D+00       22      165       22      220  S
     17      1   2.3853717835177332D-01 7.5D-09 0.0D+00 1.3D-09 0.0D+00       23      150       23      230  S
     17      1   2.3667383624433239D-01 6.6D-09 0.0D+00 1.0D-09 0.0D+00       22      139       22      220  S
     17      1   2.3755953948850178D-01 8.1D-09 0.0D+00 4.3D-08 0.0D+00       23      148       23      230  S
     17      1   2.3752416867388690D-01 8.1D-09 0.0D+00 1.9D-09 0.0D+00       22      158       22      220  S
     17      1   2.3853718610089042D-01 7.5D-09 0.0D+00 8.6D-08 0.0D+00       23      181       23      230  S
     17      1   2.3752416867383438D-01 8.1D-09 0.0D+00 8.4D-10 0.0D+00       22      177       22      220  S
     17      1   2.3853718141511762D-01 7.5D-09 0.0D+00 9.9D-10 0.0D+00       22      154       22      220  S
     17      1   2.3755953949524372D-01 8.1D-09 0.0D+00 6.1D-11 0.0D+00       22      166       22      220  S
     17      1   2.3853718027393869D-01 7.5D-09 0.0D+00 5.6D-08 0.0D+00       23      168       23      230  S
     17      1   2.3755953948688671D-01 8.1D-09 0.0D+00 6.0D-10 0.0D+00       22      218       22      220  S
     17      1   2.3755952552061807D-01 8.1D-09 0.0D+00 3.5D-09 0.0D+00       22      158       22      220  S
     17      1   2.3853718141652067D-01 7.5D-09 0.0D+00 2.6D-09 0.0D+00       22      180       22      220  S
     17      1   2.3667383624417798D-01 6.6D-09 0.0D+00 1.3D-09 0.0D+00       22      188       22      220  S
     17      1   2.7103021393593252D-01 5.5D-07 0.0D+00 4.2D-01 0.0D+00       23      127       24      240  S
     17      1   2.3853718610468050D-01 7.5D-09 0.0D+00 2.6D-09 0.0D+00       22      160       22      220  S
     17      1   2.3752415436853350D-01 8.1D-09 0.0D+00 4.9D-10 0.0D+00       22      148       22      220  S
     17      1   2.3853718610764185D-01 7.5D-09 0.0D+00 1.4D-09 0.0D+00       22      180       22      220  S
     17      1   2.3752416867897350D-01 8.1D-09 0.0D+00 3.0D-08 0.0D+00       23      188       23      230  S
     17      1   2.3853718610501007D-01 7.5D-09 0.0D+00 9.0D-08 0.0D+00       23      185       23      230  S
     17      1   2.3755952551669471D-01 8.1D-09 0.0D+00 2.9D-10 0.0D+00       22      168       22      220  S
     17      1   2.3853718610762159D-01 7.5D-09 0.0D+00 2.2D-09 0.0D+00       22      185       22      220  S
     17      1   2.3755953949550163D-01 8.1D-09 0.0D+00 4.3D-10 0.0D+00       22      180       22      220  S
     17      1   2.3667383624526603D-01 6.6D-09 0.0D+00 8.1D-10 0.0D+00       22      173       22      220  S
     17      1   2.3752416867801082D-01 8.1D-09 0.0D+00 1.9D-09 0.0D+00       22      160       22      220  S
     17      1   2.3853718141613950D-01 7.5D-09 0.0D+00 2.3D-10 0.0D+00       21      163       21      210  S
     17      1   2.3853718444817468D-01 7.5D-09 0.0D+00 7.8D-08 0.0D+00       23      151       23      230  S
     17      1   2.3752416867814125D-01 8.1D-09 0.0D+00 4.1D-10 0.0D+00       22      151       22      220  S
     17      1   2.3853718444757641D-01 7.5D-09 0.0D+00 8.1D-08 0.0D+00       23      152       23      230  S
     17      1   2.3752415436574092D-01 8.1D-09 0.0D+00 1.5D-09 0.0D+00       22      137       22      220  S
     17      1   2.3755952548720033D-01 8.1D-09 0.0D+00 1.6D-09 0.0D+00       22      152       22      220  S
     17      1   2.3756722998624827D-01 7.1D-09 0.0D+00 5.7D-09 0.0D+00       22      157       22      220  S
     17      1   2.2163514709384638D-01 7.1D-09 0.0D+00 9.8D-09 0.0D+00       21      192       21      210  S
     17      1   2.3755953949573272D-01 8.1D-09 0.0D+00 1.9D-09 0.0D+00       22      185       22      220  S
     17      1   2.3667383624750643D-01 6.6D-09 0.0D+00 7.0D-10 0.0D+00       22      142       22      220  S
     17      1   2.3667383624554850D-01 6.6D-09 0.0D+00 1.4D-09 0.0D+00       22      160       22      220  S
     17      1   2.3752416867536932D-01 8.1D-09 0.0D+00 1.1D-09 0.0D+00       22      159       22      220  S
     17      1   2.3853718445081726D-01 7.5D-09 0.0D+00 4.5D-09 0.0D+00       22      164       22      220  S
     17      1   2.3755953949432981D-01 8.1D-09 0.0D+00 1.3D-09 0.0D+00       22      193       22      220  S
     17      1   2.3756722998572685D-01 7.1D-09 0.0D+00 2.9D-09 0.0D+00       22      138       22      220  S
     17      1   2.3853718445128422D-01 7.5D-09 0.0D+00 8.8D-08 0.0D+00       23      164       23      230  S
     17      1   2.3853718141443025D-01 7.5D-09 0.0D+00 6.3D-09 0.0D+00       22      165       22      220  S
     17      1   2.3853718610401622D-01 7.5D-09 0.0D+00 9.1D-08 0.0D+00       23      163       23      230  S
     17      1   2.3755953949062333D-01 8.1D-09 0.0D+00 3.9D-10 0.0D+00       22      163       22      220  S
     17      1   2.3755952551629572D-01 8.1D-09 0.0D+00 1.3D-09 0.0D+00       22      162       22      220  S
     17      1   2.3853718141593025D-01 7.5D-09 0.0D+00 8.7D-10 0.0D+00       23      166       23      230  S
     17      1   2.3752416867352585D-01 8.1D-09 0.0D+00 1.5D-09 0.0D+00       22      155       22      220  S
     17      1   2.3755953949282410D-01 8.1D-09 0.0D+00 5.8D-08 0.0D+00       23      154       23      230  S
     17      1   2.3632361946005737D-01 6.1D-07 0.0D+00 1.3D-02 0.0D+00       23      114       24      240  S
     17      1   2.3752416867369272D-01 8.1D-09 0.0D+00 4.2D-10 0.0D+00       22      170       22      220  S
     17      1   2.3853718610176183D-01 7.5D-09 0.0D+00 9.4D-08 0.0D+00       23      172       23      230  S
     17      1   2.3853718141516089D-01 7.5D-09 0.0D+00 1.6D-10 0.0D+00       22      161       22      220  S
     17      1   2.3853718610130561D-01 7.5D-09 0.0D+00 8.7D-08 0.0D+00       23      154       24      232  S
     17      1   2.3853718142060823D-01 7.5D-09 0.0D+00 3.1D-08 0.0D+00       23      167       23      230  S
     17      1   2.3752416867491863D-01 8.1D-09 0.0D+00 8.0D-10 0.0D+00       22      202       22      220  S
     17      1   2.3756722999347502D-01 7.1D-09 0.0D+00 5.9D-08 0.0D+00       23      218       24      232  S
     17      1   2.3755953949272954D-01 8.1D-09 0.0D+00 7.1D-10 0.0D+00       22      172       22      220  S
     17      1   2.3853718610236221D-01 7.5D-09 0.0D+00 8.8D-08 0.0D+00       23      153       24      231  S
     17      1   2.3752416867177245D-01 8.1D-09 0.0D+00 1.6D-08 0.0D+00       23      209       23      230  S
     17      1   2.0467401329131507D-01 7.6D-09 0.0D+00 1.3D-08 0.0D+00       23      224       23      230  S
     17      1   2.3853718110367306D-01 7.5D-09 0.0D+00 4.5D-08 0.0D+00       24      166       24      240  S
     17      1   2.3755953948738065D-01 8.1D-09 0.0D+00 6.7D-08 0.0D+00       23      154       23      230  S
     17      1   2.3755952551458970D-01 8.1D-09 0.0D+00 5.0D-08 0.0D+00       23      158       23      230  S
     17      1   2.3667383624396771D-01 6.6D-09 0.0D+00 5.4D-10 0.0D+00       22      156       22      220  S
     17      1   2.3853718610826807D-01 7.5D-09 0.0D+00 1.2D-08 0.0D+00       23      174       23      230  S
