      9      1   2.6444113225223398D-01 6.3D-09 0.0D+00 7.0D-09 0.0D+00       20      125       20      200  S
      9      1   2.6444113225227545D-01 6.3D-09 0.0D+00 3.6D-09 0.0D+00       22      133       22      220  S
      9      1   2.6444113224870991D-01 6.3D-09 0.0D+00 3.3D-07 0.0D+00       21      141       21      210  S
      9      1   2.6444113225103066D-01 6.3D-09 0.0D+00 1.2D-07 0.0D+00       24      148       24      240  S
      9      1   2.6444113225222365D-01 6.3D-09 0.0D+00 1.7D-08 0.0D+00       23      142       23      230  S
      9      1   2.6444113225270494D-01 6.3D-09 0.0D+00 7.8D-09 0.0D+00       22      142       22      220  S
      9      1   2.6444113225242599D-01 6.3D-09 0.0D+00 1.8D-09 0.0D+00       22      132       22      220  S
      9      1   2.6444113224827381D-01 6.3D-09 0.0D+00 3.4D-07 0.0D+00       22      140       22      220  S
      9      1   2.6444113225207405D-01 6.3D-09 0.0D+00 1.8D-08 0.0D+00       21      144       21      210  S
      9      1   2.6444113225184707D-01 6.3D-09 0.0D+00 2.0D-08 0.0D+00       21      133       21      210  S
      9      1   2.6444113225200350D-01 6.3D-09 0.0D+00 1.1D-09 0.0D+00       21      135       21      210  S
      9      1   2.6444113225196936D-01 6.3D-09 0.0D+00 6.8D-09 0.0D+00       20      145       20      200  S
      9      1   2.6444113225184190D-01 6.3D-09 0.0D+00 1.7D-09 0.0D+00       21      138       21      210  S
      9      1   2.6444113225224813D-01 6.3D-09 0.0D+00 6.6D-09 0.0D+00       22      144       22      220  S
      9      1   2.6444113225203408D-01 6.3D-09 0.0D+00 7.1D-09 0.0D+00       20      124       20      200  S
      9      1   2.6444113225180976D-01 6.3D-09 0.0D+00 2.7D-09 0.0D+00       20      121       20      200  S
      9      1   2.6444113225234267D-01 6.3D-09 0.0D+00 2.5D-09 0.0D+00       22      133       22      220  S
      9      1   2.6444113225189020D-01 6.3D-09 0.0D+00 4.9D-09 0.0D+00       20      132       20      200  S
      9      1   2.6444113225268112D-01 6.3D-09 0.0D+00 8.4D-09 0.0D+00       22      141       22      220  S
      9      1   2.6444113225226185D-01 6.3D-09 0.0D+00 4.0D-08 0.0D+00       24      148       24      240  S
      9      1   2.6444113225039945D-01 6.3D-09 0.0D+00 1.7D-07 0.0D+00       23      145       23      230  S
      9      1   2.6444113225267629D-01 6.3D-09 0.0D+00 2.8D-09 0.0D+00       22      147       22      220  S
      9      1   2.6444113225222349D-01 6.3D-09 0.0D+00 6.1D-09 0.0D+00       22      134       22      220  S
      9      1   2.6444113225189836D-01 6.3D-09 0.0D+00 3.8D-09 0.0D+00       20      130       20      200  S
      9      1   2.6444113225235993D-01 6.3D-09 0.0D+00 2.7D-08 0.0D+00       24      147       24      240  S
      9      1   2.6444113224947552D-01 6.3D-09 0.0D+00 2.8D-07 0.0D+00       23      138       23      230  S
      9      1   2.6444113225004667D-01 6.3D-09 0.0D+00 2.3D-07 0.0D+00       24      161       24      240  S
      9      1   2.6444113224990534D-01 6.3D-09 0.0D+00 2.5D-07 0.0D+00       21      150       21      210  S
      9      1   2.6444113225198795D-01 6.3D-09 0.0D+00 3.1D-09 0.0D+00       20      138       20      200  S
      9      1   2.6444113225217347D-01 6.3D-09 0.0D+00 1.4D-09 0.0D+00       22      130       22      220  S
      9      1   2.6444113224872584D-01 6.3D-09 0.0D+00 3.4D-07 0.0D+00       23      145       23      230  S
      9      1   2.6444113224979032D-01 6.3D-09 0.0D+00 2.8D-07 0.0D+00       23      161       23      230  S
      9      1   2.6444113225220939D-01 6.3D-09 0.0D+00 5.9D-09 0.0D+00       22      137       22      220  S
      9      1   2.6444113224927218D-01 6.3D-09 0.0D+00 2.8D-07 0.0D+00       23      142       23      230  S
      9      1   2.6444113225234067D-01 6.3D-09 0.0D+00 8.6D-09 0.0D+00       22      137       22      220  S
      9      1   2.6444113225225713D-01 6.3D-09 0.0D+00 8.9D-09 0.0D+00       22      133       22      220  S
      9      1   2.6444113225233129D-01 6.3D-09 0.0D+00 3.9D-09 0.0D+00       22      128       22      220  S
      9      1   2.6444113224995108D-01 6.3D-09 0.0D+00 2.3D-07 0.0D+00       21      148       21      210  S
      9      1   2.6444113225248633D-01 6.3D-09 0.0D+00 5.6D-09 0.0D+00       20      130       20      200  S
      9      1   2.6444113225285770D-01 6.3D-09 0.0D+00 1.3D-08 0.0D+00       23      143       23      230  S
      9      1   2.6444113225243360D-01 6.3D-09 0.0D+00 2.2D-09 0.0D+00       22      135       22      220  S
      9      1   2.6444113225186433D-01 6.3D-09 0.0D+00 2.0D-09 0.0D+00       20      124       20      200  S
      9      1   2.6444113225222432D-01 6.3D-09 0.0D+00 2.3D-09 0.0D+00       22      130       22      220  S
      9      1   2.6444113225005200D-01 6.3D-09 0.0D+00 1.6D-07 0.0D+00       22      132       22      220  S
      9      1   2.6444113224831028D-01 6.3D-09 0.0D+00 3.4D-07 0.0D+00       21      138       21      210  S
      9      1   2.6444113225188531D-01 6.3D-09 0.0D+00 1.5D-08 0.0D+00       22      149       22      220  S
      9      1   2.6444113225205973D-01 6.3D-09 0.0D+00 4.9D-09 0.0D+00       22      131       22      220  S
      9      1   2.6444113225207366D-01 6.3D-09 0.0D+00 1.5D-08 0.0D+00       21      133       21      210  S
      9      1   2.6444113224892807D-01 6.3D-09 0.0D+00 3.3D-07 0.0D+00       23      157       23      230  S
      9      1   2.6444113225214938D-01 6.3D-09 0.0D+00 7.2D-08 0.0D+00       23      158       23      230  S
      9      1   2.6444113225116644D-01 6.3D-09 0.0D+00 1.3D-07 0.0D+00       23      164       23      230  S
      9      1   2.6444113225233512D-01 6.3D-09 0.0D+00 4.2D-09 0.0D+00       22      129       22      220  S
      9      1   2.6444113225269839D-01 6.3D-09 0.0D+00 1.8D-09 0.0D+00       22      135       22      220  S
      9      1   2.6444113224890442D-01 6.3D-09 0.0D+00 3.3D-07 0.0D+00       22      145       22      220  S
      9      1   2.6444113225253485D-01 6.3D-09 0.0D+00 6.0D-09 0.0D+00       22      157       22      220  S
      9      1   2.6444113225219634D-01 6.3D-09 0.0D+00 3.9D-09 0.0D+00       20      130       20      200  S
      9      1   2.6444113225141364D-01 6.3D-09 0.0D+00 7.2D-08 0.0D+00       23      150       23      230  S
      9      1   2.6444113225281818D-01 6.3D-09 0.0D+00 1.6D-09 0.0D+00       22      136       22      220  S
      9      1   2.6444113225223276D-01 6.3D-09 0.0D+00 7.2D-09 0.0D+00       22      133       22      220  S
      9      1   2.6444113225248267D-01 6.3D-09 0.0D+00 4.4D-09 0.0D+00       20      136       20      200  S
      9      1   2.6444113225080934D-01 6.3D-09 0.0D+00 9.2D-08 0.0D+00       21      130       21      210  S
      9      1   2.6444113225193083D-01 6.3D-09 0.0D+00 1.5D-08 0.0D+00       21      140       21      210  S
      9      1   2.6444113225227839D-01 6.3D-09 0.0D+00 8.4D-09 0.0D+00       22      132       22      220  S
      9      1   2.6444113225057281D-01 6.3D-09 0.0D+00 2.2D-07 0.0D+00       22      165       22      220  S
      9      1   2.6444113225106369D-01 6.3D-09 0.0D+00 1.1D-07 0.0D+00       21      133       21      210  S
      9      1   2.6444113225185328D-01 6.3D-09 0.0D+00 6.5D-09 0.0D+00       20      124       20      200  S
      9      1   2.6444113224879151D-01 6.3D-09 0.0D+00 3.3D-07 0.0D+00       23      142       23      230  S
      9      1   2.6444113225229282D-01 6.3D-09 0.0D+00 1.4D-08 0.0D+00       23      148       23      230  S
      9      1   2.6444113225041421D-01 6.3D-09 0.0D+00 1.6D-07 0.0D+00       23      149       23      230  S
      9      1   2.6444113225234783D-01 6.3D-09 0.0D+00 2.4D-09 0.0D+00       22      148       22      220  S
      9      1   2.6444113225219429D-01 6.3D-09 0.0D+00 2.1D-09 0.0D+00       22      140       22      220  S
      9      1   2.6444113224864718D-01 6.3D-09 0.0D+00 3.4D-07 0.0D+00       23      149       23      230  S
      9      1   2.6444113225197707D-01 6.3D-09 0.0D+00 6.8D-08 0.0D+00       23      144       23      230  S
      9      1   2.6444113225258875D-01 6.3D-09 0.0D+00 5.4D-09 0.0D+00       22      137       22      220  S
      9      1   2.6444113224873511D-01 6.3D-09 0.0D+00 3.3D-07 0.0D+00       24      153       24      240  S
      9      1   2.6444113225052784D-01 6.3D-09 0.0D+00 1.4D-07 0.0D+00       23      152       23      230  S
      9      1   2.6444113225183102D-01 6.3D-09 0.0D+00 7.2D-09 0.0D+00       20      131       20      200  S
      9      1   2.6444113225207200D-01 6.3D-09 0.0D+00 2.5D-09 0.0D+00       20      122       20      200  S
      9      1   2.6444113224948185D-01 6.3D-09 0.0D+00 2.6D-07 0.0D+00       24      143       24      240  S
      9      1   2.6444113225256033D-01 6.3D-09 0.0D+00 9.9D-09 0.0D+00       22      151       22      220  S
      9      1   2.6444113225239485D-01 6.3D-09 0.0D+00 2.1D-09 0.0D+00       20      124       20      200  S
      9      1   2.6444113224851157D-01 6.3D-09 0.0D+00 3.5D-07 0.0D+00       23      149       23      230  S
      9      1   2.6444113225159649D-01 6.3D-09 0.0D+00 9.4D-08 0.0D+00       24      160       24      240  S
      9      1   2.6444113225181387D-01 6.3D-09 0.0D+00 9.5D-09 0.0D+00       20      116       20      200  S
      9      1   2.6444113225182186D-01 6.3D-09 0.0D+00 7.5D-09 0.0D+00       21      146       21      210  S
      9      1   2.6444113225223326D-01 6.3D-09 0.0D+00 2.5D-09 0.0D+00       22      137       22      220  S
      9      1   2.6444113224864785D-01 6.3D-09 0.0D+00 3.5D-07 0.0D+00       23      138       23      230  S
      9      1   2.6444113225189497D-01 6.3D-09 0.0D+00 1.0D-09 0.0D+00       20      119       20      200  S
      9      1   2.6444113225047289D-01 6.3D-09 0.0D+00 1.3D-07 0.0D+00       21      130       21      210  S
      9      1   2.6444113225219357D-01 6.3D-09 0.0D+00 2.6D-09 0.0D+00       20      137       20      200  S
      9      1   2.6444113225217281D-01 6.3D-09 0.0D+00 2.6D-09 0.0D+00       22      121       22      220  S
      9      1   2.6444113225256460D-01 6.3D-09 0.0D+00 5.7D-09 0.0D+00       22      147       22      220  S
      9      1   2.6444113225274229D-01 6.3D-09 0.0D+00 5.4D-10 0.0D+00       22      143       22      220  S
      9      1   2.6444113225185822D-01 6.3D-09 0.0D+00 3.2D-09 0.0D+00       20      117       20      200  S
      9      1   2.6444113225266014D-01 6.3D-09 0.0D+00 6.0D-09 0.0D+00       22      133       22      220  S
      9      1   2.6444113224849369D-01 6.3D-09 0.0D+00 3.4D-07 0.0D+00       21      138       21      210  S
      9      1   2.6444113225223520D-01 6.3D-09 0.0D+00 4.6D-09 0.0D+00       22      132       22      220  S
      9      1   2.6444113225218585D-01 6.3D-09 0.0D+00 4.9D-09 0.0D+00       22      135       22      220  S
      9      1   2.6444113225220994D-01 6.3D-09 0.0D+00 2.8D-09 0.0D+00       22      128       22      220  S
      9      1   2.6444113224823623D-01 6.3D-09 0.0D+00 3.3D-07 0.0D+00       21      120       21      210  S
      9      1   2.6444113225216082D-01 6.3D-09 0.0D+00 1.1D-09 0.0D+00       22      132       22      220  S
      9      1   2.6444113225050653D-01 6.3D-09 0.0D+00 1.6D-07 0.0D+00       23      156       23      230  S
      9      1   2.6444113225261889D-01 6.3D-09 0.0D+00 6.9D-09 0.0D+00       22      137       22      220  S
      9      1   2.6444113225267185D-01 6.3D-09 0.0D+00 1.4D-09 0.0D+00       20      144       20      200  S
      9      1   2.6444113225252924D-01 6.3D-09 0.0D+00 4.3D-09 0.0D+00       22      133       22      220  S
      9      1   2.6444113224882732D-01 6.3D-09 0.0D+00 3.2D-07 0.0D+00       24      153       24      240  S
      9      1   2.6444113225018989D-01 6.3D-09 0.0D+00 2.2D-07 0.0D+00       24      164       24      240  S
      9      1   2.6444113224929122D-01 6.3D-09 0.0D+00 2.6D-07 0.0D+00       24      159       24      240  S
      9      1   2.6444113225184368D-01 6.3D-09 0.0D+00 3.6D-09 0.0D+00       20      118       20      200  S
      9      1   2.6444113225035581D-01 6.3D-09 0.0D+00 1.9D-07 0.0D+00       22      151       22      220  S
      9      1   2.6444113224859522D-01 6.3D-09 0.0D+00 3.4D-07 0.0D+00       24      152       24      240  S
      9      1   2.6444113224866350D-01 6.3D-09 0.0D+00 3.3D-07 0.0D+00       23      138       23      230  S
      9      1   2.6444113224892590D-01 6.3D-09 0.0D+00 3.2D-07 0.0D+00       21      141       21      210  S
      9      1   4.1917008507083564D-01 8.0D-09 0.0D+00 5.8D-09 0.0D+00       23      176       23      230  S
      9      1   2.9553427793480047D-01 6.5D-09 0.0D+00 2.6D-10 0.0D+00       21      124       21      210  S
      9      1   2.6444113225216082D-01 6.3D-09 0.0D+00 3.8D-09 0.0D+00       20      128       20      200  S
      9      1   2.6444113225245247D-01 6.3D-09 0.0D+00 2.1D-08 0.0D+00       24      163       24      240  S
      9      1   2.6444113225231763D-01 6.3D-09 0.0D+00 5.7D-09 0.0D+00       22      131       22      220  S
      9      1   2.6444113224963073D-01 6.3D-09 0.0D+00 2.9D-07 0.0D+00       23      143       23      230  S
      9      1   2.6444113225219607D-01 6.3D-09 0.0D+00 2.9D-09 0.0D+00       22      138       22      220  S
      9      1   2.6444113224862131D-01 6.3D-09 0.0D+00 3.4D-07 0.0D+00       24      157       24      240  S
      9      1   4.4936095879783794D-01 7.2D-09 0.0D+00 4.3D-09 0.0D+00       22      158       22      220  S
      9      1   2.6444113224877119D-01 6.3D-09 0.0D+00 3.4D-07 0.0D+00       23      146       23      230  S
      9      1   2.6444113225223659D-01 6.3D-09 0.0D+00 9.6D-09 0.0D+00       22      134       22      220  S
      9      1   2.6444113225212190D-01 6.3D-09 0.0D+00 5.1D-09 0.0D+00       22      130       22      220  S
      9      1   2.6444113225226507D-01 6.3D-09 0.0D+00 7.1D-09 0.0D+00       22      127       22      220  S
      9      1   2.6444113225203708D-01 6.3D-09 0.0D+00 9.0D-09 0.0D+00       21      131       21      210  S
      9      1   2.6444113225089377D-01 6.3D-09 0.0D+00 1.2D-07 0.0D+00       21      131       21      210  S
      9      1   2.6444113225219801D-01 6.3D-09 0.0D+00 6.3D-09 0.0D+00       22      123       22      220  S
      9      1   2.6444113224828070D-01 6.3D-09 0.0D+00 3.4D-07 0.0D+00       22      134       22      220  S
      9      1   2.6444113225220989D-01 6.3D-09 0.0D+00 9.2D-09 0.0D+00       22      130       22      220  S
      9      1   2.6444113225095822D-01 6.3D-09 0.0D+00 1.1D-07 0.0D+00       23      152       23      230  S
      9      1   2.6444113225230087D-01 6.3D-09 0.0D+00 5.4D-09 0.0D+00       20      138       20      200  S
      9      1   2.6444113224814841D-01 6.3D-09 0.0D+00 3.5D-07 0.0D+00       22      135       22      220  S
      9      1   2.6444113225247351D-01 6.3D-09 0.0D+00 9.6D-10 0.0D+00       22      132       22      220  S
      9      1   2.6444113224916926D-01 6.3D-09 0.0D+00 2.4D-07 0.0D+00       23      153       23      230  S
      9      1   2.6444113225141253D-01 6.3D-09 0.0D+00 2.1D-09 0.0D+00       21      127       21      210  S
      9      1   2.6444113225288518D-01 6.3D-09 0.0D+00 8.2D-10 0.0D+00       22      143       22      220  S
      9      1   2.6444113224932098D-01 6.3D-09 0.0D+00 3.2D-07 0.0D+00       24      156       24      240  S
      9      1   2.6444113225210603D-01 6.3D-09 0.0D+00 8.9D-09 0.0D+00       22      135       22      220  S
      9      1   2.6444113225221000D-01 6.3D-09 0.0D+00 3.7D-09 0.0D+00       22      151       22      220  S
      9      1   4.1808808585813872D-01 8.0D-09 0.0D+00 1.4D-09 0.0D+00       21      151       21      210  S
      9      1   2.6444113225181609D-01 6.3D-09 0.0D+00 5.6D-09 0.0D+00       20      122       20      200  S
      9      1   2.6444113225231725D-01 6.3D-09 0.0D+00 1.0D-08 0.0D+00       24      150       24      240  S
      9      1   2.6444113225226945D-01 6.3D-09 0.0D+00 3.4D-09 0.0D+00       22      136       22      220  S
      9      1   2.6444113225223381D-01 6.3D-09 0.0D+00 2.0D-09 0.0D+00       22      133       22      220  S
      9      1   2.6444113225234139D-01 6.3D-09 0.0D+00 2.1D-09 0.0D+00       22      143       22      220  S
      9      1   2.6444113225224369D-01 6.3D-09 0.0D+00 3.9D-09 0.0D+00       22      137       22      220  S
      9      1   2.6444113225219751D-01 6.3D-09 0.0D+00 1.9D-08 0.0D+00       23      135       23      230  S
      9      1   2.6444113225159216D-01 6.3D-09 0.0D+00 5.2D-09 0.0D+00       21      127       21      210  S
      9      1   2.6444113225242827D-01 6.3D-09 0.0D+00 1.2D-08 0.0D+00       24      162       24      240  S
      9      1   2.6444113225189297D-01 6.3D-09 0.0D+00 8.6D-09 0.0D+00       20      120       20      200  S
      9      1   2.6444113225270799D-01 6.3D-09 0.0D+00 1.4D-08 0.0D+00       23      151       23      230  S
      9      1   2.6444113225034338D-01 6.3D-09 0.0D+00 1.9D-07 0.0D+00       23      134       23      230  S
      9      1   2.6444113225202909D-01 6.3D-09 0.0D+00 1.2D-09 0.0D+00       22      133       22      220  S
      9      1   2.6444113224861926D-01 6.3D-09 0.0D+00 3.4D-07 0.0D+00       23      137       23      230  S
      9      1   2.6444113225246496D-01 6.3D-09 0.0D+00 1.8D-09 0.0D+00       20      136       20      200  S
      9      1   2.6444113225141291D-01 6.3D-09 0.0D+00 3.1D-09 0.0D+00       21      125       21      210  S
      9      1   2.6444113225079069D-01 6.3D-09 0.0D+00 1.1D-07 0.0D+00       23      140       23      230  S
      9      1   2.6444113225231708D-01 6.3D-09 0.0D+00 3.1D-09 0.0D+00       22      133       22      220  S
      9      1   2.6444113225036270D-01 6.3D-09 0.0D+00 1.7D-07 0.0D+00       21      142       21      210  S
      9      1   2.6444113225155969D-01 6.3D-09 0.0D+00 4.9D-09 0.0D+00       21      133       21      210  S
      9      1   2.6444113225281102D-01 6.3D-09 0.0D+00 2.3D-09 0.0D+00       22      143       22      220  S
      9      1   2.6444113224934740D-01 6.3D-09 0.0D+00 3.0D-07 0.0D+00       21      132       21      210  S
      9      1   2.6444113225279425D-01 6.3D-09 0.0D+00 2.5D-08 0.0D+00       23      146       23      230  S
      9      1   2.6444113224839211D-01 6.3D-09 0.0D+00 3.4D-07 0.0D+00       21      130       21      210  S
      9      1   2.6444113225300969D-01 6.3D-09 0.0D+00 1.9D-09 0.0D+00       22      132       22      220  S
      9      1   2.6444113225159005D-01 6.3D-09 0.0D+00 7.5D-08 0.0D+00       21      137       21      210  S
      9      1   2.6444113225178756D-01 6.3D-09 0.0D+00 7.4D-10 0.0D+00       20      123       20      200  S
      9      1   2.6444113225155735D-01 6.3D-09 0.0D+00 6.9D-08 0.0D+00       23      148       23      230  S
      9      1   2.6444113224911553D-01 6.3D-09 0.0D+00 2.6D-07 0.0D+00       21      138       21      210  S
      9      1   2.6444113224828747D-01 6.3D-09 0.0D+00 3.4D-07 0.0D+00       21      137       21      210  S
      9      1   2.6444113225268340D-01 6.3D-09 0.0D+00 7.3D-09 0.0D+00       22      141       22      220  S
      9      1   2.6444113225221472D-01 6.3D-09 0.0D+00 4.7D-09 0.0D+00       22      134       22      220  S
      9      1   2.6444113224968696D-01 6.3D-09 0.0D+00 2.2D-07 0.0D+00       22      145       22      220  S
      9      1   2.6444113225252175D-01 6.3D-09 0.0D+00 3.9D-09 0.0D+00       22      133       22      220  S
      9      1   2.6444113225040405D-01 6.3D-09 0.0D+00 1.7D-07 0.0D+00       24      158       24      240  S
      9      1   2.6444113225161942D-01 6.3D-09 0.0D+00 9.5D-09 0.0D+00       21      126       21      210  S
      9      1   2.6444113224867349D-01 6.3D-09 0.0D+00 3.4D-07 0.0D+00       23      137       23      230  S
      9      1   2.6444113225253457D-01 6.3D-09 0.0D+00 6.3D-09 0.0D+00       22      137       22      220  S
      9      1   2.6444113224837024D-01 6.3D-09 0.0D+00 3.4D-07 0.0D+00       22      139       22      220  S
      9      1   2.6444113224870186D-01 6.3D-09 0.0D+00 3.5D-07 0.0D+00       23      145       23      230  S
      9      1   2.6444113225226795D-01 6.3D-09 0.0D+00 6.2D-09 0.0D+00       22      129       22      220  S
      9      1   2.6444113225256111D-01 6.3D-09 0.0D+00 3.5D-09 0.0D+00       22      140       22      220  S
      9      1   2.6444113224992671D-01 6.3D-09 0.0D+00 2.4D-07 0.0D+00       23      145       23      230  S
      9      1   2.6444113225009852D-01 6.3D-09 0.0D+00 2.6D-07 0.0D+00       23      134       23      230  S
      9      1   2.6444113225236776D-01 6.3D-09 0.0D+00 2.1D-09 0.0D+00       20      132       20      200  S
      9      1   2.6444113225178290D-01 6.3D-09 0.0D+00 1.5D-09 0.0D+00       20      116       20      200  S
      9      1   2.6444113225260152D-01 6.3D-09 0.0D+00 2.2D-08 0.0D+00       24      154       24      240  S
      9      1   2.6444113224902499D-01 6.3D-09 0.0D+00 3.4D-07 0.0D+00       23      157       23      230  S
      9      1   2.6444113225214300D-01 6.3D-09 0.0D+00 9.1D-09 0.0D+00       22      135       22      220  S
      9      1   2.6444113224840982D-01 6.3D-09 0.0D+00 3.4D-07 0.0D+00       21      137       21      210  S
      9      1   2.6444113225230204D-01 6.3D-09 0.0D+00 7.2D-09 0.0D+00       22      126       22      220  S
      9      1   2.6444113225193916D-01 6.3D-09 0.0D+00 8.2D-09 0.0D+00       20      126       20      200  S
      9      1   2.6444113224927385D-01 6.3D-09 0.0D+00 2.5D-07 0.0D+00       21      138       21      210  S
      9      1   2.6444113225228338D-01 6.3D-09 0.0D+00 1.1D-09 0.0D+00       22      135       22      220  S
      9      1   2.6444113225130911D-01 6.3D-09 0.0D+00 1.2D-07 0.0D+00       23      157       23      230  S
      9      1   2.6444113224873067D-01 6.3D-09 0.0D+00 3.4D-07 0.0D+00       22      139       22      220  S
      9      1   2.6444113225268034D-01 6.3D-09 0.0D+00 4.5D-09 0.0D+00       22      147       22      220  S
      9      1   2.6444113224928001D-01 6.3D-09 0.0D+00 3.4D-07 0.0D+00       24      159       24      240  S
      9      1   2.6444113224877597D-01 6.3D-09 0.0D+00 3.2D-07 0.0D+00       21      126       21      210  S
      9      1   2.6444113224982690D-01 6.3D-09 0.0D+00 2.5D-07 0.0D+00       24      159       24      240  S
      9      1   2.6444113224942778D-01 6.3D-09 0.0D+00 3.1D-07 0.0D+00       24      167       24      240  S
      9      1   2.6444113225085975D-01 6.3D-09 0.0D+00 1.2D-07 0.0D+00       24      153       24      240  S
      9      1   2.6444113225219457D-01 6.3D-09 0.0D+00 1.3D-09 0.0D+00       22      128       22      220  S
      9      1   2.6444113225259053D-01 6.3D-09 0.0D+00 9.8D-09 0.0D+00       20      136       20      200  S
      9      1   2.6444113224867333D-01 6.3D-09 0.0D+00 3.4D-07 0.0D+00       24      145       24      240  S
      9      1   2.6444113224831745D-01 6.3D-09 0.0D+00 3.3D-07 0.0D+00       21      128       21      210  S
      9      1   2.6444113225254906D-01 6.3D-09 0.0D+00 6.5D-09 0.0D+00       22      135       22      220  S
      9      1   2.6444113225228333D-01 6.3D-09 0.0D+00 4.0D-09 0.0D+00       22      130       22      220  S
      9      1   2.6444113224913057D-01 6.3D-09 0.0D+00 3.4D-07 0.0D+00       23      157       23      230  S
      9      1   2.6444113224932253D-01 6.3D-09 0.0D+00 3.5D-07 0.0D+00       24      159       24      240  S
      9      1   2.6444113225242366D-01 6.3D-09 0.0D+00 6.0D-09 0.0D+00       22      131       22      220  S
      9      1   2.6444113224916060D-01 6.3D-09 0.0D+00 2.5D-07 0.0D+00       21      133       21      210  S
      9      1   2.6444113225050703D-01 6.3D-09 0.0D+00 1.3D-07 0.0D+00       21      153       21      210  S
      9      1   2.6444113225218985D-01 6.3D-09 0.0D+00 1.3D-08 0.0D+00       23      143       23      230  S
      9      1   2.6444113225252480D-01 6.3D-09 0.0D+00 1.6D-08 0.0D+00       23      162       23      230  S
      9      1   2.6444113225213423D-01 6.3D-09 0.0D+00 4.1D-10 0.0D+00       22      130       22      220  S
      9      1   2.6444113225039201D-01 6.3D-09 0.0D+00 1.4D-07 0.0D+00       23      161       23      230  S
      9      1   2.6444113225237176D-01 6.3D-09 0.0D+00 5.8D-09 0.0D+00       22      138       22      220  S
      9      1   2.6444113225201593D-01 6.3D-09 0.0D+00 1.1D-09 0.0D+00       20      120       20      200  S
      9      1   2.6444113225254234D-01 6.3D-09 0.0D+00 2.7D-09 0.0D+00       22      142       22      220  S
      9      1   2.6444113224860322D-01 6.3D-09 0.0D+00 3.5D-07 0.0D+00       21      141       21      210  S
      9      1   2.6444113225214499D-01 6.3D-09 0.0D+00 4.8D-09 0.0D+00       22      142       22      220  S
      9      1   2.6444113224994004D-01 6.3D-09 0.0D+00 2.2D-07 0.0D+00       24      156       24      240  S
      9      1   2.6444113224943749D-01 6.3D-09 0.0D+00 3.4D-07 0.0D+00       23      154       23      230  S
      9      1   2.6444113225232047D-01 6.3D-09 0.0D+00 1.6D-09 0.0D+00       22      133       22      220  S
      9      1   2.6444113225002919D-01 6.3D-09 0.0D+00 1.6D-07 0.0D+00       21      133       21      210  S
      9      1   2.6444113224879107D-01 6.3D-09 0.0D+00 3.3D-07 0.0D+00       23      152       23      230  S
      9      1   2.6444113225195709D-01 6.3D-09 0.0D+00 5.7D-09 0.0D+00       20      120       20      200  S
      9      1   2.6444113225230886D-01 6.3D-09 0.0D+00 1.8D-08 0.0D+00       23      145       23      230  S
      9      1   2.6444113225271565D-01 6.3D-09 0.0D+00 4.6D-09 0.0D+00       22      142       22      220  S
      9      1   2.6444113225195759D-01 6.3D-09 0.0D+00 2.0D-09 0.0D+00       21      141       21      210  S
      9      1   2.6444113224861970D-01 6.3D-09 0.0D+00 3.4D-07 0.0D+00       24      157       24      240  S
      9      1   2.6444113225223853D-01 6.3D-09 0.0D+00 2.0D-09 0.0D+00       22      140       22      220  S
      9      1   2.6444113224975579D-01 6.3D-09 0.0D+00 2.7D-07 0.0D+00       21      138       21      210  S
      9      1   2.6444113224866800D-01 6.3D-09 0.0D+00 3.5D-07 0.0D+00       24      151       24      240  S
      9      1   2.6444113224935856D-01 6.3D-09 0.0D+00 3.1D-07 0.0D+00       24      153       24      240  S
      9      1   2.6444113225103266D-01 6.3D-09 0.0D+00 3.1D-07 0.0D+00       23      160       23      230  S
      9      1   2.6444113225229965D-01 6.3D-09 0.0D+00 1.4D-08 0.0D+00       24      165       24      240  S
      9      1   2.6444113225190297D-01 6.3D-09 0.0D+00 8.4D-09 0.0D+00       20      136       20      200  S
      9      1   2.6444113225275678D-01 6.3D-09 0.0D+00 7.9D-09 0.0D+00       22      141       22      220  S
      9      1   2.6444113224873689D-01 6.3D-09 0.0D+00 3.4D-07 0.0D+00       23      133       23      230  S
      9      1   2.6444113225252258D-01 6.3D-09 0.0D+00 9.7D-09 0.0D+00       22      144       22      220  S
      9      1   2.6444113225217980D-01 6.3D-09 0.0D+00 1.6D-08 0.0D+00       24      149       24      240  S
      9      1   2.6444113225092170D-01 6.3D-09 0.0D+00 1.6D-07 0.0D+00       24      152       24      240  S
      9      1   2.6444113225203331D-01 6.3D-09 0.0D+00 3.5D-08 0.0D+00       24      169       24      240  S
      9      1   2.6444113225233629D-01 6.3D-09 0.0D+00 9.5D-09 0.0D+00       22      138       22      220  S
      9      1   2.6444113224966787D-01 6.3D-09 0.0D+00 2.6D-07 0.0D+00       24      165       24      240  S
      9      1   2.6444113225235677D-01 6.3D-09 0.0D+00 8.7D-09 0.0D+00       22      132       22      220  S
      9      1   2.6444113224880145D-01 6.3D-09 0.0D+00 3.3D-07 0.0D+00       23      146       23      230  S
      9      1   2.6444113225217580D-01 6.3D-09 0.0D+00 3.6D-09 0.0D+00       20      118       20      200  S
      9      1   2.6444113225226595D-01 6.3D-09 0.0D+00 5.7D-09 0.0D+00       22      125       22      220  S
      9      1   2.6444113224902288D-01 6.3D-09 0.0D+00 3.2D-07 0.0D+00       23      164       23      230  S
      9      1   2.6444113225060228D-01 6.3D-09 0.0D+00 1.6D-07 0.0D+00       22      148       22      220  S
      9      1   2.6444113225113036D-01 6.3D-09 0.0D+00 1.1D-07 0.0D+00       22      141       22      220  S
      9      1   2.6444113225229021D-01 6.3D-09 0.0D+00 2.0D-08 0.0D+00       24      156       24      240  S
      9      1   2.6444113225165378D-01 6.3D-09 0.0D+00 1.2D-07 0.0D+00       23      153       23      230  S
      9      1   2.6444113224931959D-01 6.3D-09 0.0D+00 3.1D-07 0.0D+00       24      155       24      240  S
      9      1   2.6444113224902344D-01 6.3D-09 0.0D+00 3.6D-07 0.0D+00       24      157       24      240  S
      9      1   2.6444113224894511D-01 6.3D-09 0.0D+00 2.8D-07 0.0D+00       22      145       22      220  S
      9      1   2.6444113225230587D-01 6.3D-09 0.0D+00 9.6D-09 0.0D+00       22      135       22      220  S
      9      1   2.6444113225126470D-01 6.3D-09 0.0D+00 8.9D-08 0.0D+00       22      151       22      220  S
      9      1   2.6444113225230570D-01 6.3D-09 0.0D+00 2.1D-08 0.0D+00       24      158       24      240  S
      9      1   2.6444113225269184D-01 6.3D-09 0.0D+00 2.9D-09 0.0D+00       21      135       21      208  S
      9      1   4.1811807934890394D-01 8.0D-09 0.0D+00 3.1D-08 0.0D+00       22      162       22      220  S
      9      1   2.6444113224915666D-01 6.3D-09 0.0D+00 3.4D-07 0.0D+00       24      161       24      240  S
      9      1   2.6444113225233651D-01 6.3D-09 0.0D+00 9.9D-09 0.0D+00       22      136       22      220  S
      9      1   2.6444113224833299D-01 6.3D-09 0.0D+00 3.4D-07 0.0D+00       21      124       21      210  S
      9      1   2.9553427800480170D-01 6.5D-09 0.0D+00 3.3D-10 0.0D+00       22      142       22      220  S
      9      1   2.6444113224938254D-01 6.3D-09 0.0D+00 2.5D-07 0.0D+00       21      145       21      210  S
      9      1   2.6444113225130284D-01 6.3D-09 0.0D+00 6.9D-08 0.0D+00       23      144       23      230  S
      9      1   2.6444113225226301D-01 6.3D-09 0.0D+00 1.5D-09 0.0D+00       22      140       22      220  S
      9      1   2.6444113225218496D-01 6.3D-09 0.0D+00 3.4D-09 0.0D+00       22      135       22      220  S
      9      1   2.6444113224986487D-01 6.3D-09 0.0D+00 2.1D-07 0.0D+00       23      139       23      230  S
      9      1   2.6444113225192262D-01 6.3D-09 0.0D+00 1.0D-09 0.0D+00       20      128       20      200  S
      9      1   2.6444113225111560D-01 6.3D-09 0.0D+00 8.1D-08 0.0D+00       22      150       22      220  S
      9      1   2.6444113225245369D-01 6.3D-09 0.0D+00 6.9D-09 0.0D+00       22      134       22      220  S
      9      1   2.6444113225020421D-01 6.3D-09 0.0D+00 2.1D-07 0.0D+00       23      155       23      230  S
      9      1   2.6444113225163146D-01 6.3D-09 0.0D+00 4.3D-08 0.0D+00       23      144       23      230  S
      9      1   2.6444113225218241D-01 6.3D-09 0.0D+00 2.7D-09 0.0D+00       22      128       22      220  S
      9      1   2.6444113225262972D-01 6.3D-09 0.0D+00 8.2D-09 0.0D+00       20      123       20      200  S
      9      1   2.6444113225207305D-01 6.3D-09 0.0D+00 2.7D-09 0.0D+00       22      124       22      220  S
      9      1   2.6444113225021476D-01 6.3D-09 0.0D+00 1.4D-07 0.0D+00       21      138       21      210  S
      9      1   2.6444113225279609D-01 6.3D-09 0.0D+00 8.2D-09 0.0D+00       22      134       22      220  S
      9      1   2.6444113225234811D-01 6.3D-09 0.0D+00 9.5D-09 0.0D+00       22      138       22      220  S
      9      1   2.6444113225028892D-01 6.3D-09 0.0D+00 2.4D-07 0.0D+00       23      146       23      230  S
      9      1   2.6444113225236165D-01 6.3D-09 0.0D+00 6.7D-09 0.0D+00       20      124       20      200  S
      9      1   2.6444113225210497D-01 6.3D-09 0.0D+00 2.3D-09 0.0D+00       22      127       22      220  S
      9      1   2.6444113225221555D-01 6.3D-09 0.0D+00 5.5D-09 0.0D+00       22      138       22      220  S
      9      1   2.6444113224908189D-01 6.3D-09 0.0D+00 2.9D-07 0.0D+00       21      144       21      210  S
      9      1   2.6444113225233612D-01 6.3D-09 0.0D+00 2.6D-09 0.0D+00       20      121       20      200  S
      9      1   2.6444113225218963D-01 6.3D-09 0.0D+00 1.7D-08 0.0D+00       24      150       24      240  S
      9      1   2.6444113224856464D-01 6.3D-09 0.0D+00 3.2D-07 0.0D+00       22      146       22      220  S
      9      1   2.6444113225224297D-01 6.3D-09 0.0D+00 9.8D-09 0.0D+00       22      136       22      220  S
      9      1   2.6444113225144777D-01 6.3D-09 0.0D+00 1.3D-07 0.0D+00       24      156       24      240  S
      9      1   2.6444113225222382D-01 6.3D-09 0.0D+00 5.8D-09 0.0D+00       22      131       22      220  S
      9      1   2.6444113225228771D-01 6.3D-09 0.0D+00 1.6D-09 0.0D+00       20      132       20      200  S
      9      1   2.6444113224984894D-01 6.3D-09 0.0D+00 2.6D-07 0.0D+00       24      170       24      240  S
      9      1   2.6444113225169069D-01 6.3D-09 0.0D+00 2.4D-09 0.0D+00       20      127       20      200  S
