      5      1   4.4984455239527238D-01 7.2D-09 0.0D+00 1.5D-09 0.0D+00       23      145       23      230  S
      5      1   4.5109725557401514D-01 7.2D-09 0.0D+00 6.2D-08 0.0D+00       22      114       22      220  S
      5      1   4.5109725557806291D-01 7.2D-09 0.0D+00 2.2D-09 0.0D+00       23      129       23      230  S
      5      1   4.4984455240434973D-01 7.2D-09 0.0D+00 2.9D-09 0.0D+00       21      115       21      210  S
      5      1   4.4984455239539411D-01 7.2D-09 0.0D+00 4.9D-08 0.0D+00       22      127       23      222  S
      5      1   4.5109725557715996D-01 7.2D-09 0.0D+00 9.4D-11 0.0D+00       21      107       21      210  S
      5      1   4.4984455240092081D-01 7.2D-09 0.0D+00 4.8D-09 0.0D+00       23      149       23      230  S
      5      1   4.4984455239576554D-01 7.2D-09 0.0D+00 4.4D-09 0.0D+00       21      106       21      210  S
      5      1   4.4984455239749388D-01 7.2D-09 0.0D+00 7.1D-08 0.0D+00       22      121       22      220  S
      5      1   4.5109725557507702D-01 7.2D-09 0.0D+00 6.0D-08 0.0D+00       22      124       22      220  S
      5      1   4.4984455239656518D-01 7.2D-09 0.0D+00 1.9D-09 0.0D+00       21      121       21      210  S
      5      1   4.5109725557806069D-01 7.2D-09 0.0D+00 3.8D-10 0.0D+00       21      108       21      210  S
      5      1   4.4984455239598098D-01 7.2D-09 0.0D+00 1.2D-09 0.0D+00       23      147       23      230  S
      5      1   4.4984455239347770D-01 7.2D-09 0.0D+00 5.8D-08 0.0D+00       22      119       23      221  S
      5      1   4.5109725557702141D-01 7.2D-09 0.0D+00 1.9D-09 0.0D+00       21      111       21      210  S
      5      1   4.4984455239752580D-01 7.2D-09 0.0D+00 2.2D-08 0.0D+00       22      146       23      221  S
      5      1   4.5109725557711805D-01 7.2D-09 0.0D+00 3.4D-09 0.0D+00       23      149       23      230  S
      5      1   4.4984455239668086D-01 7.2D-09 0.0D+00 2.5D-09 0.0D+00       21      119       21      210  S
      5      1   4.4984455239836862D-01 7.2D-09 0.0D+00 5.2D-08 0.0D+00       22      133       23      221  S
      5      1   4.4984455239698778D-01 7.2D-09 0.0D+00 2.6D-09 0.0D+00       21      113       21      210  S
      5      1   4.5109725557655522D-01 7.2D-09 0.0D+00 1.8D-09 0.0D+00       21      107       21      210  S
      5      1   4.5109725557991320D-01 7.2D-09 0.0D+00 2.4D-09 0.0D+00       21      116       21      210  S
      5      1   4.4984455239476950D-01 7.2D-09 0.0D+00 4.9D-08 0.0D+00       22      125       23      221  S
      5      1   4.5109725558159491D-01 7.2D-09 0.0D+00 7.7D-10 0.0D+00       21      111       21      210  S
      5      1   4.4984455239623955D-01 7.2D-09 0.0D+00 6.0D-09 0.0D+00       21      109       21      210  S
      5      1   4.5109725557598179D-01 7.2D-09 0.0D+00 5.2D-09 0.0D+00       23      127       23      230  S
      5      1   4.5109725557761038D-01 7.2D-09 0.0D+00 2.3D-09 0.0D+00       21      112       21      210  S
      5      1   4.4984455239399029D-01 7.2D-09 0.0D+00 6.1D-08 0.0D+00       22      119       22      220  S
      5      1   4.4984455239673110D-01 7.2D-09 0.0D+00 6.3D-08 0.0D+00       22      128       23      221  S
      5      1   4.5109725558413488D-01 7.2D-09 0.0D+00 2.5D-09 0.0D+00       21      110       21      210  S
      5      1   4.4984455240013482D-01 7.2D-09 0.0D+00 3.7D-09 0.0D+00       21      111       21      210  S
      5      1   4.5109725557727864D-01 7.2D-09 0.0D+00 6.7D-08 0.0D+00       24      142       25      241  S
      5      1   4.4984455240268606D-01 7.2D-09 0.0D+00 8.2D-10 0.0D+00       21      115       21      210  S
      5      1   4.4984455239301274D-01 7.2D-09 0.0D+00 6.6D-08 0.0D+00       24      151       24      240  S
      5      1   4.5109725558313035D-01 7.2D-09 0.0D+00 2.4D-08 0.0D+00       22      141       23      221  S
      5      1   4.5109725557753999D-01 7.2D-09 0.0D+00 4.7D-09 0.0D+00       21      109       21      210  S
      5      1   4.4984455239574611D-01 7.2D-09 0.0D+00 2.7D-08 0.0D+00       22      122       22      220  S
      5      1   4.5109725557799418D-01 7.2D-09 0.0D+00 3.5D-08 0.0D+00       22      129       23      222  S
      5      1   4.5109725557636970D-01 7.2D-09 0.0D+00 1.4D-09 0.0D+00       23      138       23      230  S
      5      1   4.4984455239972115D-01 7.2D-09 0.0D+00 4.6D-09 0.0D+00       21      120       21      210  S
      5      1   4.4984455239555282D-01 7.2D-09 0.0D+00 2.9D-08 0.0D+00       22      120       22      220  S
      5      1   4.4984455239780846D-01 7.2D-09 0.0D+00 7.2D-08 0.0D+00       22      118       22      220  S
      5      1   4.4984455239810084D-01 7.2D-09 0.0D+00 1.0D-09 0.0D+00       23      160       23      230  S
      5      1   4.4984455240392401D-01 7.2D-09 0.0D+00 1.4D-09 0.0D+00       23      148       23      230  S
      5      1   4.4984455239699056D-01 7.2D-09 0.0D+00 3.7D-09 0.0D+00       21      117       21      210  S
      5      1   4.5109725557760816D-01 7.2D-09 0.0D+00 6.6D-08 0.0D+00       22      113       22      220  S
      5      1   4.5109725557573127D-01 7.2D-09 0.0D+00 2.0D-09 0.0D+00       23      127       23      230  S
      5      1   4.4984455239593479D-01 7.2D-09 0.0D+00 6.2D-09 0.0D+00       21      113       21      210  S
      5      1   4.4984455239543564D-01 7.2D-09 0.0D+00 5.7D-08 0.0D+00       24      157       24      240  S
      5      1   4.4984455240378513D-01 7.2D-09 0.0D+00 9.6D-09 0.0D+00       21      121       21      210  S
      5      1   4.5109725557955105D-01 7.2D-09 0.0D+00 3.2D-10 0.0D+00       21      122       21      210  S
      5      1   4.5109725557620917D-01 7.2D-09 0.0D+00 1.5D-09 0.0D+00       21      111       21      210  S
      5      1   4.5109725557599795D-01 7.2D-09 0.0D+00 2.0D-09 0.0D+00       21      101       21      210  S
      5      1   4.4984455239570514D-01 7.2D-09 0.0D+00 1.1D-09 0.0D+00       21      109       21      210  S
      5      1   4.5109725557719693D-01 7.2D-09 0.0D+00 6.2D-08 0.0D+00       24      153       24      240  S
      5      1   4.4984455239416815D-01 7.2D-09 0.0D+00 4.8D-08 0.0D+00       22      125       23      221  S
      5      1   4.5109725558029451D-01 7.2D-09 0.0D+00 9.4D-09 0.0D+00       21      116       21      210  S
      5      1   4.5109725557468594D-01 7.2D-09 0.0D+00 6.7D-08 0.0D+00       22      118       22      220  S
      5      1   4.5109725558147634D-01 7.2D-09 0.0D+00 1.5D-09 0.0D+00       23      140       23      230  S
      5      1   4.4984455239560195D-01 7.2D-09 0.0D+00 6.3D-08 0.0D+00       22      133       23      221  S
      5      1   4.4984455239462418D-01 7.2D-09 0.0D+00 5.2D-08 0.0D+00       22      123       22      220  S
      5      1   4.4984455239448223D-01 7.2D-09 0.0D+00 6.7D-08 0.0D+00       22      126       22      220  S
      5      1   4.4984455239551246D-01 7.2D-09 0.0D+00 4.7D-08 0.0D+00       22      126       23      221  S
      5      1   4.4984455239802312D-01 7.2D-09 0.0D+00 5.7D-09 0.0D+00       21      123       21      210  S
      5      1   4.4984455240139659D-01 7.2D-09 0.0D+00 2.3D-09 0.0D+00       21      123       21      210  S
      5      1   4.4984455239724191D-01 7.2D-09 0.0D+00 9.4D-09 0.0D+00       21      114       21      210  S
      5      1   4.4984455239717563D-01 7.2D-09 0.0D+00 6.5D-09 0.0D+00       21      117       21      210  S
      5      1   4.5109725557468489D-01 7.2D-09 0.0D+00 3.4D-08 0.0D+00       22      118       22      220  S
      5      1   4.5109725557925517D-01 7.2D-09 0.0D+00 5.6D-10 0.0D+00       21      114       21      210  S
      5      1   4.4984455239973370D-01 7.2D-09 0.0D+00 6.1D-08 0.0D+00       22      121       22      220  S
      5      1   4.4984455239518439D-01 7.2D-09 0.0D+00 1.2D-09 0.0D+00       23      146       23      230  S
      5      1   4.4984455240291610D-01 7.2D-09 0.0D+00 1.2D-09 0.0D+00       23      157       23      230  S
      5      1   4.5109725557715807D-01 7.2D-09 0.0D+00 2.9D-09 0.0D+00       21      109       21      210  S
      5      1   4.4984455240022608D-01 7.2D-09 0.0D+00 1.7D-09 0.0D+00       21      122       21      210  S
      5      1   4.5109725557832797D-01 7.2D-09 0.0D+00 4.5D-08 0.0D+00       22      133       23      221  S
      5      1   4.4984455240022342D-01 7.2D-09 0.0D+00 4.6D-09 0.0D+00       23      144       23      230  S
      5      1   4.5109725557751940D-01 7.2D-09 0.0D+00 3.3D-08 0.0D+00       22      119       22      220  S
      5      1   4.4984455239398013D-01 7.2D-09 0.0D+00 4.9D-08 0.0D+00       22      118       22      220  S
      5      1   4.5109725557725011D-01 7.2D-09 0.0D+00 3.9D-09 0.0D+00       21      111       21      210  S
      5      1   4.5109725557773322D-01 7.2D-09 0.0D+00 4.7D-08 0.0D+00       22      125       22      220  S
      5      1   4.5109725557825670D-01 7.2D-09 0.0D+00 3.5D-08 0.0D+00       22      130       23      221  S
      5      1   4.5109725557603891D-01 7.2D-09 0.0D+00 9.1D-10 0.0D+00       21      105       21      210  S
      5      1   4.4984455239652404D-01 7.2D-09 0.0D+00 6.7D-08 0.0D+00       22      128       22      220  S
      5      1   4.5109725557612368D-01 7.2D-09 0.0D+00 7.0D-08 0.0D+00       22      124       22      220  S
      5      1   4.5109725557713615D-01 7.2D-09 0.0D+00 7.0D-08 0.0D+00       24      151       24      240  S
      5      1   5.2829243316711094D-01 6.8D-09 0.0D+00 1.6D-10 0.0D+00       21      135       21      210  S
      5      1   4.5109725557581526D-01 7.2D-09 0.0D+00 6.7D-08 0.0D+00       22      117       22      220  S
      5      1   4.5109725557467184D-01 7.2D-09 0.0D+00 7.2D-08 0.0D+00       22      118       22      220  S
      5      1   4.4984455240453919D-01 7.2D-09 0.0D+00 2.0D-09 0.0D+00       21      112       21      210  S
      5      1   4.5109725557438257D-01 7.2D-09 0.0D+00 3.3D-08 0.0D+00       24      139       24      240  S
      5      1   4.4984455240037075D-01 7.2D-09 0.0D+00 3.2D-09 0.0D+00       21      111       21      210  S
      5      1   4.4984455239873450D-01 7.2D-09 0.0D+00 6.8D-10 0.0D+00       21      120       21      210  S
      5      1   4.5109725557599445D-01 7.2D-09 0.0D+00 5.4D-10 0.0D+00       23      134       23      230  S
      5      1   4.4984455240089394D-01 7.2D-09 0.0D+00 6.5D-08 0.0D+00       24      165       24      240  S
      5      1   4.4984455239837490D-01 7.2D-09 0.0D+00 5.8D-10 0.0D+00       23      153       23      230  S
      5      1   4.4984455240003107D-01 7.2D-09 0.0D+00 3.1D-08 0.0D+00       24      161       24      240  S
      5      1   4.5109725557777397D-01 7.2D-09 0.0D+00 5.2D-08 0.0D+00       22      126       22      220  S
      5      1   4.5109725557828884D-01 7.2D-09 0.0D+00 7.1D-08 0.0D+00       22      129       23      221  S
      5      1   4.5109725557629132D-01 7.2D-09 0.0D+00 2.7D-08 0.0D+00       22      123       23      222  S
      5      1   4.5109725557535091D-01 7.2D-09 0.0D+00 2.7D-08 0.0D+00       22      119       23      222  S
      5      1   4.4984455240306204D-01 7.2D-09 0.0D+00 5.2D-09 0.0D+00       21      112       21      210  S
      5      1   4.4984455239980053D-01 7.2D-09 0.0D+00 5.1D-08 0.0D+00       22      117       22      220  S
      5      1   4.4984455239996490D-01 7.2D-09 0.0D+00 5.1D-08 0.0D+00       22      121       22      220  S
      5      1   4.4984455239565502D-01 7.2D-09 0.0D+00 2.3D-09 0.0D+00       21      107       21      210  S
      5      1   4.4984455240103199D-01 7.2D-09 0.0D+00 3.0D-10 0.0D+00       21      111       21      210  S
      5      1   4.4984455239505516D-01 7.2D-09 0.0D+00 2.4D-08 0.0D+00       22      122       22      220  S
      5      1   4.5109725557739783D-01 7.2D-09 0.0D+00 2.2D-09 0.0D+00       21      108       21      210  S
      5      1   4.4984455239578969D-01 7.2D-09 0.0D+00 7.5D-10 0.0D+00       21      113       21      210  S
      5      1   4.4984455240605503D-01 7.2D-09 0.0D+00 5.5D-11 0.0D+00       21      112       21      210  S
      5      1   4.4984455239576610D-01 7.2D-09 0.0D+00 2.1D-08 0.0D+00       22      125       23      222  S
      5      1   4.5109725557359442D-01 7.2D-09 0.0D+00 6.6D-08 0.0D+00       22      116       22      220  S
      5      1   4.5109725557593700D-01 7.2D-09 0.0D+00 5.6D-09 0.0D+00       21      102       21      210  S
      5      1   4.5109725558680241D-01 7.2D-09 0.0D+00 5.6D-09 0.0D+00       21      107       21      210  S
      5      1   4.4984455240091625D-01 7.2D-09 0.0D+00 2.6D-10 0.0D+00       23      144       23      230  S
      5      1   4.5109725558111158D-01 7.2D-09 0.0D+00 5.3D-10 0.0D+00       21      114       21      210  S
      5      1   4.5109725557667379D-01 7.2D-09 0.0D+00 6.8D-10 0.0D+00       23      131       23      230  S
      5      1   4.4984455239274590D-01 7.2D-09 0.0D+00 6.7D-08 0.0D+00       24      151       25      241  S
      5      1   4.4984455239568211D-01 7.2D-09 0.0D+00 4.9D-09 0.0D+00       21      114       21      210  S
      5      1   4.5109725558243197D-01 7.2D-09 0.0D+00 1.5D-09 0.0D+00       21      112       21      210  S
      5      1   4.5109725557625485D-01 7.2D-09 0.0D+00 1.6D-09 0.0D+00       21      102       21      210  S
      5      1   4.5109725557695485D-01 7.2D-09 0.0D+00 4.9D-09 0.0D+00       21      105       21      210  S
      5      1   4.5109725557511587D-01 7.2D-09 0.0D+00 7.0D-08 0.0D+00       24      146       25      241  S
      5      1   4.4984455239887194D-01 7.2D-09 0.0D+00 1.7D-09 0.0D+00       21      118       21      210  S
      5      1   5.2829243315947261D-01 6.8D-09 0.0D+00 1.0D-10 0.0D+00       21      142       21      210  S
      5      1   4.4984455239692317D-01 7.2D-09 0.0D+00 2.5D-09 0.0D+00       21      114       21      210  S
      5      1   4.4984455239642929D-01 7.2D-09 0.0D+00 6.9D-08 0.0D+00       22      128       23      221  S
      5      1   4.5109725557608343D-01 7.2D-09 0.0D+00 2.3D-08 0.0D+00       22      120       22      220  S
      5      1   4.5109725557888919D-01 7.2D-09 0.0D+00 4.3D-09 0.0D+00       21      119       21      210  S
      5      1   4.5109725557424296D-01 7.2D-09 0.0D+00 7.3D-08 0.0D+00       22      132       23      222  S
      5      1   4.4984455239359578D-01 7.2D-09 0.0D+00 7.0D-08 0.0D+00       22      128       23      221  S
      5      1   4.5109725557972796D-01 7.2D-09 0.0D+00 4.0D-09 0.0D+00       21      110       21      210  S
      5      1   4.4984455240359850D-01 7.2D-09 0.0D+00 1.3D-09 0.0D+00       21      120       21      210  S
      5      1   4.5109725557719882D-01 7.2D-09 0.0D+00 4.3D-09 0.0D+00       21      112       21      210  S
      5      1   4.5109725558194230D-01 7.2D-09 0.0D+00 6.6D-09 0.0D+00       23      128       23      230  S
      5      1   4.5109725557616975D-01 7.2D-09 0.0D+00 6.1D-09 0.0D+00       23      144       23      230  S
      5      1   4.4984455240165461D-01 7.2D-09 0.0D+00 2.9D-09 0.0D+00       21      110       21      210  S
      5      1   4.5109725557659630D-01 7.2D-09 0.0D+00 9.8D-10 0.0D+00       23      138       23      230  S
      5      1   4.5109725557506308D-01 7.2D-09 0.0D+00 2.1D-08 0.0D+00       22      121       23      221  S
      5      1   4.4984455239775289D-01 7.2D-09 0.0D+00 2.5D-09 0.0D+00       21      110       21      210  S
      5      1   4.4984455239855681D-01 7.2D-09 0.0D+00 2.3D-09 0.0D+00       21      120       21      210  S
      5      1   4.4984455239756471D-01 7.2D-09 0.0D+00 3.7D-09 0.0D+00       23      144       23      230  S
      5      1   4.5109725557590863D-01 7.2D-09 0.0D+00 4.0D-09 0.0D+00       23      140       23      230  S
      5      1   4.4984455240119237D-01 7.2D-09 0.0D+00 2.3D-08 0.0D+00       22      127       22      220  S
      5      1   4.5109725557602437D-01 7.2D-09 0.0D+00 7.3D-10 0.0D+00       21      101       21      210  S
      5      1   4.4984455239751536D-01 7.2D-09 0.0D+00 6.5D-08 0.0D+00       22      130       23      222  S
      5      1   4.5109725557828956D-01 7.2D-09 0.0D+00 7.8D-10 0.0D+00       21      114       21      210  S
      5      1   4.5109725557647162D-01 7.2D-09 0.0D+00 3.7D-09 0.0D+00       21      114       21      210  S
      5      1   4.4984455239387244D-01 7.2D-09 0.0D+00 4.9D-08 0.0D+00       22      121       23      221  S
      5      1   4.5109725558036939D-01 7.2D-09 0.0D+00 2.7D-09 0.0D+00       21      109       21      210  S
      5      1   4.4984455239586291D-01 7.2D-09 0.0D+00 1.1D-09 0.0D+00       21      104       21      210  S
      5      1   4.4984455239551008D-01 7.2D-09 0.0D+00 1.8D-09 0.0D+00       23      143       23      230  S
      5      1   4.5109725558020769D-01 7.2D-09 0.0D+00 3.2D-09 0.0D+00       21      114       21      210  S
      5      1   4.4984455240338406D-01 7.2D-09 0.0D+00 5.2D-11 0.0D+00       21      128       21      210  S
      5      1   4.4984455239820104D-01 7.2D-09 0.0D+00 6.7D-08 0.0D+00       22      122       23      221  S
      5      1   4.5109725557713803D-01 7.2D-09 0.0D+00 9.1D-10 0.0D+00       21      119       21      210  S
      5      1   4.4984455239964516D-01 7.2D-09 0.0D+00 7.0D-08 0.0D+00       22      126       22      220  S
      5      1   4.4984455239871868D-01 7.2D-09 0.0D+00 7.5D-09 0.0D+00       21      119       21      210  S
      5      1   4.4984455239669041D-01 7.2D-09 0.0D+00 2.2D-09 0.0D+00       21      117       21      210  S
      5      1   4.5109725558074243D-01 7.2D-09 0.0D+00 7.0D-08 0.0D+00       22      117       22      220  S
      5      1   4.5109725557941494D-01 7.2D-09 0.0D+00 3.9D-08 0.0D+00       22      123       23      221  S
      5      1   4.4984455239510213D-01 7.2D-09 0.0D+00 5.4D-08 0.0D+00       24      154       24      240  S
      5      1   4.4984455239794657D-01 7.2D-09 0.0D+00 2.4D-08 0.0D+00       22      120       22      220  S
      5      1   4.4984455239651683D-01 7.2D-09 0.0D+00 5.7D-10 0.0D+00       21      118       21      210  S
      5      1   4.5109725557854863D-01 7.2D-09 0.0D+00 4.7D-09 0.0D+00       21      124       21      210  S
      5      1   4.4984455239326704D-01 7.2D-09 0.0D+00 6.7D-08 0.0D+00       22      121       23      221  S
      5      1   4.5109725557858210D-01 7.2D-09 0.0D+00 3.4D-08 0.0D+00       24      144       24      240  S
      5      1   4.5109725557941982D-01 7.2D-09 0.0D+00 5.7D-08 0.0D+00       22      139       23      221  S
      5      1   4.4984455239966570D-01 7.2D-09 0.0D+00 6.4D-10 0.0D+00       21      115       21      210  S
      5      1   4.5109725558151087D-01 7.2D-09 0.0D+00 3.2D-09 0.0D+00       23      138       23      230  S
      5      1   4.5109725557641533D-01 7.2D-09 0.0D+00 4.8D-09 0.0D+00       21      112       21      210  S
      5      1   4.4984455239627930D-01 7.2D-09 0.0D+00 2.2D-09 0.0D+00       21      117       21      210  S
      5      1   4.4984455239546717D-01 7.2D-09 0.0D+00 6.9D-08 0.0D+00       22      117       22      220  S
      5      1   4.5109725557447072D-01 7.2D-09 0.0D+00 7.1D-08 0.0D+00       22      120       22      220  S
      5      1   4.4984455239632348D-01 7.2D-09 0.0D+00 1.5D-09 0.0D+00       21      116       21      210  S
      5      1   4.5109725557462349D-01 7.2D-09 0.0D+00 3.4D-08 0.0D+00       22      115       23      221  S
      5      1   4.4984455239704324D-01 7.2D-09 0.0D+00 6.7D-08 0.0D+00       22      127       22      220  S
      5      1   4.5109725558224834D-01 7.2D-09 0.0D+00 4.3D-08 0.0D+00       23      133       23      230  S
      5      1   4.5109725557655928D-01 7.2D-09 0.0D+00 5.7D-10 0.0D+00       21      117       21      210  S
      5      1   4.5109725557461794D-01 7.2D-09 0.0D+00 5.0D-08 0.0D+00       22      113       22      220  S
      5      1   4.4984455239590332D-01 7.2D-09 0.0D+00 2.3D-09 0.0D+00       21      104       21      210  S
      5      1   4.5109725557727537D-01 7.2D-09 0.0D+00 6.0D-08 0.0D+00       22      135       23      221  S
      5      1   4.5109725557350067D-01 7.2D-09 0.0D+00 7.0D-08 0.0D+00       22      113       22      220  S
      5      1   4.5109725557678532D-01 7.2D-09 0.0D+00 1.1D-09 0.0D+00       21      118       21      210  S
      5      1   4.5109725557733898D-01 7.2D-09 0.0D+00 1.3D-09 0.0D+00       23      137       23      230  S
      5      1   4.5109725557983915D-01 7.2D-09 0.0D+00 5.1D-08 0.0D+00       22      124       23      221  S
      5      1   4.4984455240033927D-01 7.2D-09 0.0D+00 2.4D-09 0.0D+00       21      114       21      210  S
      5      1   4.5109725557468239D-01 7.2D-09 0.0D+00 6.1D-08 0.0D+00       22      115       23      222  S
      5      1   4.4984455239559518D-01 7.2D-09 0.0D+00 3.0D-08 0.0D+00       22      129       23      221  S
      5      1   4.4984455239908805D-01 7.2D-09 0.0D+00 1.7D-09 0.0D+00       21      109       21      210  S
      5      1   4.4984455239903809D-01 7.2D-09 0.0D+00 6.7D-08 0.0D+00       22      116       22      220  S
      5      1   4.4984455239689808D-01 7.2D-09 0.0D+00 1.3D-09 0.0D+00       21      114       21      210  S
      5      1   4.5109725557512570D-01 7.2D-09 0.0D+00 3.3D-08 0.0D+00       22      119       22      220  S
      5      1   4.5109725557546143D-01 7.2D-09 0.0D+00 5.7D-08 0.0D+00       22      133       23      221  S
      5      1   4.4984455239832755D-01 7.2D-09 0.0D+00 4.2D-08 0.0D+00       22      124       22      220  S
      5      1   4.5109725557933011D-01 7.2D-09 0.0D+00 4.7D-08 0.0D+00       22      123       22      220  S
      5      1   4.4984455240018389D-01 7.2D-09 0.0D+00 1.9D-09 0.0D+00       21      114       21      210  S
      5      1   4.4984455240399784D-01 7.2D-09 0.0D+00 6.6D-08 0.0D+00       22      125       22      220  S
      5      1   4.4984455239994847D-01 7.2D-09 0.0D+00 2.5D-08 0.0D+00       24      153       24      240  S
      5      1   4.5109725557702979D-01 7.2D-09 0.0D+00 1.9D-09 0.0D+00       21      106       21      210  S
      5      1   4.4984455239976118D-01 7.2D-09 0.0D+00 1.1D-08 0.0D+00       22      128       22      220  S
      5      1   4.5109725557545610D-01 7.2D-09 0.0D+00 4.6D-10 0.0D+00       23      134       23      230  S
      5      1   4.5109725558280800D-01 7.2D-09 0.0D+00 4.5D-10 0.0D+00       23      135       23      230  S
      5      1   4.4984455240015869D-01 7.2D-09 0.0D+00 6.1D-09 0.0D+00       21      111       21      210  S
      5      1   4.4984455239411464D-01 7.2D-09 0.0D+00 7.0D-08 0.0D+00       22      130       22      220  S
      5      1   4.5109725558156843D-01 7.2D-09 0.0D+00 4.8D-09 0.0D+00       21      110       21      210  S
      5      1   4.4984455240100629D-01 7.2D-09 0.0D+00 9.2D-10 0.0D+00       21      120       21      210  S
      5      1   4.4984455239648258D-01 7.2D-09 0.0D+00 5.5D-10 0.0D+00       21      109       21      210  S
      5      1   4.4984455239568444D-01 7.2D-09 0.0D+00 2.3D-09 0.0D+00       21      110       21      210  S
      5      1   4.4984455240296578D-01 7.2D-09 0.0D+00 2.6D-09 0.0D+00       21      113       21      210  S
      5      1   4.4984455239733756D-01 7.2D-09 0.0D+00 2.3D-09 0.0D+00       21      108       21      210  S
      5      1   4.4984455240198606D-01 7.2D-09 0.0D+00 3.1D-09 0.0D+00       21      122       21      210  S
      5      1   4.4984455239623039D-01 7.2D-09 0.0D+00 4.7D-09 0.0D+00       21      122       21      210  S
      5      1   4.5109725557713387D-01 7.2D-09 0.0D+00 2.5D-09 0.0D+00       21      109       21      210  S
      5      1   4.5109725558479491D-01 7.2D-09 0.0D+00 6.2D-09 0.0D+00       21      112       21      210  S
      5      1   4.4984455239526633D-01 7.2D-09 0.0D+00 2.8D-08 0.0D+00       24      160       25      241  S
      5      1   4.5109725558542446D-01 7.2D-09 0.0D+00 1.3D-09 0.0D+00       21      132       21      210  S
      5      1   4.4984455239314469D-01 7.2D-09 0.0D+00 6.7D-08 0.0D+00       22      126       23      221  S
      5      1   4.4984455239962684D-01 7.2D-09 0.0D+00 3.2D-10 0.0D+00       21      110       21      210  S
      5      1   4.5109725558069902D-01 7.2D-09 0.0D+00 2.0D-09 0.0D+00       21      114       21      210  S
      5      1   4.4984455239581678D-01 7.2D-09 0.0D+00 3.3D-09 0.0D+00       21      109       21      210  S
      5      1   4.4984455239768639D-01 7.2D-09 0.0D+00 1.3D-09 0.0D+00       23      154       23      230  S
      5      1   4.4984455239689414D-01 7.2D-09 0.0D+00 1.4D-09 0.0D+00       21      113       21      210  S
      5      1   4.4984455239897686D-01 7.2D-09 0.0D+00 5.6D-08 0.0D+00       22      120       22      220  S
      5      1   4.5109725557630831D-01 7.2D-09 0.0D+00 2.0D-09 0.0D+00       21      109       21      210  S
      5      1   4.5109725558081554D-01 7.2D-09 0.0D+00 4.2D-11 0.0D+00       21      108       21      210  S
      5      1   4.4984455239549609D-01 7.2D-09 0.0D+00 7.4D-10 0.0D+00       21      115       21      210  S
      5      1   4.4984455239567445D-01 7.2D-09 0.0D+00 1.9D-09 0.0D+00       21      104       21      210  S
      5      1   4.5109725558327368D-01 7.2D-09 0.0D+00 3.3D-10 0.0D+00       21      107       21      210  S
      5      1   4.5109725558075303D-01 7.2D-09 0.0D+00 3.5D-09 0.0D+00       21      106       21      210  S
      5      1   4.5109725558100316D-01 7.2D-09 0.0D+00 5.1D-08 0.0D+00       22      134       23      221  S
      5      1   4.4984455239792881D-01 7.2D-09 0.0D+00 1.4D-09 0.0D+00       21      111       21      210  S
      5      1   4.5109725557993829D-01 7.2D-09 0.0D+00 1.8D-08 0.0D+00       22      119       22      220  S
      5      1   4.5109725557528096D-01 7.2D-09 0.0D+00 1.7D-08 0.0D+00       22      117       22      220  S
      5      1   4.5109725557708519D-01 7.2D-09 0.0D+00 5.8D-09 0.0D+00       21      122       21      210  S
      5      1   4.4984455239584969D-01 7.2D-09 0.0D+00 1.9D-09 0.0D+00       21      110       21      210  S
      5      1   4.5109725557691432D-01 7.2D-09 0.0D+00 2.5D-09 0.0D+00       21      114       21      210  S
      5      1   4.5109725557612079D-01 7.2D-09 0.0D+00 3.9D-10 0.0D+00       21      102       21      210  S
      5      1   4.5109725557950159D-01 7.2D-09 0.0D+00 2.1D-09 0.0D+00       21      110       21      210  S
      5      1   4.5109725557637359D-01 7.2D-09 0.0D+00 2.6D-09 0.0D+00       21      100       21      210  S
      5      1   4.4984455240102889D-01 7.2D-09 0.0D+00 6.9D-08 0.0D+00       24      154       24      240  S
      5      1   4.4984455240121152D-01 7.2D-09 0.0D+00 3.2D-09 0.0D+00       21      119       21      210  S
      5      1   4.4984455239985588D-01 7.2D-09 0.0D+00 3.2D-09 0.0D+00       21      129       21      210  S
      5      1   4.5109725557679975D-01 7.2D-09 0.0D+00 1.1D-08 0.0D+00       22      123       23      221  S
      5      1   4.5109725557592861D-01 7.2D-09 0.0D+00 2.2D-09 0.0D+00       21      108       21      210  S
      5      1   4.4984455240284554D-01 7.2D-09 0.0D+00 3.9D-09 0.0D+00       23      151       23      230  S
      5      1   4.4984455239953247D-01 7.2D-09 0.0D+00 6.0D-08 0.0D+00       22      131       22      220  S
      5      1   4.5109725558055619D-01 7.2D-09 0.0D+00 5.2D-08 0.0D+00       22      126       23      221  S
      5      1   4.5109725557920932D-01 7.2D-09 0.0D+00 8.5D-10 0.0D+00       23      136       23      230  S
      5      1   4.4984455239594651D-01 7.2D-09 0.0D+00 6.9D-09 0.0D+00       21      116       21      210  S
      5      1   4.5109725557391733D-01 7.2D-09 0.0D+00 6.3D-08 0.0D+00       22      119       23      222  S
      5      1   5.2829243315853458D-01 6.8D-09 0.0D+00 2.1D-08 0.0D+00       22      137       22      220  S
      5      1   4.4984455240505639D-01 7.2D-09 0.0D+00 6.7D-08 0.0D+00       22      129       22      220  S
      5      1   4.4984455239459564D-01 7.2D-09 0.0D+00 4.5D-08 0.0D+00       24      156       25      242  S
      5      1   4.4984455239547810D-01 7.2D-09 0.0D+00 1.5D-08 0.0D+00       22      122       22      220  S
      5      1   4.4984455239597460D-01 7.2D-09 0.0D+00 4.4D-09 0.0D+00       21      115       21      210  S
      5      1   4.5109725558028885D-01 7.2D-09 0.0D+00 3.9D-09 0.0D+00       21      109       21      210  S
      5      1   4.5109725557638508D-01 7.2D-09 0.0D+00 5.2D-09 0.0D+00       21      108       21      210  S
      5      1   4.4984455239587801D-01 7.2D-09 0.0D+00 5.0D-09 0.0D+00       21      108       21      210  S
      5      1   4.4984455239533971D-01 7.2D-09 0.0D+00 2.7D-08 0.0D+00       24      160       25      241  S
      5      1   4.4984455239481119D-01 7.2D-09 0.0D+00 2.2D-08 0.0D+00       22      119       22      220  S
      5      1   5.2829242934871801D-01 6.8D-09 0.0D+00 2.1D-09 0.0D+00       21      146       21      210  S
      5      1   4.5109725557655161D-01 7.2D-09 0.0D+00 5.7D-10 0.0D+00       21      107       21      210  S
      5      1   4.5109725557638852D-01 7.2D-09 0.0D+00 6.3D-08 0.0D+00       22      118       22      220  S
      5      1   4.5109725557638841D-01 7.2D-09 0.0D+00 4.9D-10 0.0D+00       21      104       21      210  S
      5      1   4.5109725558081309D-01 7.2D-09 0.0D+00 2.0D-09 0.0D+00       21      108       21      210  S
      5      1   4.5109725558533925D-01 7.2D-09 0.0D+00 7.6D-10 0.0D+00       21      119       21      210  S
      5      1   4.4984455240198468D-01 7.2D-09 0.0D+00 7.0D-09 0.0D+00       23      151       23      230  S
      5      1   4.4984455239653559D-01 7.2D-09 0.0D+00 2.2D-09 0.0D+00       21      112       21      210  S
      5      1   4.5109725557608937D-01 7.2D-09 0.0D+00 1.1D-10 0.0D+00       23      136       23      230  S
      5      1   4.5109725558145508D-01 7.2D-09 0.0D+00 3.6D-09 0.0D+00       21      112       21      210  S
      5      1   4.4984455239747961D-01 7.2D-09 0.0D+00 1.2D-09 0.0D+00       21      119       21      210  S
      5      1   4.5109725557925923D-01 7.2D-09 0.0D+00 3.5D-10 0.0D+00       21      121       21      210  S
      5      1   4.4984455239819704D-01 7.2D-09 0.0D+00 5.1D-08 0.0D+00       22      122       22      220  S
      5      1   4.5109725557409047D-01 7.2D-09 0.0D+00 6.6D-08 0.0D+00       22      117       22      220  S
      5      1   4.5109725557562919D-01 7.2D-09 0.0D+00 3.2D-08 0.0D+00       24      148       24      240  S
      5      1   4.5109725557576630D-01 7.2D-09 0.0D+00 2.9D-10 0.0D+00       21      103       21      210  S
      5      1   4.5109725557702657D-01 7.2D-09 0.0D+00 2.9D-09 0.0D+00       21      105       21      210  S
      5      1   4.5109725558003344D-01 7.2D-09 0.0D+00 1.3D-08 0.0D+00       22      123       23      222  S
      5      1   4.4984455240230797D-01 7.2D-09 0.0D+00 6.5D-08 0.0D+00       24      156       24      240  S
      5      1   4.4984455239605936D-01 7.2D-09 0.0D+00 1.7D-09 0.0D+00       21      115       21      210  S
      5      1   4.5109725557699965D-01 7.2D-09 0.0D+00 1.0D-09 0.0D+00       21      116       21      210  S
      5      1   4.5109725557393382D-01 7.2D-09 0.0D+00 6.6D-08 0.0D+00       22      119       22      220  S
      5      1   4.4984455239982052D-01 7.2D-09 0.0D+00 3.9D-09 0.0D+00       21      126       21      210  S
      5      1   4.5109725557470420D-01 7.2D-09 0.0D+00 3.7D-08 0.0D+00       22      127       23      221  S
      5      1   5.2787291041825490D-01 6.8D-09 0.0D+00 3.2D-08 0.0D+00       22      149       22      220  S
      5      1   4.5109725557513919D-01 7.2D-09 0.0D+00 3.4D-08 0.0D+00       22      120       22      220  S
      5      1   4.5109725558489089D-01 7.2D-09 0.0D+00 3.7D-09 0.0D+00       21      111       21      210  S
      5      1   4.5109725558049479D-01 7.2D-09 0.0D+00 5.6D-10 0.0D+00       21      111       21      210  S
      5      1   4.4984455240631144D-01 7.2D-09 0.0D+00 1.5D-09 0.0D+00       21      116       21      210  S
      5      1   4.4984455240205395D-01 7.2D-09 0.0D+00 3.4D-09 0.0D+00       21      120       21      210  S
      5      1   4.4984455239347776D-01 7.2D-09 0.0D+00 6.2D-08 0.0D+00       22      118       22      220  S
      5      1   4.4984455239691717D-01 7.2D-09 0.0D+00 5.2D-10 0.0D+00       21      112       21      210  S
      5      1   4.4984455240209509D-01 7.2D-09 0.0D+00 5.4D-09 0.0D+00       21      110       21      210  S
      5      1   4.4984455239401633D-01 7.2D-09 0.0D+00 5.9D-08 0.0D+00       22      118       22      220  S
      5      1   4.4984455239583787D-01 7.2D-09 0.0D+00 5.0D-11 0.0D+00       21      128       21      210  S
      5      1   4.4984455239857440D-01 7.2D-09 0.0D+00 1.6D-09 0.0D+00       21      119       21      210  S
      5      1   4.4984455239299076D-01 7.2D-09 0.0D+00 6.4D-08 0.0D+00       24      146       24      240  S
      5      1   4.4984455239754484D-01 7.2D-09 0.0D+00 1.2D-09 0.0D+00       21      111       21      210  S
      5      1   4.5109725557756192D-01 7.2D-09 0.0D+00 1.6D-09 0.0D+00       21      118       21      210  S
      5      1   4.4984455240351329D-01 7.2D-09 0.0D+00 1.4D-08 0.0D+00       22      132       22      220  S
      5      1   4.4984455239504001D-01 7.2D-09 0.0D+00 1.6D-08 0.0D+00       22      114       22      220  S
      5      1   4.5109725558292046D-01 7.2D-09 0.0D+00 5.8D-08 0.0D+00       22      133       23      221  S
      5      1   4.5109725558042818D-01 7.2D-09 0.0D+00 3.3D-09 0.0D+00       21      118       21      210  S
      5      1   4.5109725557625713D-01 7.2D-09 0.0D+00 2.7D-09 0.0D+00       21      107       21      210  S
      5      1   4.5109725557858221D-01 7.2D-09 0.0D+00 6.9D-08 0.0D+00       22      123       22      220  S
      5      1   4.4984455239683102D-01 7.2D-09 0.0D+00 3.9D-09 0.0D+00       21      114       21      210  S
      5      1   4.5109725558063485D-01 7.2D-09 0.0D+00 1.3D-09 0.0D+00       21      107       21      210  S
      5      1   4.5109725557857860D-01 7.2D-09 0.0D+00 3.5D-10 0.0D+00       21      114       21      210  S
      5      1   4.5109725557503405D-01 7.2D-09 0.0D+00 3.5D-08 0.0D+00       22      113       22      220  S
      5      1   4.5109725558174002D-01 7.2D-09 0.0D+00 5.9D-08 0.0D+00       22      130       23      221  S
      5      1   4.4984455239637289D-01 7.2D-09 0.0D+00 5.0D-08 0.0D+00       24      157       24      240  S
      5      1   4.5109725557800101D-01 7.2D-09 0.0D+00 4.7D-10 0.0D+00       21      114       21      210  S
      5      1   4.5109725558132918D-01 7.2D-09 0.0D+00 3.2D-09 0.0D+00       21      113       21      210  S
      5      1   4.4984455240042764D-01 7.2D-09 0.0D+00 1.1D-08 0.0D+00       22      121       22      220  S
      5      1   4.4984455239700133D-01 7.2D-09 0.0D+00 1.8D-09 0.0D+00       21      110       21      210  S
      5      1   4.5109725558242986D-01 7.2D-09 0.0D+00 2.6D-09 0.0D+00       21      117       21      210  S
      5      1   4.5109725557501079D-01 7.2D-09 0.0D+00 2.1D-08 0.0D+00       22      117       23      221  S
      5      1   4.5109725557342462D-01 7.2D-09 0.0D+00 7.0D-08 0.0D+00       22      110       22      220  S
      5      1   4.4984455239498727D-01 7.2D-09 0.0D+00 5.0D-08 0.0D+00       22      119       22      220  S
      5      1   4.4984455240275989D-01 7.2D-09 0.0D+00 2.2D-09 0.0D+00       21      128       21      210  S
      5      1   4.5109725558352726D-01 7.2D-09 0.0D+00 7.1D-08 0.0D+00       24      142       24      240  S
      5      1   4.4984455239591653D-01 7.2D-09 0.0D+00 6.8D-08 0.0D+00       22      132       22      220  S
      5      1   4.5109725558566760D-01 7.2D-09 0.0D+00 2.1D-09 0.0D+00       23      134       23      230  S
      5      1   4.5109725557558789D-01 7.2D-09 0.0D+00 3.3D-09 0.0D+00       23      132       23      230  S
      5      1   4.4984455239648724D-01 7.2D-09 0.0D+00 9.8D-09 0.0D+00       23      145       23      230  S
      5      1   4.4984455240204602D-01 7.2D-09 0.0D+00 6.5D-09 0.0D+00       23      150       23      230  S
      5      1   4.4984455239401949D-01 7.2D-09 0.0D+00 5.2D-08 0.0D+00       22      121       23      221  S
      5      1   4.4984455239648707D-01 7.2D-09 0.0D+00 3.3D-09 0.0D+00       21      112       21      210  S
      5      1   4.4984455239586923D-01 7.2D-09 0.0D+00 4.8D-09 0.0D+00       21      115       21      210  S
      5      1   4.5109725558232633D-01 7.2D-09 0.0D+00 3.6D-09 0.0D+00       21      114       21      210  S
      5      1   4.4984455239359022D-01 7.2D-09 0.0D+00 7.2D-08 0.0D+00       22      119       22      220  S
      5      1   4.4984455239514459D-01 7.2D-09 0.0D+00 3.7D-09 0.0D+00       23      130       23      230  S
      5      1   4.5109725558407432D-01 7.2D-09 0.0D+00 2.2D-09 0.0D+00       21      117       21      210  S
      5      1   4.4984455239321491D-01 7.2D-09 0.0D+00 7.2D-08 0.0D+00       22      128       23      222  S
      5      1   4.4984455240450066D-01 7.2D-09 0.0D+00 2.1D-09 0.0D+00       23      146       23      230  S
      5      1   4.5109725558232844D-01 7.2D-09 0.0D+00 7.2D-11 0.0D+00       21      113       21      210  S
      5      1   4.4984455239562382D-01 7.2D-09 0.0D+00 2.4D-09 0.0D+00       21      111       21      210  S
      5      1   4.5109725557715619D-01 7.2D-09 0.0D+00 6.1D-08 0.0D+00       22      122       22      220  S
      5      1   4.4984455240290810D-01 7.2D-09 0.0D+00 1.2D-10 0.0D+00       21      118       21      210  S
      5      1   4.5109725557618213D-01 7.2D-09 0.0D+00 3.5D-10 0.0D+00       21      106       21      210  S
      5      1   4.4984455239591331D-01 7.2D-09 0.0D+00 1.9D-09 0.0D+00       21      111       21      210  S
      5      1   4.4984455239434229D-01 7.2D-09 0.0D+00 1.8D-08 0.0D+00       24      154       25      242  S
      5      1   4.5109725557593755D-01 7.2D-09 0.0D+00 3.4D-08 0.0D+00       22      122       23      221  S
      5      1   4.5109725557592906D-01 7.2D-09 0.0D+00 1.1D-09 0.0D+00       21      108       21      210  S
      5      1   4.5109725557577918D-01 7.2D-09 0.0D+00 3.3D-08 0.0D+00       22      121       22      220  S
      5      1   4.4984455239421994D-01 7.2D-09 0.0D+00 6.2D-08 0.0D+00       24      145       24      240  S
      5      1   4.4984455239629229D-01 7.2D-09 0.0D+00 8.5D-09 0.0D+00       21      116       21      210  S
      5      1   4.4984455239678889D-01 7.2D-09 0.0D+00 8.3D-10 0.0D+00       21      116       21      210  S
      5      1   4.5109725557607711D-01 7.2D-09 0.0D+00 1.0D-09 0.0D+00       21      106       21      210  S
      5      1   4.4984455239586646D-01 7.2D-09 0.0D+00 1.9D-09 0.0D+00       21      105       21      210  S
      5      1   4.4984455239600130D-01 7.2D-09 0.0D+00 1.2D-10 0.0D+00       21      108       21      210  S
      5      1   4.5109725558230740D-01 7.2D-09 0.0D+00 7.8D-10 0.0D+00       21      109       21      210  S
      5      1   4.5109725558038216D-01 7.2D-09 0.0D+00 3.5D-08 0.0D+00       22      125       23      222  S
      5      1   4.4984455239569099D-01 7.2D-09 0.0D+00 5.8D-09 0.0D+00       21      108       21      210  S
      5      1   4.4984455239916971D-01 7.2D-09 0.0D+00 9.6D-10 0.0D+00       21      128       21      210  S
      5      1   4.4984455239796722D-01 7.2D-09 0.0D+00 4.5D-09 0.0D+00       21      113       21      210  S
      5      1   4.5109725557707342D-01 7.2D-09 0.0D+00 3.7D-09 0.0D+00       21      119       21      210  S
      5      1   4.5109725557699076D-01 7.2D-09 0.0D+00 9.4D-10 0.0D+00       21      105       21      210  S
      5      1   4.5109725557420993D-01 7.2D-09 0.0D+00 7.2D-08 0.0D+00       22      120       22      220  S
      5      1   4.5109725557717051D-01 7.2D-09 0.0D+00 1.8D-09 0.0D+00       21      119       21      210  S
      5      1   4.4984455240213733D-01 7.2D-09 0.0D+00 4.3D-09 0.0D+00       21      115       21      210  S
      5      1   4.5109725557596309D-01 7.2D-09 0.0D+00 1.3D-09 0.0D+00       21      103       21      210  S
      5      1   4.4984455239411431D-01 7.2D-09 0.0D+00 3.1D-08 0.0D+00       24      153       25      242  S
      5      1   4.5109725557907221D-01 7.2D-09 0.0D+00 2.1D-09 0.0D+00       21      110       21      210  S
      5      1   4.4984455239563470D-01 7.2D-09 0.0D+00 1.6D-09 0.0D+00       21      111       21      210  S
      5      1   4.5109725557476449D-01 7.2D-09 0.0D+00 4.7D-08 0.0D+00       22      115       22      220  S
      5      1   4.5109725557948044D-01 7.2D-09 0.0D+00 7.6D-10 0.0D+00       21      106       21      210  S
      5      1   4.4984455240000831D-01 7.2D-09 0.0D+00 1.7D-09 0.0D+00       21      117       21      210  S
      5      1   4.4984455239512383D-01 7.2D-09 0.0D+00 4.7D-08 0.0D+00       22      124       23      222  S
      5      1   4.4984455239302745D-01 7.2D-09 0.0D+00 6.9D-08 0.0D+00       22      118       22      220  S
      5      1   4.5109725557740793D-01 7.2D-09 0.0D+00 9.3D-10 0.0D+00       21      115       21      210  S
      5      1   4.4984455239690346D-01 7.2D-09 0.0D+00 3.5D-09 0.0D+00       21      111       21      210  S
      5      1   4.5109725557896013D-01 7.2D-09 0.0D+00 5.9D-10 0.0D+00       21      109       21      210  S
      5      1   4.5109725557926550D-01 7.2D-09 0.0D+00 1.3D-09 0.0D+00       21      112       21      210  S
      5      1   4.4984455239695409D-01 7.2D-09 0.0D+00 1.9D-09 0.0D+00       23      153       23      230  S
      5      1   4.4984455240297488D-01 7.2D-09 0.0D+00 5.7D-09 0.0D+00       21      120       21      210  S
      5      1   4.5109725557622882D-01 7.2D-09 0.0D+00 3.5D-09 0.0D+00       21      114       21      210  S
      5      1   4.4984455239329429D-01 7.2D-09 0.0D+00 6.4D-08 0.0D+00       22      122       23      222  S
      5      1   4.4984455240193955D-01 7.2D-09 0.0D+00 1.2D-09 0.0D+00       21      117       21      210  S
      5      1   4.5109725557730684D-01 7.2D-09 0.0D+00 6.9D-08 0.0D+00       22      116       23      221  S
      5      1   4.5109725557504393D-01 7.2D-09 0.0D+00 3.4D-08 0.0D+00       22      119       22      220  S
      5      1   4.4984455240066501D-01 7.2D-09 0.0D+00 2.8D-08 0.0D+00       22      131       23      221  S
      5      1   4.5109725557376007D-01 7.2D-09 0.0D+00 6.2D-08 0.0D+00       22      114       22      220  S
      5      1   4.5109725557741021D-01 7.2D-09 0.0D+00 6.9D-08 0.0D+00       24      141       24      240  S
      5      1   4.5109725557894759D-01 7.2D-09 0.0D+00 3.1D-09 0.0D+00       23      131       23      230  S
      5      1   4.4984455239346555D-01 7.2D-09 0.0D+00 6.0D-08 0.0D+00       22      120       22      220  S
      5      1   4.5109725557957503D-01 7.2D-09 0.0D+00 7.1D-08 0.0D+00       22      115       22      220  S
      5      1   4.5109725557744690D-01 7.2D-09 0.0D+00 6.8D-08 0.0D+00       22      124       22      220  S
      5      1   4.4984455239478904D-01 7.2D-09 0.0D+00 2.6D-08 0.0D+00       22      118       22      220  S
      5      1   4.5109725558052960D-01 7.2D-09 0.0D+00 3.4D-10 0.0D+00       21      112       21      210  S
      5      1   4.4984455239572291D-01 7.2D-09 0.0D+00 6.4D-09 0.0D+00       21      109       21      210  S
      5      1   4.5109725557594632D-01 7.2D-09 0.0D+00 3.8D-09 0.0D+00       21      107       21      210  S
      5      1   4.4984455240273619D-01 7.2D-09 0.0D+00 1.9D-09 0.0D+00       21      120       21      210  S
      5      1   4.4984455240070548D-01 7.2D-09 0.0D+00 1.5D-08 0.0D+00       22      124       23      222  S
      5      1   4.5109725557649594D-01 7.2D-09 0.0D+00 2.2D-10 0.0D+00       21      109       21      210  S
      5      1   4.4984455239373100D-01 7.2D-09 0.0D+00 6.4D-08 0.0D+00       22      125       23      221  S
      5      1   4.5109725558051506D-01 7.2D-09 0.0D+00 2.5D-09 0.0D+00       21      121       21      210  S
      5      1   4.5109725558081704D-01 7.2D-09 0.0D+00 2.6D-09 0.0D+00       21      108       21      210  S
      5      1   4.4984455240553711D-01 7.2D-09 0.0D+00 1.3D-09 0.0D+00       21      122       21      210  S
      5      1   4.4984455239486676D-01 7.2D-09 0.0D+00 2.2D-08 0.0D+00       22      113       22      220  S
      5      1   4.5109725557639185D-01 7.2D-09 0.0D+00 3.7D-09 0.0D+00       21      106       21      210  S
      5      1   4.4984455239894910D-01 7.2D-09 0.0D+00 5.9D-10 0.0D+00       23      155       23      230  S
      5      1   4.4984455239554455D-01 7.2D-09 0.0D+00 3.0D-09 0.0D+00       21      105       21      210  S
      5      1   4.4984455240054111D-01 7.2D-09 0.0D+00 1.2D-09 0.0D+00       21      122       21      210  S
      5      1   4.5109725558431352D-01 7.2D-09 0.0D+00 3.4D-08 0.0D+00       22      130       22      220  S
      5      1   4.4984455239906312D-01 7.2D-09 0.0D+00 1.7D-09 0.0D+00       21      111       21      210  S
      5      1   4.5109725557593822D-01 7.2D-09 0.0D+00 1.1D-09 0.0D+00       21      105       21      210  S
      5      1   4.4984455239808679D-01 7.2D-09 0.0D+00 5.9D-08 0.0D+00       22      121       22      220  S
      5      1   4.4984455239588483D-01 7.2D-09 0.0D+00 3.2D-09 0.0D+00       21      107       21      210  S
      5      1   4.4984455240233778D-01 7.2D-09 0.0D+00 1.6D-09 0.0D+00       21      117       21      210  S
      5      1   4.4984455239634585D-01 7.2D-09 0.0D+00 1.8D-10 0.0D+00       21      121       21      210  S
      5      1   4.4984455239681326D-01 7.2D-09 0.0D+00 3.2D-09 0.0D+00       21      110       21      210  S
      5      1   4.4984455240379556D-01 7.2D-09 0.0D+00 3.6D-09 0.0D+00       23      144       23      230  S
      5      1   4.4984455239871374D-01 7.2D-09 0.0D+00 6.2D-08 0.0D+00       24      162       24      240  S
      5      1   4.4984455239781501D-01 7.2D-09 0.0D+00 1.2D-08 0.0D+00       24      154       24      240  S
      5      1   4.4984455239591808D-01 7.2D-09 0.0D+00 5.1D-09 0.0D+00       21      108       21      210  S
      5      1   4.5109725557395658D-01 7.2D-09 0.0D+00 6.7D-08 0.0D+00       22      124       23      222  S
      5      1   4.5109725557824742D-01 7.2D-09 0.0D+00 6.6D-08 0.0D+00       24      152       25      241  S
      5      1   4.4984455239598331D-01 7.2D-09 0.0D+00 3.6D-09 0.0D+00       21      106       21      210  S
      5      1   4.5109725558155334D-01 7.2D-09 0.0D+00 3.6D-10 0.0D+00       21      119       21      210  S
      5      1   4.4984455239571447D-01 7.2D-09 0.0D+00 9.9D-10 0.0D+00       21      111       21      210  S
      5      1   4.5109725558096520D-01 7.2D-09 0.0D+00 2.1D-09 0.0D+00       23      140       23      230  S
      5      1   4.4984455239593846D-01 7.2D-09 0.0D+00 5.4D-09 0.0D+00       23      144       23      230  S
      5      1   4.5109725558210623D-01 7.2D-09 0.0D+00 4.0D-09 0.0D+00       21      117       21      210  S
      5      1   4.5109725557597891D-01 7.2D-09 0.0D+00 3.0D-08 0.0D+00       22      117       22      220  S
      5      1   4.5109725558590535D-01 7.2D-09 0.0D+00 7.5D-09 0.0D+00       21      117       21      210  S
      5      1   4.5109725557649394D-01 7.2D-09 0.0D+00 5.3D-08 0.0D+00       24      156       25      242  S
      5      1   4.4984455239787557D-01 7.2D-09 0.0D+00 1.9D-09 0.0D+00       21      126       21      210  S
      5      1   4.5109725557606867D-01 7.2D-09 0.0D+00 8.4D-10 0.0D+00       21      109       21      210  S
      5      1   4.4984455239555304D-01 7.2D-09 0.0D+00 2.8D-09 0.0D+00       23      149       23      230  S
      5      1   4.4984455239659438D-01 7.2D-09 0.0D+00 5.4D-10 0.0D+00       21      118       21      210  S
      5      1   4.4984455240024807D-01 7.2D-09 0.0D+00 2.1D-09 0.0D+00       21      121       21      210  S
      5      1   4.4984455239374443D-01 7.2D-09 0.0D+00 4.9D-08 0.0D+00       22      116       22      220  S
      5      1   4.4984455240422000D-01 7.2D-09 0.0D+00 1.5D-09 0.0D+00       23      162       23      230  S
      5      1   4.5109725557569186D-01 7.2D-09 0.0D+00 4.1D-10 0.0D+00       23      128       23      230  S
      5      1   4.4984455239639876D-01 7.2D-09 0.0D+00 3.9D-09 0.0D+00       21      114       21      210  S
      5      1   4.5109725557328856D-01 7.2D-09 0.0D+00 7.1D-08 0.0D+00       22      117       23      222  S
      5      1   4.5109725558483860D-01 7.2D-09 0.0D+00 3.4D-08 0.0D+00       22      116       22      220  S
      5      1   4.5109725557687719D-01 7.2D-09 0.0D+00 3.4D-09 0.0D+00       21      107       21      210  S
      5      1   4.5109725557704533D-01 7.2D-09 0.0D+00 2.2D-09 0.0D+00       21      105       21      210  S
      5      1   4.5109725557816077D-01 7.2D-09 0.0D+00 4.7D-09 0.0D+00       21      111       21      210  S
      5      1   4.4984455239463128D-01 7.2D-09 0.0D+00 6.0D-08 0.0D+00       22      131       23      221  S
      5      1   4.4984455239647148D-01 7.2D-09 0.0D+00 7.6D-10 0.0D+00       21      114       21      210  S
      5      1   4.4984455240086718D-01 7.2D-09 0.0D+00 2.0D-09 0.0D+00       21      118       21      210  S
      5      1   4.4984455240026250D-01 7.2D-09 0.0D+00 3.6D-09 0.0D+00       21      113       21      210  S
      5      1   4.4984455240005761D-01 7.2D-09 0.0D+00 2.7D-09 0.0D+00       21      110       21      210  S
      5      1   4.5109725557710850D-01 7.2D-09 0.0D+00 3.2D-09 0.0D+00       21      111       21      210  S
      5      1   4.4984455240067095D-01 7.2D-09 0.0D+00 1.4D-09 0.0D+00       21      119       21      210  S
      5      1   4.5109725557791985D-01 7.2D-09 0.0D+00 6.5D-08 0.0D+00       22      114       22      220  S
      5      1   4.4984455239668852D-01 7.2D-09 0.0D+00 6.3D-09 0.0D+00       21      110       21      210  S
      5      1   4.5109725558139463D-01 7.2D-09 0.0D+00 5.8D-08 0.0D+00       24      151       24      240  S
      5      1   4.5109725557814390D-01 7.2D-09 0.0D+00 5.8D-08 0.0D+00       24      164       25      241  S
      5      1   4.5109725558099917D-01 7.2D-09 0.0D+00 8.4D-10 0.0D+00       21      114       21      210  S
      5      1   4.5109725557560282D-01 7.2D-09 0.0D+00 1.6D-08 0.0D+00       22      125       23      221  S
      5      1   4.5109725557741237D-01 7.2D-09 0.0D+00 4.2D-09 0.0D+00       21      110       21      210  S
      5      1   4.4984455239916121D-01 7.2D-09 0.0D+00 2.9D-10 0.0D+00       21      113       21      210  S
      5      1   4.5109725557659797D-01 7.2D-09 0.0D+00 3.6D-09 0.0D+00       21      112       21      210  S
      5      1   4.4984455240011456D-01 7.2D-09 0.0D+00 1.9D-09 0.0D+00       21      114       21      210  S
      5      1   4.5109725557937352D-01 7.2D-09 0.0D+00 2.1D-09 0.0D+00       23      136       23      230  S
      5      1   4.4984455240147903D-01 7.2D-09 0.0D+00 2.3D-09 0.0D+00       21      121       21      210  S
      5      1   4.5109725557971092D-01 7.2D-09 0.0D+00 3.4D-09 0.0D+00       21      108       21      210  S
      5      1   4.5109725557594355D-01 7.2D-09 0.0D+00 7.1D-10 0.0D+00       21      102       21      210  S
      5      1   4.4984455239819915D-01 7.2D-09 0.0D+00 7.1D-08 0.0D+00       24      163       25      241  S
      5      1   4.5109725557774855D-01 7.2D-09 0.0D+00 4.5D-09 0.0D+00       21      109       21      210  S
      5      1   4.4984455239920496D-01 7.2D-09 0.0D+00 5.0D-08 0.0D+00       22      128       22      220  S
      5      1   4.4984455240093252D-01 7.2D-09 0.0D+00 1.8D-08 0.0D+00       24      167       25      241  S
      5      1   4.4984455239693588D-01 7.2D-09 0.0D+00 3.2D-08 0.0D+00       22      130       22      220  S
      5      1   4.5109725557616426D-01 7.2D-09 0.0D+00 3.5D-09 0.0D+00       21      113       21      210  S
      5      1   4.4984455240225968D-01 7.2D-09 0.0D+00 6.6D-08 0.0D+00       22      127       22      220  S
      5      1   4.4984455239802135D-01 7.2D-09 0.0D+00 2.5D-09 0.0D+00       21      115       21      210  S
      5      1   4.5109725557434899D-01 7.2D-09 0.0D+00 6.8D-08 0.0D+00       24      140       24      240  S
      5      1   4.4984455239555793D-01 7.2D-09 0.0D+00 1.7D-10 0.0D+00       23      157       23      230  S
      5      1   4.5109725557643815D-01 7.2D-09 0.0D+00 1.0D-09 0.0D+00       21      105       21      210  S
      5      1   4.5109725557847741D-01 7.2D-09 0.0D+00 6.3D-08 0.0D+00       22      130       22      220  S
      5      1   4.5109725558049857D-01 7.2D-09 0.0D+00 2.5D-09 0.0D+00       21      104       21      210  S
      5      1   4.4984455239802923D-01 7.2D-09 0.0D+00 1.7D-10 0.0D+00       21      117       21      210  S
      5      1   4.4984455239604759D-01 7.2D-09 0.0D+00 3.1D-09 0.0D+00       21      118       21      210  S
      5      1   4.4984455239621357D-01 7.2D-09 0.0D+00 8.4D-09 0.0D+00       21      115       21      210  S
      5      1   4.4984455239573046D-01 7.2D-09 0.0D+00 3.6D-10 0.0D+00       21      106       21      210  S
      5      1   4.5109725557624314D-01 7.2D-09 0.0D+00 4.1D-09 0.0D+00       21      104       21      210  S
      5      1   4.5109725557993008D-01 7.2D-09 0.0D+00 2.2D-09 0.0D+00       21      109       21      210  S
      5      1   4.4984455239424498D-01 7.2D-09 0.0D+00 4.5D-08 0.0D+00       22      119       22      220  S
      5      1   4.5109725557607949D-01 7.2D-09 0.0D+00 3.2D-09 0.0D+00       21      110       21      210  S
      5      1   4.4984455239584420D-01 7.2D-09 0.0D+00 1.1D-09 0.0D+00       21      110       21      210  S
      5      1   4.5109725558227820D-01 7.2D-09 0.0D+00 6.5D-08 0.0D+00       24      154       24      240  S
      5      1   4.4984455239764254D-01 7.2D-09 0.0D+00 7.4D-08 0.0D+00       22      120       23      221  S
      5      1   4.5109725558251063D-01 7.2D-09 0.0D+00 3.8D-10 0.0D+00       21      118       21      210  S
      5      1   4.4984455239556059D-01 7.2D-09 0.0D+00 4.3D-10 0.0D+00       21      108       21      210  S
      5      1   4.4984455239567167D-01 7.2D-09 0.0D+00 6.7D-09 0.0D+00       21      111       21      210  S
      5      1   4.5109725557892538D-01 7.2D-09 0.0D+00 7.0D-08 0.0D+00       22      125       23      221  S
      5      1   4.5109725557640240D-01 7.2D-09 0.0D+00 2.6D-09 0.0D+00       21      105       21      210  S
      5      1   4.4984455239570015D-01 7.2D-09 0.0D+00 1.2D-09 0.0D+00       21      110       21      210  S
      5      1   4.5109725557630026D-01 7.2D-09 0.0D+00 1.1D-09 0.0D+00       21      107       21      210  S
      5      1   4.5109725557872732D-01 7.2D-09 0.0D+00 1.3D-09 0.0D+00       21      115       21      210  S
      5      1   4.4984455239627774D-01 7.2D-09 0.0D+00 2.7D-09 0.0D+00       21      119       21      210  S
      5      1   4.5109725557438834D-01 7.2D-09 0.0D+00 7.3D-08 0.0D+00       22      117       22      220  S
      5      1   4.5109725557613251D-01 7.2D-09 0.0D+00 1.5D-09 0.0D+00       21      104       21      210  S
      5      1   4.5109725558393293D-01 7.2D-09 0.0D+00 2.2D-08 0.0D+00       22      129       22      220  S
      5      1   4.5109725557683178D-01 7.2D-09 0.0D+00 2.8D-09 0.0D+00       23      134       23      230  S
      5      1   4.5109725557557140D-01 7.2D-09 0.0D+00 3.5D-08 0.0D+00       24      141       24      240  S
