      9      1   2.6444113224843663D-01 6.3D-09 0.0D+00 3.3D-07 0.0D+00       22      132       22      220  S
      9      1   2.6444113224880650D-01 6.3D-09 0.0D+00 3.3D-07 0.0D+00       23      143       23      230  S
      9      1   2.6444113225210075D-01 6.3D-09 0.0D+00 3.8D-09 0.0D+00       22      135       22      220  S
      9      1   2.6444113225181487D-01 6.3D-09 0.0D+00 2.5D-09 0.0D+00       21      140       21      210  S
      9      1   2.6444113225218957D-01 6.3D-09 0.0D+00 1.5D-09 0.0D+00       22      129       22      220  S
      9      1   2.6444113224880750D-01 6.3D-09 0.0D+00 3.2D-07 0.0D+00       23      139       23      230  S
      9      1   2.6444113225229277D-01 6.3D-09 0.0D+00 4.4D-09 0.0D+00       22      137       22      220  S
      9      1   2.6444113225225990D-01 6.3D-09 0.0D+00 6.6D-09 0.0D+00       22      129       22      220  S
      9      1   2.6444113224804272D-01 6.3D-09 0.0D+00 3.4D-07 0.0D+00       23      144       23      230  S
      9      1   2.6444113225273885D-01 6.3D-09 0.0D+00 6.1D-09 0.0D+00       22      135       22      220  S
      9      1   2.6444113225172938D-01 6.3D-09 0.0D+00 3.7D-09 0.0D+00       20      135       20      200  S
      9      1   2.6444113225183619D-01 6.3D-09 0.0D+00 2.2D-09 0.0D+00       20      128       20      200  S
      9      1   2.6444113225169330D-01 6.3D-09 0.0D+00 3.5D-09 0.0D+00       21      139       21      210  S
      9      1   2.6444113225211635D-01 6.3D-09 0.0D+00 7.1D-09 0.0D+00       22      126       22      220  S
      9      1   2.6444113225065730D-01 6.3D-09 0.0D+00 1.6D-07 0.0D+00       23      153       23      230  S
      9      1   2.6444113225218963D-01 6.3D-09 0.0D+00 6.6D-09 0.0D+00       22      132       22      220  S
      9      1   2.6444113225260918D-01 6.3D-09 0.0D+00 1.3D-09 0.0D+00       22      130       22      220  S
      9      1   2.6444113225243593D-01 6.3D-09 0.0D+00 2.6D-09 0.0D+00       20      135       20      200  S
      9      1   2.6444113225215748D-01 6.3D-09 0.0D+00 5.9D-09 0.0D+00       22      137       22      220  S
      9      1   2.6444113225295141D-01 6.3D-09 0.0D+00 7.4D-09 0.0D+00       22      140       22      220  S
      9      1   2.6444113225244159D-01 6.3D-09 0.0D+00 2.4D-09 0.0D+00       22      129       22      220  S
      9      1   2.6444113224982996D-01 6.3D-09 0.0D+00 2.1D-07 0.0D+00       24      154       24      240  S
      9      1   2.6444113225201527D-01 6.3D-09 0.0D+00 1.5D-08 0.0D+00       22      147       22      220  S
      9      1   2.6444113225001531D-01 6.3D-09 0.0D+00 1.7D-07 0.0D+00       21      141       21      210  S
      9      1   2.6444113225019311D-01 6.3D-09 0.0D+00 2.2D-07 0.0D+00       24      150       24      240  S
      9      1   2.6444113225293203D-01 6.3D-09 0.0D+00 1.9D-08 0.0D+00       23      145       23      230  S
      9      1   2.6444113224891541D-01 6.3D-09 0.0D+00 3.2D-07 0.0D+00       23      137       23      230  S
      9      1   2.6444113225261096D-01 6.3D-09 0.0D+00 1.7D-09 0.0D+00       22      147       22      220  S
      9      1   2.6444113225235899D-01 6.3D-09 0.0D+00 2.7D-09 0.0D+00       22      140       22      220  S
      9      1   2.6444113224934257D-01 6.3D-09 0.0D+00 3.4D-07 0.0D+00       22      157       22      220  S
      9      1   2.6444113224847288D-01 6.3D-09 0.0D+00 3.1D-07 0.0D+00       22      144       22      220  S
      9      1   2.6444113225222771D-01 6.3D-09 0.0D+00 7.6D-10 0.0D+00       22      138       22      220  S
      9      1   2.6444113225285931D-01 6.3D-09 0.0D+00 1.9D-09 0.0D+00       22      143       22      220  S
      9      1   2.6444113225183491D-01 6.3D-09 0.0D+00 3.9D-09 0.0D+00       20      127       20      200  S
      9      1   2.6444113225213994D-01 6.3D-09 0.0D+00 2.5D-09 0.0D+00       22      126       22      220  S
      9      1   2.6444113224891586D-01 6.3D-09 0.0D+00 3.4D-07 0.0D+00       23      150       23      230  S
      9      1   2.6444113224908083D-01 6.3D-09 0.0D+00 3.3D-07 0.0D+00       24      154       24      240  S
      9      1   2.6444113225230625D-01 6.3D-09 0.0D+00 2.3D-08 0.0D+00       23      152       23      230  S
      9      1   4.1917008507006148D-01 8.0D-09 0.0D+00 1.1D-11 0.0D+00       21      137       21      210  S
      9      1   2.6444113224888871D-01 6.3D-09 0.0D+00 3.4D-07 0.0D+00       24      175       24      240  S
      9      1   2.6444113225219396D-01 6.3D-09 0.0D+00 4.3D-09 0.0D+00       22      134       22      220  S
      9      1   2.6444113225041460D-01 6.3D-09 0.0D+00 1.7D-07 0.0D+00       23      136       23      230  S
      9      1   2.6444113225251192D-01 6.3D-09 0.0D+00 7.4D-10 0.0D+00       22      134       22      220  S
      9      1   2.6444113225028532D-01 6.3D-09 0.0D+00 1.4D-07 0.0D+00       22      147       22      220  S
      9      1   2.6444113225264348D-01 6.3D-09 0.0D+00 3.1D-09 0.0D+00       20      144       20      200  S
      9      1   2.6444113225218574D-01 6.3D-09 0.0D+00 2.5D-09 0.0D+00       22      126       22      220  S
      9      1   2.6444113225066107D-01 6.3D-09 0.0D+00 1.8D-07 0.0D+00       23      148       23      230  S
      9      1   2.6444113225076588D-01 6.3D-09 0.0D+00 1.7D-07 0.0D+00       23      147       23      230  S
      9      1   2.6444113224867916D-01 6.3D-09 0.0D+00 3.4D-07 0.0D+00       24      152       24      240  S
      9      1   2.6444113225202776D-01 6.3D-09 0.0D+00 3.6D-09 0.0D+00       20      120       20      200  S
      9      1   2.6444113225274107D-01 6.3D-09 0.0D+00 1.5D-08 0.0D+00       23      166       23      230  S
      9      1   2.6444113225234073D-01 6.3D-09 0.0D+00 2.9D-09 0.0D+00       20      127       20      200  S
      9      1   2.6444113225180099D-01 6.3D-09 0.0D+00 4.8D-09 0.0D+00       20      115       20      200  S
      9      1   2.6444113225018678D-01 6.3D-09 0.0D+00 2.5D-07 0.0D+00       23      144       23      230  S
      9      1   2.6444113225274291D-01 6.3D-09 0.0D+00 1.2D-09 0.0D+00       22      146       22      220  S
      9      1   2.6444113225224114D-01 6.3D-09 0.0D+00 3.5D-09 0.0D+00       22      140       22      220  S
      9      1   2.6444113225231364D-01 6.3D-09 0.0D+00 4.4D-09 0.0D+00       22      145       22      220  S
      9      1   2.6444113225271237D-01 6.3D-09 0.0D+00 6.1D-09 0.0D+00       22      155       22      220  S
      9      1   2.6444113225043742D-01 6.3D-09 0.0D+00 1.6D-07 0.0D+00       23      144       23      230  S
      9      1   2.6444113225135601D-01 6.3D-09 0.0D+00 2.2D-09 0.0D+00       21      126       21      210  S
      9      1   2.6444113225171256D-01 6.3D-09 0.0D+00 5.3D-08 0.0D+00       23      148       23      230  S
      9      1   2.6444113225216614D-01 6.3D-09 0.0D+00 3.2D-09 0.0D+00       22      136       22      220  S
      9      1   2.6444113225262417D-01 6.3D-09 0.0D+00 4.2D-09 0.0D+00       20      150       20      200  S
      9      1   2.6444113225198640D-01 6.3D-09 0.0D+00 8.7D-10 0.0D+00       20      120       20      200  S
      9      1   2.6444113224913052D-01 6.3D-09 0.0D+00 3.0D-07 0.0D+00       23      153       23      230  S
      9      1   2.6444113225113980D-01 6.3D-09 0.0D+00 8.5D-08 0.0D+00       22      139       22      220  S
      9      1   2.6444113225217530D-01 6.3D-09 0.0D+00 6.2D-09 0.0D+00       22      136       22      220  S
      9      1   2.6444113225101512D-01 6.3D-09 0.0D+00 8.0D-08 0.0D+00       21      138       21      210  S
      9      1   2.6444113225268284D-01 6.3D-09 0.0D+00 2.1D-09 0.0D+00       22      133       22      220  S
      9      1   2.6444113225224547D-01 6.3D-09 0.0D+00 8.1D-09 0.0D+00       20      126       20      200  S
      9      1   2.6444113225242055D-01 6.3D-09 0.0D+00 3.2D-09 0.0D+00       22      138       22      220  S
      9      1   2.6444113225054477D-01 6.3D-09 0.0D+00 1.6D-07 0.0D+00       24      165       24      240  S
      9      1   2.6444113225032778D-01 6.3D-09 0.0D+00 1.4D-07 0.0D+00       21      142       21      210  S
      9      1   2.6444113225141702D-01 6.3D-09 0.0D+00 5.4D-10 0.0D+00       21      122       21      210  S
      9      1   2.6444113225239690D-01 6.3D-09 0.0D+00 7.8D-09 0.0D+00       20      138       20      200  S
      9      1   2.6444113225237315D-01 6.3D-09 0.0D+00 6.1D-09 0.0D+00       22      153       22      220  S
      9      1   2.6444113225258814D-01 6.3D-09 0.0D+00 6.6D-09 0.0D+00       22      139       22      220  S
      9      1   2.6444113225244986D-01 6.3D-09 0.0D+00 1.5D-08 0.0D+00       21      133       21      210  S
      9      1   2.6444113224867549D-01 6.3D-09 0.0D+00 2.9D-07 0.0D+00       22      146       22      220  S
      9      1   2.6444113224902160D-01 6.3D-09 0.0D+00 3.4D-07 0.0D+00       24      153       24      240  S
      9      1   2.6444113225228433D-01 6.3D-09 0.0D+00 9.8D-09 0.0D+00       22      141       22      220  S
      9      1   2.6444113225190136D-01 6.3D-09 0.0D+00 2.1D-09 0.0D+00       20      124       20      200  S
      9      1   2.6444113225230431D-01 6.3D-09 0.0D+00 6.8D-09 0.0D+00       22      124       22      220  S
      9      1   2.6444113224862431D-01 6.3D-09 0.0D+00 3.5D-07 0.0D+00       24      167       24      240  S
      9      1   2.6444113224933180D-01 6.3D-09 0.0D+00 2.8D-07 0.0D+00       23      153       23      230  S
      9      1   2.6444113225226884D-01 6.3D-09 0.0D+00 2.2D-08 0.0D+00       23      143       23      230  S
      9      1   2.6444113224802729D-01 6.3D-09 0.0D+00 3.4D-07 0.0D+00       22      145       22      220  S
      9      1   2.6444113225055249D-01 6.3D-09 0.0D+00 1.6D-07 0.0D+00       24      149       24      240  S
      9      1   2.6444113224867766D-01 6.3D-09 0.0D+00 3.4D-07 0.0D+00       24      150       24      240  S
      9      1   2.6444113225119015D-01 6.3D-09 0.0D+00 1.3D-07 0.0D+00       24      171       24      240  S
      9      1   2.6444113225256621D-01 6.3D-09 0.0D+00 4.2D-09 0.0D+00       20      118       20      200  S
      9      1   2.6444113225224147D-01 6.3D-09 0.0D+00 1.3D-09 0.0D+00       22      126       22      220  S
      9      1   2.6444113224895921D-01 6.3D-09 0.0D+00 3.1D-07 0.0D+00       23      145       23      230  S
      9      1   2.6444113225038135D-01 6.3D-09 0.0D+00 1.2D-07 0.0D+00       22      142       22      220  S
      9      1   2.6444113225192872D-01 6.3D-09 0.0D+00 7.7D-09 0.0D+00       20      127       20      200  S
      9      1   2.6444113225059690D-01 6.3D-09 0.0D+00 1.7D-07 0.0D+00       24      163       24      240  S
      9      1   2.6444113225222232D-01 6.3D-09 0.0D+00 9.6D-09 0.0D+00       22      124       22      220  S
      9      1   2.6444113225224808D-01 6.3D-09 0.0D+00 7.1D-09 0.0D+00       22      130       22      220  S
      9      1   2.6444113225217425D-01 6.3D-09 0.0D+00 3.7D-09 0.0D+00       22      124       22      220  S
      9      1   2.6444113224840593D-01 6.3D-09 0.0D+00 3.4D-07 0.0D+00       21      127       21      210  S
      9      1   2.6444113225218330D-01 6.3D-09 0.0D+00 3.2D-09 0.0D+00       22      122       22      220  S
      9      1   2.6444113224848387D-01 6.3D-09 0.0D+00 3.4D-07 0.0D+00       23      139       23      230  S
      9      1   2.6444113225217181D-01 6.3D-09 0.0D+00 1.9D-09 0.0D+00       22      136       22      220  S
      9      1   2.6444113224890514D-01 6.3D-09 0.0D+00 3.2D-07 0.0D+00       23      149       23      230  S
      9      1   2.6444113225204974D-01 6.3D-09 0.0D+00 8.8D-09 0.0D+00       20      125       20      200  S
      9      1   2.6444113225256682D-01 6.3D-09 0.0D+00 8.4D-09 0.0D+00       22      151       22      220  S
      9      1   2.6444113225222426D-01 6.3D-09 0.0D+00 6.1D-09 0.0D+00       22      133       22      220  S
      9      1   2.6444113225152444D-01 6.3D-09 0.0D+00 7.9D-08 0.0D+00       24      166       24      240  S
      9      1   2.6444113224867999D-01 6.3D-09 0.0D+00 3.4D-07 0.0D+00       23      149       23      230  S
      9      1   2.6444113225015825D-01 6.3D-09 0.0D+00 2.5D-07 0.0D+00       24      143       24      240  S
      9      1   2.6444113225207949D-01 6.3D-09 0.0D+00 7.4D-09 0.0D+00       22      126       22      220  S
      9      1   2.6444113224856702D-01 6.3D-09 0.0D+00 3.4D-07 0.0D+00       23      139       23      230  S
      9      1   2.6444113225235033D-01 6.3D-09 0.0D+00 5.0D-09 0.0D+00       22      136       22      220  S
      9      1   2.6444113225095284D-01 6.3D-09 0.0D+00 1.2D-07 0.0D+00       23      148       23      230  S
      9      1   2.6444113225071392D-01 6.3D-09 0.0D+00 1.7D-07 0.0D+00       24      146       24      240  S
      9      1   2.6444113225189347D-01 6.3D-09 0.0D+00 2.0D-08 0.0D+00       21      133       21      210  S
      9      1   2.6444113225215848D-01 6.3D-09 0.0D+00 2.0D-08 0.0D+00       23      139       23      230  S
      9      1   2.9553427800466653D-01 6.5D-09 0.0D+00 5.6D-09 0.0D+00       20      123       20      200  S
      9      1   2.6444113225279725D-01 6.3D-09 0.0D+00 9.9D-09 0.0D+00       22      137       22      220  S
      9      1   2.6444113225238275D-01 6.3D-09 0.0D+00 5.8D-09 0.0D+00       22      138       22      220  S
      9      1   2.6444113225022337D-01 6.3D-09 0.0D+00 2.6D-07 0.0D+00       23      145       23      230  S
      9      1   2.6444113225264521D-01 6.3D-09 0.0D+00 1.1D-08 0.0D+00       24      155       24      240  S
      9      1   2.6444113225179700D-01 6.3D-09 0.0D+00 1.2D-10 0.0D+00       20      123       20      200  S
      9      1   2.6444113225065180D-01 6.3D-09 0.0D+00 1.7D-07 0.0D+00       22      134       22      220  S
      9      1   2.6444113225205584D-01 6.3D-09 0.0D+00 8.3D-09 0.0D+00       20      130       20      200  S
      9      1   2.6444113225177585D-01 6.3D-09 0.0D+00 3.0D-09 0.0D+00       20      121       20      200  S
      9      1   2.6444113225216725D-01 6.3D-09 0.0D+00 6.8D-09 0.0D+00       22      147       22      220  S
      9      1   2.6444113224935883D-01 6.3D-09 0.0D+00 3.0D-07 0.0D+00       22      149       22      220  S
      9      1   2.6444113225219795D-01 6.3D-09 0.0D+00 9.5D-09 0.0D+00       20      129       20      200  S
      9      1   2.6444113225191956D-01 6.3D-09 0.0D+00 9.6D-09 0.0D+00       20      135       20      200  S
      9      1   2.6444113225224308D-01 6.3D-09 0.0D+00 2.4D-09 0.0D+00       22      129       22      220  S
      9      1   4.1703834755486274D-01 8.0D-09 0.0D+00 1.4D-09 0.0D+00       22      127       22      220  S
      9      1   2.6444113224976129D-01 6.3D-09 0.0D+00 2.1D-07 0.0D+00       22      147       22      220  S
      9      1   2.6444113225211124D-01 6.3D-09 0.0D+00 1.4D-09 0.0D+00       22      127       22      220  S
      9      1   2.6444113225258564D-01 6.3D-09 0.0D+00 3.9D-09 0.0D+00       22      136       22      220  S
      9      1   2.6444113225222105D-01 6.3D-09 0.0D+00 1.0D-09 0.0D+00       22      136       22      220  S
      9      1   2.6444113224861143D-01 6.3D-09 0.0D+00 3.5D-07 0.0D+00       24      151       24      240  S
      9      1   2.6444113225220678D-01 6.3D-09 0.0D+00 7.8D-09 0.0D+00       22      143       22      220  S
      9      1   2.6444113224867027D-01 6.3D-09 0.0D+00 3.5D-07 0.0D+00       24      156       24      240  S
      9      1   2.6444113225187327D-01 6.3D-09 0.0D+00 1.5D-09 0.0D+00       20      122       20      200  S
      9      1   2.6444113225300220D-01 6.3D-09 0.0D+00 3.9D-09 0.0D+00       22      139       22      220  S
      9      1   2.6444113225197885D-01 6.3D-09 0.0D+00 8.9D-10 0.0D+00       20      140       20      200  S
      9      1   2.6444113225249810D-01 6.3D-09 0.0D+00 1.5D-09 0.0D+00       22      137       22      220  S
      9      1   2.6444113225280969D-01 6.3D-09 0.0D+00 2.2D-09 0.0D+00       22      130       22      220  S
      9      1   2.6444113225231097D-01 6.3D-09 0.0D+00 6.9D-09 0.0D+00       22      131       22      220  S
      9      1   2.6444113225215354D-01 6.3D-09 0.0D+00 3.1D-09 0.0D+00       20      136       20      200  S
      9      1   2.6444113224876054D-01 6.3D-09 0.0D+00 3.3D-07 0.0D+00       24      157       24      240  S
      9      1   2.6444113225075305D-01 6.3D-09 0.0D+00 1.3D-07 0.0D+00       24      157       24      240  S
      9      1   2.6444113224911631D-01 6.3D-09 0.0D+00 2.6D-07 0.0D+00       22      154       22      220  S
      9      1   2.6444113224845811D-01 6.3D-09 0.0D+00 3.2D-07 0.0D+00       21      129       21      210  S
      9      1   2.6444113225272869D-01 6.3D-09 0.0D+00 3.7D-09 0.0D+00       22      128       22      220  S
      9      1   2.6444113225229682D-01 6.3D-09 0.0D+00 2.8D-08 0.0D+00       23      142       23      230  S
      9      1   2.6444113224894333D-01 6.3D-09 0.0D+00 3.1D-07 0.0D+00       23      143       23      230  S
      9      1   2.6444113225290106D-01 6.3D-09 0.0D+00 9.9D-09 0.0D+00       22      147       22      220  S
      9      1   2.6444113225142735D-01 6.3D-09 0.0D+00 8.7D-08 0.0D+00       21      141       21      210  S
      9      1   2.6444113225166654D-01 6.3D-09 0.0D+00 1.8D-09 0.0D+00       20      118       20      200  S
      9      1   2.6444113225235194D-01 6.3D-09 0.0D+00 8.2D-09 0.0D+00       22      138       22      220  S
      9      1   2.6444113225239935D-01 6.3D-09 0.0D+00 8.6D-09 0.0D+00       20      135       20      200  S
      9      1   2.6444113225266425D-01 6.3D-09 0.0D+00 7.2D-09 0.0D+00       22      148       22      220  S
      9      1   2.6444113225228005D-01 6.3D-09 0.0D+00 2.6D-09 0.0D+00       22      128       22      220  S
      9      1   2.6444113225288085D-01 6.3D-09 0.0D+00 3.0D-09 0.0D+00       22      133       22      220  S
      9      1   2.6444113225243399D-01 6.3D-09 0.0D+00 2.2D-09 0.0D+00       20      134       20      200  S
      9      1   2.6444113224837418D-01 6.3D-09 0.0D+00 3.4D-07 0.0D+00       21      134       21      210  S
      9      1   2.6444113225171939D-01 6.3D-09 0.0D+00 3.2D-09 0.0D+00       20      121       20      200  S
      9      1   2.6444113224924687D-01 6.3D-09 0.0D+00 3.3D-07 0.0D+00       23      147       23      230  S
      9      1   2.6444113225252142D-01 6.3D-09 0.0D+00 6.9D-09 0.0D+00       20      136       20      200  S
      9      1   2.9553427800553100D-01 6.5D-09 0.0D+00 4.8D-09 0.0D+00       21      132       21      210  S
      9      1   2.6444113225226201D-01 6.3D-09 0.0D+00 2.8D-08 0.0D+00       23      154       23      230  S
      9      1   2.6444113225040661D-01 6.3D-09 0.0D+00 1.6D-07 0.0D+00       23      150       23      230  S
      9      1   2.6444113225244703D-01 6.3D-09 0.0D+00 1.0D-09 0.0D+00       21      141       21      210  S
      9      1   2.6444113225219934D-01 6.3D-09 0.0D+00 1.3D-08 0.0D+00       24      146       24      240  S
      9      1   2.6444113225277166D-01 6.3D-09 0.0D+00 2.3D-09 0.0D+00       22      127       22      220  S
      9      1   2.6444113224841009D-01 6.3D-09 0.0D+00 3.4D-07 0.0D+00       22      135       22      220  S
      9      1   2.6444113225094540D-01 6.3D-09 0.0D+00 1.7D-07 0.0D+00       24      147       24      240  S
      9      1   2.6444113224947435D-01 6.3D-09 0.0D+00 2.5D-07 0.0D+00       23      152       23      230  S
      9      1   2.6444113225149463D-01 6.3D-09 0.0D+00 1.2D-07 0.0D+00       24      166       24      240  S
      9      1   2.6444113225173388D-01 6.3D-09 0.0D+00 1.7D-09 0.0D+00       21      142       21      210  S
      9      1   2.6444113225228044D-01 6.3D-09 0.0D+00 6.3D-09 0.0D+00       22      146       22      220  S
      9      1   2.6444113224909521D-01 6.3D-09 0.0D+00 3.5D-07 0.0D+00       24      161       24      240  S
      9      1   2.6444113225198135D-01 6.3D-09 0.0D+00 3.1D-08 0.0D+00       23      155       23      230  S
      9      1   2.9553427793555737D-01 6.5D-09 0.0D+00 8.1D-09 0.0D+00       20      109       20      200  S
      9      1   2.9553427793626291D-01 6.5D-09 0.0D+00 5.7D-10 0.0D+00       21      117       21      210  S
      9      1   2.6444113224885846D-01 6.3D-09 0.0D+00 3.1D-07 0.0D+00       22      141       22      220  S
      9      1   2.6444113225223953D-01 6.3D-09 0.0D+00 7.7D-09 0.0D+00       22      126       22      220  S
      9      1   2.6444113224885446D-01 6.3D-09 0.0D+00 3.2D-07 0.0D+00       24      157       24      240  S
      9      1   2.6444113225089189D-01 6.3D-09 0.0D+00 1.1D-07 0.0D+00       22      153       22      220  S
      9      1   2.6444113225220378D-01 6.3D-09 0.0D+00 7.3D-09 0.0D+00       22      136       22      220  S
      9      1   2.6444113225208715D-01 6.3D-09 0.0D+00 1.1D-08 0.0D+00       23      141       23      230  S
      9      1   2.6444113225234600D-01 6.3D-09 0.0D+00 9.8D-09 0.0D+00       22      140       22      220  S
      9      1   2.6444113225002869D-01 6.3D-09 0.0D+00 1.6D-07 0.0D+00       22      136       22      220  S
      9      1   2.6444113225162391D-01 6.3D-09 0.0D+00 3.1D-08 0.0D+00       22      149       22      220  S
      9      1   2.6444113224865434D-01 6.3D-09 0.0D+00 3.5D-07 0.0D+00       24      157       24      240  S
      9      1   2.6444113224834359D-01 6.3D-09 0.0D+00 3.4D-07 0.0D+00       21      133       21      210  S
      9      1   2.6444113225234933D-01 6.3D-09 0.0D+00 1.1D-09 0.0D+00       20      133       20      200  S
      9      1   2.6444113225221333D-01 6.3D-09 0.0D+00 1.8D-08 0.0D+00       24      151       24      240  S
      9      1   2.6444113224884641D-01 6.3D-09 0.0D+00 3.4D-07 0.0D+00       24      152       24      240  S
      9      1   2.6444113225083643D-01 6.3D-09 0.0D+00 1.2D-07 0.0D+00       24      148       24      240  S
      9      1   2.6444113225203608D-01 6.3D-09 0.0D+00 6.3D-09 0.0D+00       20      119       20      200  S
      9      1   2.6444113225217297D-01 6.3D-09 0.0D+00 2.2D-09 0.0D+00       20      127       20      200  S
      9      1   2.6444113224852028D-01 6.3D-09 0.0D+00 3.5D-07 0.0D+00       23      134       23      230  S
      9      1   2.6444113225216787D-01 6.3D-09 0.0D+00 5.7D-09 0.0D+00       22      127       22      220  S
      9      1   2.6444113225238469D-01 6.3D-09 0.0D+00 8.8D-09 0.0D+00       22      146       22      220  S
      9      1   2.6444113225013605D-01 6.3D-09 0.0D+00 1.6D-07 0.0D+00       22      151       22      220  S
      9      1   2.6444113224845406D-01 6.3D-09 0.0D+00 3.4D-07 0.0D+00       22      137       22      220  S
      9      1   2.6444113224985588D-01 6.3D-09 0.0D+00 2.4D-07 0.0D+00       23      149       23      230  S
      9      1   2.6444113225227012D-01 6.3D-09 0.0D+00 6.3D-09 0.0D+00       22      140       22      220  S
      9      1   2.6444113225092769D-01 6.3D-09 0.0D+00 1.5D-07 0.0D+00       22      147       22      220  S
      9      1   2.6444113225244276D-01 6.3D-09 0.0D+00 4.2D-09 0.0D+00       22      145       22      220  S
      9      1   2.6444113225214871D-01 6.3D-09 0.0D+00 9.8D-10 0.0D+00       22      125       22      220  S
      9      1   2.6444113225023719D-01 6.3D-09 0.0D+00 1.9D-07 0.0D+00       23      157       23      230  S
      9      1   2.6444113224848115D-01 6.3D-09 0.0D+00 3.3D-07 0.0D+00       22      152       22      220  S
      9      1   2.6444113225216082D-01 6.3D-09 0.0D+00 5.8D-09 0.0D+00       22      134       22      220  S
      9      1   2.6444113224833998D-01 6.3D-09 0.0D+00 3.3D-07 0.0D+00       21      130       21      210  S
      9      1   2.6444113224862881D-01 6.3D-09 0.0D+00 3.5D-07 0.0D+00       24      156       24      240  S
      9      1   2.6444113225237997D-01 6.3D-09 0.0D+00 3.4D-09 0.0D+00       22      136       22      220  S
      9      1   2.9553427800422649D-01 6.5D-09 0.0D+00 5.7D-09 0.0D+00       21      124       21      210  S
      9      1   2.9553427800464022D-01 6.5D-09 0.0D+00 7.8D-09 0.0D+00       20      124       20      200  S
      9      1   2.6444113225185584D-01 6.3D-09 0.0D+00 2.5D-09 0.0D+00       21      134       21      210  S
      9      1   2.6444113225222782D-01 6.3D-09 0.0D+00 7.8D-09 0.0D+00       20      122       20      200  S
      9      1   2.6444113224845822D-01 6.3D-09 0.0D+00 3.2D-07 0.0D+00       21      127       21      210  S
      9      1   2.6444113225240368D-01 6.3D-09 0.0D+00 1.8D-08 0.0D+00       24      165       24      240  S
      9      1   2.6444113225273141D-01 6.3D-09 0.0D+00 1.0D-08 0.0D+00       24      149       24      240  S
      9      1   2.6444113224864108D-01 6.3D-09 0.0D+00 3.5D-07 0.0D+00       23      140       23      230  S
      9      1   2.6444113225152283D-01 6.3D-09 0.0D+00 1.2D-07 0.0D+00       23      155       23      230  S
      9      1   2.6444113225225524D-01 6.3D-09 0.0D+00 2.2D-09 0.0D+00       20      133       20      200  S
      9      1   2.6444113225179083D-01 6.3D-09 0.0D+00 1.4D-08 0.0D+00       22      149       22      220  S
      9      1   2.6444113224944132D-01 6.3D-09 0.0D+00 2.7D-07 0.0D+00       23      146       23      230  S
      9      1   2.6444113225309340D-01 6.3D-09 0.0D+00 5.9D-09 0.0D+00       20      147       20      200  S
      9      1   2.6444113225235483D-01 6.3D-09 0.0D+00 7.8D-09 0.0D+00       22      145       22      220  S
      9      1   2.6444113224858373D-01 6.3D-09 0.0D+00 3.5D-07 0.0D+00       23      143       23      230  S
      9      1   2.6444113225263621D-01 6.3D-09 0.0D+00 4.2D-09 0.0D+00       22      125       22      220  S
      9      1   2.6444113225204202D-01 6.3D-09 0.0D+00 3.5D-08 0.0D+00       21      141       21      210  S
      9      1   2.6444113224990307D-01 6.3D-09 0.0D+00 2.5D-07 0.0D+00       24      165       24      240  S
      9      1   2.6444113225223126D-01 6.3D-09 0.0D+00 1.9D-09 0.0D+00       22      133       22      220  S
      9      1   2.6444113225088695D-01 6.3D-09 0.0D+00 1.1D-07 0.0D+00       24      168       24      240  S
      9      1   2.6444113224912263D-01 6.3D-09 0.0D+00 2.4D-07 0.0D+00       22      156       22      220  S
      9      1   2.6444113225223492D-01 6.3D-09 0.0D+00 1.7D-09 0.0D+00       22      137       22      220  S
      9      1   2.6444113224906340D-01 6.3D-09 0.0D+00 2.8D-07 0.0D+00       23      140       23      230  S
      9      1   2.6444113225227439D-01 6.3D-09 0.0D+00 3.8D-09 0.0D+00       22      132       22      220  S
      9      1   2.6444113224814386D-01 6.3D-09 0.0D+00 3.5D-07 0.0D+00       22      141       22      220  S
      9      1   2.6444113225233440D-01 6.3D-09 0.0D+00 5.0D-09 0.0D+00       22      138       22      220  S
      9      1   2.6444113224919258D-01 6.3D-09 0.0D+00 2.9D-07 0.0D+00       23      138       23      230  S
      9      1   2.6444113225224086D-01 6.3D-09 0.0D+00 1.3D-08 0.0D+00       23      133       23      230  S
      9      1   2.6444113225221794D-01 6.3D-09 0.0D+00 4.0D-09 0.0D+00       22      131       22      220  S
      9      1   2.6444113225214089D-01 6.3D-09 0.0D+00 8.6D-10 0.0D+00       22      136       22      220  S
      9      1   2.6444113225145771D-01 6.3D-09 0.0D+00 5.1D-09 0.0D+00       21      137       21      210  S
      9      1   2.6444113225217714D-01 6.3D-09 0.0D+00 2.1D-08 0.0D+00       23      147       23      230  S
      9      1   2.6444113225222704D-01 6.3D-09 0.0D+00 9.9D-09 0.0D+00       22      125       22      220  S
      9      1   2.6444113225112259D-01 6.3D-09 0.0D+00 1.1D-07 0.0D+00       23      157       23      230  S
      9      1   2.6444113225254701D-01 6.3D-09 0.0D+00 2.4D-09 0.0D+00       22      138       22      220  S
      9      1   2.6444113224879062D-01 6.3D-09 0.0D+00 3.2D-07 0.0D+00       23      136       23      230  S
      9      1   2.6444113225256372D-01 6.3D-09 0.0D+00 8.9D-09 0.0D+00       22      143       22      220  S
      9      1   2.6444113225180843D-01 6.3D-09 0.0D+00 4.9D-09 0.0D+00       20      124       20      200  S
      9      1   2.6444113225243510D-01 6.3D-09 0.0D+00 4.9D-09 0.0D+00       22      139       22      220  S
      9      1   2.6444113225185251D-01 6.3D-09 0.0D+00 6.4D-09 0.0D+00       20      122       20      200  S
      9      1   2.6444113225233257D-01 6.3D-09 0.0D+00 5.8D-09 0.0D+00       22      151       22      220  S
      9      1   2.6444113225228788D-01 6.3D-09 0.0D+00 7.4D-10 0.0D+00       22      127       22      220  S
      9      1   2.6444113225212112D-01 6.3D-09 0.0D+00 2.1D-09 0.0D+00       22      132       22      220  S
      9      1   2.6444113225213667D-01 6.3D-09 0.0D+00 6.3D-09 0.0D+00       22      135       22      220  S
      9      1   2.6444113225225485D-01 6.3D-09 0.0D+00 5.6D-09 0.0D+00       22      131       22      220  S
      9      1   2.6444113225234489D-01 6.3D-09 0.0D+00 4.4D-09 0.0D+00       22      138       22      220  S
      9      1   2.6444113225242305D-01 6.3D-09 0.0D+00 5.9D-09 0.0D+00       22      135       22      220  S
      9      1   2.6444113224924126D-01 6.3D-09 0.0D+00 2.5D-07 0.0D+00       21      129       21      210  S
      9      1   2.6444113225210747D-01 6.3D-09 0.0D+00 2.6D-09 0.0D+00       22      134       22      220  S
      9      1   2.6444113225226978D-01 6.3D-09 0.0D+00 3.0D-09 0.0D+00       20      117       20      200  S
      9      1   2.6444113225192412D-01 6.3D-09 0.0D+00 7.7D-08 0.0D+00       24      160       24      240  S
      9      1   2.6444113224895738D-01 6.3D-09 0.0D+00 3.4D-07 0.0D+00       21      132       21      210  S
      9      1   2.6444113225249838D-01 6.3D-09 0.0D+00 3.8D-09 0.0D+00       20      124       20      200  S
      9      1   3.9130773151498499D-01 1.0D-08 0.0D+00 7.6D-08 0.0D+00       24      168       24      240  S
      9      1   2.6444113225212212D-01 6.3D-09 0.0D+00 3.4D-09 0.0D+00       22      136       22      220  S
      9      1   2.6444113225224269D-01 6.3D-09 0.0D+00 5.7D-09 0.0D+00       22      124       22      220  S
      9      1   2.6444113225208155D-01 6.3D-09 0.0D+00 3.3D-09 0.0D+00       20      126       20      200  S
      9      1   2.6444113225186455D-01 6.3D-09 0.0D+00 2.7D-08 0.0D+00       21      137       21      210  S
      9      1   2.6444113225214932D-01 6.3D-09 0.0D+00 1.0D-09 0.0D+00       22      136       22      220  S
      9      1   2.6444113225156929D-01 6.3D-09 0.0D+00 5.8D-09 0.0D+00       21      129       21      210  S
      9      1   2.6444113225295729D-01 6.3D-09 0.0D+00 6.0D-09 0.0D+00       22      140       22      220  S
      9      1   2.6444113225257343D-01 6.3D-09 0.0D+00 1.8D-09 0.0D+00       22      136       22      220  S
      9      1   3.9002436929665979D-01 6.3D-09 0.0D+00 6.3D-08 0.0D+00       23      143       23      230  S
      9      1   2.6444113225068000D-01 6.3D-09 0.0D+00 1.7D-07 0.0D+00       23      150       23      230  S
      9      1   2.6444113224981164D-01 6.3D-09 0.0D+00 2.9D-07 0.0D+00       23      168       23      230  S
      9      1   2.6444113225233340D-01 6.3D-09 0.0D+00 9.5D-09 0.0D+00       20      131       20      200  S
      9      1   2.9553427793562914D-01 6.5D-09 0.0D+00 1.2D-09 0.0D+00       22      117       22      220  S
      9      1   2.6444113224948834D-01 6.3D-09 0.0D+00 2.7D-07 0.0D+00       23      153       23      230  S
      9      1   2.6444113225251414D-01 6.3D-09 0.0D+00 2.4D-08 0.0D+00       21      140       21      210  S
      9      1   2.6444113225237742D-01 6.3D-09 0.0D+00 5.6D-09 0.0D+00       22      140       22      220  S
      9      1   2.6444113225182003D-01 6.3D-09 0.0D+00 3.6D-09 0.0D+00       20      134       20      200  S
      9      1   2.6444113225193933D-01 6.3D-09 0.0D+00 3.1D-09 0.0D+00       20      119       20      200  S
      9      1   2.9553427793572667D-01 6.5D-09 0.0D+00 9.3D-09 0.0D+00       20      116       20      200  S
      9      1   2.6444113225242283D-01 6.3D-09 0.0D+00 1.6D-09 0.0D+00       22      152       22      220  S
      9      1   2.6444113224888227D-01 6.3D-09 0.0D+00 3.1D-07 0.0D+00       24      156       24      240  S
      9      1   2.6444113225218674D-01 6.3D-09 0.0D+00 1.6D-08 0.0D+00       23      141       23      230  S
      9      1   2.6444113225173260D-01 6.3D-09 0.0D+00 2.4D-09 0.0D+00       21      134       21      210  S
      9      1   2.6444113225213078D-01 6.3D-09 0.0D+00 1.8D-09 0.0D+00       22      146       22      220  S
      9      1   2.6444113225210530D-01 6.3D-09 0.0D+00 1.4D-09 0.0D+00       22      140       22      220  S
      9      1   2.6444113225241705D-01 6.3D-09 0.0D+00 7.0D-09 0.0D+00       20      125       20      200  S
      9      1   2.6444113224814636D-01 6.3D-09 0.0D+00 3.4D-07 0.0D+00       21      126       21      210  S
      9      1   2.6444113225252108D-01 6.3D-09 0.0D+00 3.6D-09 0.0D+00       22      142       22      220  S
      9      1   2.6444113225258309D-01 6.3D-09 0.0D+00 8.1D-09 0.0D+00       22      128       22      220  S
      9      1   2.6444113225068500D-01 6.3D-09 0.0D+00 1.5D-07 0.0D+00       24      169       24      240  S
      9      1   2.6444113225274407D-01 6.3D-09 0.0D+00 5.9D-09 0.0D+00       22      129       22      220  S
      9      1   2.6444113225263621D-01 6.3D-09 0.0D+00 2.2D-09 0.0D+00       22      148       22      220  S
      9      1   2.6444113225204702D-01 6.3D-09 0.0D+00 7.6D-09 0.0D+00       22      141       22      220  S
      9      1   2.6444113225214222D-01 6.3D-09 0.0D+00 1.4D-08 0.0D+00       23      156       23      230  S
      9      1   2.6444113225243771D-01 6.3D-09 0.0D+00 8.8D-10 0.0D+00       20      123       20      200  S
      9      1   2.6444113225220856D-01 6.3D-09 0.0D+00 4.9D-09 0.0D+00       22      129       22      220  S
      9      1   2.6444113224864790D-01 6.3D-09 0.0D+00 3.4D-07 0.0D+00       23      142       23      230  S
      9      1   2.6444113225189431D-01 6.3D-09 0.0D+00 2.9D-09 0.0D+00       20      115       20      200  S
      9      1   2.6444113225107008D-01 6.3D-09 0.0D+00 1.0D-07 0.0D+00       21      140       21      210  S
      9      1   2.6444113225190585D-01 6.3D-09 0.0D+00 3.6D-09 0.0D+00       20      122       20      200  S
      9      1   2.6444113225245558D-01 6.3D-09 0.0D+00 8.3D-10 0.0D+00       20      148       20      200  S
      9      1   2.6444113224988341D-01 6.3D-09 0.0D+00 1.6D-07 0.0D+00       22      137       22      220  S
      9      1   2.6444113225205240D-01 6.3D-09 0.0D+00 6.5D-08 0.0D+00       21      158       21      210  S
      9      1   2.6444113224870941D-01 6.3D-09 0.0D+00 3.4D-07 0.0D+00       23      136       23      230  S
      9      1   2.9553427800459875D-01 6.5D-09 0.0D+00 8.6D-09 0.0D+00       20      118       20      200  S
      9      1   2.6444113225202681D-01 6.3D-09 0.0D+00 6.8D-10 0.0D+00       20      126       20      200  S
      9      1   2.6444113225232024D-01 6.3D-09 0.0D+00 5.7D-09 0.0D+00       22      146       22      220  S
      9      1   2.6444113225230331D-01 6.3D-09 0.0D+00 1.2D-09 0.0D+00       22      133       22      220  S
      9      1   2.6444113224911509D-01 6.3D-09 0.0D+00 2.5D-07 0.0D+00       21      130       21      210  S
      9      1   4.1808808585682150D-01 8.0D-09 0.0D+00 3.2D-08 0.0D+00       22      140       22      220  S
      9      1   2.6444113225235183D-01 6.3D-09 0.0D+00 9.6D-09 0.0D+00       22      134       22      220  S
      9      1   2.6444113224861227D-01 6.3D-09 0.0D+00 3.3D-07 0.0D+00       24      144       24      240  S
      9      1   2.6444113225057220D-01 6.3D-09 0.0D+00 1.5D-07 0.0D+00       23      146       23      230  S
      9      1   2.6444113224886590D-01 6.3D-09 0.0D+00 3.4D-07 0.0D+00       23      140       23      230  S
      9      1   2.6444113225241306D-01 6.3D-09 0.0D+00 8.2D-09 0.0D+00       22      131       22      220  S
      9      1   2.6444113225233407D-01 6.3D-09 0.0D+00 7.2D-09 0.0D+00       22      134       22      220  S
      9      1   2.6444113225178506D-01 6.3D-09 0.0D+00 9.8D-09 0.0D+00       20      129       20      200  S
      9      1   2.6444113225202642D-01 6.3D-09 0.0D+00 1.8D-09 0.0D+00       20      136       20      200  S
      9      1   2.6444113225228827D-01 6.3D-09 0.0D+00 7.9D-09 0.0D+00       22      136       22      220  S
      9      1   2.6444113225271004D-01 6.3D-09 0.0D+00 5.5D-09 0.0D+00       22      129       22      220  S
      9      1   2.6444113224858917D-01 6.3D-09 0.0D+00 3.4D-07 0.0D+00       23      138       23      230  S
      9      1   2.6444113225158861D-01 6.3D-09 0.0D+00 2.3D-08 0.0D+00       23      136       23      230  S
      9      1   2.6444113225207505D-01 6.3D-09 0.0D+00 6.3D-09 0.0D+00       20      123       20      200  S
      9      1   2.6444113225221666D-01 6.3D-09 0.0D+00 7.7D-09 0.0D+00       22      141       22      220  S
      9      1   2.6444113225142035D-01 6.3D-09 0.0D+00 8.9D-10 0.0D+00       21      119       21      210  S
      9      1   2.6444113225298010D-01 6.3D-09 0.0D+00 2.5D-09 0.0D+00       22      132       22      220  S
      9      1   2.6444113225054228D-01 6.3D-09 0.0D+00 1.6D-07 0.0D+00       24      156       24      240  S
      9      1   2.6444113224956139D-01 6.3D-09 0.0D+00 2.4D-07 0.0D+00       23      134       23      230  S
      9      1   2.6444113224837629D-01 6.3D-09 0.0D+00 3.3D-07 0.0D+00       21      130       21      210  S
      9      1   2.6444113224892990D-01 6.3D-09 0.0D+00 3.0D-07 0.0D+00       23      150       23      230  S
      9      1   2.6444113225231974D-01 6.3D-09 0.0D+00 1.1D-08 0.0D+00       22      146       22      220  S
      9      1   2.6444113225189742D-01 6.3D-09 0.0D+00 5.3D-09 0.0D+00       20      125       20      200  S
      9      1   2.6444113225221666D-01 6.3D-09 0.0D+00 9.3D-09 0.0D+00       22      135       22      220  S
      9      1   2.6444113225240606D-01 6.3D-09 0.0D+00 7.3D-09 0.0D+00       22      137       22      220  S
      9      1   2.6444113225245880D-01 6.3D-09 0.0D+00 3.5D-09 0.0D+00       22      133       22      220  S
      9      1   2.6444113225095323D-01 6.3D-09 0.0D+00 1.7D-07 0.0D+00       24      145       24      240  S
      9      1   2.6444113225254551D-01 6.3D-09 0.0D+00 3.9D-09 0.0D+00       20      126       20      200  S
      9      1   2.6444113225233862D-01 6.3D-09 0.0D+00 3.4D-09 0.0D+00       20      120       20      200  S
      9      1   2.6444113225218896D-01 6.3D-09 0.0D+00 1.9D-09 0.0D+00       20      117       20      200  S
      9      1   2.6444113224911775D-01 6.3D-09 0.0D+00 3.0D-07 0.0D+00       23      153       23      230  S
      9      1   2.6444113225193100D-01 6.3D-09 0.0D+00 4.1D-09 0.0D+00       20      122       20      200  S
      9      1   2.6444113224833904D-01 6.3D-09 0.0D+00 3.4D-07 0.0D+00       21      128       21      210  S
      9      1   2.6444113225060178D-01 6.3D-09 0.0D+00 1.5D-07 0.0D+00       24      189       24      240  S
      9      1   3.9028843754074871D-01 6.3D-09 0.0D+00 5.2D-09 0.0D+00       23      157       23      230  S
      9      1   2.6444113225233884D-01 6.3D-09 0.0D+00 8.0D-09 0.0D+00       22      138       22      220  S
      9      1   2.9553427793573844D-01 6.5D-09 0.0D+00 8.2D-09 0.0D+00       20      106       20      200  S
      9      1   2.6444113225053623D-01 6.3D-09 0.0D+00 1.6D-07 0.0D+00       23      142       23      230  S
      9      1   2.6444113225218513D-01 6.3D-09 0.0D+00 8.5D-09 0.0D+00       22      125       22      220  S
      9      1   2.6444113225010130D-01 6.3D-09 0.0D+00 2.5D-07 0.0D+00       23      153       23      230  S
      9      1   2.6444113225040855D-01 6.3D-09 0.0D+00 1.7D-07 0.0D+00       23      134       23      230  S
      9      1   2.6444113225231936D-01 6.3D-09 0.0D+00 4.1D-09 0.0D+00       22      130       22      220  S
      9      1   2.6444113225217486D-01 6.3D-09 0.0D+00 7.4D-09 0.0D+00       22      121       22      220  S
      9      1   2.6444113225237736D-01 6.3D-09 0.0D+00 4.6D-09 0.0D+00       20      140       20      200  S
      9      1   2.6444113225272409D-01 6.3D-09 0.0D+00 3.3D-09 0.0D+00       22      140       22      220  S
      9      1   2.6444113224870125D-01 6.3D-09 0.0D+00 3.4D-07 0.0D+00       23      148       23      230  S
      9      1   2.6444113225198818D-01 6.3D-09 0.0D+00 1.2D-08 0.0D+00       21      139       21      210  S
      9      1   2.6444113224924531D-01 6.3D-09 0.0D+00 2.9D-07 0.0D+00       23      147       23      230  S
      9      1   2.6444113225201937D-01 6.3D-09 0.0D+00 8.9D-10 0.0D+00       20      142       20      200  S
      9      1   2.6444113225017507D-01 6.3D-09 0.0D+00 1.9D-07 0.0D+00       23      149       23      230  S
      9      1   2.6444113224874227D-01 6.3D-09 0.0D+00 3.4D-07 0.0D+00       23      141       23      230  S
      9      1   2.6444113225261812D-01 6.3D-09 0.0D+00 5.0D-09 0.0D+00       22      130       22      220  S
      9      1   2.6444113224978744D-01 6.3D-09 0.0D+00 2.2D-07 0.0D+00       23      152       23      230  S
      9      1   2.6444113225234006D-01 6.3D-09 0.0D+00 8.2D-09 0.0D+00       20      124       20      200  S
      9      1   2.6444113224878851D-01 6.3D-09 0.0D+00 3.5D-07 0.0D+00       23      140       23      230  S
      9      1   2.6444113225270344D-01 6.3D-09 0.0D+00 3.7D-09 0.0D+00       22      143       22      220  S
      9      1   2.6444113225237553D-01 6.3D-09 0.0D+00 8.4D-09 0.0D+00       22      141       22      220  S
      9      1   2.6444113225217786D-01 6.3D-09 0.0D+00 1.7D-08 0.0D+00       23      138       23      230  S
      9      1   2.6444113225223054D-01 6.3D-09 0.0D+00 1.1D-09 0.0D+00       22      130       22      220  S
      9      1   2.6444113224877253D-01 6.3D-09 0.0D+00 3.2D-07 0.0D+00       23      145       23      230  S
      9      1   2.6444113224883192D-01 6.3D-09 0.0D+00 3.4D-07 0.0D+00       21      141       21      210  S
      9      1   2.6444113225039478D-01 6.3D-09 0.0D+00 1.6D-07 0.0D+00       22      151       22      220  S
      9      1   2.6444113225274862D-01 6.3D-09 0.0D+00 2.4D-09 0.0D+00       22      132       22      220  S
      9      1   2.6444113225185117D-01 6.3D-09 0.0D+00 1.3D-09 0.0D+00       20      120       20      200  S
      9      1   2.6444113225225158D-01 6.3D-09 0.0D+00 1.5D-08 0.0D+00       24      151       24      240  S
      9      1   2.6444113225265087D-01 6.3D-09 0.0D+00 2.2D-08 0.0D+00       23      153       23      230  S
      9      1   2.6444113225268284D-01 6.3D-09 0.0D+00 1.1D-09 0.0D+00       22      143       22      220  S
      9      1   3.9028843754001957D-01 6.3D-09 0.0D+00 8.4D-09 0.0D+00       21      149       21      210  S
      9      1   2.6444113225222571D-01 6.3D-09 0.0D+00 3.6D-09 0.0D+00       22      130       22      220  S
      9      1   2.6444113225182980D-01 6.3D-09 0.0D+00 1.2D-09 0.0D+00       20      118       20      200  S
      9      1   2.6444113225248544D-01 6.3D-09 0.0D+00 1.9D-08 0.0D+00       24      167       24      240  S
      9      1   2.6444113225128107D-01 6.3D-09 0.0D+00 7.4D-08 0.0D+00       23      144       23      230  S
      9      1   2.6444113225220911D-01 6.3D-09 0.0D+00 4.1D-09 0.0D+00       22      127       22      220  S
      9      1   2.6444113224877891D-01 6.3D-09 0.0D+00 3.5D-07 0.0D+00       21      155       21      210  S
      9      1   2.6444113225175736D-01 6.3D-09 0.0D+00 8.0D-08 0.0D+00       24      172       24      240  S
      9      1   2.6444113225244603D-01 6.3D-09 0.0D+00 5.0D-09 0.0D+00       20      139       20      200  S
      9      1   2.6444113225245847D-01 6.3D-09 0.0D+00 2.5D-09 0.0D+00       22      140       22      220  S
      9      1   2.6444113225178545D-01 6.3D-09 0.0D+00 5.3D-09 0.0D+00       21      133       21      210  S
      9      1   2.6444113225239857D-01 6.3D-09 0.0D+00 3.4D-09 0.0D+00       22      131       22      220  S
      9      1   2.6444113225221066D-01 6.3D-09 0.0D+00 1.9D-09 0.0D+00       22      130       22      220  S
      9      1   2.6444113224951649D-01 6.3D-09 0.0D+00 2.5D-07 0.0D+00       23      143       23      230  S
      9      1   2.6444113225213040D-01 6.3D-09 0.0D+00 4.6D-09 0.0D+00       22      122       22      220  S
      9      1   2.6444113225142601D-01 6.3D-09 0.0D+00 7.3D-08 0.0D+00       23      154       23      230  S
      9      1   2.6444113225172788D-01 6.3D-09 0.0D+00 2.0D-09 0.0D+00       21      147       21      210  S
      9      1   2.6444113225215521D-01 6.3D-09 0.0D+00 2.5D-09 0.0D+00       22      128       22      220  S
      9      1   2.6444113225212601D-01 6.3D-09 0.0D+00 6.8D-09 0.0D+00       22      126       22      220  S
      9      1   2.6444113225134575D-01 6.3D-09 0.0D+00 8.2D-08 0.0D+00       23      144       23      230  S
      9      1   2.6444113224947235D-01 6.3D-09 0.0D+00 3.4D-07 0.0D+00       24      161       24      240  S
      9      1   2.6444113225283922D-01 6.3D-09 0.0D+00 7.5D-10 0.0D+00       22      140       22      220  S
      9      1   2.6444113225241639D-01 6.3D-09 0.0D+00 8.7D-09 0.0D+00       22      142       22      220  S
      9      1   5.2829242940358589D-01 6.8D-09 0.0D+00 1.8D-09 0.0D+00       21      140       21      210  S
      9      1   2.6444113225221921D-01 6.3D-09 0.0D+00 7.0D-09 0.0D+00       22      127       22      220  S
      9      1   2.6444113224868737D-01 6.3D-09 0.0D+00 3.2D-07 0.0D+00       21      124       21      210  S
      9      1   2.6444113225240212D-01 6.3D-09 0.0D+00 2.2D-08 0.0D+00       23      149       23      230  S
      9      1   2.6444113225225857D-01 6.3D-09 0.0D+00 5.8D-09 0.0D+00       22      137       22      220  S
      9      1   2.6444113224906801D-01 6.3D-09 0.0D+00 3.4D-07 0.0D+00       24      155       24      240  S
      9      1   2.6444113225280613D-01 6.3D-09 0.0D+00 9.0D-10 0.0D+00       22      141       22      220  S
      9      1   2.6444113225215854D-01 6.3D-09 0.0D+00 1.5D-08 0.0D+00       24      150       24      240  S
      9      1   2.6444113225213717D-01 6.3D-09 0.0D+00 6.8D-09 0.0D+00       22      134       22      220  S
      9      1   2.6444113224942867D-01 6.3D-09 0.0D+00 2.5D-07 0.0D+00       24      159       24      240  S
      9      1   2.6444113224862215D-01 6.3D-09 0.0D+00 3.5D-07 0.0D+00       24      158       24      240  S
      9      1   2.9553427793550346D-01 6.5D-09 0.0D+00 8.5D-09 0.0D+00       20      108       20      200  S
      9      1   2.6444113225204435D-01 6.3D-09 0.0D+00 9.3D-09 0.0D+00       20      121       20      200  S
      9      1   2.6444113224892291D-01 6.3D-09 0.0D+00 3.1D-07 0.0D+00       23      147       23      230  S
      9      1   2.6444113225042393D-01 6.3D-09 0.0D+00 1.6D-07 0.0D+00       24      159       24      240  S
      9      1   4.1811807933625034D-01 8.0D-09 0.0D+00 6.8D-08 0.0D+00       23      254       23      230  S
      9      1   2.6444113225227922D-01 6.3D-09 0.0D+00 1.1D-09 0.0D+00       22      150       22      220  S
      9      1   2.6444113224889276D-01 6.3D-09 0.0D+00 3.3D-07 0.0D+00       24      161       24      240  S
      9      1   2.6444113225243221D-01 6.3D-09 0.0D+00 1.4D-09 0.0D+00       22      131       22      220  S
      9      1   2.6444113225239146D-01 6.3D-09 0.0D+00 4.2D-09 0.0D+00       22      143       22      220  S
      9      1   2.6444113224882615D-01 6.3D-09 0.0D+00 3.1D-07 0.0D+00       24      147       24      240  S
      9      1   2.6444113225212806D-01 6.3D-09 0.0D+00 1.6D-09 0.0D+00       22      133       22      220  S
      9      1   2.6444113224971355D-01 6.3D-09 0.0D+00 2.5D-07 0.0D+00       23      154       23      230  S
      9      1   2.6444113225270227D-01 6.3D-09 0.0D+00 1.4D-09 0.0D+00       20      128       20      200  S
      9      1   2.6444113224828841D-01 6.3D-09 0.0D+00 3.1D-07 0.0D+00       23      139       23      230  S
      9      1   2.6444113225243099D-01 6.3D-09 0.0D+00 9.8D-09 0.0D+00       22      136       22      220  S
      9      1   2.6444113225176030D-01 6.3D-09 0.0D+00 9.7D-10 0.0D+00       20      122       20      200  S
      9      1   2.6444113225017446D-01 6.3D-09 0.0D+00 1.4D-07 0.0D+00       21      130       21      210  S
      9      1   2.6444113225175775D-01 6.3D-09 0.0D+00 1.2D-08 0.0D+00       22      152       22      220  S
      9      1   2.6444113225240345D-01 6.3D-09 0.0D+00 2.3D-08 0.0D+00       24      148       24      240  S
      9      1   2.6444113225139043D-01 6.3D-09 0.0D+00 8.2D-08 0.0D+00       22      155       22      220  S
      9      1   2.6444113225207655D-01 6.3D-09 0.0D+00 1.5D-09 0.0D+00       22      132       22      220  S
      9      1   2.6444113225124910D-01 6.3D-09 0.0D+00 7.7D-08 0.0D+00       23      144       23      230  S
      9      1   2.6444113225074933D-01 6.3D-09 0.0D+00 1.4D-07 0.0D+00       23      144       23      230  S
      9      1   2.6444113225184646D-01 6.3D-09 0.0D+00 1.0D-09 0.0D+00       20      125       20      200  S
      9      1   2.6444113225283605D-01 6.3D-09 0.0D+00 9.0D-09 0.0D+00       21      143       21      210  S
      9      1   2.6444113224878735D-01 6.3D-09 0.0D+00 3.5D-07 0.0D+00       21      144       21      210  S
      9      1   2.6444113225084903D-01 6.3D-09 0.0D+00 1.2D-07 0.0D+00       23      148       23      230  S
      9      1   2.6444113225195742D-01 6.3D-09 0.0D+00 4.7D-09 0.0D+00       20      122       20      200  S
      9      1   2.6444113225267935D-01 6.3D-09 0.0D+00 4.0D-09 0.0D+00       22      144       22      220  S
      9      1   2.6444113225286109D-01 6.3D-09 0.0D+00 8.4D-09 0.0D+00       22      135       22      220  S
      9      1   2.6444113225212729D-01 6.3D-09 0.0D+00 5.5D-09 0.0D+00       20      120       20      200  S
      9      1   2.6444113224913413D-01 6.3D-09 0.0D+00 3.2D-07 0.0D+00       22      167       22      220  S
      9      1   2.6444113225246235D-01 6.3D-09 0.0D+00 2.3D-09 0.0D+00       22      132       22      220  S
      9      1   2.6444113225222060D-01 6.3D-09 0.0D+00 1.9D-08 0.0D+00       21      128       21      210  S
      9      1   2.6444113225236732D-01 6.3D-09 0.0D+00 2.5D-09 0.0D+00       22      143       22      220  S
      9      1   2.6444113224915922D-01 6.3D-09 0.0D+00 2.9D-07 0.0D+00       23      146       23      230  S
      9      1   2.6444113225185889D-01 6.3D-09 0.0D+00 6.1D-09 0.0D+00       20      125       20      200  S
      9      1   2.6444113224856164D-01 6.3D-09 0.0D+00 3.5D-07 0.0D+00       23      138       23      230  S
      9      1   2.6444113225228932D-01 6.3D-09 0.0D+00 1.6D-09 0.0D+00       22      138       22      220  S
      9      1   2.9553427800566884D-01 6.5D-09 0.0D+00 9.6D-10 0.0D+00       21      140       21      210  S
      9      1   2.6444113224848642D-01 6.3D-09 0.0D+00 3.4D-07 0.0D+00       21      139       21      210  S
      9      1   2.6444113225284471D-01 6.3D-09 0.0D+00 1.4D-08 0.0D+00       22      158       22      220  S
      9      1   2.6444113225225069D-01 6.3D-09 0.0D+00 4.8D-09 0.0D+00       22      127       22      220  S
      9      1   2.6444113225230181D-01 6.3D-09 0.0D+00 1.5D-09 0.0D+00       22      134       22      220  S
      9      1   2.6444113225224752D-01 6.3D-09 0.0D+00 1.7D-08 0.0D+00       23      133       23      230  S
      9      1   2.6444113224923693D-01 6.3D-09 0.0D+00 2.9D-07 0.0D+00       23      151       23      230  S
      9      1   2.6444113225219346D-01 6.3D-09 0.0D+00 7.5D-09 0.0D+00       21      143       21      210  S
      9      1   2.6444113225187582D-01 6.3D-09 0.0D+00 7.3D-09 0.0D+00       20      137       20      200  S
      9      1   2.6444113225198462D-01 6.3D-09 0.0D+00 5.7D-09 0.0D+00       20      128       20      200  S
      9      1   2.6444113224948973D-01 6.3D-09 0.0D+00 2.6D-07 0.0D+00       23      146       23      230  S
      9      1   2.6444113224878130D-01 6.3D-09 0.0D+00 3.2D-07 0.0D+00       23      148       23      230  S
      9      1   2.6444113224828786D-01 6.3D-09 0.0D+00 3.4D-07 0.0D+00       21      131       21      210  S
      9      1   2.6444113225222921D-01 6.3D-09 0.0D+00 7.8D-09 0.0D+00       22      125       22      220  S
      9      1   2.6444113225209548D-01 6.3D-09 0.0D+00 3.6D-09 0.0D+00       22      135       22      220  S
      9      1   2.6444113225218324D-01 6.3D-09 0.0D+00 2.2D-09 0.0D+00       22      133       22      220  S
      9      1   2.6444113225224763D-01 6.3D-09 0.0D+00 1.4D-09 0.0D+00       22      136       22      220  S
      9      1   2.6444113224835342D-01 6.3D-09 0.0D+00 3.5D-07 0.0D+00       21      127       21      210  S
      9      1   2.6444113225295829D-01 6.3D-09 0.0D+00 3.4D-09 0.0D+00       22      154       22      220  S
      9      1   2.6444113224953059D-01 6.3D-09 0.0D+00 3.2D-07 0.0D+00       23      153       23      230  S
      9      1   2.6444113225240956D-01 6.3D-09 0.0D+00 2.3D-09 0.0D+00       20      128       20      200  S
      9      1   2.6444113225218191D-01 6.3D-09 0.0D+00 9.1D-09 0.0D+00       20      129       20      200  S
      9      1   2.6444113225192695D-01 6.3D-09 0.0D+00 2.0D-09 0.0D+00       20      119       20      200  S
      9      1   2.6444113225256738D-01 6.3D-09 0.0D+00 9.1D-09 0.0D+00       22      131       22      220  S
      9      1   2.6444113225100901D-01 6.3D-09 0.0D+00 1.2D-07 0.0D+00       21      146       21      210  S
      9      1   2.6444113225229626D-01 6.3D-09 0.0D+00 3.5D-09 0.0D+00       22      127       22      220  S
      9      1   2.6444113225249088D-01 6.3D-09 0.0D+00 9.8D-09 0.0D+00       22      138       22      220  S
      9      1   2.6444113225232135D-01 6.3D-09 0.0D+00 4.5D-09 0.0D+00       22      140       22      220  S
      9      1   2.6444113225170685D-01 6.3D-09 0.0D+00 4.3D-09 0.0D+00       20      122       20      200  S
      9      1   2.6444113225177918D-01 6.3D-09 0.0D+00 6.7D-09 0.0D+00       20      124       20      200  S
      9      1   2.6444113225206928D-01 6.3D-09 0.0D+00 1.8D-09 0.0D+00       22      137       22      220  S
      9      1   2.6444113225190807D-01 6.3D-09 0.0D+00 5.4D-09 0.0D+00       21      125       21      210  S
      9      1   2.6444113225257804D-01 6.3D-09 0.0D+00 2.2D-09 0.0D+00       22      150       22      220  S
      9      1   2.6444113225023130D-01 6.3D-09 0.0D+00 1.7D-07 0.0D+00       21      141       21      210  S
      9      1   2.6444113225275173D-01 6.3D-09 0.0D+00 2.4D-09 0.0D+00       22      128       22      220  S
      9      1   2.6444113224875165D-01 6.3D-09 0.0D+00 3.4D-07 0.0D+00       23      151       23      230  S
      9      1   2.6444113225118548D-01 6.3D-09 0.0D+00 1.2D-07 0.0D+00       22      142       22      220  S
      9      1   2.6444113225188659D-01 6.3D-09 0.0D+00 5.9D-09 0.0D+00       20      117       20      200  S
      9      1   2.6444113225236504D-01 6.3D-09 0.0D+00 7.5D-09 0.0D+00       22      127       22      220  S
      9      1   2.6444113224866644D-01 6.3D-09 0.0D+00 3.4D-07 0.0D+00       23      145       23      230  S
      9      1   2.6444113224913535D-01 6.3D-09 0.0D+00 3.4D-07 0.0D+00       24      150       24      240  S
      9      1   2.6444113225291865D-01 6.3D-09 0.0D+00 4.0D-09 0.0D+00       22      146       22      220  S
