     15      1   2.3752416864102638D-01 8.1D-09 0.0D+00 2.1D-09 0.0D+00       22      165       22      220  S
     15      1   2.3756722998876270D-01 7.1D-09 0.0D+00 6.1D-08 0.0D+00       22      158       22      220  S
     15      1   2.3853718610010477D-01 7.5D-09 0.0D+00 5.4D-10 0.0D+00       22      181       22      220  S
     15      1   2.3853718445161587D-01 7.5D-09 0.0D+00 5.0D-09 0.0D+00       22      170       22      220  S
     15      1   2.3755952551541926D-01 8.1D-09 0.0D+00 1.4D-09 0.0D+00       22      151       22      220  S
     15      1   2.3755952551265136D-01 8.1D-09 0.0D+00 6.1D-08 0.0D+00       23      173       24      231  S
     15      1   2.3756722998702592D-01 7.1D-09 0.0D+00 3.8D-10 0.0D+00       22      170       22      220  S
     15      1   2.3755952551754142D-01 8.1D-09 0.0D+00 7.1D-08 0.0D+00       23      153       23      230  S
     15      1   2.3853718141416858D-01 7.5D-09 0.0D+00 1.1D-09 0.0D+00       22      136       22      220  S
     15      1   2.3853718110033770D-01 7.5D-09 0.0D+00 2.5D-10 0.0D+00       23      172       23      230  S
     15      1   2.3853718444963554D-01 7.5D-09 0.0D+00 9.0D-08 0.0D+00       23      166       23      230  S
     15      1   2.3755952551607101D-01 8.1D-09 0.0D+00 1.7D-08 0.0D+00       23      176       23      230  S
     15      1   2.3667383623484356D-01 6.6D-09 0.0D+00 4.5D-09 0.0D+00       22      185       22      220  S
     15      1   2.3755952552221976D-01 8.1D-09 0.0D+00 1.6D-09 0.0D+00       22      171       22      220  S
     15      1   2.3667383621899710D-01 6.6D-09 0.0D+00 6.5D-08 0.0D+00       23      172       24      231  S
     15      1   2.3755953947589542D-01 8.1D-09 0.0D+00 3.2D-08 0.0D+00       23      174       23      230  S
     15      1   2.3752415436664440D-01 8.1D-09 0.0D+00 8.8D-10 0.0D+00       22      149       22      220  S
     15      1   2.3853718445322628D-01 7.5D-09 0.0D+00 2.1D-08 0.0D+00       23      154       23      230  S
     15      1   2.3853718444541558D-01 7.5D-09 0.0D+00 8.7D-08 0.0D+00       23      175       24      231  S
     15      1   2.3756722998874497D-01 7.1D-09 0.0D+00 8.9D-10 0.0D+00       22      148       22      220  S
     15      1   2.3853718444631777D-01 7.5D-09 0.0D+00 6.5D-08 0.0D+00       23      135       23      230  S
     15      1   2.3755952551380169D-01 8.1D-09 0.0D+00 3.6D-08 0.0D+00       24      193       24      240  S
     15      1   2.3755952551544263D-01 8.1D-09 0.0D+00 1.2D-09 0.0D+00       22      142       22      220  S
     15      1   2.3752415436577887D-01 8.1D-09 0.0D+00 8.3D-11 0.0D+00       22      144       22      220  S
     15      1   2.3853718027794096D-01 7.5D-09 0.0D+00 6.0D-08 0.0D+00       23      164       23      230  S
     15      1   2.3756722998253271D-01 7.1D-09 0.0D+00 2.9D-09 0.0D+00       22      149       22      220  S
     15      1   2.3853718056269249D-01 7.5D-09 0.0D+00 1.8D-09 0.0D+00       22      136       22      220  S
     15      1   2.3853718445153504D-01 7.5D-09 0.0D+00 7.1D-10 0.0D+00       22      141       22      220  S
     15      1   2.3853718444554833D-01 7.5D-09 0.0D+00 9.1D-08 0.0D+00       23      147       24      231  S
     15      1   2.3755952551230483D-01 8.1D-09 0.0D+00 7.1D-08 0.0D+00       23      152       24      231  S
     15      1   2.3752415436520322D-01 8.1D-09 0.0D+00 1.2D-09 0.0D+00       22      143       22      220  S
     15      1   2.3853718444697183D-01 7.5D-09 0.0D+00 6.7D-08 0.0D+00       23      149       23      230  S
     15      1   2.3853718109937641D-01 7.5D-09 0.0D+00 4.2D-08 0.0D+00       24      160       24      240  S
     15      1   2.7604027271525566D-01 8.3D-09 0.0D+00 5.3D+03 0.0D+00       27      390       27      270  S
     15      1   2.3853718141133393D-01 7.5D-09 0.0D+00 8.6D-08 0.0D+00       23      172       24      232  S
     15      1   2.3752415436953045D-01 8.1D-09 0.0D+00 7.2D-10 0.0D+00       22      161       22      220  S
     15      1   2.3755953942009217D-01 8.1D-09 0.0D+00 1.4D-09 0.0D+00       23      188       23      230  S
     15      1   2.3859449493154855D-01 1.9D-14 0.0D+00 5.1D-09 0.0D+00       16      142       17      161  S
     15      1   2.3853718141522140D-01 7.5D-09 0.0D+00 3.5D-08 0.0D+00       23      180       24      231  S
     15      1   2.3853717834828983D-01 7.5D-09 0.0D+00 8.7D-08 0.0D+00       24      180       24      240  S
     15      1   2.3853718445009739D-01 7.5D-09 0.0D+00 1.4D-10 0.0D+00       22      132       22      220  S
     15      1   2.3756722998608723D-01 7.1D-09 0.0D+00 4.5D-10 0.0D+00       22      203       22      220  S
     15      1   2.3756722998447963D-01 7.1D-09 0.0D+00 6.3D-08 0.0D+00       23      153       23      230  S
     15      1   2.3755952551609635D-01 8.1D-09 0.0D+00 1.1D-09 0.0D+00       22      152       22      220  S
     15      1   2.1445163730390335D-01 1.4D-04 0.0D+00 1.0D+00 0.0D+00       24      133       25      250  S
     15      1   2.3755952551429563D-01 8.1D-09 0.0D+00 7.1D-08 0.0D+00       22      187       23      221  S
     15      1   2.3755953948206401D-01 8.1D-09 0.0D+00 2.1D-09 0.0D+00       22      151       22      220  S
     15      1   2.3755952551529930D-01 8.1D-09 0.0D+00 1.2D-09 0.0D+00       22      138       22      220  S
     15      1   2.3752415436898561D-01 8.1D-09 0.0D+00 4.3D-10 0.0D+00       22      159       22      220  S
     15      1   2.3853718141165378D-01 7.5D-09 0.0D+00 6.9D-08 0.0D+00       23      144       23      230  S
     15      1   2.3756722723043724D-01 7.1D-09 0.0D+00 4.2D-10 0.0D+00       21      132       21      210  S
     15      1   2.3755952552292839D-01 8.1D-09 0.0D+00 9.5D-10 0.0D+00       22      154       22      220  S
     15      1   2.3853718445182234D-01 7.5D-09 0.0D+00 1.4D-09 0.0D+00       22      157       22      220  S
     15      1   2.3853718444735308D-01 7.5D-09 0.0D+00 4.3D-08 0.0D+00       23      164       23      230  S
     15      1   2.3853718137983845D-01 7.5D-09 0.0D+00 1.7D-09 0.0D+00       23      142       23      230  S
     15      1   2.3756722998569957D-01 7.1D-09 0.0D+00 5.9D-08 0.0D+00       23      159       23      230  S
     15      1   2.3853718027310999D-01 7.5D-09 0.0D+00 8.0D-08 0.0D+00       24      169       24      240  S
     15      1   2.3752415436990512D-01 8.1D-09 0.0D+00 1.0D-08 0.0D+00       23      169       24      232  S
     15      1   2.3853718110025210D-01 7.5D-09 0.0D+00 3.2D-09 0.0D+00       22      151       22      220  S
     15      1   2.3756722723361126D-01 7.1D-09 0.0D+00 1.1D-08 0.0D+00       23      154       23      230  S
     15      1   2.3853718110077460D-01 7.5D-09 0.0D+00 2.5D-09 0.0D+00       23      156       23      230  S
     15      1   2.3756722998555393D-01 7.1D-09 0.0D+00 3.8D-09 0.0D+00       22      154       22      220  S
     15      1   2.3756722998523402D-01 7.1D-09 0.0D+00 5.6D-08 0.0D+00       22      136       23      222  S
     15      1   2.3755952551268483D-01 8.1D-09 0.0D+00 6.9D-08 0.0D+00       23      178       23      230  S
     15      1   2.3756722998561147D-01 7.1D-09 0.0D+00 3.7D-09 0.0D+00       22      149       22      220  S
     15      1   2.3853718056968612D-01 7.5D-09 0.0D+00 4.9D-10 0.0D+00       23      169       23      230  S
     15      1   2.3756722998824381D-01 7.1D-09 0.0D+00 6.1D-08 0.0D+00       23      153       24      232  S
     15      1   2.3756722999034663D-01 7.1D-09 0.0D+00 2.0D-09 0.0D+00       22      161       22      220  S
     15      1   2.3853718027941576D-01 7.5D-09 0.0D+00 3.5D-09 0.0D+00       22      175       22      220  S
     15      1   2.3853718141838709D-01 7.5D-09 0.0D+00 1.7D-09 0.0D+00       23      170       23      230  S
     15      1   2.3853718444910435D-01 7.5D-09 0.0D+00 6.6D-09 0.0D+00       22      135       22      220  S
     15      1   2.3756722998469737D-01 7.1D-09 0.0D+00 1.5D-09 0.0D+00       23      196       23      230  S
     15      1   2.3756722998655391D-01 7.1D-09 0.0D+00 5.2D-08 0.0D+00       23      180       23      230  S
     15      1   2.3756722998639371D-01 7.1D-09 0.0D+00 3.6D-08 0.0D+00       23      181       23      230  S
     15      1   2.3756722998621260D-01 7.1D-09 0.0D+00 2.7D-10 0.0D+00       22      194       22      220  S
     15      1   2.3755952551545859D-01 8.1D-09 0.0D+00 2.5D-09 0.0D+00       22      150       22      220  S
     15      1   2.3755952551418871D-01 8.1D-09 0.0D+00 4.7D-07 0.0D+00       23      173       23      230  S
     15      1   2.3853718445030447D-01 7.5D-09 0.0D+00 7.6D-08 0.0D+00       23      177       24      232  S
     15      1   2.3853718141322069D-01 7.5D-09 0.0D+00 9.0D-08 0.0D+00       23      168       23      230  S
     15      1   2.3853718141648028D-01 7.5D-09 0.0D+00 2.7D-10 0.0D+00       22      162       22      220  S
     15      1   2.3853718110126418D-01 7.5D-09 0.0D+00 4.3D-09 0.0D+00       22      157       22      220  S
     15      1   2.3853718445009336D-01 7.5D-09 0.0D+00 2.0D-11 0.0D+00       22      165       22      220  S
     15      1   2.3752416866675935D-01 8.1D-09 0.0D+00 1.7D-08 0.0D+00       23      180       23      230  S
     15      1   2.3853718141484104D-01 7.5D-09 0.0D+00 8.1D-10 0.0D+00       22      143       22      220  S
     15      1   2.3853718445244249D-01 7.5D-09 0.0D+00 3.8D-08 0.0D+00       24      214       24      240  S
     15      1   2.3853718445192287D-01 7.5D-09 0.0D+00 4.4D-08 0.0D+00       23      189       23      230  S
     15      1   2.3756722998658325D-01 7.1D-09 0.0D+00 5.8D-08 0.0D+00       23      165       23      230  S
     15      1   2.3755952551439438D-01 8.1D-09 0.0D+00 2.4D-08 0.0D+00       24      191       24      240  S
     15      1   2.2261981543271914D-01 6.6D-09 0.0D+00 2.1D-07 0.0D+00       22      179       22      220  S
     15      1   2.3667383622149202D-01 6.6D-09 0.0D+00 3.7D-09 0.0D+00       22      172       22      220  S
     15      1   2.3752415436760163D-01 8.1D-09 0.0D+00 6.3D-08 0.0D+00       24      173       25      241  S
     15      1   2.3755952552067527D-01 8.1D-09 0.0D+00 9.4D-10 0.0D+00       22      162       22      220  S
     15      1   2.3853718141057348D-01 7.5D-09 0.0D+00 8.6D-08 0.0D+00       23      145       23      230  S
     15      1   2.3755782461804681D-01 8.6D-09 0.0D+00 2.3D-08 0.0D+00       23      184       23      230  S
     15      1   2.3752415436244423D-01 8.1D-09 0.0D+00 2.5D-09 0.0D+00       22      191       22      220  S
     15      1   2.3853718444676844D-01 7.5D-09 0.0D+00 2.4D-04 0.0D+00       23      155       23      230  S
     15      1   2.3755651903675226D-01 5.4D-09 0.0D+00 5.0D-01 0.0D+00       22      168       22      220  S
     15      1   2.3853718141521041D-01 7.5D-09 0.0D+00 1.3D-09 0.0D+00       22      160       22      220  S
     15      1   2.3756722998994784D-01 7.1D-09 0.0D+00 1.5D-09 0.0D+00       22      168       22      220  S
     15      1   2.3853718141420421D-01 7.5D-09 0.0D+00 6.1D-06 0.0D+00       23      200       23      230  S
     15      1   2.3752415436811183D-01 8.1D-09 0.0D+00 3.7D-08 0.0D+00       24      158       24      240  S
     15      1   2.3853718110055275D-01 7.5D-09 0.0D+00 3.2D-09 0.0D+00       22      143       22      220  S
     15      1   2.3853718444984087D-01 7.5D-09 0.0D+00 2.7D-09 0.0D+00       22      149       22      220  S
     15      1   2.3853718445169578D-01 7.5D-09 0.0D+00 6.3D-08 0.0D+00       23      172       24      232  S
     15      1   2.3853718141493790D-01 7.5D-09 0.0D+00 6.5D-09 0.0D+00       22      172       22      220  S
     15      1   2.3853718444953526D-01 7.5D-09 0.0D+00 2.4D-08 0.0D+00       23      150       23      230  S
     15      1   2.3853718609776967D-01 7.5D-09 0.0D+00 8.7D-10 0.0D+00       22      162       22      220  S
     15      1   2.3752415436532631D-01 8.1D-09 0.0D+00 2.2D-09 0.0D+00       22      164       22      220  S
     15      1   2.3755952551757478D-01 8.1D-09 0.0D+00 7.6D-10 0.0D+00       22      139       22      220  S
     15      1   2.3853718141190522D-01 7.5D-09 0.0D+00 6.8D-08 0.0D+00       23      165       23      230  S
     15      1   2.3853718056235176D-01 7.5D-09 0.0D+00 6.5D-08 0.0D+00       24      168       24      240  S
     15      1   2.3853718141415045D-01 7.5D-09 0.0D+00 1.8D-09 0.0D+00       22      159       22      220  S
     15      1   2.3853718028064680D-01 7.5D-09 0.0D+00 2.3D-10 0.0D+00       23      145       23      230  S
     15      1   2.3853718578015592D-01 7.5D-09 0.0D+00 8.9D-08 0.0D+00       22      149       23      221  S
     15      1   2.3853718056313228D-01 7.5D-09 0.0D+00 4.0D-08 0.0D+00       24      147       24      240  S
     15   0.00    0.00    0.00   2.1628506354464860D-01 9.1D-09 0.0D+00 6.7D-09 0.0D+00       20      155       20      200     751     333     919     333     355   0.56     0    0    316  BR
     15      1   2.3752415436851007D-01 8.1D-09 0.0D+00 7.0D-08 0.0D+00       23      173       23      230  S
     15      1   2.3853718109599981D-01 7.5D-09 0.0D+00 9.1D-08 0.0D+00       22      124       22      220  S
     15      1   2.3853718445406516D-01 7.5D-09 0.0D+00 1.3D-09 0.0D+00       22      145       22      220  S
     15      1   2.3853718028046836D-01 7.5D-09 0.0D+00 2.1D-09 0.0D+00       23      171       23      230  S
     15      1   2.3853718445323388D-01 7.5D-09 0.0D+00 1.7D-09 0.0D+00       23      145       23      230  S
     15      1   2.3755952551853932D-01 8.1D-09 0.0D+00 1.3D-10 0.0D+00       23      176       23      230  S
     15      1   2.3853718445132358D-01 7.5D-09 0.0D+00 3.0D-09 0.0D+00       22      133       22      220  S
     15      1   2.3853717834554047D-01 7.5D-09 0.0D+00 9.1D-08 0.0D+00       23      178       23      230  S
     15      1   2.3756722998583821D-01 7.1D-09 0.0D+00 4.1D-09 0.0D+00       22      138       22      220  S
     15      1   2.3853718141294253D-01 7.5D-09 0.0D+00 2.5D-09 0.0D+00       23      164       23      230  S
     15      1   2.3667383623599819D-01 6.6D-09 0.0D+00 1.9D-09 0.0D+00       22      157       22      220  S
     15      1   2.3756722999027519D-01 7.1D-09 0.0D+00 3.5D-09 0.0D+00       22      193       22      220  S
     15      1   2.3755952551245577D-01 8.1D-09 0.0D+00 7.1D-08 0.0D+00       23      149       24      231  S
     15      1   2.3853718056379011D-01 7.5D-09 0.0D+00 4.4D-08 0.0D+00       24      186       24      240  S
     15      1   2.3752415436497212D-01 8.1D-09 0.0D+00 4.1D-08 0.0D+00       23      184       24      231  S
     15      1   2.3755952551573978D-01 8.1D-09 0.0D+00 3.7D-09 0.0D+00       22      163       22      220  S
     15      1   2.3853718444553659D-01 7.5D-09 0.0D+00 9.4D-08 0.0D+00       23      161       24      231  S
     15      1   2.3853718141838867D-01 7.5D-09 0.0D+00 3.2D-10 0.0D+00       22      171       22      220  S
     15      1   2.3853717835128374D-01 7.5D-09 0.0D+00 1.5D-09 0.0D+00       23      151       23      230  S
     15      1   2.3853717835672622D-01 7.5D-09 0.0D+00 4.6D-11 0.0D+00       23      173       23      230  S
     15      1   2.3756722998655641D-01 7.1D-09 0.0D+00 4.0D-09 0.0D+00       22      146       22      220  S
     15      1   2.3853718444972954D-01 7.5D-09 0.0D+00 2.6D-09 0.0D+00       22      156       22      220  S
     15      1   2.3756722998581714D-01 7.1D-09 0.0D+00 9.8D-10 0.0D+00       22      163       22      220  S
     15      1   2.3752415436771648D-01 8.1D-09 0.0D+00 1.6D-09 0.0D+00       22      151       22      220  S
     15      1   2.3853718444939281D-01 7.5D-09 0.0D+00 3.7D-09 0.0D+00       22      132       22      220  S
     15      1   2.3756722999128738D-01 7.1D-09 0.0D+00 2.5D-09 0.0D+00       21      156       21      210  S
     15      1   2.3755953947891600D-01 8.1D-09 0.0D+00 2.3D-09 0.0D+00       23      153       23      230  S
     15      1   2.3853718444749969D-01 7.5D-09 0.0D+00 4.5D-08 0.0D+00       23      155       24      231  S
     15      1   2.3853718141546743D-01 7.5D-09 0.0D+00 6.6D-08 0.0D+00       23      154       23      230  S
     15      1   2.3853718445086222D-01 7.5D-09 0.0D+00 5.2D-09 0.0D+00       22      183       22      220  S
     15      1   2.3853718444990038D-01 7.5D-09 0.0D+00 1.3D-09 0.0D+00       22      168       22      220  S
     15      1   2.3756722998457011D-01 7.1D-09 0.0D+00 5.5D-08 0.0D+00       23      172       24      232  S
     15      1   2.3755952552110060D-01 8.1D-09 0.0D+00 2.8D-09 0.0D+00       22      151       22      220  S
     15      1   2.3752657236918365D-01 1.9D-08 0.0D+00 2.3D-07 0.0D+00       25      134       26      260  S
     15      1   2.3853718141449196D-01 7.5D-09 0.0D+00 9.4D-10 0.0D+00       22      158       22      220  S
     15      1   2.3752415437001068D-01 8.1D-09 0.0D+00 1.5D-09 0.0D+00       22      167       22      220  S
     15      1   2.3756722722873805D-01 7.1D-09 0.0D+00 6.3D-08 0.0D+00       23      184       23      230  S
     15      1   2.3752416866778675D-01 8.1D-09 0.0D+00 2.9D-09 0.0D+00       22      173       22      220  S
     15      1   2.3756722998710905D-01 7.1D-09 0.0D+00 9.4D-09 0.0D+00       22      211       22      220  S
     15      1   2.3853718141431643D-01 7.5D-09 0.0D+00 8.7D-10 0.0D+00       22      140       22      220  S
     15      1   2.3853718141495350D-01 7.5D-09 0.0D+00 9.2D-09 0.0D+00       21      148       21      210  S
     15      1   2.3756722723394902D-01 7.1D-09 0.0D+00 1.9D-09 0.0D+00       23      131       23      230  S
     15      1   2.3755952551752624D-01 8.1D-09 0.0D+00 6.3D-09 0.0D+00       22      143       22      220  S
     15      1   2.3755651903559019D-01 5.4D-09 0.0D+00 5.0D-01 0.0D+00       22      222       22      220  S
     15      1   2.3756722998616284D-01 7.1D-09 0.0D+00 1.3D-10 0.0D+00       22      144       22      220  S
     15      1   2.3756722723448764D-01 7.1D-09 0.0D+00 1.9D-09 0.0D+00       23      180       23      230  S
     15      1   2.3752416866626652D-01 8.1D-09 0.0D+00 3.9D-09 0.0D+00       22      188       22      220  S
     15      1   2.3853718027634058D-01 7.5D-09 0.0D+00 1.3D-09 0.0D+00       23      153       23      230  S
     15      1   2.3853718141450406D-01 7.5D-09 0.0D+00 3.2D-09 0.0D+00       22      184       22      220  S
     15      1   2.3667383623896526D-01 6.6D-09 0.0D+00 5.9D-10 0.0D+00       22      156       22      220  S
     15      1   2.3756722998806359D-01 7.1D-09 0.0D+00 2.5D-08 0.0D+00       24      194       24      240  S
     15      1   2.3853718109655614D-01 7.5D-09 0.0D+00 9.0D-08 0.0D+00       23      156       23      230  S
     15      1   2.3756722722919171D-01 7.1D-09 0.0D+00 3.2D-09 0.0D+00       22      135       22      220  S
     15      1   2.3853718444641731D-01 7.5D-09 0.0D+00 6.1D-08 0.0D+00       23      152       24      232  S
     15      1   2.3853718444966276D-01 7.5D-09 0.0D+00 9.0D-10 0.0D+00       22      140       22      220  S
     15      1   2.3853718056349293D-01 7.5D-09 0.0D+00 3.2D-10 0.0D+00       22      146       22      220  S
     15      1   2.3755953947913827D-01 8.1D-09 0.0D+00 7.0D-08 0.0D+00       23      156       23      230  S
     15      1   2.3756722998594959D-01 7.1D-09 0.0D+00 2.7D-09 0.0D+00       22      154       22      220  S
     15      1   2.3853718444773542D-01 7.5D-09 0.0D+00 3.2D-08 0.0D+00       23      186       23      230  S
     15      1   2.3853718444580943D-01 7.5D-09 0.0D+00 8.5D-08 0.0D+00       23      157       24      231  S
     15      1   2.3853718444992619D-01 7.5D-09 0.0D+00 4.3D-09 0.0D+00       22      166       22      220  S
     15      1   2.3853718607296834D-01 7.5D-09 0.0D+00 8.7D-08 0.0D+00       23      189       23      230  S
     15      1   2.3853718141957436D-01 7.5D-09 0.0D+00 1.2D-09 0.0D+00       22      162       22      220  S
     15      1   2.3755952551542769D-01 8.1D-09 0.0D+00 7.9D-10 0.0D+00       22      158       22      220  S
     15      1   2.3667383596414843D-01 6.6D-09 0.0D+00 5.8D-08 0.0D+00       22      157       23      221  S
     15      1   2.3853718444945038D-01 7.5D-09 0.0D+00 1.4D-09 0.0D+00       22      170       22      220  S
     15      1   2.3853718141266711D-01 7.5D-09 0.0D+00 4.4D-08 0.0D+00       23      169       23      230  S
     15      1   2.3853718444812427D-01 7.5D-09 0.0D+00 2.4D-08 0.0D+00       23      150       23      230  S
     15      1   2.3755952552223272D-01 8.1D-09 0.0D+00 1.7D-09 0.0D+00       22      137       22      220  S
     15      1   2.3853718444968403D-01 7.5D-09 0.0D+00 1.4D-09 0.0D+00       22      140       22      220  S
     15      1   2.3755953926853327D-01 8.1D-09 0.0D+00 2.4D-09 0.0D+00       22      163       22      220  S
     15      1   2.3853718141465249D-01 7.5D-09 0.0D+00 2.3D-09 0.0D+00       22      163       22      220  S
     15      1   2.3853718141427341D-01 7.5D-09 0.0D+00 2.1D-09 0.0D+00       22      160       22      220  S
     15      1   2.3755952552067411D-01 8.1D-09 0.0D+00 1.2D-09 0.0D+00       22      130       22      220  S
     15      1   2.3853718444925887D-01 7.5D-09 0.0D+00 4.0D-09 0.0D+00       22      157       22      220  S
     15      1   2.3756722998461954D-01 7.1D-09 0.0D+00 2.6D-08 0.0D+00       24      165       24      240  S
     15      1   2.3853718444984312D-01 7.5D-09 0.0D+00 1.8D-09 0.0D+00       23      159       23      230  S
     15      1   2.3756722998558258D-01 7.1D-09 0.0D+00 4.7D-08 0.0D+00       23      176       23      230  S
     15      1   2.3853717835602770D-01 7.5D-09 0.0D+00 3.7D-09 0.0D+00       22      154       22      220  S
     15      1   2.3853718141428229D-01 7.5D-09 0.0D+00 3.2D-10 0.0D+00       22      152       22      220  S
     15      1   2.3853718141846944D-01 7.5D-09 0.0D+00 1.9D-09 0.0D+00       22      163       22      220  S
     15      1   2.3853718141325481D-01 7.5D-09 0.0D+00 8.7D-08 0.0D+00       23      181       24      231  S
     15      1   2.3756722722899395D-01 7.1D-09 0.0D+00 4.7D-08 0.0D+00       23      168       23      230  S
     15      1   2.3853718056505513D-01 7.5D-09 0.0D+00 3.1D-09 0.0D+00       23      151       23      230  S
     15      1   2.3853718141667243D-01 7.5D-09 0.0D+00 5.5D-10 0.0D+00       22      152       22      220  S
     15      1   2.3853718141636912D-01 7.5D-09 0.0D+00 8.5D-11 0.0D+00       22      152       22      220  S
     15      1   2.3853718445249253D-01 7.5D-09 0.0D+00 1.2D-09 0.0D+00       22      179       22      220  S
     15      1   2.3755952551230752D-01 8.1D-09 0.0D+00 6.7D-08 0.0D+00       23      163       23      230  S
     15      1   2.3853718141407185D-01 7.5D-09 0.0D+00 3.6D-08 0.0D+00       23      152       23      230  S
     15      1   2.3752416818387864D-01 8.1D-09 0.0D+00 1.6D-09 0.0D+00       20      135       20      200  S
     15      1   2.3752415436894128D-01 8.1D-09 0.0D+00 1.6D-09 0.0D+00       22      168       22      220  S
     15      1   2.3755952551441992D-01 8.1D-09 0.0D+00 6.2D-08 0.0D+00       24      165       24      240  S
     15      1   2.3667383624184818D-01 6.6D-09 0.0D+00 3.4D-08 0.0D+00       24      159       24      240  S
     15      1   2.3853718444561997D-01 7.5D-09 0.0D+00 8.9D-08 0.0D+00       23      152       23      230  S
     15      1   2.3853718056319304D-01 7.5D-09 0.0D+00 2.5D-08 0.0D+00       24      137       24      240  S
     15      1   2.3853718028044826D-01 7.5D-09 0.0D+00 2.3D-10 0.0D+00       22      153       22      220  S
     15      1   2.3853718605033891D-01 7.5D-09 0.0D+00 4.5D-09 0.0D+00       22      183       22      220  S
     15      1   2.3853718445434230D-01 7.5D-09 0.0D+00 2.8D-09 0.0D+00       22      167       22      220  S
     15      1   2.3853718141840088D-01 7.5D-09 0.0D+00 2.3D-09 0.0D+00       24      181       24      240  S
     15      1   2.3756722998587149D-01 7.1D-09 0.0D+00 4.7D-09 0.0D+00       22      163       22      220  S
     15      1   2.3853718445072550D-01 7.5D-09 0.0D+00 8.8D-08 0.0D+00       23      163       23      230  S
     15      1   2.3752416866284126D-01 8.1D-09 0.0D+00 6.0D-08 0.0D+00       23      176       23      230  S
     15      1   2.3853718141428282D-01 7.5D-09 0.0D+00 7.2D-08 0.0D+00       23      159       23      230  S
     15      1   2.3853718445524327D-01 7.5D-09 0.0D+00 6.5D-09 0.0D+00       22      165       22      220  S
     15      1   2.3853718445572150D-01 7.5D-09 0.0D+00 3.7D-09 0.0D+00       21      137       21      210  S
     15      1   2.3756722998531887D-01 7.1D-09 0.0D+00 2.7D-08 0.0D+00       23      166       23      230  S
     15      1   2.3755952551733092D-01 8.1D-09 0.0D+00 7.3D-08 0.0D+00       23      174       24      231  S
     15      1   2.3853718445412186D-01 7.5D-09 0.0D+00 8.2D-10 0.0D+00       22      145       22      220  S
     15      1   2.3752416898837106D-01 8.1D-09 0.0D+00 4.4D-10 0.0D+00       23      166       23      230  S
     15      1   2.3853718141362701D-01 7.5D-09 0.0D+00 2.5D-08 0.0D+00       23      177       24      231  S
     15      1   2.3756722998643431D-01 7.1D-09 0.0D+00 3.5D-10 0.0D+00       23      160       23      230  S
     15      1   2.3853718141433899D-01 7.5D-09 0.0D+00 3.7D-11 0.0D+00       22      127       22      220  S
     15      1   2.3853718141423885D-01 7.5D-09 0.0D+00 2.5D-09 0.0D+00       22      149       22      220  S
     15      1   2.3755952551781867D-01 8.1D-09 0.0D+00 2.8D-09 0.0D+00       22      178       22      220  S
     15      1   2.3755953948051031D-01 8.1D-09 0.0D+00 4.0D-09 0.0D+00       22      143       22      220  S
     15      1   2.3756722998573593D-01 7.1D-09 0.0D+00 2.3D-09 0.0D+00       22      167       22      220  S
     15      1   2.3853718141306693D-01 7.5D-09 0.0D+00 4.4D-08 0.0D+00       23      170       24      231  S
     15      1   2.3853717835200261D-01 7.5D-09 0.0D+00 8.9D-08 0.0D+00       23      167       23      230  S
     15      1   2.3853718141767541D-01 7.5D-09 0.0D+00 1.7D-09 0.0D+00       22      180       22      220  S
     15      1   2.3755952551832424D-01 8.1D-09 0.0D+00 5.9D-10 0.0D+00       21      161       21      210  S
     15      1   2.3853718445147820D-01 7.5D-09 0.0D+00 6.8D-08 0.0D+00       23      166       24      232  S
     15      1   2.3853718141735872D-01 7.5D-09 0.0D+00 7.3D-10 0.0D+00       22      193       22      220  S
     15      1   2.3755952551639500D-01 8.1D-09 0.0D+00 3.7D-09 0.0D+00       22      162       22      220  S
     15      1   2.3756722998644803D-01 7.1D-09 0.0D+00 3.6D-09 0.0D+00       22      175       22      220  S
     15      1   2.1641922330478858D-01 7.4D-09 0.0D+00 6.8D-09 0.0D+00       20      153       20      200  S
     15      1   2.3853718141053001D-01 7.5D-09 0.0D+00 8.6D-08 0.0D+00       23      191       23      230  S
     15      1   2.3755952551523016D-01 8.1D-09 0.0D+00 6.1D-08 0.0D+00       22      190       22      220  S
     15      1   2.3853718444738323D-01 7.5D-09 0.0D+00 4.1D-08 0.0D+00       23      152       23      230  S
     15      1   2.3756722722907056D-01 7.1D-09 0.0D+00 5.3D-08 0.0D+00       22      156       23      222  S
     15      1   2.3755952551336032D-01 8.1D-09 0.0D+00 1.2D-09 0.0D+00       22      143       22      220  S
     15      1   2.3853718110316818D-01 7.5D-09 0.0D+00 3.7D-09 0.0D+00       22      188       22      220  S
     15      1   2.3756722998732338D-01 7.1D-09 0.0D+00 3.2D-10 0.0D+00       22      171       22      220  S
     15      1   2.3752415436628152D-01 8.1D-09 0.0D+00 5.1D-10 0.0D+00       23      152       23      230  S
     15      1   2.3756722998590291D-01 7.1D-09 0.0D+00 2.0D-10 0.0D+00       22      149       22      220  S
     15      1   2.3756722998519123D-01 7.1D-09 0.0D+00 5.3D-08 0.0D+00       24      138       24      240  S
     15      1   2.3752415436628546D-01 8.1D-09 0.0D+00 3.8D-09 0.0D+00       22      142       22      220  S
     15      1   2.3853718444849839D-01 7.5D-09 0.0D+00 3.4D-08 0.0D+00       23      168       24      232  S
     15      1   2.3755952551819598D-01 8.1D-09 0.0D+00 2.1D-09 0.0D+00       22      158       22      220  S
     15      1   2.3756722722954365D-01 7.1D-09 0.0D+00 2.6D-08 0.0D+00       24      145       24      240  S
     15      1   2.3752415437012059D-01 8.1D-09 0.0D+00 1.3D-09 0.0D+00       22      162       22      220  S
     15      1   2.3756722998872351D-01 7.1D-09 0.0D+00 5.6D-08 0.0D+00       22      151       22      220  S
     15      1   2.3853718141059257D-01 7.5D-09 0.0D+00 9.1D-08 0.0D+00       23      176       24      232  S
     15      1   2.3853718578532682D-01 7.5D-09 0.0D+00 4.0D-10 0.0D+00       21      146       21      210  S
     15      1   2.3755952551568604D-01 8.1D-09 0.0D+00 2.1D-09 0.0D+00       22      201       22      220  S
     15      1   2.3755952551560633D-01 8.1D-09 0.0D+00 1.4D-07 0.0D+00       23      211       23      230  S
     15      1   2.3755952551521500D-01 8.1D-09 0.0D+00 7.6D-09 0.0D+00       22      172       22      220  S
     15      1   2.3853718141608762D-01 7.5D-09 0.0D+00 3.6D-08 0.0D+00       23      157       23      230  S
     15      1   2.3853718056427495D-01 7.5D-09 0.0D+00 5.6D-09 0.0D+00       23      153       23      230  S
     15      1   2.3853718141991390D-01 7.5D-09 0.0D+00 9.2D-10 0.0D+00       22      147       22      220  S
     15      1   2.3755952551547574D-01 8.1D-09 0.0D+00 3.1D-09 0.0D+00       22      187       22      220  S
     15      1   2.3853718110043173D-01 7.5D-09 0.0D+00 1.7D-09 0.0D+00       23      144       23      230  S
     15      1   2.3755953948777883D-01 8.1D-09 0.0D+00 2.8D-10 0.0D+00       23      143       23      230  S
     15      1   2.3755952551237058D-01 8.1D-09 0.0D+00 6.8D-08 0.0D+00       23      169       24      231  S
     15      1   2.3752416861130440D-01 8.1D-09 0.0D+00 1.1D-09 0.0D+00       21      128       21      210  S
     15      1   2.3756722976358222D-01 7.1D-09 0.0D+00 7.9D-06 0.0D+00       23      162       23      230  S
     15      1   2.3755952551299617D-01 8.1D-09 0.0D+00 6.8D-08 0.0D+00       23      195       23      230  S
     15      1   2.3853718109917299D-01 7.5D-09 0.0D+00 3.0D-10 0.0D+00       22      148       22      220  S
     15      1   2.3853718444968949D-01 7.5D-09 0.0D+00 7.8D-11 0.0D+00       22      162       22      220  S
     15      1   2.3853718109978736D-01 7.5D-09 0.0D+00 4.2D-08 0.0D+00       24      189       24      240  S
     15      1   2.3853718141932767D-01 7.5D-09 0.0D+00 7.0D-09 0.0D+00       21      138       21      210  S
     15      1   2.3756722998789723D-01 7.1D-09 0.0D+00 5.4D-08 0.0D+00       23      174       24      232  S
     15      1   2.3838210297680670D-01 1.1D-07 0.0D+00 7.3D-05 0.0D+00       26      132       27      270  S
     15      1   2.3755952551418180D-01 8.1D-09 0.0D+00 5.4D-08 0.0D+00       23      151       23      230  S
     15      1   2.3756722998561600D-01 7.1D-09 0.0D+00 3.5D-11 0.0D+00       22      139       22      220  S
     15      1   2.3755952551686191D-01 8.1D-09 0.0D+00 7.0D-08 0.0D+00       23      162       24      232  S
     15      1   2.3756722998442895D-01 7.1D-09 0.0D+00 4.8D-08 0.0D+00       23      188       24      232  S
     15      1   2.3752415437044083D-01 8.1D-09 0.0D+00 1.1D-09 0.0D+00       23      163       23      230  S
     15      1   2.3752415437120530D-01 8.1D-09 0.0D+00 3.4D-08 0.0D+00       24      161       24      240  S
     15      1   2.3752415437066138D-01 8.1D-09 0.0D+00 3.6D-08 0.0D+00       24      171       24      240  S
     15      1   2.3853718578527747D-01 7.5D-09 0.0D+00 5.6D-10 0.0D+00       22      158       22      220  S
     15      1   2.3752415436250041D-01 8.1D-09 0.0D+00 7.1D-08 0.0D+00       24      166       25      241  S
     15      1   2.2151255138709891D-01 7.0D-09 0.0D+00 1.5D-09 0.0D+00       20      124       20      200  S
     15      1   2.3853718056548745D-01 7.5D-09 0.0D+00 3.6D-09 0.0D+00       23      157       23      230  S
     15      1   2.3853718445090535D-01 7.5D-09 0.0D+00 7.4D-10 0.0D+00       22      158       22      220  S
     15      1   2.3853718445099659D-01 7.5D-09 0.0D+00 4.6D-10 0.0D+00       22      141       22      220  S
     15      1   2.3827998766521230D-01 6.7D-09 0.0D+00 3.0D+00 0.0D+00       19      158       19      190  S
     15      1   2.3755953947625533D-01 8.1D-09 0.0D+00 1.8D-08 0.0D+00       23      191       24      231  S
     15      1   2.3853718110043054D-01 7.5D-09 0.0D+00 4.9D-11 0.0D+00       23      159       23      230  S
     15      1   2.3853718444681674D-01 7.5D-09 0.0D+00 8.5D-08 0.0D+00       23      161       23      230  S
     15      1   2.3853717834826910D-01 7.5D-09 0.0D+00 9.3D-08 0.0D+00       23      170       23      230  S
     15      1   2.3853718445309191D-01 7.5D-09 0.0D+00 4.5D-08 0.0D+00       23      162       23      230  S
     15      1   2.3853718445145652D-01 7.5D-09 0.0D+00 6.4D-08 0.0D+00       23      181       24      231  S
     15      1   2.3853718444958641D-01 7.5D-09 0.0D+00 2.7D-09 0.0D+00       22      152       22      220  S
     15      1   2.3755952551617673D-01 8.1D-09 0.0D+00 2.4D-09 0.0D+00       22      137       22      220  S
