     11      1   2.3853717792614607D-01 7.5D-09 0.0D+00 7.9D-11 0.0D+00       22      119       22      220  S
     11      1   2.3853717792541093D-01 7.5D-09 0.0D+00 1.0D-09 0.0D+00       22      150       22      220  S
     11      1   2.3853717792463314D-01 7.5D-09 0.0D+00 4.1D-08 0.0D+00       23      138       24      231  S
     11      1   2.3853717792820570D-01 7.5D-09 0.0D+00 4.8D-10 0.0D+00       21      143       21      210  S
     11      1   2.3853717792691667D-01 7.5D-09 0.0D+00 3.2D-10 0.0D+00       22      132       22      220  S
     11      1   2.3853717792653931D-01 7.5D-09 0.0D+00 1.6D-09 0.0D+00       23      126       23      230  S
     11      1   2.3853717792640225D-01 7.5D-09 0.0D+00 1.1D-10 0.0D+00       22      139       22      220  S
     11      1   2.3853717792310591D-01 7.5D-09 0.0D+00 8.9D-08 0.0D+00       23      154       23      230  S
     11      1   2.3853717792398080D-01 7.5D-09 0.0D+00 8.2D-08 0.0D+00       24      136       24      240  S
     11      1   2.3853717792537291D-01 7.5D-09 0.0D+00 9.2D-08 0.0D+00       23      168       23      230  S
     11      1   2.3853717792655604D-01 7.5D-09 0.0D+00 2.3D-09 0.0D+00       22      147       22      220  S
     11      1   2.3853717792394252D-01 7.5D-09 0.0D+00 4.4D-08 0.0D+00       23      128       23      230  S
     11      1   2.3853717792252155D-01 7.5D-09 0.0D+00 8.2D-08 0.0D+00       23      133       24      232  S
     11      1   2.3853717792311463D-01 7.5D-09 0.0D+00 9.1D-08 0.0D+00       22      124       22      220  S
     11      1   2.3853717792588458D-01 7.5D-09 0.0D+00 3.6D-10 0.0D+00       22      138       22      220  S
     11      1   2.3853717792609169D-01 7.5D-09 0.0D+00 4.2D-10 0.0D+00       22      139       22      220  S
     11      1   2.3853717792675813D-01 7.5D-09 0.0D+00 5.1D-09 0.0D+00       23      134       23      230  S
     11      1   2.3853717792578860D-01 7.5D-09 0.0D+00 2.3D-08 0.0D+00       23      131       23      230  S
     11      1   2.3853717792670409D-01 7.5D-09 0.0D+00 3.3D-09 0.0D+00       23      143       23      230  S
     11      1   2.3853717792642332D-01 7.5D-09 0.0D+00 2.0D-09 0.0D+00       22      156       22      220  S
     11      1   2.3853717792650042D-01 7.5D-09 0.0D+00 2.0D-09 0.0D+00       21      131       21      210  S
     11      1   2.3853717792567192D-01 7.5D-09 0.0D+00 4.9D-09 0.0D+00       21      110       21      210  S
     11      1   2.3853717792527129D-01 7.5D-09 0.0D+00 8.5D-08 0.0D+00       22      151       22      220  S
     11      1   2.3853717792848000D-01 7.5D-09 0.0D+00 2.2D-09 0.0D+00       22      146       22      220  S
     11      1   2.3853717793006912D-01 7.5D-09 0.0D+00 3.1D-08 0.0D+00       23      166       24      231  S
     11      1   2.3853717793121273D-01 7.5D-09 0.0D+00 2.1D-08 0.0D+00       23      164       23      230  S
     11      1   2.3853717792709814D-01 7.5D-09 0.0D+00 3.2D-09 0.0D+00       23      150       23      230  S
     11      1   2.3853717792281412D-01 7.5D-09 0.0D+00 9.2D-08 0.0D+00       23      137       23      230  S
     11      1   2.3853717792787063D-01 7.5D-09 0.0D+00 7.5D-10 0.0D+00       22      145       22      220  S
     11      1   2.3853717792590770D-01 7.5D-09 0.0D+00 9.3D-08 0.0D+00       22      159       22      220  S
     11      1   2.3853717792629087D-01 7.5D-09 0.0D+00 5.6D-09 0.0D+00       21      126       21      210  S
     11      1   2.5629626043151987D-01 7.3D-09 0.0D+00 2.7D-12 0.0D+00       21      158       21      210  S
     11      1   2.3853717792743426D-01 7.5D-09 0.0D+00 1.9D-09 0.0D+00       22      121       22      220  S
     11      1   2.3853717793143284D-01 7.5D-09 0.0D+00 4.2D-09 0.0D+00       22      147       22      220  S
     11      1   2.3853717792619172D-01 7.5D-09 0.0D+00 2.1D-09 0.0D+00       22      145       22      220  S
     11      1   2.3853717792535276D-01 7.5D-09 0.0D+00 1.8D-08 0.0D+00       23      153       23      230  S
     11      1   2.3853717792302673D-01 7.5D-09 0.0D+00 8.1D-08 0.0D+00       23      168       24      232  S
     11      1   2.3853717792680604D-01 7.5D-09 0.0D+00 2.6D-10 0.0D+00       23      142       23      230  S
     11      1   2.3853717792872967D-01 7.5D-09 0.0D+00 3.3D-09 0.0D+00       23      154       23      230  S
     11      1   2.3853717792480678D-01 7.5D-09 0.0D+00 4.3D-08 0.0D+00       24      145       25      241  S
     11      1   2.3853717792808435D-01 7.5D-09 0.0D+00 2.3D-10 0.0D+00       23      135       23      230  S
     11      1   2.3853717792569279D-01 7.5D-09 0.0D+00 4.2D-09 0.0D+00       22      151       22      220  S
     11      1   2.3853717793086948D-01 7.5D-09 0.0D+00 3.3D-08 0.0D+00       24      144       24      240  S
     11      1   2.3853717792631465D-01 7.5D-09 0.0D+00 9.5D-09 0.0D+00       23      161       23      230  S
     11      1   2.3853717792696186D-01 7.5D-09 0.0D+00 6.0D-11 0.0D+00       23      141       23      230  S
     11      1   2.3853717792504087D-01 7.5D-09 0.0D+00 6.5D-08 0.0D+00       23      170       24      232  S
     11      1   2.5513802687771969D-01 7.6D-09 0.0D+00 3.6D-07 0.0D+00       21      129       21      210  S
     11      1   2.3853717793004156D-01 7.5D-09 0.0D+00 2.8D-11 0.0D+00       23      125       23      230  S
     11      1   2.3853717792591486D-01 7.5D-09 0.0D+00 1.2D-09 0.0D+00       22      121       22      220  S
     11      1   2.3853717792342943D-01 7.5D-09 0.0D+00 6.5D-08 0.0D+00       23      147       23      230  S
     11      1   2.3853717792484591D-01 7.5D-09 0.0D+00 5.7D-08 0.0D+00       24      164       25      241  S
     11      1   2.3853717792902296D-01 7.5D-09 0.0D+00 1.5D-09 0.0D+00       22      170       22      220  S
     11      1   2.3853717792680060D-01 7.5D-09 0.0D+00 4.2D-09 0.0D+00       23      126       23      230  S
     11      1   2.3853717792655921D-01 7.5D-09 0.0D+00 4.3D-09 0.0D+00       23      142       23      230  S
     11      1   2.3853717792714055D-01 7.5D-09 0.0D+00 3.2D-09 0.0D+00       22      146       22      220  S
     11      1   2.3853717792831591D-01 7.5D-09 0.0D+00 1.2D-09 0.0D+00       22      131       22      220  S
     11      1   2.5513802688448245D-01 7.6D-09 0.0D+00 4.1D-09 0.0D+00       22      147       22      220  S
     11      1   2.3853717792989376D-01 7.5D-09 0.0D+00 5.2D-10 0.0D+00       22      138       22      220  S
     11      1   2.3853717793163412D-01 7.5D-09 0.0D+00 9.0D-11 0.0D+00       23      131       23      230  S
     11      1   2.3853717792608650D-01 7.5D-09 0.0D+00 2.0D-09 0.0D+00       22      128       22      220  S
     11      1   2.3853717792623025D-01 7.5D-09 0.0D+00 3.3D-09 0.0D+00       23      160       23      230  S
     11      1   2.3853717792270038D-01 7.5D-09 0.0D+00 8.9D-08 0.0D+00       24      131       24      240  S
     11      1   2.3853717792383475D-01 7.5D-09 0.0D+00 6.9D-08 0.0D+00       23      149       23      230  S
     11      1   2.3853717793201104D-01 7.5D-09 0.0D+00 1.1D-09 0.0D+00       22      143       22      220  S
     11      1   2.3853717792255419D-01 7.5D-09 0.0D+00 8.6D-08 0.0D+00       24      141       24      240  S
     11      1   2.3853717792681628D-01 7.5D-09 0.0D+00 1.1D-10 0.0D+00       23      154       23      230  S
     11      1   2.5513811054199509D-01 7.6D-09 0.0D+00 1.6D-08 0.0D+00       23      168       23      230  S
     11      1   2.3853717792594736D-01 7.5D-09 0.0D+00 2.5D-09 0.0D+00       22      109       22      220  S
     11      1   2.3853717792662896D-01 7.5D-09 0.0D+00 5.7D-10 0.0D+00       23      149       23      230  S
     11      1   2.6430314276666389D-01 6.1D-09 0.0D+00 6.2D-07 0.0D+00       23      174       23      230  S
     11      1   2.3853717792581408D-01 7.5D-09 0.0D+00 4.5D-10 0.0D+00       22      117       22      220  S
     11      1   2.3853717792568335D-01 7.5D-09 0.0D+00 4.4D-08 0.0D+00       23      144       23      230  S
     11      1   2.3853717792863960D-01 7.5D-09 0.0D+00 2.2D-08 0.0D+00       23      135       23      230  S
     11      1   2.3853717792934345D-01 7.5D-09 0.0D+00 2.8D-09 0.0D+00       22      142       22      220  S
     11      1   2.3853717792665161D-01 7.5D-09 0.0D+00 4.5D-08 0.0D+00       24      161       25      241  S
     11      1   2.5525536868905274D-01 7.6D-09 0.0D+00 5.0D-07 0.0D+00       23      144       23      230  S
     11      1   2.3853717792310677D-01 7.5D-09 0.0D+00 3.1D-08 0.0D+00       23      174       23      230  S
     11      1   2.3853717793159204D-01 7.5D-09 0.0D+00 2.0D-09 0.0D+00       21      156       21      210  S
     11      1   2.3853717792618526D-01 7.5D-09 0.0D+00 8.7D-08 0.0D+00       23      177       24      231  S
     11      1   2.3853717793146365D-01 7.5D-09 0.0D+00 5.0D-09 0.0D+00       21      131       21      210  S
     11      1   2.3853717792845136D-01 7.5D-09 0.0D+00 1.5D-09 0.0D+00       22      144       22      220  S
     11      1   2.3853717792512721D-01 7.5D-09 0.0D+00 4.3D-08 0.0D+00       23      151       24      231  S
     11      1   2.3853717792674611D-01 7.5D-09 0.0D+00 1.4D-09 0.0D+00       23      128       23      230  S
     11      1   2.3853717793105225D-01 7.5D-09 0.0D+00 5.3D-10 0.0D+00       22      156       22      220  S
     11      1   2.3853717792313792D-01 7.5D-09 0.0D+00 7.0D-08 0.0D+00       23      139       23      230  S
     11      1   2.3853717792582682D-01 7.5D-09 0.0D+00 2.8D-09 0.0D+00       22      130       22      220  S
     11      1   2.3853717792691581D-01 7.5D-09 0.0D+00 7.8D-10 0.0D+00       23      134       23      230  S
     11      1   2.3853717792638657D-01 7.5D-09 0.0D+00 3.3D-10 0.0D+00       23      120       23      230  S
     11      1   2.3853717792847748D-01 7.5D-09 0.0D+00 2.5D-10 0.0D+00       23      181       23      230  S
     11      1   2.3853717793086313D-01 7.5D-09 0.0D+00 2.7D-09 0.0D+00       22      132       22      220  S
     11      1   2.3853717793275611D-01 7.5D-09 0.0D+00 3.5D-10 0.0D+00       23      147       23      230  S
     11      1   2.3853717792657769D-01 7.5D-09 0.0D+00 2.1D-09 0.0D+00       23      134       23      230  S
     11      1   2.3853717792656642D-01 7.5D-09 0.0D+00 2.0D-09 0.0D+00       23      129       23      230  S
     11      1   2.3853717792336590D-01 7.5D-09 0.0D+00 8.9D-08 0.0D+00       22      135       22      220  S
     11      1   2.3853717792365242D-01 7.5D-09 0.0D+00 7.7D-08 0.0D+00       24      134       24      240  S
     11      1   2.3853717792394583D-01 7.5D-09 0.0D+00 2.2D-08 0.0D+00       23      148       23      230  S
     11      1   2.3853717792453163D-01 7.5D-09 0.0D+00 6.6D-08 0.0D+00       23      143       23      230  S
     11      1   2.3853717792953694D-01 7.5D-09 0.0D+00 1.8D-09 0.0D+00       21      132       21      210  S
     11      1   2.3853717792692286D-01 7.5D-09 0.0D+00 1.9D-09 0.0D+00       21      134       21      210  S
     11      1   2.3853717793007101D-01 7.5D-09 0.0D+00 1.0D-09 0.0D+00       22      152       22      220  S
     11      1   2.3853717792568502D-01 7.5D-09 0.0D+00 1.4D-09 0.0D+00       21      138       21      210  S
     11      1   2.3853717792649601D-01 7.5D-09 0.0D+00 5.5D-08 0.0D+00       24      151       24      240  S
     11      1   2.3853717792210508D-01 7.5D-09 0.0D+00 9.1D-08 0.0D+00       23      150       24      232  S
     11      1   2.3853717792892154D-01 7.5D-09 0.0D+00 1.5D-09 0.0D+00       23      138       23      230  S
     11      1   2.3853717792932499D-01 7.5D-09 0.0D+00 1.9D-08 0.0D+00       22      137       22      220  S
     11      1   2.3853717793080315D-01 7.5D-09 0.0D+00 2.0D-09 0.0D+00       22      140       22      220  S
     11      1   2.3853717793012702D-01 7.5D-09 0.0D+00 3.6D-09 0.0D+00       23      138       23      230  S
     11      1   2.3853717792702656D-01 7.5D-09 0.0D+00 8.7D-08 0.0D+00       23      133       23      230  S
     11      1   2.3853717792607013D-01 7.5D-09 0.0D+00 1.3D-09 0.0D+00       22      145       22      220  S
     11      1   2.3853717792613854D-01 7.5D-09 0.0D+00 1.9D-09 0.0D+00       23      139       23      230  S
     11      1   2.3853717792248627D-01 7.5D-09 0.0D+00 8.9D-08 0.0D+00       24      128       24      240  S
     11      1   2.3853717792649407D-01 7.5D-09 0.0D+00 2.2D-10 0.0D+00       22      149       22      220  S
     11      1   2.3853717792796672D-01 7.5D-09 0.0D+00 7.5D-08 0.0D+00       23      150       23      230  S
     11      1   2.3853717793156240D-01 7.5D-09 0.0D+00 4.0D-09 0.0D+00       22      137       22      220  S
     11      1   2.3853717792769089D-01 7.5D-09 0.0D+00 8.6D-08 0.0D+00       24      159       25      241  S
     11      1   2.3853717792781937D-01 7.5D-09 0.0D+00 8.6D-08 0.0D+00       23      151       23      230  S
     11      1   2.3853717792518450D-01 7.5D-09 0.0D+00 2.7D-08 0.0D+00       23      143       23      230  S
     11      1   2.5590854204824204D-01 7.3D-09 0.0D+00 5.3D-09 0.0D+00       22      135       22      220  S
     11      1   2.3853717793177887D-01 7.5D-09 0.0D+00 8.4D-10 0.0D+00       23      156       23      230  S
     11      1   2.3853717792626450D-01 7.5D-09 0.0D+00 8.6D-08 0.0D+00       23      156       23      230  S
     11      1   2.3853717792697052D-01 7.5D-09 0.0D+00 9.0D-08 0.0D+00       22      154       23      221  S
     11      1   2.3853717792113058D-01 7.5D-09 0.0D+00 9.2D-08 0.0D+00       23      153       23      230  S
     11      1   2.3853717792475540D-01 7.5D-09 0.0D+00 4.6D-08 0.0D+00       24      147       24      240  S
     11      1   2.3853717792704313D-01 7.5D-09 0.0D+00 8.3D-10 0.0D+00       22      136       22      220  S
     11      1   2.3853717792473922D-01 7.5D-09 0.0D+00 4.4D-08 0.0D+00       24      161       25      241  S
     11      1   2.3853717792419007D-01 7.5D-09 0.0D+00 8.5D-08 0.0D+00       23      135       23      230  S
     11      1   2.3853717793008850D-01 7.5D-09 0.0D+00 1.1D-09 0.0D+00       22      126       22      220  S
     11      1   2.3853717792684714D-01 7.5D-09 0.0D+00 6.1D-12 0.0D+00       22      121       22      220  S
     11      1   2.3853717792591311D-01 7.5D-09 0.0D+00 4.7D-10 0.0D+00       22      132       22      220  S
     11      1   2.3853717792608478D-01 7.5D-09 0.0D+00 8.6D-08 0.0D+00       23      139       23      230  S
     11      1   2.5513811054140167D-01 7.6D-09 0.0D+00 2.4D-09 0.0D+00       21      156       21      210  S
     11      1   2.3853717792608511D-01 7.5D-09 0.0D+00 2.2D-09 0.0D+00       22      143       22      220  S
     11      1   2.3853717792317883D-01 7.5D-09 0.0D+00 6.3D-08 0.0D+00       23      141       23      230  S
     11      1   2.3853717792678072D-01 7.5D-09 0.0D+00 1.0D-09 0.0D+00       22      151       22      220  S
     11      1   2.3853717792287324D-01 7.5D-09 0.0D+00 8.5D-08 0.0D+00       23      132       23      230  S
     11      1   2.3853717792693360D-01 7.5D-09 0.0D+00 2.0D-11 0.0D+00       23      133       23      230  S
     11      1   2.3853717792273019D-01 7.5D-09 0.0D+00 8.9D-08 0.0D+00       24      144       24      240  S
     11      1   2.3853717792279033D-01 7.5D-09 0.0D+00 8.6D-08 0.0D+00       23      141       23      230  S
     11      1   2.3853717792592780D-01 7.5D-09 0.0D+00 9.0D-10 0.0D+00       22      147       22      220  S
     11      1   2.3853717792827936D-01 7.5D-09 0.0D+00 7.4D-09 0.0D+00       23      145       23      230  S
     11      1   2.3853717792266776D-01 7.5D-09 0.0D+00 9.1D-08 0.0D+00       23      144       23      230  S
     11      1   2.3853717792758894D-01 7.5D-09 0.0D+00 1.4D-09 0.0D+00       23      143       23      230  S
     11      1   2.3853717792604995D-01 7.5D-09 0.0D+00 6.1D-10 0.0D+00       21      141       21      210  S
     11      1   2.3853717792587478D-01 7.5D-09 0.0D+00 3.1D-08 0.0D+00       23      151       24      231  S
     11      1   2.3853717792625798D-01 7.5D-09 0.0D+00 2.6D-10 0.0D+00       22      138       22      220  S
     11      1   2.5513802688502552D-01 7.6D-09 0.0D+00 7.6D-09 0.0D+00       22      158       22      220  S
     11      1   2.3853717792830248D-01 7.5D-09 0.0D+00 2.5D-09 0.0D+00       21      124       21      210  S
     11      1   2.3853717792686027D-01 7.5D-09 0.0D+00 1.7D-09 0.0D+00       22      137       22      220  S
     11      1   2.3853717792738485D-01 7.5D-09 0.0D+00 1.9D-09 0.0D+00       22      137       22      220  S
     11      1   2.3853717792657583D-01 7.5D-09 0.0D+00 1.2D-09 0.0D+00       21      140       21      210  S
     11      1   2.3853717792577564D-01 7.5D-09 0.0D+00 4.5D-09 0.0D+00       22      111       22      220  S
     11      1   2.3853717792667936D-01 7.5D-09 0.0D+00 3.2D-10 0.0D+00       22      132       22      220  S
     11      1   2.3853717792566151D-01 7.5D-09 0.0D+00 1.3D-09 0.0D+00       21      134       21      210  S
     11      1   2.3853717792668835D-01 7.5D-09 0.0D+00 4.1D-10 0.0D+00       23      128       23      230  S
     11      1   2.3853717792642409D-01 7.5D-09 0.0D+00 1.4D-09 0.0D+00       22      129       22      220  S
     11      1   2.3853717792910320D-01 7.5D-09 0.0D+00 1.9D-09 0.0D+00       21      128       21      210  S
     11      1   2.3853717789279150D-01 7.5D-09 0.0D+00 1.2D-07 0.0D+00       23      168       23      230  S
     11      1   2.3853717792708429D-01 7.5D-09 0.0D+00 1.3D-09 0.0D+00       23      130       23      230  S
     11      1   2.3853717792594811D-01 7.5D-09 0.0D+00 5.7D-09 0.0D+00       21      127       21      210  S
     11      1   2.3853717792901616D-01 7.5D-09 0.0D+00 6.2D-09 0.0D+00       23      140       23      230  S
     11      1   2.5513811054185442D-01 7.6D-09 0.0D+00 4.6D-11 0.0D+00       22      142       22      220  S
     11      1   2.3853717792513929D-01 7.5D-09 0.0D+00 4.2D-08 0.0D+00       23      144       23      230  S
     11      1   2.3853717792859674D-01 7.5D-09 0.0D+00 1.4D-09 0.0D+00       22      134       22      220  S
     11      1   2.3853717792813955D-01 7.5D-09 0.0D+00 6.8D-08 0.0D+00       24      146       24      240  S
     11      1   2.3853717792677262D-01 7.5D-09 0.0D+00 2.5D-09 0.0D+00       23      150       23      230  S
     11      1   2.3853717792630777D-01 7.5D-09 0.0D+00 4.0D-09 0.0D+00       22      140       22      220  S
     11      1   2.3853717792621415D-01 7.5D-09 0.0D+00 2.1D-09 0.0D+00       22      132       22      220  S
     11      1   2.3853717792301876D-01 7.5D-09 0.0D+00 8.5D-08 0.0D+00       22      142       22      220  S
     11      1   2.3853717792296894D-01 7.5D-09 0.0D+00 9.3D-08 0.0D+00       24      139       24      240  S
     11      1   2.3853717792994314D-01 7.5D-09 0.0D+00 4.1D-08 0.0D+00       23      149       23      230  S
     11      1   2.3853717792383838D-01 7.5D-09 0.0D+00 4.2D-08 0.0D+00       22      144       22      220  S
     11      1   2.3853717792492893D-01 7.5D-09 0.0D+00 6.7D-08 0.0D+00       23      163       23      230  S
     11      1   2.3853717792537626D-01 7.5D-09 0.0D+00 2.4D-08 0.0D+00       24      152       24      240  S
     11      1   2.3853717792688500D-01 7.5D-09 0.0D+00 5.6D-09 0.0D+00       21      139       21      210  S
     11      1   2.6444366506503003D-01 6.9D-09 0.0D+00 3.1D-07 0.0D+00       22      156       22      220  S
     11      1   2.3853717792434515D-01 7.5D-09 0.0D+00 7.8D-09 0.0D+00       22      131       22      220  S
     11      1   2.3853717792849294D-01 7.5D-09 0.0D+00 7.4D-10 0.0D+00       22      132       22      220  S
     11      1   2.3853717792602439D-01 7.5D-09 0.0D+00 1.8D-09 0.0D+00       22      128       22      220  S
     11      1   2.3853717792532525D-01 7.5D-09 0.0D+00 3.0D-09 0.0D+00       22      153       22      220  S
     11      1   2.3853717792386842D-01 7.5D-09 0.0D+00 6.4D-08 0.0D+00       24      129       24      240  S
     11      1   2.3853717792600557D-01 7.5D-09 0.0D+00 5.2D-11 0.0D+00       21      116       21      210  S
     11      1   2.3853717792575369D-01 7.5D-09 0.0D+00 8.9D-08 0.0D+00       23      158       24      232  S
     11      1   2.3853717793112295D-01 7.5D-09 0.0D+00 1.1D-09 0.0D+00       22      145       22      220  S
     11      1   2.3853717792373796D-01 7.5D-09 0.0D+00 8.8D-08 0.0D+00       22      151       23      221  S
     11      1   2.3853717792408918D-01 7.5D-09 0.0D+00 4.4D-08 0.0D+00       23      155       24      232  S
     11      1   2.3853717793127974D-01 7.5D-09 0.0D+00 2.4D-09 0.0D+00       21      139       21      210  S
     11      1   2.3853717792349360D-01 7.5D-09 0.0D+00 9.1D-08 0.0D+00       24      146       24      240  S
     11      1   2.3853717793130175D-01 7.5D-09 0.0D+00 1.7D-09 0.0D+00       22      155       22      220  S
     11      1   2.3812665960972013D-01 5.7D-07 0.0D+00 9.0D-03 0.0D+00       24      112       25      250  S
     11      1   2.3853717792834594D-01 7.5D-09 0.0D+00 4.4D-08 0.0D+00       23      171       24      231  S
     11      1   2.3853717792447238D-01 7.5D-09 0.0D+00 4.4D-08 0.0D+00       24      137       25      242  S
     11      1   2.3853717792639553D-01 7.5D-09 0.0D+00 1.1D-09 0.0D+00       22      128       22      220  S
     11      1   2.3853717792655904D-01 7.5D-09 0.0D+00 2.8D-10 0.0D+00       22      140       22      220  S
     11      1   2.3853717792679030D-01 7.5D-09 0.0D+00 2.1D-09 0.0D+00       23      137       23      230  S
     11      1   2.3853717792872822D-01 7.5D-09 0.0D+00 6.7D-08 0.0D+00       23      134       24      231  S
     11      1   2.5565475417076344D-01 7.5D-09 0.0D+00 7.9D-09 0.0D+00       20      136       20      200  S
     11      1   2.3853717792671777D-01 7.5D-09 0.0D+00 2.3D-10 0.0D+00       21      118       21      210  S
     11      1   2.3853717792657433D-01 7.5D-09 0.0D+00 1.6D-09 0.0D+00       22      124       22      220  S
     11      1   2.3853717792611073D-01 7.5D-09 0.0D+00 1.7D-09 0.0D+00       22      148       22      220  S
     11      1   2.3853717792587500D-01 7.5D-09 0.0D+00 1.7D-09 0.0D+00       21      134       21      210  S
     11      1   2.3853717792656889D-01 7.5D-09 0.0D+00 4.4D-09 0.0D+00       21      133       21      210  S
     11      1   2.3853717792366780D-01 7.5D-09 0.0D+00 6.2D-08 0.0D+00       24      141       24      240  S
     11      1   2.3853717792578211D-01 7.5D-09 0.0D+00 4.6D-08 0.0D+00       24      152       24      240  S
     11      1   2.5629626043017678D-01 7.3D-09 0.0D+00 2.3D-07 0.0D+00       24      172       24      240  S
     11      1   2.3853717793100981D-01 7.5D-09 0.0D+00 1.8D-09 0.0D+00       22      138       22      220  S
     11      1   2.3853717792481505D-01 7.5D-09 0.0D+00 4.6D-08 0.0D+00       24      133       24      240  S
     11      1   2.3853717792421947D-01 7.5D-09 0.0D+00 4.1D-08 0.0D+00       23      153       24      232  S
     11      1   2.3853717792627879D-01 7.5D-09 0.0D+00 3.8D-10 0.0D+00       22      140       22      220  S
     11      1   2.3853717793178070D-01 7.5D-09 0.0D+00 1.9D-09 0.0D+00       22      142       22      220  S
     11      1   2.3853717792374596D-01 7.5D-09 0.0D+00 6.9D-08 0.0D+00       23      165       24      231  S
     11      1   2.3853717792811774D-01 7.5D-09 0.0D+00 4.5D-08 0.0D+00       24      155       24      240  S
     11      1   2.3853717793219636D-01 7.5D-09 0.0D+00 7.6D-10 0.0D+00       23      144       23      230  S
     11      1   2.3853717792667237D-01 7.5D-09 0.0D+00 1.9D-09 0.0D+00       22      144       22      220  S
     11      1   2.3853717792090751D-01 7.5D-09 0.0D+00 9.2D-08 0.0D+00       23      139       23      230  S
     11      1   2.3853717792899318D-01 7.5D-09 0.0D+00 4.6D-08 0.0D+00       23      144       24      231  S
     11      1   2.3853717792466900D-01 7.5D-09 0.0D+00 4.0D-08 0.0D+00       24      130       24      240  S
     11      1   2.3853717792492660D-01 7.5D-09 0.0D+00 2.6D-09 0.0D+00       22      146       22      220  S
     11      1   2.3853717792936724D-01 7.5D-09 0.0D+00 4.1D-08 0.0D+00       22      165       23      222  S
     11      1   2.3853717793027851D-01 7.5D-09 0.0D+00 4.2D-08 0.0D+00       24      164       25      242  S
     11      1   2.3853717792509380D-01 7.5D-09 0.0D+00 6.5D-10 0.0D+00       22      118       22      220  S
     11      1   2.3853717792961723D-01 7.5D-09 0.0D+00 1.9D-10 0.0D+00       23      141       23      230  S
     11      1   2.3853717793166809D-01 7.5D-09 0.0D+00 2.6D-09 0.0D+00       21      156       21      210  S
     11      1   2.3853717792662524D-01 7.5D-09 0.0D+00 5.5D-10 0.0D+00       22      142       22      220  S
     11      1   2.3853717792873141D-01 7.5D-09 0.0D+00 3.2D-09 0.0D+00       22      137       22      220  S
     11      1   2.5513802688467191D-01 7.6D-09 0.0D+00 8.2D-09 0.0D+00       21      168       21      210  S
     11      1   2.3853717792593576D-01 7.5D-09 0.0D+00 1.6D-09 0.0D+00       22      123       22      220  S
     11      1   2.3853717792687557D-01 7.5D-09 0.0D+00 7.1D-09 0.0D+00       23      149       23      230  S
     11      1   2.3853717793191290D-01 7.5D-09 0.0D+00 4.5D-09 0.0D+00       23      163       23      230  S
     11      1   2.3853717792586740D-01 7.5D-09 0.0D+00 5.9D-10 0.0D+00       21      117       21      210  S
     11      1   2.3853717792653195D-01 7.5D-09 0.0D+00 1.5D-10 0.0D+00       22      139       22      220  S
     11      1   2.5629626043330828D-01 7.3D-09 0.0D+00 1.4D-09 0.0D+00       22      172       22      220  S
     11      1   2.3853717792917623D-01 7.5D-09 0.0D+00 2.5D-09 0.0D+00       21      127       21      210  S
     11      1   2.3853717792558726D-01 7.5D-09 0.0D+00 4.4D-09 0.0D+00       21      139       21      210  S
     11      1   2.3853717792865384D-01 7.5D-09 0.0D+00 1.5D-09 0.0D+00       22      148       22      220  S
     11      1   2.3853717792504811D-01 7.5D-09 0.0D+00 2.0D-08 0.0D+00       22      148       23      221  S
     11      1   2.3853717792672724D-01 7.5D-09 0.0D+00 2.9D-09 0.0D+00       22      151       22      220  S
     11      1   2.3853717792342263D-01 7.5D-09 0.0D+00 7.1D-08 0.0D+00       24      151       24      240  S
     11      1   2.3853717793093787D-01 7.5D-09 0.0D+00 3.6D-09 0.0D+00       21      146       21      210  S
     11      1   2.3853717792645157D-01 7.5D-09 0.0D+00 9.7D-11 0.0D+00       23      142       23      230  S
     11      1   2.3853717793200058D-01 7.5D-09 0.0D+00 2.1D-09 0.0D+00       21      157       21      210  S
     11      1   2.3853717792524970D-01 7.5D-09 0.0D+00 4.5D-08 0.0D+00       23      146       23      230  S
     11      1   2.3853717792687754D-01 7.5D-09 0.0D+00 3.7D-09 0.0D+00       23      136       23      230  S
     11      1   2.3853717793145243D-01 7.5D-09 0.0D+00 9.8D-10 0.0D+00       21      138       21      210  S
     11      1   2.3853717792626339D-01 7.5D-09 0.0D+00 5.7D-08 0.0D+00       23      151       24      231  S
     11      1   2.3853717792411805D-01 7.5D-09 0.0D+00 6.3D-08 0.0D+00       23      143       24      232  S
     11      1   2.6444366506799638D-01 6.9D-09 0.0D+00 1.3D-07 0.0D+00       24      180       24      240  S
     11      1   2.3853717792609699D-01 7.5D-09 0.0D+00 1.2D-09 0.0D+00       22      147       22      220  S
     11      1   2.3853717792671170D-01 7.5D-09 0.0D+00 4.1D-08 0.0D+00       23      149       23      230  S
     11      1   2.6403265797874176D-01 6.3D-09 0.0D+00 1.6D-08 0.0D+00       24      204       24      240  S
     11      1   2.3853717792484930D-01 7.5D-09 0.0D+00 2.2D-08 0.0D+00       22      144       22      220  S
     11      1   2.3853717792653942D-01 7.5D-09 0.0D+00 1.6D-09 0.0D+00       22      148       22      220  S
     11      1   2.3853717792696008D-01 7.5D-09 0.0D+00 3.6D-09 0.0D+00       22      146       22      220  S
     11      1   2.3853717792273257D-01 7.5D-09 0.0D+00 8.8D-08 0.0D+00       24      136       24      240  S
     11      1   2.3853717792858356D-01 7.5D-09 0.0D+00 8.0D-10 0.0D+00       22      134       22      220  S
     11      1   2.3853717792637752D-01 7.5D-09 0.0D+00 2.4D-09 0.0D+00       23      123       23      230  S
     11      1   2.3853717792221482D-01 7.5D-09 0.0D+00 8.9D-08 0.0D+00       23      144       23      230  S
     11      1   2.3853717792639514D-01 7.5D-09 0.0D+00 1.8D-09 0.0D+00       23      124       23      230  S
     11      1   2.3853717793049725D-01 7.5D-09 0.0D+00 1.3D-09 0.0D+00       23      146       23      230  S
     11      1   2.3853717792527282D-01 7.5D-09 0.0D+00 3.1D-09 0.0D+00       22      135       22      220  S
     11      1   2.5525536869716120D-01 7.6D-09 0.0D+00 3.2D-09 0.0D+00       22      144       22      220  S
     11      1   2.3853717792334647D-01 7.5D-09 0.0D+00 8.8D-08 0.0D+00       23      139       23      230  S
     11      1   2.3853717792290746D-01 7.5D-09 0.0D+00 8.2D-08 0.0D+00       24      129       25      242  S
     11      1   2.3853717792627727D-01 7.5D-09 0.0D+00 1.5D-10 0.0D+00       23      137       23      230  S
     11      1   2.3853717792752877D-01 7.5D-09 0.0D+00 7.6D-10 0.0D+00       23      125       23      230  S
     11      1   2.3853717792377790D-01 7.5D-09 0.0D+00 8.7D-08 0.0D+00       24      171       25      241  S
     11      1   2.3853717792617574D-01 7.5D-09 0.0D+00 1.4D-08 0.0D+00       23      165       23      230  S
     11      1   2.3853717792760185D-01 7.5D-09 0.0D+00 1.6D-09 0.0D+00       23      154       23      230  S
     11      1   2.3853717792564111D-01 7.5D-09 0.0D+00 4.3D-10 0.0D+00       21      129       21      210  S
     11      1   2.3853717792511897D-01 7.5D-09 0.0D+00 5.0D-09 0.0D+00       22      140       22      220  S
     11      1   2.3853717792482204D-01 7.5D-09 0.0D+00 4.8D-08 0.0D+00       24      128       24      240  S
     11      1   2.3853717792466483D-01 7.5D-09 0.0D+00 6.8D-08 0.0D+00       24      169       24      240  S
     11      1   2.3853717792069387D-01 7.5D-09 0.0D+00 8.9D-08 0.0D+00       23      137       23      230  S
     11      1   2.3853717792952350D-01 7.5D-09 0.0D+00 6.6D-08 0.0D+00       24      172       25      241  S
     11      1   2.3853717792645457D-01 7.5D-09 0.0D+00 2.1D-09 0.0D+00       22      145       22      220  S
     11      1   2.3853717792383411D-01 7.5D-09 0.0D+00 4.5D-08 0.0D+00       23      130       23      230  S
     11      1   2.3853717793119750D-01 7.5D-09 0.0D+00 1.1D-09 0.0D+00       23      144       23      230  S
     11      1   2.3853717793161749D-01 7.5D-09 0.0D+00 1.2D-09 0.0D+00       22      151       22      220  S
     11      1   2.3853717793176291D-01 7.5D-09 0.0D+00 8.7D-10 0.0D+00       23      135       23      230  S
     11      1   2.3853717792712656D-01 7.5D-09 0.0D+00 5.6D-09 0.0D+00       23      158       23      230  S
     11      1   2.3853717793024842D-01 7.5D-09 0.0D+00 1.1D-09 0.0D+00       22      143       22      220  S
     11      1   2.3853717793168475D-01 7.5D-09 0.0D+00 1.0D-09 0.0D+00       23      131       23      230  S
     11      1   2.3853717792441953D-01 7.5D-09 0.0D+00 2.0D-10 0.0D+00       22      126       22      220  S
     11      1   2.3853717792440493D-01 7.5D-09 0.0D+00 4.8D-08 0.0D+00       24      140       24      240  S
     11      1   2.3853717792263482D-01 7.5D-09 0.0D+00 5.3D-08 0.0D+00       23      156       24      231  S
     11      1   2.3853717792404566D-01 7.5D-09 0.0D+00 7.9D-08 0.0D+00       24      156       25      242  S
     11      1   2.3853717792693202D-01 7.5D-09 0.0D+00 2.1D-09 0.0D+00       22      145       22      220  S
     11      1   2.3853717792377971D-01 7.5D-09 0.0D+00 6.7D-08 0.0D+00       24      142       24      240  S
     11      1   2.3853717793238555D-01 7.5D-09 0.0D+00 1.3D-09 0.0D+00       23      146       23      230  S
     11      1   2.3853717791522261D-01 7.5D-09 0.0D+00 6.3D-09 0.0D+00       23      159       23      230  S
     11      1   2.3853717792720999D-01 7.5D-09 0.0D+00 2.0D-09 0.0D+00       22      123       22      220  S
     11      1   2.3853717792457430D-01 7.5D-09 0.0D+00 5.1D-08 0.0D+00       23      147       23      230  S
     11      1   2.3853717792631449D-01 7.5D-09 0.0D+00 1.1D-09 0.0D+00       22      123       22      220  S
     11      1   2.3853717792486093D-01 7.5D-09 0.0D+00 3.9D-08 0.0D+00       23      143       23      230  S
     11      1   2.3853717792929971D-01 7.5D-09 0.0D+00 4.1D-10 0.0D+00       23      165       23      230  S
     11      1   2.3853717792665671D-01 7.5D-09 0.0D+00 5.6D-09 0.0D+00       23      127       23      230  S
     11      1   2.3853717792991802D-01 7.5D-09 0.0D+00 2.0D-09 0.0D+00       23      125       23      230  S
     11      1   2.3853717792341642D-01 7.5D-09 0.0D+00 6.6D-08 0.0D+00       24      149       24      240  S
     11      1   2.3853717792297696D-01 7.5D-09 0.0D+00 8.2D-08 0.0D+00       22      140       22      220  S
     11      1   2.3853717792968934D-01 7.5D-09 0.0D+00 1.7D-09 0.0D+00       22      141       22      220  S
     11      1   2.3853717792902349D-01 7.5D-09 0.0D+00 4.4D-09 0.0D+00       22      127       22      220  S
     11      1   2.5513811054231539D-01 7.6D-09 0.0D+00 2.3D-09 0.0D+00       22      154       22      220  S
     11      1   2.3853717792625206D-01 7.5D-09 0.0D+00 2.9D-09 0.0D+00       22      155       22      220  S
     11      1   2.3853717792525306D-01 7.5D-09 0.0D+00 3.7D-08 0.0D+00       23      139       23      230  S
     11      1   2.3853717792719387D-01 7.5D-09 0.0D+00 2.2D-09 0.0D+00       23      145       23      230  S
     11      1   2.3853717792589066D-01 7.5D-09 0.0D+00 3.0D-09 0.0D+00       22      155       22      220  S
     11      1   2.3853717793064860D-01 7.5D-09 0.0D+00 4.2D-08 0.0D+00       24      145       24      240  S
     11      1   2.3853717793023022D-01 7.5D-09 0.0D+00 3.2D-09 0.0D+00       21      133       21      210  S
     11      1   2.3853717792418935D-01 7.5D-09 0.0D+00 4.4D-08 0.0D+00       23      128       23      230  S
     11      1   2.3853717792370155D-01 7.5D-09 0.0D+00 9.4D-08 0.0D+00       23      163       24      231  S
     11      1   2.3853717792478721D-01 7.5D-09 0.0D+00 3.8D-08 0.0D+00       23      142       23      230  S
     11      1   2.3853717793159351D-01 7.5D-09 0.0D+00 1.2D-09 0.0D+00       23      141       23      230  S
     11      1   2.3853717792736784D-01 7.5D-09 0.0D+00 6.1D-10 0.0D+00       23      151       23      230  S
     11      1   2.6444366506654737D-01 6.9D-09 0.0D+00 2.4D-07 0.0D+00       24      167       24      240  S
     11      1   2.3853717792258250D-01 7.5D-09 0.0D+00 6.4D-08 0.0D+00       23      156       24      231  S
     11      1   2.3853717792700763D-01 7.5D-09 0.0D+00 1.3D-09 0.0D+00       23      140       23      230  S
     11      1   2.3853717793002227D-01 7.5D-09 0.0D+00 1.3D-09 0.0D+00       22      131       22      220  S
     11      1   2.3853717793089363D-01 7.5D-09 0.0D+00 1.6D-09 0.0D+00       22      172       22      220  S
     11      1   2.3853717792268272D-01 7.5D-09 0.0D+00 8.5D-08 0.0D+00       23      140       23      230  S
     11      1   2.3853717792620144D-01 7.5D-09 0.0D+00 4.3D-09 0.0D+00       22      117       22      220  S
     11      1   2.3853717792723475D-01 7.5D-09 0.0D+00 2.1D-09 0.0D+00       23      149       23      230  S
     11      1   2.3853717792256479D-01 7.5D-09 0.0D+00 8.9D-08 0.0D+00       23      157       23      230  S
     11      1   2.3853717793103218D-01 7.5D-09 0.0D+00 4.7D-09 0.0D+00       23      146       23      230  S
     11      1   2.3853717792643436D-01 7.5D-09 0.0D+00 8.5D-10 0.0D+00       23      128       23      230  S
     11      1   2.3853717793165055D-01 7.5D-09 0.0D+00 6.2D-10 0.0D+00       23      140       23      230  S
     11      1   2.5592225618544623D-01 7.3D-09 0.0D+00 3.5D-07 0.0D+00       24      195       24      240  S
     11      1   2.3853717792708895D-01 7.5D-09 0.0D+00 1.5D-09 0.0D+00       22      146       22      220  S
     11      1   2.3853717792620899D-01 7.5D-09 0.0D+00 9.2D-09 0.0D+00       21      147       21      210  S
     11      1   2.3853717792839280D-01 7.5D-09 0.0D+00 7.4D-09 0.0D+00       22      136       22      220  S
     11      1   2.3853717792511958D-01 7.5D-09 0.0D+00 1.3D-09 0.0D+00       22      131       22      220  S
     11      1   2.3853717792612963D-01 7.5D-09 0.0D+00 1.8D-09 0.0D+00       22      122       22      220  S
     11      1   2.3853717792503482D-01 7.5D-09 0.0D+00 1.2D-09 0.0D+00       22      144       22      220  S
     11      1   2.3853717792690970D-01 7.5D-09 0.0D+00 7.1D-09 0.0D+00       23      134       23      230  S
     11      1   2.3853717793170820D-01 7.5D-09 0.0D+00 6.1D-09 0.0D+00       23      134       23      230  S
     11      1   2.5590854204828128D-01 7.3D-09 0.0D+00 8.0D-09 0.0D+00       22      141       22      220  S
     11      1   2.3853717792883775D-01 7.5D-09 0.0D+00 3.7D-09 0.0D+00       23      142       23      230  S
     11      1   2.5575115184090758D-01 7.3D-09 0.0D+00 3.0D-09 0.0D+00       21      149       21      210  S
     11      1   2.3853717792276341D-01 7.5D-09 0.0D+00 9.0D-08 0.0D+00       22      148       22      220  S
     11      1   2.3853717792733900D-01 7.5D-09 0.0D+00 9.1D-08 0.0D+00       24      171       25      242  S
     11      1   2.3853717793204193D-01 7.5D-09 0.0D+00 3.3D-09 0.0D+00       22      140       22      220  S
     11      1   2.5513811054181412D-01 7.6D-09 0.0D+00 9.3D-10 0.0D+00       22      143       22      220  S
     11      1   2.3853717793032961D-01 7.5D-09 0.0D+00 7.1D-11 0.0D+00       22      148       22      220  S
     11      1   2.3853717792580481D-01 7.5D-09 0.0D+00 2.4D-09 0.0D+00       21      129       21      210  S
     11      1   2.3853717793079690D-01 7.5D-09 0.0D+00 2.1D-09 0.0D+00       23      145       23      230  S
     11      1   2.3853717792666512D-01 7.5D-09 0.0D+00 4.2D-10 0.0D+00       23      135       23      230  S
     11      1   2.3853717792660215D-01 7.5D-09 0.0D+00 1.1D-09 0.0D+00       22      120       22      220  S
     11      1   2.3853717792531048D-01 7.5D-09 0.0D+00 7.9D-08 0.0D+00       24      155       24      240  S
     11      1   2.3853717793057042D-01 7.5D-09 0.0D+00 3.2D-10 0.0D+00       22      126       22      220  S
     11      1   2.3853717793160259D-01 7.5D-09 0.0D+00 9.8D-09 0.0D+00       22      149       22      220  S
     11      1   2.3853717792747570D-01 7.5D-09 0.0D+00 1.9D-09 0.0D+00       22      149       22      220  S
     11      1   2.3853717792634699D-01 7.5D-09 0.0D+00 1.5D-08 0.0D+00       23      153       23      230  S
     11      1   2.3853717792660314D-01 7.5D-09 0.0D+00 1.9D-09 0.0D+00       23      125       23      230  S
     11      1   2.3853717792197948D-01 7.5D-09 0.0D+00 8.3D-08 0.0D+00       23      133       24      231  S
     11      1   2.3853717792673068D-01 7.5D-09 0.0D+00 9.3D-10 0.0D+00       22      136       22      220  S
     11      1   2.3853717792934756D-01 7.5D-09 0.0D+00 1.4D-09 0.0D+00       22      144       22      220  S
     11      1   2.3853717792689927D-01 7.5D-09 0.0D+00 3.1D-09 0.0D+00       22      168       22      220  S
     11      1   2.5629626043261994D-01 7.3D-09 0.0D+00 2.8D-09 0.0D+00       20      131       20      200  S
     11      1   2.3853717792243090D-01 7.5D-09 0.0D+00 8.4D-08 0.0D+00       23      130       23      230  S
     11      1   2.3853717792632803D-01 7.5D-09 0.0D+00 1.8D-09 0.0D+00       22      120       22      220  S
     11      1   2.3853717792597445D-01 7.5D-09 0.0D+00 2.1D-09 0.0D+00       22      126       22      220  S
     11      1   2.3853717792585524D-01 7.5D-09 0.0D+00 7.2D-09 0.0D+00       21      128       21      210  S
     11      1   2.3853717792601697D-01 7.5D-09 0.0D+00 1.7D-09 0.0D+00       22      140       22      220  S
     11      1   2.3853717792917145D-01 7.5D-09 0.0D+00 6.4D-08 0.0D+00       24      154       25      242  S
     11      1   2.3853717793161028D-01 7.5D-09 0.0D+00 5.2D-09 0.0D+00       22      138       22      220  S
     11      1   2.3853717793125853D-01 7.5D-09 0.0D+00 3.6D-09 0.0D+00       22      131       22      220  S
     11      1   2.3853717792924423D-01 7.5D-09 0.0D+00 4.2D-08 0.0D+00       24      149       24      240  S
     11      1   2.3853717792617557D-01 7.5D-09 0.0D+00 1.5D-09 0.0D+00       22      135       22      220  S
     11      1   2.3853717792582294D-01 7.5D-09 0.0D+00 4.1D-09 0.0D+00       22      122       22      220  S
     11      1   2.3853717792471202D-01 7.5D-09 0.0D+00 3.7D-08 0.0D+00       23      142       23      230  S
     11      1   2.3853717792670232D-01 7.5D-09 0.0D+00 8.1D-10 0.0D+00       22      148       22      220  S
     11      1   2.3853717792591636D-01 7.5D-09 0.0D+00 1.9D-09 0.0D+00       22      160       22      220  S
     11      1   2.3853717792275292D-01 7.5D-09 0.0D+00 7.6D-08 0.0D+00       23      152       24      232  S
     11      1   2.3853717792700369D-01 7.5D-09 0.0D+00 1.2D-09 0.0D+00       22      135       22      220  S
     11      1   2.3853717792581355D-01 7.5D-09 0.0D+00 5.4D-10 0.0D+00       22      128       22      220  S
     11      1   2.5525536868692345D-01 7.6D-09 0.0D+00 6.5D-07 0.0D+00       23      156       23      230  S
     11      1   2.3853717792584936D-01 7.5D-09 0.0D+00 6.5D-11 0.0D+00       22      150       22      220  S
     11      1   2.3853717792536427D-01 7.5D-09 0.0D+00 1.5D-09 0.0D+00       22      143       22      220  S
     11      1   2.3853717792484483D-01 7.5D-09 0.0D+00 3.7D-08 0.0D+00       24      138       25      241  S
     11      1   2.3853717792726045D-01 7.5D-09 0.0D+00 3.0D-09 0.0D+00       22      139       22      220  S
     11      1   2.3853717792209567D-01 7.5D-09 0.0D+00 9.1D-08 0.0D+00       23      132       23      230  S
     11      1   2.3853717792643778D-01 7.5D-09 0.0D+00 6.0D-09 0.0D+00       22      172       22      220  S
     11      1   2.3853717793027604D-01 7.5D-09 0.0D+00 9.0D-10 0.0D+00       22      144       22      220  S
     11      1   2.3853717792675500D-01 7.5D-09 0.0D+00 1.2D-09 0.0D+00       22      123       22      220  S
     11      1   2.3853717792723067D-01 7.5D-09 0.0D+00 3.3D-09 0.0D+00       23      147       23      230  S
     11      1   2.3853717792674634D-01 7.5D-09 0.0D+00 5.1D-09 0.0D+00       22      145       22      220  S
     11      1   2.3853717792638179D-01 7.5D-09 0.0D+00 1.4D-12 0.0D+00       21      126       21      210  S
     11      1   2.3853717792639242D-01 7.5D-09 0.0D+00 1.3D-09 0.0D+00       21      121       21      210  S
     11      1   2.3853717792530998D-01 7.5D-09 0.0D+00 9.2D-08 0.0D+00       23      173       23      230  S
     11      1   2.3853717792239659D-01 7.5D-09 0.0D+00 8.8D-08 0.0D+00       23      146       23      230  S
     11      1   2.3853717793046753D-01 7.5D-09 0.0D+00 6.2D-10 0.0D+00       22      147       22      220  S
     11      1   2.3853717792290979D-01 7.5D-09 0.0D+00 6.5D-08 0.0D+00       22      121       22      220  S
     11      1   2.3853717792335824D-01 7.5D-09 0.0D+00 9.4D-08 0.0D+00       23      157       24      231  S
     11      1   2.3853717792507159D-01 7.5D-09 0.0D+00 4.3D-08 0.0D+00       24      134       24      240  S
     11      1   2.3853717792655396D-01 7.5D-09 0.0D+00 4.1D-09 0.0D+00       23      133       23      230  S
     11      1   2.3853717792608051D-01 7.5D-09 0.0D+00 1.3D-09 0.0D+00       22      143       22      220  S
     11      1   2.3853717792609261D-01 7.5D-09 0.0D+00 1.5D-09 0.0D+00       21      129       21      210  S
     11      1   2.3853717792726406D-01 7.5D-09 0.0D+00 1.9D-09 0.0D+00       23      149       23      230  S
     11      1   2.3853717792681126D-01 7.5D-09 0.0D+00 1.4D-09 0.0D+00       22      131       22      220  S
     11      1   2.3853717792884671D-01 7.5D-09 0.0D+00 4.6D-10 0.0D+00       22      135       22      220  S
     11      1   2.3853717792337048D-01 7.5D-09 0.0D+00 9.5D-08 0.0D+00       24      163       25      242  S
     11      1   2.3853717792337889D-01 7.5D-09 0.0D+00 6.8D-08 0.0D+00       24      150       24      240  S
     11      1   2.3853717792577445D-01 7.5D-09 0.0D+00 9.0D-08 0.0D+00       23      138       23      230  S
     11      1   2.3853717792677362D-01 7.5D-09 0.0D+00 2.5D-09 0.0D+00       23      126       23      230  S
     11      1   2.6444113591039842D-01 6.3D-09 0.0D+00 4.4D-09 0.0D+00       20      167       20      200  S
     11      1   2.3853717792419832D-01 7.5D-09 0.0D+00 4.2D-08 0.0D+00       23      142       23      230  S
     11      1   2.3853717792905316D-01 7.5D-09 0.0D+00 2.1D-08 0.0D+00       23      143       23      230  S
     11      1   2.3853717792816903D-01 7.5D-09 0.0D+00 8.5D-08 0.0D+00       24      141       24      240  S
     11      1   2.3853717792646204D-01 7.5D-09 0.0D+00 4.3D-08 0.0D+00       22      159       22      220  S
     11      1   2.3853717792776288D-01 7.5D-09 0.0D+00 1.8D-09 0.0D+00       23      141       23      230  S
     11      1   2.3853717793015755D-01 7.5D-09 0.0D+00 4.4D-08 0.0D+00       24      156       24      240  S
     11      1   2.3853717792597179D-01 7.5D-09 0.0D+00 6.1D-11 0.0D+00       22      124       22      220  S
     11      1   2.3853717792280579D-01 7.5D-09 0.0D+00 8.9D-08 0.0D+00       23      145       23      230  S
     11      1   2.3853717792605741D-01 7.5D-09 0.0D+00 3.0D-09 0.0D+00       22      118       22      220  S
     11      1   2.3853717792455431D-01 7.5D-09 0.0D+00 5.9D-08 0.0D+00       24      159       24      240  S
     11      1   2.3853717792580451D-01 7.5D-09 0.0D+00 6.1D-10 0.0D+00       22      137       22      220  S
     11      1   2.6444366506991251D-01 6.9D-09 0.0D+00 5.3D-09 0.0D+00       22      154       22      220  S
     11      1   2.3853717792469983D-01 7.5D-09 0.0D+00 7.8D-08 0.0D+00       24      157       24      240  S
     11      1   2.3812666021312343D-01 5.7D-07 0.0D+00 9.0D-03 0.0D+00       24      112       25      250  S
     11      1   2.3853717792202844D-01 7.5D-09 0.0D+00 8.2D-08 0.0D+00       22      125       22      220  S
     11      1   2.5592225619298337D-01 7.3D-09 0.0D+00 9.5D-09 0.0D+00       22      158       22      220  S
     11      1   2.3853717793054935D-01 7.5D-09 0.0D+00 4.3D-08 0.0D+00       24      195       24      240  S
     11      1   2.3853717792499687D-01 7.5D-09 0.0D+00 3.2D-08 0.0D+00       24      170       24      240  S
     11      1   2.3853717792587023D-01 7.5D-09 0.0D+00 8.6D-11 0.0D+00       21      114       21      210  S
     11      1   2.3853717792661827D-01 7.5D-09 0.0D+00 2.7D-09 0.0D+00       22      150       22      220  S
     11      1   2.3853717793007509D-01 7.5D-09 0.0D+00 3.6D-09 0.0D+00       22      120       22      220  S
     11      1   2.3853717792605689D-01 7.5D-09 0.0D+00 6.3D-10 0.0D+00       22      117       22      220  S
     11      1   2.3853717792777851D-01 7.5D-09 0.0D+00 1.3D-09 0.0D+00       23      147       23      230  S
     11      1   2.3853717792875892D-01 7.5D-09 0.0D+00 3.0D-09 0.0D+00       23      170       23      230  S
     11      1   2.3853717792636342D-01 7.5D-09 0.0D+00 4.3D-08 0.0D+00       22      150       22      220  S
     11      1   2.3853717792719503D-01 7.5D-09 0.0D+00 2.3D-09 0.0D+00       22      138       22      220  S
     11      1   2.3853717792300219D-01 7.5D-09 0.0D+00 8.5D-08 0.0D+00       22      133       22      220  S
     11      1   2.5565475417016387D-01 7.5D-09 0.0D+00 6.2D-11 0.0D+00       21      127       21      205  S
     11      1   2.3853717793283891D-01 7.5D-09 0.0D+00 1.7D-09 0.0D+00       23      151       23      230  S
     11      1   2.3853717792707635D-01 7.5D-09 0.0D+00 1.2D-09 0.0D+00       22      141       22      220  S
     11      1   2.3853717792409643D-01 7.5D-09 0.0D+00 4.9D-08 0.0D+00       23      146       23      230  S
     11      1   2.3853717792664916D-01 7.5D-09 0.0D+00 1.2D-09 0.0D+00       22      138       22      220  S
     11      1   2.3853717792838106D-01 7.5D-09 0.0D+00 4.3D-09 0.0D+00       23      134       23      230  S
     11      1   2.3853717792508763D-01 7.5D-09 0.0D+00 1.2D-09 0.0D+00       22      140       22      220  S
     11      1   2.3853717792698875D-01 7.5D-09 0.0D+00 2.0D-09 0.0D+00       23      160       23      230  S
     11      1   2.3853717792249496D-01 7.5D-09 0.0D+00 9.0D-08 0.0D+00       23      142       23      230  S
     11      1   2.3853717792600349D-01 7.5D-09 0.0D+00 1.7D-08 0.0D+00       22      168       23      222  S
     11      1   2.3853717792684603D-01 7.5D-09 0.0D+00 1.4D-09 0.0D+00       23      149       23      230  S
     11      1   2.3853717792755311D-01 7.5D-09 0.0D+00 4.9D-09 0.0D+00       22      138       22      220  S
     11      1   2.3853717792619400D-01 7.5D-09 0.0D+00 5.0D-09 0.0D+00       21      120       21      210  S
     11      1   2.3853717792672349D-01 7.5D-09 0.0D+00 6.7D-09 0.0D+00       22      131       22      220  S
     11      1   2.3853717793104015D-01 7.5D-09 0.0D+00 3.1D-09 0.0D+00       21      140       21      210  S
     11      1   2.3853717792605711D-01 7.5D-09 0.0D+00 8.1D-10 0.0D+00       22      142       22      220  S
     11      1   2.3853717792470425D-01 7.5D-09 0.0D+00 5.2D-08 0.0D+00       23      144       23      230  S
     11      1   2.3853717792652057D-01 7.5D-09 0.0D+00 3.5D-11 0.0D+00       23      136       23      230  S
     11      1   2.3853717793208920D-01 7.5D-09 0.0D+00 5.6D-09 0.0D+00       22      140       22      220  S
     11      1   2.3853717792735105D-01 7.5D-09 0.0D+00 5.4D-10 0.0D+00       22      158       22      220  S
     11      1   2.3853717792631726D-01 7.5D-09 0.0D+00 7.8D-10 0.0D+00       22      123       22      220  S
     11      1   2.3853717792651483D-01 7.5D-09 0.0D+00 6.6D-09 0.0D+00       23      124       23      230  S
     11      1   2.3853717792989243D-01 7.5D-09 0.0D+00 3.0D-10 0.0D+00       22      138       22      220  S
     11      1   2.3853717792676468D-01 7.5D-09 0.0D+00 1.8D-09 0.0D+00       23      149       23      230  S
     11      1   2.3853717792751233D-01 7.5D-09 0.0D+00 6.0D-09 0.0D+00       22      146       22      220  S
     11      1   2.3853717792728685D-01 7.5D-09 0.0D+00 1.4D-09 0.0D+00       23      127       23      230  S
     11      1   2.3853717793018883D-01 7.5D-09 0.0D+00 4.3D-09 0.0D+00       23      136       23      230  S
     11      1   2.3853717792586804D-01 7.5D-09 0.0D+00 1.9D-08 0.0D+00       23      144       24      232  S
     11      1   2.3853717792447060D-01 7.5D-09 0.0D+00 3.1D-11 0.0D+00       22      142       22      220  S
     11      1   2.3853717792970214D-01 7.5D-09 0.0D+00 3.2D-08 0.0D+00       24      137       24      240  S
     11      1   2.3853717792601803D-01 7.5D-09 0.0D+00 4.5D-09 0.0D+00       22      117       22      220  S
     11      1   2.3853717792158086D-01 7.5D-09 0.0D+00 8.8D-08 0.0D+00       23      160       23      230  S
     11      1   2.3853717792858889D-01 7.5D-09 0.0D+00 3.8D-09 0.0D+00       22      139       22      220  S
     11      1   2.3853717792649939D-01 7.5D-09 0.0D+00 4.3D-09 0.0D+00       22      136       22      220  S
     11      1   2.3853717792720458D-01 7.5D-09 0.0D+00 1.4D-08 0.0D+00       23      177       24      232  S
     11      1   2.3853717792126475D-01 7.5D-09 0.0D+00 8.8D-08 0.0D+00       23      154       23      230  S
     11      1   2.3853717792524343D-01 7.5D-09 0.0D+00 3.1D-08 0.0D+00       23      150       23      230  S
     11      1   2.3853717792976026D-01 7.5D-09 0.0D+00 1.3D-09 0.0D+00       21      117       21      210  S
     11      1   2.3853717792626603D-01 7.5D-09 0.0D+00 6.3D-11 0.0D+00       22      137       22      220  S
     11      1   2.3853717792696649D-01 7.5D-09 0.0D+00 3.2D-09 0.0D+00       22      137       22      220  S
     11      1   2.3853717792472312D-01 7.5D-09 0.0D+00 6.8D-08 0.0D+00       22      133       23      221  S
     11      1   2.3853717792297260D-01 7.5D-09 0.0D+00 9.2D-08 0.0D+00       23      148       23      230  S
     11      1   2.3853717792853843D-01 7.5D-09 0.0D+00 9.1D-08 0.0D+00       22      155       23      222  S
     11      1   2.3853717792758977D-01 7.5D-09 0.0D+00 2.0D-09 0.0D+00       22      143       22      220  S
     11      1   2.3853717792572396D-01 7.5D-09 0.0D+00 2.6D-10 0.0D+00       22      117       22      220  S
     11      1   2.3853717792730145D-01 7.5D-09 0.0D+00 4.2D-08 0.0D+00       23      169       24      232  S
     11      1   2.3853717792666904D-01 7.5D-09 0.0D+00 8.7D-08 0.0D+00       23      145       24      232  S
     11      1   2.3853717792793050D-01 7.5D-09 0.0D+00 7.2D-10 0.0D+00       22      144       22      220  S
     11      1   2.3853717792693840D-01 7.5D-09 0.0D+00 3.0D-08 0.0D+00       22      157       23      221  S
     11      1   2.3853717792283341D-01 7.5D-09 0.0D+00 8.8D-08 0.0D+00       23      140       23      230  S
     11      1   2.3853717792938955D-01 7.5D-09 0.0D+00 4.4D-10 0.0D+00       21      143       21      210  S
     11      1   2.3853717792366536D-01 7.5D-09 0.0D+00 2.7D-08 0.0D+00       23      144       23      230  S
     11      1   2.6444366506612821D-01 6.9D-09 0.0D+00 3.0D-07 0.0D+00       23      177       23      230  S
     11      1   2.3853717792660167D-01 7.5D-09 0.0D+00 4.5D-08 0.0D+00       24      150       25      241  S
     11      1   2.5629626043180348D-01 7.3D-09 0.0D+00 1.7D-09 0.0D+00       21      132       21      210  S
     11      1   2.3853717792665249D-01 7.5D-09 0.0D+00 9.1D-10 0.0D+00       23      148       23      230  S
     11      1   2.3853717792696685D-01 7.5D-09 0.0D+00 2.9D-08 0.0D+00       23      139       23      230  S
     11      1   2.3853717792846940D-01 7.5D-09 0.0D+00 3.2D-10 0.0D+00       22      136       22      220  S
     11      1   2.3853717792855347D-01 7.5D-09 0.0D+00 1.6D-09 0.0D+00       22      156       22      220  S
     11      1   2.3853717792752605D-01 7.5D-09 0.0D+00 2.7D-09 0.0D+00       23      128       23      230  S
     11      1   2.3853717792721188D-01 7.5D-09 0.0D+00 9.2D-10 0.0D+00       23      145       23      230  S
     11      1   2.3853717793098900D-01 7.5D-09 0.0D+00 7.4D-10 0.0D+00       21      136       21      210  S
     11      1   2.3853717792677515D-01 7.5D-09 0.0D+00 2.0D-09 0.0D+00       21      123       21      210  S
     11      1   2.3853717792469453D-01 7.5D-09 0.0D+00 2.2D-09 0.0D+00       22      137       22      220  S
     11      1   2.5525536868691856D-01 7.6D-09 0.0D+00 5.8D-07 0.0D+00       23      196       23      230  S
     11      1   2.3853717792560042D-01 7.5D-09 0.0D+00 1.8D-09 0.0D+00       21      133       21      210  S
     11      1   2.3853717792399176D-01 7.5D-09 0.0D+00 8.4D-08 0.0D+00       24      152       24      240  S
     11      1   2.3853717793011917D-01 7.5D-09 0.0D+00 2.8D-10 0.0D+00       22      133       22      220  S
     11      1   2.3853717792607873D-01 7.5D-09 0.0D+00 2.5D-10 0.0D+00       21      132       21      210  S
     11      1   2.3853717792643409D-01 7.5D-09 0.0D+00 2.3D-10 0.0D+00       22      134       22      220  S
