     11      1   2.3853717792218992D-01 7.5D-09 0.0D+00 8.5D-08 0.0D+00       23      131       24      231  S
     11      1   2.3853717792668722D-01 7.5D-09 0.0D+00 2.4D-09 0.0D+00       21      133       21      210  S
     11      1   2.3853717792697202D-01 7.5D-09 0.0D+00 2.4D-09 0.0D+00       22      121       22      220  S
     11      1   2.3853717792202239D-01 7.5D-09 0.0D+00 5.8D-08 0.0D+00       23      158       24      231  S
     11      1   2.5513802688489595D-01 7.6D-09 0.0D+00 5.7D-09 0.0D+00       22      134       22      220  S
     11      1   2.3853717792630463D-01 7.5D-09 0.0D+00 1.9D-09 0.0D+00       21      140       21      210  S
     11      1   2.6430314276018613D-01 6.1D-09 0.0D+00 3.4D-07 0.0D+00       24      173       24      240  S
     11      1   2.3853717792831439D-01 7.5D-09 0.0D+00 1.4D-09 0.0D+00       22      140       22      220  S
     11      1   2.3853717792295198D-01 7.5D-09 0.0D+00 9.2D-08 0.0D+00       22      153       23      221  S
     11      1   2.3853717793180082D-01 7.5D-09 0.0D+00 1.2D-09 0.0D+00       22      145       22      220  S
     11      1   2.3853717792676760D-01 7.5D-09 0.0D+00 4.5D-08 0.0D+00       23      136       23      230  S
     11      1   2.3853717793095194D-01 7.5D-09 0.0D+00 1.7D-09 0.0D+00       23      126       23      230  S
     11      1   2.3853717792885126D-01 7.5D-09 0.0D+00 2.1D-08 0.0D+00       24      167       25      242  S
     11      1   2.3853717792454818D-01 7.5D-09 0.0D+00 9.5D-08 0.0D+00       23      158       23      230  S
     11      1   2.3853717792637938D-01 7.5D-09 0.0D+00 1.1D-10 0.0D+00       23      156       23      230  S
     11      1   2.3853717792606702D-01 7.5D-09 0.0D+00 3.7D-09 0.0D+00       22      126       22      220  S
     11      1   2.3853717792327961D-01 7.5D-09 0.0D+00 6.8D-08 0.0D+00       23      160       24      232  S
     11      1   2.3853717792531720D-01 7.5D-09 0.0D+00 8.6D-08 0.0D+00       24      152       24      240  S
     11      1   2.3853717792303311D-01 7.5D-09 0.0D+00 8.7D-08 0.0D+00       24      137       24      240  S
     11      1   2.3853717792105225D-01 7.5D-09 0.0D+00 9.1D-08 0.0D+00       23      131       23      230  S
     11      1   2.5565475417139233D-01 7.5D-09 0.0D+00 4.8D-09 0.0D+00       22      133       22      220  S
     11      1   2.3853717792722767D-01 7.5D-09 0.0D+00 1.4D-10 0.0D+00       22      138       22      220  S
     11      1   2.3853717792700702D-01 7.5D-09 0.0D+00 9.4D-10 0.0D+00       23      134       23      230  S
     11      1   2.3853717792629234D-01 7.5D-09 0.0D+00 6.8D-09 0.0D+00       22      131       22      220  S
     11      1   2.3853717793004120D-01 7.5D-09 0.0D+00 3.1D-10 0.0D+00       22      137       22      220  S
     11      1   2.3853717792630394D-01 7.5D-09 0.0D+00 8.2D-10 0.0D+00       22      134       22      220  S
     11      1   2.3853717792697177D-01 7.5D-09 0.0D+00 8.5D-10 0.0D+00       23      134       23      230  S
     11      1   2.3853717792867482D-01 7.5D-09 0.0D+00 6.7D-08 0.0D+00       23      137       23      230  S
     11      1   2.3853717792318280D-01 7.5D-09 0.0D+00 7.2D-08 0.0D+00       23      138       24      231  S
     11      1   2.3853717792680088D-01 7.5D-09 0.0D+00 4.6D-10 0.0D+00       22      122       22      220  S
     11      1   2.3853717793068249D-01 7.5D-09 0.0D+00 9.1D-09 0.0D+00       22      133       22      220  S
     11      1   2.3853717792422582D-01 7.5D-09 0.0D+00 6.9D-08 0.0D+00       23      156       24      231  S
     11      1   2.6430314276155126D-01 6.1D-09 0.0D+00 3.2D-08 0.0D+00       24      198       24      240  S
     11      1   2.3853717792651913D-01 7.5D-09 0.0D+00 5.9D-09 0.0D+00       23      141       23      230  S
     11      1   2.3853717793014098D-01 7.5D-09 0.0D+00 6.2D-09 0.0D+00       23      163       23      230  S
     11      1   2.3853717792187126D-01 7.5D-09 0.0D+00 9.0D-08 0.0D+00       22      137       23      222  S
     11      1   2.3853717792597356D-01 7.5D-09 0.0D+00 2.2D-09 0.0D+00       22      152       22      220  S
     11      1   2.3853717792641060D-01 7.5D-09 0.0D+00 2.3D-09 0.0D+00       22      126       22      220  S
     11      1   2.3853717792831758D-01 7.5D-09 0.0D+00 6.6D-08 0.0D+00       23      145       23      230  S
     11      1   2.3853717792663845D-01 7.5D-09 0.0D+00 2.4D-09 0.0D+00       22      165       22      220  S
     11      1   2.3853717792472567D-01 7.5D-09 0.0D+00 4.4D-08 0.0D+00       24      133       24      240  S
     11      1   2.3853717792912665D-01 7.5D-09 0.0D+00 4.4D-08 0.0D+00       24      137       24      240  S
     11      1   2.3853717792502546D-01 7.5D-09 0.0D+00 9.2D-08 0.0D+00       24      146       24      240  S
     11      1   2.3853717792357487D-01 7.5D-09 0.0D+00 6.6D-08 0.0D+00       22      129       22      220  S
     11      1   2.3853717793261153D-01 7.5D-09 0.0D+00 3.3D-09 0.0D+00       23      158       23      230  S
     11      1   2.3853717792608764D-01 7.5D-09 0.0D+00 1.3D-09 0.0D+00       22      123       22      220  S
     11      1   2.3853717792862364D-01 7.5D-09 0.0D+00 4.2D-09 0.0D+00       22      141       22      220  S
     11      1   2.3853717792590853D-01 7.5D-09 0.0D+00 1.5D-09 0.0D+00       22      164       22      220  S
     11      1   2.3853717792590093D-01 7.5D-09 0.0D+00 4.0D-09 0.0D+00       22      120       22      220  S
     11      1   2.3853717793048346D-01 7.5D-09 0.0D+00 6.8D-08 0.0D+00       24      171       24      240  S
     11      1   2.3853717792635773D-01 7.5D-09 0.0D+00 4.3D-11 0.0D+00       23      134       23      230  S
     11      1   2.3853717793156509D-01 7.5D-09 0.0D+00 1.9D-09 0.0D+00       23      145       23      230  S
     11      1   2.5513802688460163D-01 7.6D-09 0.0D+00 6.9D-09 0.0D+00       22      145       22      220  S
     11      1   2.3853717793251966D-01 7.5D-09 0.0D+00 2.6D-10 0.0D+00       23      148       23      230  S
     11      1   2.5513802687884413D-01 7.6D-09 0.0D+00 4.4D-07 0.0D+00       23      176       23      230  S
     11      1   2.3853717792898022D-01 7.5D-09 0.0D+00 7.2D-10 0.0D+00       22      128       22      220  S
     11      1   2.3853717792924739D-01 7.5D-09 0.0D+00 3.0D-10 0.0D+00       21      142       21      210  S
     11      1   2.3853717792781967D-01 7.5D-09 0.0D+00 9.0D-08 0.0D+00       23      153       23      230  S
     11      1   2.3853717792275408D-01 7.5D-09 0.0D+00 9.1D-08 0.0D+00       23      147       24      231  S
     11      1   2.3853717792673904D-01 7.5D-09 0.0D+00 2.8D-09 0.0D+00       23      144       23      230  S
     11      1   2.3853717792731538D-01 7.5D-09 0.0D+00 3.8D-09 0.0D+00       23      146       23      230  S
     11      1   2.3853717792336906D-01 7.5D-09 0.0D+00 8.2D-08 0.0D+00       23      164       23      230  S
     11      1   2.3853717792644374D-01 7.5D-09 0.0D+00 8.0D-10 0.0D+00       22      139       22      220  S
     11      1   2.3853717792386434D-01 7.5D-09 0.0D+00 4.3D-08 0.0D+00       22      128       23      222  S
     11      1   2.3853717792301402D-01 7.5D-09 0.0D+00 9.0D-08 0.0D+00       24      150       25      242  S
     11      1   2.3853717792276008D-01 7.5D-09 0.0D+00 8.9D-08 0.0D+00       24      153       24      240  S
     11      1   2.3853717792830625D-01 7.5D-09 0.0D+00 5.4D-09 0.0D+00       21      147       21      210  S
     11      1   2.3853717792683490D-01 7.5D-09 0.0D+00 9.0D-08 0.0D+00       23      158       23      230  S
     11      1   2.5565475417091099D-01 7.5D-09 0.0D+00 1.7D-08 0.0D+00       23      172       23      230  S
     11      1   2.3853717792665222D-01 7.5D-09 0.0D+00 5.2D-09 0.0D+00       22      133       22      220  S
     11      1   2.5513802688500292D-01 7.6D-09 0.0D+00 4.4D-10 0.0D+00       22      149       22      220  S
     11      1   2.5513802688589471D-01 7.6D-09 0.0D+00 1.7D-08 0.0D+00       22      180       22      220  S
     11      1   2.3853717792645712D-01 7.5D-09 0.0D+00 4.4D-09 0.0D+00       23      130       23      230  S
     11      1   2.3853717792614523D-01 7.5D-09 0.0D+00 2.1D-09 0.0D+00       22      140       22      220  S
     11      1   2.3853717792360746D-01 7.5D-09 0.0D+00 8.9D-08 0.0D+00       23      137       24      231  S
     11      1   2.3853717792878323D-01 7.5D-09 0.0D+00 7.3D-08 0.0D+00       24      153       25      241  S
     11      1   2.3853717792646109D-01 7.5D-09 0.0D+00 2.0D-09 0.0D+00       22      155       22      220  S
     11      1   2.3853717792562631D-01 7.5D-09 0.0D+00 3.9D-10 0.0D+00       21      126       21      210  S
     11      1   2.3853717792621648D-01 7.5D-09 0.0D+00 4.4D-09 0.0D+00       22      118       22      220  S
     11      1   2.3853717792509488D-01 7.5D-09 0.0D+00 9.5D-08 0.0D+00       23      162       23      230  S
     11      1   2.3853717793097445D-01 7.5D-09 0.0D+00 7.6D-10 0.0D+00       23      145       23      230  S
     11      1   2.3853717793260135D-01 7.5D-09 0.0D+00 4.0D-09 0.0D+00       23      136       23      230  S
     11      1   2.3853717792618323D-01 7.5D-09 0.0D+00 4.5D-10 0.0D+00       23      134       23      230  S
     11      1   2.3853717792926565D-01 7.5D-09 0.0D+00 6.0D-08 0.0D+00       23      158       23      230  S
     11      1   2.3853717792652160D-01 7.5D-09 0.0D+00 3.2D-09 0.0D+00       23      146       23      230  S
     11      1   2.3853717792708076D-01 7.5D-09 0.0D+00 4.2D-09 0.0D+00       23      143       23      230  S
     11      1   2.3853717792750304D-01 7.5D-09 0.0D+00 6.9D-08 0.0D+00       23      150       23      230  S
     11      1   2.3853717792594953D-01 7.5D-09 0.0D+00 2.0D-09 0.0D+00       22      135       22      220  S
     11      1   2.3853717792644258D-01 7.5D-09 0.0D+00 6.4D-10 0.0D+00       23      131       23      230  S
     11      1   2.3853717792416754D-01 7.5D-09 0.0D+00 4.3D-08 0.0D+00       23      141       24      231  S
     11      1   2.3853717792479567D-01 7.5D-09 0.0D+00 1.8D-08 0.0D+00       22      147       22      220  S
     11      1   2.3853717792508333D-01 7.5D-09 0.0D+00 8.3D-08 0.0D+00       24      143       24      240  S
     11      1   2.3853717792513088D-01 7.5D-09 0.0D+00 4.3D-08 0.0D+00       24      156       25      241  S
     11      1   2.3853717792856741D-01 7.5D-09 0.0D+00 1.3D-09 0.0D+00       23      134       23      230  S
     11      1   2.3853717792271459D-01 7.5D-09 0.0D+00 8.8D-08 0.0D+00       22      162       22      220  S
     11      1   2.3853717792302231D-01 7.5D-09 0.0D+00 8.6D-08 0.0D+00       23      154       23      230  S
     11      1   2.3853717792598536D-01 7.5D-09 0.0D+00 2.9D-10 0.0D+00       22      134       22      220  S
     11      1   2.3853717792484730D-01 7.5D-09 0.0D+00 9.2D-08 0.0D+00       23      144       23      230  S
     11      1   2.3853717792634266D-01 7.5D-09 0.0D+00 1.1D-09 0.0D+00       21      142       21      210  S
     11      1   2.3853717792734919D-01 7.5D-09 0.0D+00 9.5D-10 0.0D+00       23      135       23      230  S
