      5      1   4.4984455239470128D-01 7.2D-09 0.0D+00 5.9D-08 0.0D+00       22      120       22      220  S
      5      1   4.4984455239709070D-01 7.2D-09 0.0D+00 2.2D-09 0.0D+00       21      119       21      210  S
      5      1   4.5109725557662922D-01 7.2D-09 0.0D+00 7.6D-10 0.0D+00       23      130       23      230  S
      5      1   4.4984455239327531D-01 7.2D-09 0.0D+00 7.0D-08 0.0D+00       22      113       22      220  S
      5      1   4.4984455239557714D-01 7.2D-09 0.0D+00 2.8D-08 0.0D+00       22      122       22      220  S
      5      1   4.5109725557721336D-01 7.2D-09 0.0D+00 6.6D-09 0.0D+00       21      109       21      210  S
      5      1   4.5109725558089481D-01 7.2D-09 0.0D+00 5.9D-09 0.0D+00       21      110       21      210  S
      5      1   4.4984455239777610D-01 7.2D-09 0.0D+00 1.8D-08 0.0D+00       22      124       22      220  S
      5      1   4.5109725558134339D-01 7.2D-09 0.0D+00 9.2D-10 0.0D+00       21      122       21      210  S
      5      1   4.5109725558177965D-01 7.2D-09 0.0D+00 6.6D-08 0.0D+00       22      128       22      220  S
      5      1   4.4984455240529375D-01 7.2D-09 0.0D+00 4.5D-09 0.0D+00       21      121       21      210  S
      5      1   4.4984455239596816D-01 7.2D-09 0.0D+00 7.5D-09 0.0D+00       21      110       21      210  S
      5      1   4.4984455239624049D-01 7.2D-09 0.0D+00 9.5D-10 0.0D+00       23      135       23      230  S
      5      1   4.4984455239784360D-01 7.2D-09 0.0D+00 2.9D-08 0.0D+00       22      120       22      220  S
      5      1   4.5109725557593061D-01 7.2D-09 0.0D+00 6.1D-10 0.0D+00       21      104       21      210  S
      5      1   4.4984455239929566D-01 7.2D-09 0.0D+00 2.6D-08 0.0D+00       22      132       22      220  S
      5      1   4.4984455239588200D-01 7.2D-09 0.0D+00 6.2D-08 0.0D+00       22      135       23      221  S
      5      1   4.4984455239628784D-01 7.2D-09 0.0D+00 2.9D-10 0.0D+00       21      117       21      210  S
      5      1   4.4984455239488663D-01 7.2D-09 0.0D+00 2.2D-08 0.0D+00       22      118       22      220  S
      5      1   4.4984455239958537D-01 7.2D-09 0.0D+00 2.5D-08 0.0D+00       22      136       23      221  S
      5      1   4.5109725557636288D-01 7.2D-09 0.0D+00 6.7D-09 0.0D+00       21      111       21      210  S
      5      1   4.5109725558091252D-01 7.2D-09 0.0D+00 2.5D-09 0.0D+00       21      113       21      210  S
      5      1   4.5109725557930114D-01 7.2D-09 0.0D+00 2.5D-08 0.0D+00       22      124       23      221  S
      5      1   4.5109725557558850D-01 7.2D-09 0.0D+00 1.8D-08 0.0D+00       22      118       23      221  S
      5      1   4.5109725557680491D-01 7.2D-09 0.0D+00 6.4D-09 0.0D+00       21      106       21      210  S
      5      1   4.5109725557667379D-01 7.2D-09 0.0D+00 3.8D-09 0.0D+00       21      108       21      210  S
      5      1   4.4984455240208227D-01 7.2D-09 0.0D+00 3.6D-08 0.0D+00       24      169       24      240  S
      5      1   5.2829242934651310D-01 6.8D-09 0.0D+00 5.0D-08 0.0D+00       22      155       22      220  S
      5      1   4.4984455239874988D-01 7.2D-09 0.0D+00 5.0D-10 0.0D+00       21      111       21      210  S
      5      1   4.5109725557711661D-01 7.2D-09 0.0D+00 2.8D-08 0.0D+00       22      122       22      220  S
      5      1   4.5109725557677410D-01 7.2D-09 0.0D+00 6.2D-10 0.0D+00       21      117       21      210  S
      5      1   4.4984455239529636D-01 7.2D-09 0.0D+00 1.8D-09 0.0D+00       23      135       23      230  S
      5      1   4.4984455240247689D-01 7.2D-09 0.0D+00 4.3D-09 0.0D+00       21      115       21      210  S
      5      1   4.5109725558192199D-01 7.2D-09 0.0D+00 4.0D-10 0.0D+00       21      108       21      210  S
      5      1   4.5109725557674546D-01 7.2D-09 0.0D+00 6.7D-08 0.0D+00       22      129       22      220  S
      5      1   4.4984455240122428D-01 7.2D-09 0.0D+00 1.8D-10 0.0D+00       21      111       21      210  S
      5      1   4.5109725557383717D-01 7.2D-09 0.0D+00 7.3D-08 0.0D+00       22      118       22      220  S
      5      1   4.5109725557754465D-01 7.2D-09 0.0D+00 4.6D-10 0.0D+00       21      107       21      210  S
      5      1   4.5109725558118835D-01 7.2D-09 0.0D+00 3.3D-09 0.0D+00       21      111       21      210  S
      5      1   4.5109725558412328D-01 7.2D-09 0.0D+00 1.7D-09 0.0D+00       21      111       21      210  S
      5      1   4.5109725557483665D-01 7.2D-09 0.0D+00 6.0D-08 0.0D+00       22      112       22      220  S
      5      1   4.4984455239423299D-01 7.2D-09 0.0D+00 4.4D-08 0.0D+00       22      119       22      220  S
      5      1   4.4984455240062093D-01 7.2D-09 0.0D+00 3.8D-09 0.0D+00       23      154       23      230  S
      5      1   4.4984455239534965D-01 7.2D-09 0.0D+00 3.3D-09 0.0D+00       23      144       23      230  S
      5      1   4.4984455240119803D-01 7.2D-09 0.0D+00 6.6D-10 0.0D+00       21      110       21      210  S
      5      1   4.4984455239431953D-01 7.2D-09 0.0D+00 3.6D-08 0.0D+00       22      121       22      220  S
      5      1   4.4984455239590554D-01 7.2D-09 0.0D+00 4.7D-09 0.0D+00       21      111       21      210  S
      5      1   4.4984455240239141D-01 7.2D-09 0.0D+00 1.9D-09 0.0D+00       23      147       23      230  S
      5      1   4.5109725557636871D-01 7.2D-09 0.0D+00 4.1D-09 0.0D+00       21      104       21      210  S
      5      1   4.4984455240071458D-01 7.2D-09 0.0D+00 2.0D-09 0.0D+00       21      116       21      210  S
      5      1   4.4984455239564453D-01 7.2D-09 0.0D+00 6.0D-09 0.0D+00       21      112       21      210  S
      5      1   4.5109725557634051D-01 7.2D-09 0.0D+00 1.0D-09 0.0D+00       21      107       21      210  S
      5      1   4.4984455239945559D-01 7.2D-09 0.0D+00 9.3D-11 0.0D+00       21      114       21      210  S
      5      1   4.4984455239812526D-01 7.2D-09 0.0D+00 2.7D-08 0.0D+00       22      132       22      220  S
      5      1   4.5109725557983338D-01 7.2D-09 0.0D+00 6.6D-08 0.0D+00       22      113       22      220  S
      5      1   4.4984455240014626D-01 7.2D-09 0.0D+00 5.1D-08 0.0D+00       22      123       22      220  S
      5      1   4.5109725557821068D-01 7.2D-09 0.0D+00 4.2D-09 0.0D+00       21      108       21      210  S
      5      1   4.5109725557945407D-01 7.2D-09 0.0D+00 2.3D-08 0.0D+00       22      111       22      220  S
      5      1   4.4984455240026466D-01 7.2D-09 0.0D+00 5.7D-08 0.0D+00       22      130       22      220  S
      5      1   4.4984455239443627D-01 7.2D-09 0.0D+00 3.1D-08 0.0D+00       22      121       23      221  S
      5      1   4.4984455239978449D-01 7.2D-09 0.0D+00 1.8D-10 0.0D+00       21      112       21      210  S
      5      1   4.4984455239833737D-01 7.2D-09 0.0D+00 8.4D-10 0.0D+00       21      116       21      210  S
      5      1   4.5109725557840896D-01 7.2D-09 0.0D+00 1.9D-09 0.0D+00       21      107       21      210  S
      5      1   4.5109725557624653D-01 7.2D-09 0.0D+00 5.3D-10 0.0D+00       21      103       21      210  S
      5      1   4.5109725558103336D-01 7.2D-09 0.0D+00 1.1D-09 0.0D+00       23      140       23      230  S
      5      1   4.4984455239510379D-01 7.2D-09 0.0D+00 4.5D-08 0.0D+00       22      122       22      220  S
      5      1   4.4984455239586929D-01 7.2D-09 0.0D+00 4.3D-09 0.0D+00       21      104       21      210  S
      5      1   4.5109725557646502D-01 7.2D-09 0.0D+00 8.5D-10 0.0D+00       21      110       21      210  S
      5      1   4.4984455239669924D-01 7.2D-09 0.0D+00 3.9D-09 0.0D+00       21      116       21      210  S
      5      1   4.5109725558065977D-01 7.2D-09 0.0D+00 1.2D-09 0.0D+00       21      107       21      210  S
      5      1   4.4984455239811583D-01 7.2D-09 0.0D+00 2.0D-09 0.0D+00       21      117       21      210  S
      5      1   4.5109725558720543D-01 7.2D-09 0.0D+00 5.5D-09 0.0D+00       21      114       21      210  S
      5      1   4.4984455239753884D-01 7.2D-09 0.0D+00 6.8D-08 0.0D+00       22      115       22      220  S
      5      1   4.5109725557617281D-01 7.2D-09 0.0D+00 3.3D-09 0.0D+00       21      115       21      210  S
      5      1   4.5109725557498553D-01 7.2D-09 0.0D+00 3.3D-08 0.0D+00       22      118       23      221  S
      5      1   4.5109725558019659D-01 7.2D-09 0.0D+00 6.2D-08 0.0D+00       22      114       22      220  S
      5      1   4.5109725558190655D-01 7.2D-09 0.0D+00 3.0D-09 0.0D+00       23      131       23      230  S
      5      1   4.4984455240094490D-01 7.2D-09 0.0D+00 8.7D-09 0.0D+00       21      116       21      210  S
      5      1   4.5109725557657371D-01 7.2D-09 0.0D+00 7.0D-08 0.0D+00       22      121       22      220  S
      5      1   4.5109725557705821D-01 7.2D-09 0.0D+00 2.1D-09 0.0D+00       21      104       21      210  S
      5      1   4.5109725557634639D-01 7.2D-09 0.0D+00 2.8D-09 0.0D+00       21      112       21      210  S
      5      1   4.5109725557916502D-01 7.2D-09 0.0D+00 3.7D-09 0.0D+00       23      135       23      230  S
      5      1   4.5109725557934843D-01 7.2D-09 0.0D+00 2.8D-09 0.0D+00       21      109       21      210  S
      5      1   4.4984455239525284D-01 7.2D-09 0.0D+00 3.0D-09 0.0D+00       23      141       23      230  S
      5      1   4.4984455240210808D-01 7.2D-09 0.0D+00 1.3D-09 0.0D+00       21      118       21      210  S
      5      1   4.5109725558481995D-01 7.2D-09 0.0D+00 1.6D-09 0.0D+00       21      119       21      210  S
      5      1   4.5109725558043962D-01 7.2D-09 0.0D+00 2.7D-09 0.0D+00       21      105       21      210  S
      5      1   4.5109725557558766D-01 7.2D-09 0.0D+00 6.4D-08 0.0D+00       24      150       25      241  S
      5      1   4.5109725557673841D-01 7.2D-09 0.0D+00 6.6D-08 0.0D+00       24      154       25      241  S
      5      1   4.4984455239809840D-01 7.2D-09 0.0D+00 1.4D-09 0.0D+00       21      117       21      210  S
      5      1   4.4984455239564369D-01 7.2D-09 0.0D+00 2.1D-09 0.0D+00       21      105       21      210  S
      5      1   4.4984455239362592D-01 7.2D-09 0.0D+00 6.9D-08 0.0D+00       22      130       23      221  S
      5      1   4.4984455240125976D-01 7.2D-09 0.0D+00 3.4D-08 0.0D+00       22      124       22      220  S
      5      1   4.4984455239333571D-01 7.2D-09 0.0D+00 6.6D-08 0.0D+00       22      120       22      220  S
      5      1   4.4984455239999932D-01 7.2D-09 0.0D+00 6.3D-08 0.0D+00       22      141       23      221  S
      5      1   4.5109725557516372D-01 7.2D-09 0.0D+00 3.3D-08 0.0D+00       22      126       23      221  S
      5      1   4.4984455240037419D-01 7.2D-09 0.0D+00 7.1D-08 0.0D+00       22      119       22      220  S
      5      1   4.4984455239573040D-01 7.2D-09 0.0D+00 2.2D-09 0.0D+00       21      106       21      210  S
      5      1   4.4984455240759141D-01 7.2D-09 0.0D+00 3.3D-09 0.0D+00       21      114       21      210  S
      5      1   4.5109725557604075D-01 7.2D-09 0.0D+00 1.8D-11 0.0D+00       21      112       21      210  S
