     13      1   2.3756722998507337D-01 7.1D-09 0.0D+00 3.3D-09 0.0D+00       22      148       22      220  S
     13      1   2.3853717834904722D-01 7.5D-09 0.0D+00 3.4D-09 0.0D+00       22      136       22      220  S
     13      1   2.3853718028086734D-01 7.5D-09 0.0D+00 3.9D-09 0.0D+00       22      141       22      220  S
     13      1   2.3853718027794379D-01 7.5D-09 0.0D+00 7.5D-09 0.0D+00       23      149       23      230  S
     13      1   2.3853718027274270D-01 7.5D-09 0.0D+00 7.5D-08 0.0D+00       23      151       23      230  S
     13      1   2.3756722723382478D-01 7.1D-09 0.0D+00 5.6D-09 0.0D+00       22      143       22      220  S
     13      1   2.3853718027499232D-01 7.5D-09 0.0D+00 1.6D-08 0.0D+00       23      161       23      230  S
     13      1   2.3755952551427453D-01 8.1D-09 0.0D+00 4.9D-10 0.0D+00       21      148       21      210  S
     13      1   2.3756722723020279D-01 7.1D-09 0.0D+00 2.9D-08 0.0D+00       23      169       24      232  S
     13      1   2.3853718141547225D-01 7.5D-09 0.0D+00 1.0D-09 0.0D+00       23      166       23      230  S
     13      1   2.3756722723136170D-01 7.1D-09 0.0D+00 6.3D-08 0.0D+00       23      145       23      230  S
     13      1   2.5281194484564679D-01 7.7D-09 0.0D+00 4.8D-07 0.0D+00       23      166       23      230  S
     13      1   2.3755952551831042D-01 8.1D-09 0.0D+00 6.4D-09 0.0D+00       23      181       23      230  S
     13      1   2.3755952551683632D-01 8.1D-09 0.0D+00 2.6D-09 0.0D+00       21      138       21      210  S
     13      1   2.3853717792336210D-01 7.5D-09 0.0D+00 8.9D-08 0.0D+00       23      143       24      231  S
     13      1   2.3853717792458223D-01 7.5D-09 0.0D+00 3.8D-08 0.0D+00       23      156       23      230  S
     13      1   2.3853718139457883D-01 7.5D-09 0.0D+00 1.7D-10 0.0D+00       22      142       22      220  S
     13      1   2.3756722723117540D-01 7.1D-09 0.0D+00 2.6D-09 0.0D+00       23      122       23      230  S
     13      1   2.3756722723202148D-01 7.1D-09 0.0D+00 8.9D-09 0.0D+00       22      149       22      220  S
     13      1   3.6206068011055098D-01 2.2D-16 0.0D+00 6.4D+02 0.0D+00       22    46612       22      212  S
     13      1   2.3756722722890797D-01 7.1D-09 0.0D+00 3.2D-09 0.0D+00       23      157       23      230  S
     13      1   2.3853717792241760D-01 7.5D-09 0.0D+00 9.1D-08 0.0D+00       22      127       22      220  S
     13      1   2.3853717792638121D-01 7.5D-09 0.0D+00 7.2D-10 0.0D+00       22      139       22      220  S
     13      1   2.3853717792730508D-01 7.5D-09 0.0D+00 1.0D-09 0.0D+00       22      143       22      220  S
     13      1   2.3853717835542435D-01 7.5D-09 0.0D+00 6.0D-10 0.0D+00       22      169       22      220  S
     13      1   2.3853718140909172D-01 7.5D-09 0.0D+00 2.2D-08 0.0D+00       23      162       24      231  S
     13      1   2.3853718028001991D-01 7.5D-09 0.0D+00 1.9D-08 0.0D+00       24      161       24      240  S
     13      1   2.3853717792501991D-01 7.5D-09 0.0D+00 2.1D-08 0.0D+00       23      155       23      230  S
     13      1   2.3853717834970015D-01 7.5D-09 0.0D+00 2.1D-09 0.0D+00       21      146       21      210  S
     13      1   2.3853718056469969D-01 7.5D-09 0.0D+00 3.8D-09 0.0D+00       22      168       22      220  S
     13      1   2.3756722723047910D-01 7.1D-09 0.0D+00 1.2D-09 0.0D+00       23      165       23      230  S
     13      1   2.3853718445340105D-01 7.5D-09 0.0D+00 1.0D-07 0.0D+00       25      205       25      250  S
     13      1   2.3853718027865700D-01 7.5D-09 0.0D+00 4.4D-09 0.0D+00       23      153       23      230  S
     13      1   2.3853717792553975D-01 7.5D-09 0.0D+00 1.8D-08 0.0D+00       23      153       24      231  S
     13      1   2.3853718027547047D-01 7.5D-09 0.0D+00 2.2D-08 0.0D+00       23      189       23      230  S
     13      1   2.3755952551701148D-01 8.1D-09 0.0D+00 3.1D-09 0.0D+00       22      145       22      220  S
     13      1   2.3853717835116706D-01 7.5D-09 0.0D+00 5.6D-09 0.0D+00       22      139       22      220  S
     13      1   2.3756722998882154D-01 7.1D-09 0.0D+00 3.3D-09 0.0D+00       22      166       22      220  S
     13      1   2.3756722723407334D-01 7.1D-09 0.0D+00 6.8D-10 0.0D+00       22      148       22      220  S
     13      1   2.3756722723405671D-01 7.1D-09 0.0D+00 4.2D-09 0.0D+00       22      157       22      220  S
     13      1   2.3853718027576365D-01 7.5D-09 0.0D+00 1.9D-09 0.0D+00       22      121       22      220  S
     13      1   2.3756722723103174D-01 7.1D-09 0.0D+00 5.1D-09 0.0D+00       23      142       23      230  S
     13      1   2.3853718445190325D-01 7.5D-09 0.0D+00 3.1D-10 0.0D+00       22      153       22      220  S
     13      1   2.3853717792269533D-01 7.5D-09 0.0D+00 5.4D-08 0.0D+00       24      258       24      240  S
     13      1   2.3756722723387252D-01 7.1D-09 0.0D+00 9.3D-09 0.0D+00       22      138       22      220  S
     13      1   2.3853717834679733D-01 7.5D-09 0.0D+00 8.9D-08 0.0D+00       23      123       23      230  S
     13      1   2.3756722723072127D-01 7.1D-09 0.0D+00 3.3D-10 0.0D+00       23      173       23      230  S
     13      1   2.3853718027440962D-01 7.5D-09 0.0D+00 4.3D-08 0.0D+00       24      180       24      240  S
     13      1   2.3853717792850981D-01 7.5D-09 0.0D+00 1.3D-09 0.0D+00       22      138       22      220  S
     13      1   2.3756722976851039D-01 7.1D-09 0.0D+00 5.4D-08 0.0D+00       24      146       24      240  S
     13      1   2.3756722723026291D-01 7.1D-09 0.0D+00 1.5D-09 0.0D+00       23      158       23      230  S
     13      1   2.3853718027344289D-01 7.5D-09 0.0D+00 6.9D-08 0.0D+00       23      151       23      230  S
     13      1   2.3853718444920549D-01 7.5D-09 0.0D+00 1.0D-09 0.0D+00       22      142       22      220  S
     13      1   2.3853717792655818D-01 7.5D-09 0.0D+00 5.3D-09 0.0D+00       22      122       22      220  S
     13      1   2.3813589816111710D-01 5.5D-07 0.0D+00 8.0D-03 0.0D+00       24      135       25      250  S
     13      1   2.3756722723066478D-01 7.1D-09 0.0D+00 1.9D-09 0.0D+00       23      139       23      230  S
     13      1   2.3756722722795026D-01 7.1D-09 0.0D+00 4.6D-08 0.0D+00       23      167       24      232  S
     13      1   2.3853718056363896D-01 7.5D-09 0.0D+00 2.4D-09 0.0D+00       22      158       22      220  S
     13      1   2.3853718027860510D-01 7.5D-09 0.0D+00 2.0D-09 0.0D+00       22      151       22      220  S
     13      1   2.3853718027230250D-01 7.5D-09 0.0D+00 8.2D-08 0.0D+00       23      164       24      231  S
     13      1   2.3853717835138541D-01 7.5D-09 0.0D+00 1.6D-09 0.0D+00       23      136       23      230  S
     13      1   2.3853718027980592D-01 7.5D-09 0.0D+00 5.7D-09 0.0D+00       22      138       22      220  S
     13      1   2.3756722722868492D-01 7.1D-09 0.0D+00 5.3D-08 0.0D+00       23      142       23      230  S
     13      1   5.4024775186529661D-01 2.0D-06 0.0D+00 4.6D-01 0.0D+00       26      283       27      270  S
     13      1   2.3853718056429174D-01 7.5D-09 0.0D+00 1.1D-09 0.0D+00       23      165       23      230  S
     13      1   2.3853718444944519D-01 7.5D-09 0.0D+00 1.8D-09 0.0D+00       23      160       23      230  S
     13      1   2.3755798960788913D-01 8.5D-09 0.0D+00 2.2D-08 0.0D+00       24      225       25      241  S
     13      1   2.3853718056387171D-01 7.5D-09 0.0D+00 2.9D-09 0.0D+00       22      126       22      220  S
     13      1   2.3853717793038454D-01 7.5D-09 0.0D+00 2.1D-09 0.0D+00       22      139       22      220  S
     13      1   2.3853718027417536D-01 7.5D-09 0.0D+00 4.1D-08 0.0D+00       23      146       23      230  S
     13      1   2.3853717834869631D-01 7.5D-09 0.0D+00 4.5D-08 0.0D+00       23      171       24      232  S
     13      1   2.3756722722999660D-01 7.1D-09 0.0D+00 2.1D-10 0.0D+00       22      141       22      220  S
     13      1   2.3853718444963290D-01 7.5D-09 0.0D+00 1.1D-09 0.0D+00       21      129       21      210  S
     13      1   2.3853717835073027D-01 7.5D-09 0.0D+00 6.1D-08 0.0D+00       24      182       24      240  S
     13      1   2.3756722723006107D-01 7.1D-09 0.0D+00 8.8D-11 0.0D+00       22      137       22      220  S
     13      1   2.3814274879344990D-01 5.3D-07 0.0D+00 7.4D-03 0.0D+00       25      147       26      260  S
     13      1   2.3853717792392320D-01 7.5D-09 0.0D+00 4.2D-08 0.0D+00       23      143       23      230  S
     13      1   2.3853718027284848D-01 7.5D-09 0.0D+00 8.3D-08 0.0D+00       24      162       24      240  S
     13      1   2.3853718056905907D-01 7.5D-09 0.0D+00 4.7D-10 0.0D+00       23      156       23      230  S
     13      1   2.3755952551369466D-01 8.1D-09 0.0D+00 5.3D-08 0.0D+00       22      176       22      220  S
     13      1   2.3853717792717966D-01 7.5D-09 0.0D+00 7.4D-12 0.0D+00       23      143       23      230  S
     13      1   2.3853718054803230D-01 7.5D-09 0.0D+00 2.9D-09 0.0D+00       23      155       23      230  S
     13      1   2.3853718445242905D-01 7.5D-09 0.0D+00 4.5D-09 0.0D+00       22      171       22      220  S
     13      1   2.3853717793082327D-01 7.5D-09 0.0D+00 1.1D-09 0.0D+00       22      148       22      220  S
     13      1   2.3853718056426429D-01 7.5D-09 0.0D+00 1.7D-09 0.0D+00       22      156       22      220  S
     13      1   2.3756722998470037D-01 7.1D-09 0.0D+00 1.3D-08 0.0D+00       24      156       24      240  S
     13      1   2.3756722998435245D-01 7.1D-09 0.0D+00 2.2D-08 0.0D+00       24      166       24      240  S
     13      1   2.3853718027253087D-01 7.5D-09 0.0D+00 8.4D-08 0.0D+00       23      174       23      230  S
     13      1   2.3853718141802446D-01 7.5D-09 0.0D+00 1.1D-09 0.0D+00       22      165       22      220  S
     13      1   2.3853718444972485D-01 7.5D-09 0.0D+00 3.0D-10 0.0D+00       22      144       22      220  S
     13      1   2.3756722723105789D-01 7.1D-09 0.0D+00 1.4D-09 0.0D+00       23      145       23      230  S
     13      1   2.3853717835056601D-01 7.5D-09 0.0D+00 2.5D-09 0.0D+00       22      149       22      220  S
     13      1   2.3756722723244494D-01 7.1D-09 0.0D+00 4.7D-09 0.0D+00       22      155       22      220  S
     13      1   2.3756722846683129D-01 7.1D-09 0.0D+00 6.9D-11 0.0D+00       22      189       22      220  S
     13      1   2.3853718056376236D-01 7.5D-09 0.0D+00 1.0D-09 0.0D+00       22      159       22      220  S
     13      1   2.3755952551515103D-01 8.1D-09 0.0D+00 8.7D-10 0.0D+00       21      162       21      210  S
     13      1   2.3853718027871207D-01 7.5D-09 0.0D+00 2.9D-08 0.0D+00       23      181       24      231  S
     13      1   2.3853717834705851D-01 7.5D-09 0.0D+00 2.1D-08 0.0D+00       23      158       23      230  S
     13      1   2.3755952551682086D-01 8.1D-09 0.0D+00 1.9D-09 0.0D+00       22      161       22      220  S
     13      1   2.3853718056901899D-01 7.5D-09 0.0D+00 5.5D-09 0.0D+00       22      156       22      220  S
     13      1   2.3756722723249757D-01 7.1D-09 0.0D+00 4.4D-08 0.0D+00       23      144       23      230  S
     13      1   2.3756722723861215D-01 7.1D-09 0.0D+00 1.1D-09 0.0D+00       22      173       22      220  S
     13      1   2.3756722998954960D-01 7.1D-09 0.0D+00 3.9D-10 0.0D+00       23      146       23      230  S
     13      1   2.3853718027371515D-01 7.5D-09 0.0D+00 6.7D-08 0.0D+00       24      165       24      240  S
     13      1   2.3756722723075127D-01 7.1D-09 0.0D+00 3.5D-10 0.0D+00       22      139       22      220  S
     13      1   2.3853718027860799D-01 7.5D-09 0.0D+00 3.9D-09 0.0D+00       22      139       22      220  S
     13      1   2.3853718027591819D-01 7.5D-09 0.0D+00 4.3D-09 0.0D+00       22      144       22      220  S
     13      1   2.3853718140961441D-01 7.5D-09 0.0D+00 9.0D-08 0.0D+00       23      180       24      231  S
     13      1   2.3853717792844581D-01 7.5D-09 0.0D+00 1.3D-09 0.0D+00       22      138       22      220  S
     13      1   2.3853718028204382D-01 7.5D-09 0.0D+00 2.7D-09 0.0D+00       23      150       23      230  S
     13      1   2.3756722723096371D-01 7.1D-09 0.0D+00 2.6D-09 0.0D+00       22      138       22      220  S
     13      1   2.3853718141743230D-01 7.5D-09 0.0D+00 2.0D-08 0.0D+00       24      177       24      240  S
     13      1   2.3853718056357476D-01 7.5D-09 0.0D+00 5.3D-10 0.0D+00       22      148       22      220  S
     13      1   2.3853718056027495D-01 7.5D-09 0.0D+00 9.5D-08 0.0D+00       24      167       25      241  S
     13      1   2.3853718056194478D-01 7.5D-09 0.0D+00 4.2D-08 0.0D+00       24      168       24      240  S
     13      1   2.3853718444642258D-01 7.5D-09 0.0D+00 3.9D-10 0.0D+00       22      164       22      220  S
     13      1   2.3755952551260759D-01 8.1D-09 0.0D+00 5.1D-08 0.0D+00       22      209       22      220  S
     13      1   2.3853718141634730D-01 7.5D-09 0.0D+00 9.2D-08 0.0D+00       23      185       24      232  S
     13      1   2.3853717835072308D-01 7.5D-09 0.0D+00 1.3D-09 0.0D+00       23      125       23      230  S
     13      1   2.3756722723192070D-01 7.1D-09 0.0D+00 6.6D-09 0.0D+00       22      149       22      220  S
     13      1   2.3756722723399315D-01 7.1D-09 0.0D+00 1.0D-09 0.0D+00       22      153       22      220  S
     13      1   2.3756722998504509D-01 7.1D-09 0.0D+00 6.3D-08 0.0D+00       22      169       23      222  S
     13      1   2.3756722723118545D-01 7.1D-09 0.0D+00 8.9D-10 0.0D+00       23      155       23      230  S
     13      1   2.3853717834725030D-01 7.5D-09 0.0D+00 9.0D-08 0.0D+00       23      135       23      230  S
     13      1   2.3853718027781506D-01 7.5D-09 0.0D+00 3.3D-08 0.0D+00       23      210       24      231  S
     13      1   2.3853717834976879D-01 7.5D-09 0.0D+00 3.3D-08 0.0D+00       24      174       25      241  S
     13      1   2.3853717835118773D-01 7.5D-09 0.0D+00 4.5D-10 0.0D+00       22      151       22      220  S
     13      1   2.3853717835449686D-01 7.5D-09 0.0D+00 4.5D-08 0.0D+00       24      164       24      240  S
     13      1   2.3756722995762802D-01 7.1D-09 0.0D+00 1.5D-09 0.0D+00       22      146       22      220  S
     13      1   2.3853717792631490D-01 7.5D-09 0.0D+00 1.2D-09 0.0D+00       22      134       22      220  S
     13      1   2.3756722724454779D-01 7.1D-09 0.0D+00 2.5D-10 0.0D+00       22      182       22      220  S
     13      1   2.3756722722948884D-01 7.1D-09 0.0D+00 6.5D-08 0.0D+00       23      169       23      230  S
     13      1   2.3853718027412568D-01 7.5D-09 0.0D+00 6.6D-08 0.0D+00       23      130       23      230  S
     13      1   2.3853717835572180D-01 7.5D-09 0.0D+00 2.3D-09 0.0D+00       22      147       22      220  S
     13      1   2.4987979109390182D-01 7.3D-09 0.0D+00 3.4D-07 0.0D+00       24      201       24      240  S
     13      1   2.3853718056337989D-01 7.5D-09 0.0D+00 1.7D-09 0.0D+00       22      129       22      220  S
     13      1   2.3853717792666482D-01 7.5D-09 0.0D+00 1.8D-09 0.0D+00       23      140       23      230  S
     13      1   2.3756722723067025D-01 7.1D-09 0.0D+00 5.6D-10 0.0D+00       22      145       22      220  S
     13      1   2.3853718056372444D-01 7.5D-09 0.0D+00 1.0D-09 0.0D+00       22      144       22      220  S
     13      1   2.3853718056455825D-01 7.5D-09 0.0D+00 8.8D-08 0.0D+00       23      161       23      230  S
     13      1   2.3853718056372814D-01 7.5D-09 0.0D+00 4.6D-10 0.0D+00       22      140       22      220  S
     13      1   2.3853718130006918D-01 7.5D-09 0.0D+00 2.6D-08 0.0D+00       22      149       23      221  S
     13      1   2.3853718141884356D-01 7.5D-09 0.0D+00 1.7D-09 0.0D+00       22      160       22      220  S
     13      1   2.3756722723021464D-01 7.1D-09 0.0D+00 6.5D-09 0.0D+00       22      140       22      220  S
     13      1   2.3756722723177040D-01 7.1D-09 0.0D+00 1.4D-09 0.0D+00       22      150       22      220  S
     13      1   2.4987979110200115D-01 7.3D-09 0.0D+00 6.4D-09 0.0D+00       22      164       22      220  S
     13      1   2.3756711191421245D-01 7.2D-09 0.0D+00 2.2D-08 0.0D+00       24      196       24      240  S
     13      1   2.3756722723041732D-01 7.1D-09 0.0D+00 3.6D-09 0.0D+00       22      162       22      220  S
     13      1   2.3756722723063142D-01 7.1D-09 0.0D+00 5.9D-09 0.0D+00       23      146       23      230  S
     13      1   2.3853718141527286D-01 7.5D-09 0.0D+00 2.6D-09 0.0D+00       22      124       22      220  S
     13      1   2.3756722998470228D-01 7.1D-09 0.0D+00 1.1D-08 0.0D+00       24      181       25      242  S
     13      1   2.3756722723381071D-01 7.1D-09 0.0D+00 2.2D-09 0.0D+00       22      136       22      220  S
     13      1   2.3756722998861021D-01 7.1D-09 0.0D+00 2.4D-08 0.0D+00       23      157       23      230  S
     13      1   2.3853718141425881D-01 7.5D-09 0.0D+00 6.9D-08 0.0D+00       24      175       24      240  S
     13      1   2.3853718027585602D-01 7.5D-09 0.0D+00 1.6D-09 0.0D+00       23      139       23      230  S
     13      1   2.3853718056897874D-01 7.5D-09 0.0D+00 6.5D-09 0.0D+00       22      153       22      220  S
     13      1   2.3853717834773308D-01 7.5D-09 0.0D+00 6.6D-08 0.0D+00       24      166       25      242  S
     13      1   2.3853718141460517D-01 7.5D-09 0.0D+00 7.1D-10 0.0D+00       23      178       23      230  S
     13      1   2.3853717835021773D-01 7.5D-09 0.0D+00 1.3D-09 0.0D+00       22      131       22      220  S
     13      1   2.3755952551878187D-01 8.1D-09 0.0D+00 1.1D-08 0.0D+00       23      166       23      230  S
     13      1   2.3755952551669204D-01 8.1D-09 0.0D+00 1.6D-07 0.0D+00       25      209       25      250  S
     13      1   2.3756722723285340D-01 7.1D-09 0.0D+00 3.5D-09 0.0D+00       22      139       22      220  S
     13      1   2.3853718027729165D-01 7.5D-09 0.0D+00 9.0D-08 0.0D+00       23      159       23      230  S
     13      1   2.3755952551531628D-01 8.1D-09 0.0D+00 6.1D-10 0.0D+00       22      149       22      220  S
     13      1   2.3853718056647580D-01 7.5D-09 0.0D+00 3.6D-10 0.0D+00       22      165       22      220  S
     13      1   2.3853717834724508D-01 7.5D-09 0.0D+00 8.7D-08 0.0D+00       24      149       25      242  S
     13      1   2.3853718445115957D-01 7.5D-09 0.0D+00 4.6D-08 0.0D+00       23      164       24      231  S
     13      1   2.3853718027563856D-01 7.5D-09 0.0D+00 4.9D-09 0.0D+00       22      138       22      220  S
     13      1   2.3853718056369499D-01 7.5D-09 0.0D+00 2.9D-09 0.0D+00       22      137       22      220  S
     13      1   2.3853718056330619D-01 7.5D-09 0.0D+00 3.0D-10 0.0D+00       22      126       22      220  S
     13      1   2.3853717792654822D-01 7.5D-09 0.0D+00 2.0D-09 0.0D+00       22      136       22      220  S
     13      1   2.3756722722916482D-01 7.1D-09 0.0D+00 1.9D-06 0.0D+00       24      209       25      241  S
     13      1   2.3756722998228358D-01 7.1D-09 0.0D+00 6.2D-08 0.0D+00       23      142       23      230  S
     13      1   2.3756722723220930D-01 7.1D-09 0.0D+00 5.5D-11 0.0D+00       22      139       22      220  S
     13      1   2.7709486247310938D-01 1.7D-16 0.0D+00 1.0D+00 0.0D+00       25      132       26      260  S
     13      1   2.3756722722908161D-01 7.1D-09 0.0D+00 5.5D-08 0.0D+00       23      159       23      230  S
     13      1   2.3853717792498097D-01 7.5D-09 0.0D+00 2.7D-08 0.0D+00       23      139       23      230  S
     13      1   2.3756722998594385D-01 7.1D-09 0.0D+00 6.3D-08 0.0D+00       24      159       24      240  S
     13      1   2.3853717834887769D-01 7.5D-09 0.0D+00 4.3D-08 0.0D+00       23      167       23      230  S
     13      1   2.3667383439721554D-01 6.6D-09 0.0D+00 1.1D-06 0.0D+00       24      213       24      240  S
     13      1   2.3853718141321478D-01 7.5D-09 0.0D+00 3.9D-08 0.0D+00       23      162       23      230  S
     13      1   2.3853718027648307D-01 7.5D-09 0.0D+00 1.0D-09 0.0D+00       22      142       22      220  S
     13      1   2.3853718027936757D-01 7.5D-09 0.0D+00 3.8D-08 0.0D+00       23      157       23      230  S
     13      1   2.3853717835570357D-01 7.5D-09 0.0D+00 4.1D-10 0.0D+00       22      143       22      220  S
     13      1   2.3853717835120816D-01 7.5D-09 0.0D+00 1.3D-09 0.0D+00       22      150       22      220  S
     13      1   2.3853718056208445D-01 7.5D-09 0.0D+00 3.8D-08 0.0D+00       23      152       24      232  S
     13      1   2.3853718027639834D-01 7.5D-09 0.0D+00 1.1D-09 0.0D+00       22      151       22      220  S
     13      1   2.3853718027275450D-01 7.5D-09 0.0D+00 9.0D-08 0.0D+00       24      144       24      240  S
     13      1   2.3756722723046833D-01 7.1D-09 0.0D+00 2.8D-08 0.0D+00       23      171       24      232  S
     13      1   2.3853718056347950D-01 7.5D-09 0.0D+00 3.1D-09 0.0D+00       22      130       22      220  S
     13      1   2.3853717835550714D-01 7.5D-09 0.0D+00 3.0D-10 0.0D+00       22      164       22      220  S
     13      1   2.3853718141437438D-01 7.5D-09 0.0D+00 1.9D-08 0.0D+00       24      159       24      240  S
     13      1   2.3853718027463577D-01 7.5D-09 0.0D+00 2.5D-08 0.0D+00       23      158       23      230  S
     13      1   2.3853718027598081D-01 7.5D-09 0.0D+00 3.1D-09 0.0D+00       22      143       22      220  S
     13      1   2.3853718141400526D-01 7.5D-09 0.0D+00 2.7D-09 0.0D+00       22      160       22      220  S
     13      1   2.3853718027409346D-01 7.5D-09 0.0D+00 4.5D-08 0.0D+00       23      149       23      230  S
     13      1   2.3853718027352289D-01 7.5D-09 0.0D+00 8.2D-08 0.0D+00       24      164       25      242  S
     13      1   2.3853718445409400D-01 7.5D-09 0.0D+00 2.0D-09 0.0D+00       22      167       22      220  S
     13      1   2.3853718027716037D-01 7.5D-09 0.0D+00 3.5D-10 0.0D+00       22      176       22      220  S
     13      1   2.3853717835062110D-01 7.5D-09 0.0D+00 2.7D-09 0.0D+00       22      147       22      220  S
     13      1   2.3756722723117935D-01 7.1D-09 0.0D+00 2.0D-09 0.0D+00       23      139       23      230  S
     13      1   2.3853718445262884D-01 7.5D-09 0.0D+00 1.2D-09 0.0D+00       23      141       23      230  S
     13      1   2.3755952552225790D-01 8.1D-09 0.0D+00 4.0D-09 0.0D+00       23      165       23      230  S
     13      1   2.3755952551927240D-01 8.1D-09 0.0D+00 2.3D-09 0.0D+00       23      169       23      230  S
     13      1   2.3853718444990266D-01 7.5D-09 0.0D+00 1.1D-09 0.0D+00       23      135       23      230  S
     13      1   2.3853717792909443D-01 7.5D-09 0.0D+00 1.3D-09 0.0D+00       23      139       23      230  S
     13      1   2.3853717834923635D-01 7.5D-09 0.0D+00 7.7D-09 0.0D+00       22      149       22      220  S
     13      1   2.3756722998595192D-01 7.1D-09 0.0D+00 3.7D-08 0.0D+00       24      174       24      240  S
     13      1   2.3853718056623791D-01 7.5D-09 0.0D+00 2.2D-09 0.0D+00       23      126       23      230  S
     13      1   2.3756722723001483D-01 7.1D-09 0.0D+00 2.1D-08 0.0D+00       23      163       23      230  S
     13      1   2.3853718444965441D-01 7.5D-09 0.0D+00 3.7D-08 0.0D+00       22      172       22      220  S
     13      1   2.3853718027686344D-01 7.5D-09 0.0D+00 1.2D-09 0.0D+00       23      142       23      230  S
     13      1   2.3756722723167631D-01 7.1D-09 0.0D+00 5.5D-08 0.0D+00       23      149       23      230  S
     13      1   2.3853718141453545D-01 7.5D-09 0.0D+00 1.0D-09 0.0D+00       23      156       23      230  S
     13      1   2.3853718444906361D-01 7.5D-09 0.0D+00 3.3D-09 0.0D+00       23      178       23      230  S
     13      1   2.3755952551535450D-01 8.1D-09 0.0D+00 8.0D-10 0.0D+00       22      192       22      220  S
     13      1   2.3756722723003942D-01 7.1D-09 0.0D+00 5.2D-09 0.0D+00       22      163       22      220  S
     13      1   2.3756722723031817D-01 7.1D-09 0.0D+00 4.4D-09 0.0D+00       22      138       22      220  S
     13      1   2.3756722722986262D-01 7.1D-09 0.0D+00 3.0D-08 0.0D+00       23      171       24      232  S
     13      1   2.3853718056264570D-01 7.5D-09 0.0D+00 1.6D-08 0.0D+00       23      155       23      230  S
     13      1   2.3853717835159360D-01 7.5D-09 0.0D+00 6.0D-10 0.0D+00       23      167       23      230  S
     13      1   2.3853718141588076D-01 7.5D-09 0.0D+00 7.2D-09 0.0D+00       22      203       22      220  S
     13      1   2.3853717792590154D-01 7.5D-09 0.0D+00 1.5D-09 0.0D+00       21      134       21      210  S
     13      1   2.3756722998861721D-01 7.1D-09 0.0D+00 9.2D-10 0.0D+00       22      140       22      220  S
     13      1   2.3756722976981304D-01 7.1D-09 0.0D+00 6.1D-09 0.0D+00       21      117       21      210  S
     13      1   2.3755952549937592D-01 8.1D-09 0.0D+00 6.4D-08 0.0D+00       24      183       25      241  S
     13      1   2.3853718027278131D-01 7.5D-09 0.0D+00 8.9D-08 0.0D+00       23      144       23      230  S
     13      1   2.3756722723040694D-01 7.1D-09 0.0D+00 3.7D-09 0.0D+00       23      137       23      230  S
     13      1   2.3853718027555521D-01 7.5D-09 0.0D+00 2.3D-10 0.0D+00       22      133       22      220  S
     13      1   2.3853718027568313D-01 7.5D-09 0.0D+00 1.4D-09 0.0D+00       22      134       22      220  S
     13      1   2.3853718056790260D-01 7.5D-09 0.0D+00 2.0D-09 0.0D+00       22      140       22      220  S
     13      1   2.3853717792227191D-01 7.5D-09 0.0D+00 9.3D-08 0.0D+00       23      139       23      230  S
     13      1   2.3853717835090940D-01 7.5D-09 0.0D+00 3.7D-09 0.0D+00       22      149       22      220  S
     13      1   2.3853718444972447D-01 7.5D-09 0.0D+00 4.1D-10 0.0D+00       22      158       22      220  S
     13      1   2.3853717835004440D-01 7.5D-09 0.0D+00 1.2D-09 0.0D+00       22      153       22      220  S
     13      1   2.3853718027720991D-01 7.5D-09 0.0D+00 1.3D-09 0.0D+00       23      150       23      230  S
     13      1   2.3756722998847607D-01 7.1D-09 0.0D+00 3.4D-09 0.0D+00       23      180       23      230  S
     13      1   2.3853718056523185D-01 7.5D-09 0.0D+00 2.5D-08 0.0D+00       23      150       23      230  S
     13      1   2.3853718027581472D-01 7.5D-09 0.0D+00 1.5D-09 0.0D+00       22      140       22      220  S
     13      1   2.3755952551572304D-01 8.1D-09 0.0D+00 9.0D-10 0.0D+00       21      127       21      210  S
     13      1   2.3853718445022842D-01 7.5D-09 0.0D+00 7.9D-10 0.0D+00       22      143       22      220  S
     13      1   2.3853718141517885D-01 7.5D-09 0.0D+00 1.3D-09 0.0D+00       23      164       23      230  S
     13      1   2.3853718445593766D-01 7.5D-09 0.0D+00 7.7D-10 0.0D+00       23      207       23      230  S
     13      1   2.3807385469574904D-01 7.2D-07 0.0D+00 1.4D-02 0.0D+00       25      131       26      260  S
     13      1   2.3755952552090900D-01 8.1D-09 0.0D+00 2.1D-10 0.0D+00       22      146       22      220  S
     13      1   2.3853717835062341D-01 7.5D-09 0.0D+00 1.9D-09 0.0D+00       22      140       22      220  S
     13      1   2.3853717835095553D-01 7.5D-09 0.0D+00 6.1D-08 0.0D+00       23      177       23      230  S
     13      1   2.4354694222751483D-01 5.6D-17 0.0D+00 1.0D+00 0.0D+00       26      145       27      270  S
     13      1   2.3756722998462981D-01 7.1D-09 0.0D+00 2.0D-09 0.0D+00       22      151       22      220  S
     13      1   2.3755952786469978D-01 8.1D-09 0.0D+00 1.1D-09 0.0D+00       21      165       21      210  S
     13      1   2.3756722998745711D-01 7.1D-09 0.0D+00 5.2D-08 0.0D+00       23      218       23      230  S
     13      1   2.3853717834975902D-01 7.5D-09 0.0D+00 2.5D-08 0.0D+00       23      170       23      230  S
     13      1   2.3756722998441010D-01 7.1D-09 0.0D+00 2.8D-08 0.0D+00       24      176       24      240  S
     13      1   2.3853718445000108D-01 7.5D-09 0.0D+00 9.8D-10 0.0D+00       23      153       23      230  S
     13      1   2.3853718027684709D-01 7.5D-09 0.0D+00 3.8D-09 0.0D+00       22      194       22      220  S
     13      1   2.3853718056386897D-01 7.5D-09 0.0D+00 4.1D-09 0.0D+00       22      152       22      220  S
     13      1   2.3853718027465645D-01 7.5D-09 0.0D+00 4.1D-09 0.0D+00       22      118       22      220  S
     13      1   2.3853717923362408D-01 7.5D-09 0.0D+00 1.5D-08 0.0D+00       24      204       24      240  S
     13      1   2.3853717835089161D-01 7.5D-09 0.0D+00 8.4D-10 0.0D+00       23      143       23      230  S
     13      1   2.3853718137962218D-01 7.5D-09 0.0D+00 4.7D-09 0.0D+00       21      136       21      210  S
     13      1   2.3853717835452493D-01 7.5D-09 0.0D+00 4.2D-08 0.0D+00       23      179       23      230  S
     13      1   2.3853717835268062D-01 7.5D-09 0.0D+00 2.3D-09 0.0D+00       22      170       22      220  S
     13      1   2.3853718444965161D-01 7.5D-09 0.0D+00 1.7D-09 0.0D+00       22      157       22      220  S
     13      1   2.3853718056441300D-01 7.5D-09 0.0D+00 1.2D-09 0.0D+00       22      147       22      220  S
     13      1   2.3853717835206351D-01 7.5D-09 0.0D+00 2.8D-10 0.0D+00       23      149       23      230  S
     13      1   2.3853718028053353D-01 7.5D-09 0.0D+00 9.1D-08 0.0D+00       23      171       23      230  S
     13      1   2.3853718141571528D-01 7.5D-09 0.0D+00 9.8D-10 0.0D+00       22      179       22      220  S
     13      1   2.3853717835095656D-01 7.5D-09 0.0D+00 3.1D-09 0.0D+00       23      148       23      230  S
     13      1   2.3853718444870720D-01 7.5D-09 0.0D+00 5.3D-10 0.0D+00       23      198       23      230  S
     13      1   2.3853718444974567D-01 7.5D-09 0.0D+00 2.6D-09 0.0D+00       23      155       23      230  S
     13      1   2.3756722723170137D-01 7.1D-09 0.0D+00 2.1D-10 0.0D+00       22      145       22      220  S
     13      1   2.3853718027621795D-01 7.5D-09 0.0D+00 8.5D-11 0.0D+00       22      162       22      220  S
     13      1   2.3755952529244836D-01 8.1D-09 0.0D+00 3.5D-08 0.0D+00       23      162       23      230  S
     13      1   2.3755952551380710D-01 8.1D-09 0.0D+00 6.8D-08 0.0D+00       24      176       24      240  S
     13      1   2.3853718056193624D-01 7.5D-09 0.0D+00 4.1D-08 0.0D+00       23      151       23      230  S
     13      1   2.3853718055993750D-01 7.5D-09 0.0D+00 9.3D-08 0.0D+00       23      170       24      231  S
     13      1   2.3756722723041340D-01 7.1D-09 0.0D+00 1.2D-09 0.0D+00       22      144       22      220  S
     13      1   2.3756722723030632D-01 7.1D-09 0.0D+00 8.5D-10 0.0D+00       23      136       23      230  S
     13      1   2.3853717834590593D-01 7.5D-09 0.0D+00 9.2D-08 0.0D+00       23      171       23      230  S
     13      1   2.3853718027907281D-01 7.5D-09 0.0D+00 3.2D-08 0.0D+00       23      145       23      230  S
     13      1   2.3853718056529749D-01 7.5D-09 0.0D+00 1.7D-09 0.0D+00       23      154       23      230  S
     13      1   2.3853718056187664D-01 7.5D-09 0.0D+00 3.5D-08 0.0D+00       23      154       24      232  S
     13      1   2.3853717835434074D-01 7.5D-09 0.0D+00 2.7D-10 0.0D+00       21      144       21      210  S
     13      1   2.3853718027588477D-01 7.5D-09 0.0D+00 6.0D-09 0.0D+00       22      131       22      220  S
     13      1   2.3853718028160589D-01 7.5D-09 0.0D+00 1.7D-08 0.0D+00       24      168       24      240  S
     13      1   2.3853717792746140D-01 7.5D-09 0.0D+00 9.0D-08 0.0D+00       23      133       23      230  S
     13      1   2.3755952551154810D-01 8.1D-09 0.0D+00 5.3D-08 0.0D+00       23      196       24      232  S
     13      1   2.3756722723059770D-01 7.1D-09 0.0D+00 3.6D-09 0.0D+00       23      142       23      230  S
     13      1   2.3853718027313275D-01 7.5D-09 0.0D+00 6.4D-08 0.0D+00       23      148       24      231  S
     13      1   2.3853717792696247D-01 7.5D-09 0.0D+00 5.6D-09 0.0D+00       22      158       22      220  S
     13      1   2.3853718056366219D-01 7.5D-09 0.0D+00 1.0D-09 0.0D+00       22      127       22      220  S
     13      1   2.3853718027625093D-01 7.5D-09 0.0D+00 1.4D-10 0.0D+00       22      148       22      220  S
     13      1   2.3853718027423990D-01 7.5D-09 0.0D+00 4.2D-08 0.0D+00       23      171       23      230  S
     13      1   2.3853718027866558D-01 7.5D-09 0.0D+00 9.2D-08 0.0D+00       23      203       23      230  S
     13      1   2.3853718028065291D-01 7.5D-09 0.0D+00 4.6D-10 0.0D+00       22      150       22      220  S
     13      1   2.3853718028075646D-01 7.5D-09 0.0D+00 4.9D-09 0.0D+00       22      140       22      220  S
     13      1   2.3853718056393555D-01 7.5D-09 0.0D+00 4.1D-09 0.0D+00       22      134       22      220  S
     13      1   2.3853718027758156D-01 7.5D-09 0.0D+00 2.3D-09 0.0D+00       22      138       22      220  S
     13      1   2.3853718056348813D-01 7.5D-09 0.0D+00 6.2D-09 0.0D+00       22      141       22      220  S
     13      1   2.3756722723328041D-01 7.1D-09 0.0D+00 1.1D-09 0.0D+00       23      155       23      230  S
     13      1   2.3853718027347126D-01 7.5D-09 0.0D+00 9.2D-08 0.0D+00       24      151       24      240  S
     13      1   2.3853718444917607D-01 7.5D-09 0.0D+00 4.4D-09 0.0D+00       22      155       22      220  S
     13      1   2.3853717835141203D-01 7.5D-09 0.0D+00 1.3D-09 0.0D+00       22      145       22      220  S
     13      1   2.3756722998466479D-01 7.1D-09 0.0D+00 5.9D-08 0.0D+00       24      177       24      240  S
     13      1   2.3756722723023843D-01 7.1D-09 0.0D+00 4.4D-09 0.0D+00       22      159       22      220  S
     13      1   2.3853718169045551D-01 7.5D-09 0.0D+00 1.7D-08 0.0D+00       24      202       25      241  S
     13      1   2.3853717835159019D-01 7.5D-09 0.0D+00 1.2D-09 0.0D+00       22      138       22      220  S
     13      1   2.3853718027598467D-01 7.5D-09 0.0D+00 3.8D-09 0.0D+00       22      142       22      220  S
     13      1   2.3756722723206844D-01 7.1D-09 0.0D+00 3.3D-09 0.0D+00       22      162       22      220  S
     13      1   2.3756722723013374D-01 7.1D-09 0.0D+00 5.1D-10 0.0D+00       22      133       22      220  S
     13      1   2.3756722723387524D-01 7.1D-09 0.0D+00 2.4D-09 0.0D+00       22      150       22      220  S
     13      1   2.3853718444603553D-01 7.5D-09 0.0D+00 7.6D-08 0.0D+00       23      169       23      230  S
     13      1   2.3756722998515112D-01 7.1D-09 0.0D+00 4.4D-10 0.0D+00       23      144       23      230  S
     13      1   2.3853718444981722D-01 7.5D-09 0.0D+00 2.6D-09 0.0D+00       23      132       23      230  S
     13      1   2.3853718027575463D-01 7.5D-09 0.0D+00 1.7D-10 0.0D+00       22      143       22      220  S
     13      1   2.3756722723185611D-01 7.1D-09 0.0D+00 5.3D-08 0.0D+00       23      153       23      230  S
     13      1   2.3853717792273624D-01 7.5D-09 0.0D+00 9.2D-08 0.0D+00       24      156       24      240  S
     13      1   2.3853718428205201D-01 7.5D-09 0.0D+00 2.7D-09 0.0D+00       22      131       22      220  S
     13      1   2.3853717837201605D-01 7.5D-09 0.0D+00 1.1D-09 0.0D+00       23      155       23      230  S
     13      1   2.3853718027632892D-01 7.5D-09 0.0D+00 3.4D-09 0.0D+00       23      136       23      230  S
     13      1   2.3853718055982592D-01 7.5D-09 0.0D+00 9.3D-08 0.0D+00       24      159       24      240  S
     13      1   2.3756722722928575D-01 7.1D-09 0.0D+00 5.4D-08 0.0D+00       23      159       24      232  S
     13      1   2.3853718028006105D-01 7.5D-09 0.0D+00 1.9D-08 0.0D+00       23      167       24      231  S
     13      1   2.3853718056367237D-01 7.5D-09 0.0D+00 2.7D-09 0.0D+00       23      133       23      230  S
     13      1   2.3755952551557696D-01 8.1D-09 0.0D+00 6.5D-08 0.0D+00       23      170       23      230  S
     13      1   2.3853718027626086D-01 7.5D-09 0.0D+00 1.3D-09 0.0D+00       22      132       22      220  S
     13      1   2.3755952551540671D-01 8.1D-09 0.0D+00 1.6D-09 0.0D+00       22      194       22      220  S
     13      1   2.3853718027737938D-01 7.5D-09 0.0D+00 2.1D-09 0.0D+00       23      147       23      230  S
     13      1   2.3755952551540607D-01 8.1D-09 0.0D+00 4.6D-11 0.0D+00       23      177       23      230  S
     13      1   2.3853717792801618D-01 7.5D-09 0.0D+00 1.8D-09 0.0D+00       22      136       22      220  S
     13      1   2.3853717835691923D-01 7.5D-09 0.0D+00 1.8D-09 0.0D+00       23      162       23      230  S
     13      1   2.3814202105971599D-01 5.3D-07 0.0D+00 6.5D-03 0.0D+00       25      143       26      260  S
     13      1   2.3853718056058107D-01 7.5D-09 0.0D+00 9.3D-08 0.0D+00       22      154       23      221  S
     13      1   2.3853718141843488D-01 7.5D-09 0.0D+00 1.4D-09 0.0D+00       22      171       22      220  S
     13      1   2.3853718056768974D-01 7.5D-09 0.0D+00 1.7D-11 0.0D+00       23      148       23      230  S
     13      1   2.3756722998551597D-01 7.1D-09 0.0D+00 1.2D-09 0.0D+00       22      149       22      220  S
     13      1   2.3853718056782036D-01 7.5D-09 0.0D+00 2.0D-09 0.0D+00       22      140       22      220  S
     13      1   2.3853718444899938D-01 7.5D-09 0.0D+00 1.3D-09 0.0D+00       22      143       22      220  S
     13      1   2.3756722722874601D-01 7.1D-09 0.0D+00 4.5D-08 0.0D+00       22      131       22      220  S
     13      1   2.3755952551451992D-01 8.1D-09 0.0D+00 8.7D-10 0.0D+00       23      157       23      230  S
     13      1   2.3853718428195014D-01 7.5D-09 0.0D+00 2.8D-09 0.0D+00       22      167       22      220  S
     13      1   2.3756722723019771D-01 7.1D-09 0.0D+00 3.0D-09 0.0D+00       22      133       22      220  S
     13      1   2.3853717792650503D-01 7.5D-09 0.0D+00 1.0D-09 0.0D+00       22      152       22      220  S
     13      1   2.3755952551602669D-01 8.1D-09 0.0D+00 1.3D-09 0.0D+00       23      167       23      230  S
     13      1   2.3853718056465820D-01 7.5D-09 0.0D+00 9.3D-10 0.0D+00       22      145       22      220  S
     13      1   2.3853717792348145D-01 7.5D-09 0.0D+00 8.9D-08 0.0D+00       23      165       24      232  S
     13      1   2.3853718444591987D-01 7.5D-09 0.0D+00 6.1D-08 0.0D+00       22      161       22      220  S
     13      1   2.3853718141118954D-01 7.5D-09 0.0D+00 8.6D-08 0.0D+00       24      173       25      241  S
     13      1   2.3853717792326115D-01 7.5D-09 0.0D+00 8.3D-08 0.0D+00       23      140       23      230  S
     13      1   2.3853718141906524D-01 7.5D-09 0.0D+00 8.9D-10 0.0D+00       22      165       22      220  S
     13      1   2.3853718056385012D-01 7.5D-09 0.0D+00 1.6D-09 0.0D+00       23      139       23      230  S
     13      1   2.3756722722921494D-01 7.1D-09 0.0D+00 5.9D-08 0.0D+00       23      169       23      230  S
     13      1   2.3853717834872668D-01 7.5D-09 0.0D+00 4.3D-08 0.0D+00       23      140       24      231  S
     13      1   2.3853718027893217D-01 7.5D-09 0.0D+00 6.5D-09 0.0D+00       22      159       22      220  S
     13      1   2.3756722998647697D-01 7.1D-09 0.0D+00 4.0D-10 0.0D+00       23      166       23      230  S
     13      1   2.3853718055974191D-01 7.5D-09 0.0D+00 9.0D-08 0.0D+00       23      156       23      230  S
     13      1   2.3853718056426718D-01 7.5D-09 0.0D+00 5.9D-10 0.0D+00       22      140       22      220  S
     13      1   2.3853718027913337D-01 7.5D-09 0.0D+00 4.6D-08 0.0D+00       23      142       24      232  S
     13      1   2.3853718027797377D-01 7.5D-09 0.0D+00 4.1D-08 0.0D+00       23      147       24      232  S
     13      1   2.3756722723289411D-01 7.1D-09 0.0D+00 3.8D-09 0.0D+00       23      154       23      230  S
     13      1   2.3756722998236443D-01 7.1D-09 0.0D+00 5.9D-08 0.0D+00       23      148       23      230  S
     13      1   2.3853717835039889D-01 7.5D-09 0.0D+00 1.2D-08 0.0D+00       24      151       24      240  S
     13      1   2.3853718056303572D-01 7.5D-09 0.0D+00 3.8D-08 0.0D+00       24      173       25      241  S
     13      1   2.3756722723063389D-01 7.1D-09 0.0D+00 2.3D-09 0.0D+00       22      163       22      220  S
     13      1   2.3853718056960532D-01 7.5D-09 0.0D+00 1.3D-09 0.0D+00       23      171       23      230  S
     13      1   2.3755952552166096D-01 8.1D-09 0.0D+00 9.3D-10 0.0D+00       22      162       22      220  S
     13      1   2.3853717835036836D-01 7.5D-09 0.0D+00 9.0D-08 0.0D+00       23      150       24      231  S
     13      1   2.3853717792543574D-01 7.5D-09 0.0D+00 2.0D-08 0.0D+00       23      157       24      231  S
     13      1   2.3756722723016493D-01 7.1D-09 0.0D+00 7.5D-10 0.0D+00       22      128       22      220  S
     13      1   2.3853718027634085D-01 7.5D-09 0.0D+00 2.0D-09 0.0D+00       23      149       23      230  S
     13      1   2.3853717834858518D-01 7.5D-09 0.0D+00 2.1D-08 0.0D+00       23      147       24      232  S
     13      1   2.3853718027384058D-01 7.5D-09 0.0D+00 8.2D-08 0.0D+00       24      158       24      240  S
     13      1   2.3853718169412083D-01 7.5D-09 0.0D+00 2.2D-09 0.0D+00       23      151       23      230  S
     13      1   2.3853718137949392D-01 7.5D-09 0.0D+00 1.1D-09 0.0D+00       23      209       23      230  S
     13      1   2.3853717835761476D-01 7.5D-09 0.0D+00 2.8D-09 0.0D+00       23      160       23      230  S
     13      1   2.3853718160745391D-01 7.5D-09 0.0D+00 8.0D-08 0.0D+00       24      207       25      242  S
     13      1   2.3853717835103030D-01 7.5D-09 0.0D+00 2.1D-09 0.0D+00       22      149       22      220  S
     13      1   2.3853718056123774D-01 7.5D-09 0.0D+00 6.3D-08 0.0D+00       24      183       24      240  S
     13      1   2.3756722998529092D-01 7.1D-09 0.0D+00 1.3D-09 0.0D+00       23      181       23      230  S
     13      1   2.3853718027582874D-01 7.5D-09 0.0D+00 3.1D-09 0.0D+00       22      143       22      220  S
     13      1   2.3853718056825260D-01 7.5D-09 0.0D+00 3.3D-09 0.0D+00       22      157       22      220  S
     13      1   2.3853717792893109D-01 7.5D-09 0.0D+00 5.5D-10 0.0D+00       22      145       22      220  S
     13      1   2.3853718027807980D-01 7.5D-09 0.0D+00 1.3D-09 0.0D+00       22      144       22      220  S
     13      1   2.4995738175278720D-01 7.3D-09 0.0D+00 7.6D-09 0.0D+00       22      174       22      220  S
     13      1   2.3755952551639620D-01 8.1D-09 0.0D+00 1.9D-09 0.0D+00       21      151       21      210  S
     13      1   2.3853718056038550D-01 7.5D-09 0.0D+00 9.0D-08 0.0D+00       22      170       23      221  S
     13      1   2.3756722722783044D-01 7.1D-09 0.0D+00 5.7D-08 0.0D+00       23      152       23      230  S
     13      1   2.3853718056168155D-01 7.5D-09 0.0D+00 7.2D-08 0.0D+00       24      169       24      240  S
     13      1   2.3756722723129578D-01 7.1D-09 0.0D+00 1.8D-09 0.0D+00       22      139       22      220  S
     13      1   2.3853718445018907D-01 7.5D-09 0.0D+00 1.4D-09 0.0D+00       21      147       21      210  S
     13      1   2.3853718028037946D-01 7.5D-09 0.0D+00 4.9D-09 0.0D+00       22      155       22      220  S
     13      1   2.3853717835163957D-01 7.5D-09 0.0D+00 1.4D-08 0.0D+00       24      163       24      240  S
     13      1   2.3853718141499522D-01 7.5D-09 0.0D+00 9.1D-10 0.0D+00       23      147       23      230  S
     13      1   2.3756722989779383D-01 7.1D-09 0.0D+00 2.1D-09 0.0D+00       22      146       22      220  S
     13      1   2.3755952551503787D-01 8.1D-09 0.0D+00 7.7D-09 0.0D+00       23      172       23      230  S
     13      1   2.3756722998457389D-01 7.1D-09 0.0D+00 3.2D-08 0.0D+00       24      165       25      242  S
     13      1   2.3853717939414343D-01 7.5D-09 0.0D+00 2.0D-09 0.0D+00       20      145       20      200  S
     13      1   2.3756722723092724D-01 7.1D-09 0.0D+00 1.0D-12 0.0D+00       22      158       22      220  S
     13      1   2.3756722723000828D-01 7.1D-09 0.0D+00 2.8D-08 0.0D+00       23      160       24      232  S
     13      1   2.3853717835255409D-01 7.5D-09 0.0D+00 9.0D-08 0.0D+00       23      165       24      232  S
     13      1   2.3853718056113446D-01 7.5D-09 0.0D+00 4.5D-08 0.0D+00       23      156       23      230  S
     13      1   2.3853718444951022D-01 7.5D-09 0.0D+00 4.1D-10 0.0D+00       23      168       23      230  S
     13      1   2.3756722723280324D-01 7.1D-09 0.0D+00 6.4D-09 0.0D+00       23      167       23      230  S
     13      1   2.3853718027449211D-01 7.5D-09 0.0D+00 5.9D-08 0.0D+00       24      162       24      240  S
     13      1   2.3756722998392990D-01 7.1D-09 0.0D+00 1.2D-09 0.0D+00       22      196       22      220  S
     13      1   2.3756722995835658D-01 7.1D-09 0.0D+00 2.6D-09 0.0D+00       22      147       22      220  S
     13      1   2.3853717793083393D-01 7.5D-09 0.0D+00 3.7D-08 0.0D+00       24      163       24      240  S
     13      1   2.3853718444602073D-01 7.5D-09 0.0D+00 6.5D-08 0.0D+00       23      166       24      231  S
     13      1   2.3853718056420234D-01 7.5D-09 0.0D+00 4.4D-10 0.0D+00       22      149       22      220  S
     13      1   2.3853717792550361D-01 7.5D-09 0.0D+00 1.9D-08 0.0D+00       23      145       23      230  S
     13      1   2.3853717792477866D-01 7.5D-09 0.0D+00 1.9D-08 0.0D+00       22      158       23      221  S
     13      1   2.3853718027549892D-01 7.5D-09 0.0D+00 6.7D-08 0.0D+00       23      172       23      230  S
     13      1   2.3756722998434604D-01 7.1D-09 0.0D+00 6.1D-08 0.0D+00       24      163       24      240  S
     13      1   2.3756722722934118D-01 7.1D-09 0.0D+00 2.4D-08 0.0D+00       23      146       23      230  S
     13      1   2.3853717835377569D-01 7.5D-09 0.0D+00 2.8D-08 0.0D+00       23      154       23      230  S
     13      1   2.3853718056877415D-01 7.5D-09 0.0D+00 2.2D-09 0.0D+00       22      131       22      220  S
     13      1   2.3853718445094690D-01 7.5D-09 0.0D+00 4.4D-09 0.0D+00       22      176       22      220  S
     13      1   2.3853717835438498D-01 7.5D-09 0.0D+00 2.5D-10 0.0D+00       23      214       23      230  S
     13      1   2.3853718027651055D-01 7.5D-09 0.0D+00 2.0D-09 0.0D+00       22      160       22      220  S
     13      1   2.3755952551481122D-01 8.1D-09 0.0D+00 1.9D-09 0.0D+00       23      158       23      230  S
     13      1   2.3853718140980038D-01 7.5D-09 0.0D+00 1.7D-09 0.0D+00       22      167       22      220  S
     13      1   2.3756722722892618D-01 7.1D-09 0.0D+00 6.4D-08 0.0D+00       23      151       23      230  S
     13      1   2.3756722723391466D-01 7.1D-09 0.0D+00 2.4D-09 0.0D+00       23      145       23      230  S
     13      1   2.3755952551543708D-01 8.1D-09 0.0D+00 3.3D-09 0.0D+00       23      161       23      230  S
     13      1   2.3853717834825194D-01 7.5D-09 0.0D+00 6.0D-08 0.0D+00       24      158       24      240  S
     13      1   2.3756722998885485D-01 7.1D-09 0.0D+00 3.2D-09 0.0D+00       22      172       22      220  S
     13      1   2.3853717792218407D-01 7.5D-09 0.0D+00 9.2D-08 0.0D+00       23      143       23      230  S
     13      1   2.3853718056665119D-01 7.5D-09 0.0D+00 4.3D-08 0.0D+00       23      157       23      230  S
     13      1   2.3853718444733160D-01 7.5D-09 0.0D+00 6.6D-08 0.0D+00       23      170       23      230  S
     13      1   2.3756722722896889D-01 7.1D-09 0.0D+00 5.0D-08 0.0D+00       23      139       23      230  S
     13      1   2.3853718056412254D-01 7.5D-09 0.0D+00 1.6D-08 0.0D+00       24      170       25      242  S
     13      1   2.3756722723292215D-01 7.1D-09 0.0D+00 4.8D-09 0.0D+00       22      164       22      220  S
     13      1   2.3853717835536514D-01 7.5D-09 0.0D+00 1.9D-09 0.0D+00       23      157       23      230  S
     13      1   2.3853718027640744D-01 7.5D-09 0.0D+00 2.2D-09 0.0D+00       23      158       23      230  S
     13      1   2.3853718027553189D-01 7.5D-09 0.0D+00 7.7D-11 0.0D+00       22      148       22      220  S
     13      1   2.3853718444591299D-01 7.5D-09 0.0D+00 7.2D-11 0.0D+00       22      162       22      220  S
     13      1   2.3853717835896388D-01 7.5D-09 0.0D+00 1.1D-09 0.0D+00       22      137       22      220  S
     13      1   2.3756722722998860D-01 7.1D-09 0.0D+00 8.4D-11 0.0D+00       22      147       22      220  S
     13      1   2.3756722998489091D-01 7.1D-09 0.0D+00 2.9D-09 0.0D+00       22      160       22      220  S
     13      1   2.3853717835224578D-01 7.5D-09 0.0D+00 3.5D-09 0.0D+00       23      143       23      230  S
     13      1   2.3853718056432402D-01 7.5D-09 0.0D+00 3.7D-09 0.0D+00       23      143       23      230  S
     13      1   2.3853717793112014D-01 7.5D-09 0.0D+00 1.3D-10 0.0D+00       21      155       21      210  S
     13      1   2.3853717792419066D-01 7.5D-09 0.0D+00 4.6D-08 0.0D+00       23      143       23      230  S
     13      1   2.3853717835056207D-01 7.5D-09 0.0D+00 3.7D-09 0.0D+00       22      158       22      220  S
     13      1   2.3853718141207689D-01 7.5D-09 0.0D+00 4.2D-08 0.0D+00       23      182       24      231  S
     13      1   2.3853717835063298D-01 7.5D-09 0.0D+00 4.8D-09 0.0D+00       22      148       22      220  S
     13      1   2.3756722722885462D-01 7.1D-09 0.0D+00 5.8D-08 0.0D+00       22      150       22      220  S
     13      1   2.3853717835378788D-01 7.5D-09 0.0D+00 2.5D-09 0.0D+00       23      174       23      230  S
     13      1   2.3853718056402085D-01 7.5D-09 0.0D+00 9.1D-11 0.0D+00       21      124       21      210  S
     13      1   2.3853718027820792D-01 7.5D-09 0.0D+00 2.3D-09 0.0D+00       21      159       21      210  S
     13      1   2.3853718027603596D-01 7.5D-09 0.0D+00 5.4D-10 0.0D+00       22      161       22      220  S
     13      1   2.3853718056210327D-01 7.5D-09 0.0D+00 4.5D-08 0.0D+00       24      183       25      241  S
     13      1   2.3853718141405422D-01 7.5D-09 0.0D+00 4.3D-11 0.0D+00       22      143       22      220  S
     13      1   2.3853718130306251D-01 7.5D-09 0.0D+00 2.0D-09 0.0D+00       23      176       23      230  S
     13      1   2.3853718056816342D-01 7.5D-09 0.0D+00 2.7D-09 0.0D+00       22      153       22      220  S
     13      1   2.3853718027767948D-01 7.5D-09 0.0D+00 4.5D-08 0.0D+00       24      191       24      240  S
     13      1   2.3853718027246817D-01 7.5D-09 0.0D+00 9.2D-08 0.0D+00       23      172       24      232  S
     13      1   2.3853717835048938D-01 7.5D-09 0.0D+00 1.6D-09 0.0D+00       22      122       22      220  S
     13      1   2.3853718056452289D-01 7.5D-09 0.0D+00 4.1D-09 0.0D+00       23      155       23      230  S
     13      1   2.3853718056419554D-01 7.5D-09 0.0D+00 6.3D-09 0.0D+00       22      163       22      220  S
     13      1   2.3853718444915392D-01 7.5D-09 0.0D+00 6.2D-10 0.0D+00       22      184       22      220  S
     13      1   2.3853718445028196D-01 7.5D-09 0.0D+00 5.2D-10 0.0D+00       22      151       22      220  S
     13      1   2.3853717792718923D-01 7.5D-09 0.0D+00 2.3D-09 0.0D+00       22      148       22      220  S
     13      1   2.3853718056474474D-01 7.5D-09 0.0D+00 6.8D-08 0.0D+00       23      141       23      230  S
     13      1   2.3756722722943621D-01 7.1D-09 0.0D+00 1.7D-08 0.0D+00       23      157       23      230  S
     13      1   2.3853718027265453D-01 7.5D-09 0.0D+00 9.0D-08 0.0D+00       24      168       24      240  S
     13      1   2.3756722946134179D-01 7.1D-09 0.0D+00 2.2D-10 0.0D+00       22      149       22      220  S
     13      1   2.5404120616015458D-01 7.4D-09 0.0D+00 1.2D-07 0.0D+00       24      151       24      240  S
     13      1   2.3756722723313645D-01 7.1D-09 0.0D+00 3.2D-09 0.0D+00       22      164       22      220  S
     13      1   2.3853718056420081D-01 7.5D-09 0.0D+00 1.5D-10 0.0D+00       22      128       22      220  S
     13      1   2.3853718056860895D-01 7.5D-09 0.0D+00 1.7D-08 0.0D+00       23      164       24      232  S
     13      1   2.3853718056830267D-01 7.5D-09 0.0D+00 2.0D-09 0.0D+00       22      133       22      220  S
     13      1   2.3853718027470835D-01 7.5D-09 0.0D+00 4.4D-08 0.0D+00       23      155       23      230  S
     13      1   2.3853718027407045D-01 7.5D-09 0.0D+00 6.8D-08 0.0D+00       23      167       23      230  S
     13      1   2.3756722723020426D-01 7.1D-09 0.0D+00 1.4D-09 0.0D+00       22      145       22      220  S
     13      1   2.3853717793197821D-01 7.5D-09 0.0D+00 2.1D-09 0.0D+00       22      152       22      220  S
     13      1   2.3853717792615631D-01 7.5D-09 0.0D+00 2.0D-09 0.0D+00       22      140       22      220  S
     13      1   2.3755952549781692D-01 8.1D-09 0.0D+00 8.6D-09 0.0D+00       22      129       22      220  S
     13      1   2.3853717835124802D-01 7.5D-09 0.0D+00 1.1D-11 0.0D+00       21      162       21      210  S
     13      1   2.3853718027557536D-01 7.5D-09 0.0D+00 7.4D-10 0.0D+00       23      156       23      230  S
     13      1   2.3853717834078736D-01 7.5D-09 0.0D+00 8.9D-08 0.0D+00       22      159       22      220  S
     13      1   2.3756722998888871D-01 7.1D-09 0.0D+00 1.6D-09 0.0D+00       23      158       23      230  S
     13      1   2.3853718027710014D-01 7.5D-09 0.0D+00 3.6D-09 0.0D+00       23      159       23      230  S
     13      1   2.3756722998308094D-01 7.1D-09 0.0D+00 6.3D-08 0.0D+00       23      176       23      230  S
     13      1   2.3853718056228657D-01 7.5D-09 0.0D+00 4.4D-09 0.0D+00       22      146       22      220  S
     13      1   2.3853717835603275D-01 7.5D-09 0.0D+00 2.0D-09 0.0D+00       22      166       22      220  S
     13      1   2.3853718141037103D-01 7.5D-09 0.0D+00 1.5D-09 0.0D+00       23      171       23      230  S
     13      1   2.3755952551289478D-01 8.1D-09 0.0D+00 3.8D-08 0.0D+00       24      173       24      240  S
     13      1   2.3853717835287641D-01 7.5D-09 0.0D+00 1.5D-09 0.0D+00       23      135       23      230  S
     13      1   2.3853717835225216D-01 7.5D-09 0.0D+00 2.9D-08 0.0D+00       23      188       24      231  S
     13      1   2.3756722722868762D-01 7.1D-09 0.0D+00 1.7D-09 0.0D+00       22      144       22      220  S
     13      1   2.3853718027579973D-01 7.5D-09 0.0D+00 1.8D-09 0.0D+00       21      121       21      210  S
     13      1   2.3807678800881096D-01 7.1D-07 0.0D+00 1.4D-02 0.0D+00       24      128       25      250  S
     13      1   2.3853718056179504D-01 7.5D-09 0.0D+00 4.1D-08 0.0D+00       23      150       23      230  S
     13      1   2.3853718138277566D-01 7.5D-09 0.0D+00 3.5D-08 0.0D+00       23      170       23      230  S
     13      1   2.3853718444818248D-01 7.5D-09 0.0D+00 9.2D-08 0.0D+00       22      139       22      220  S
     13      1   2.3853718027575319D-01 7.5D-09 0.0D+00 8.8D-08 0.0D+00       23      150       23      230  S
     13      1   2.3853718027833609D-01 7.5D-09 0.0D+00 1.9D-09 0.0D+00       23      146       23      230  S
     13      1   2.3853718444829519D-01 7.5D-09 0.0D+00 4.5D-08 0.0D+00       22      133       22      220  S
     13      1   2.3853718056379739D-01 7.5D-09 0.0D+00 3.9D-09 0.0D+00       22      143       22      220  S
