      7      1   3.9028844369189702D-01 6.3D-09 0.0D+00 3.2D-09 0.0D+00       21      152       21      210  S
      7      1   3.9130773151241077D-01 1.0D-08 0.0D+00 7.6D-08 0.0D+00       22      153       22      220  S
      7      1   3.9028844369099136D-01 6.3D-09 0.0D+00 4.2D-10 0.0D+00       22      147       22      220  S
      7      1   3.9002436929478601D-01 6.3D-09 0.0D+00 5.3D-08 0.0D+00       24      160       24      240  S
      7      1   4.1703834755971519D-01 8.0D-09 0.0D+00 1.0D-09 0.0D+00       23      173       23      230  S
      7      1   3.9130773151794868D-01 1.0D-08 0.0D+00 7.6D-08 0.0D+00       22      164       22      220  S
      7      1   4.1917008506957909D-01 8.0D-09 0.0D+00 2.5D-09 0.0D+00       21      126       21      210  S
      7      1   4.1703834755475333D-01 8.0D-09 0.0D+00 8.5D-10 0.0D+00       21      142       21      210  S
      7      1   3.9028844368674015D-01 6.3D-09 0.0D+00 6.7D-08 0.0D+00       22      145       22      220  S
      7      1   4.1811807935421952D-01 8.0D-09 0.0D+00 2.3D-10 0.0D+00       21      133       21      210  S
      7      1   3.9028844368705956D-01 6.3D-09 0.0D+00 6.7D-08 0.0D+00       22      170       23      221  S
      7      1   3.9002436929752266D-01 6.3D-09 0.0D+00 9.4D-10 0.0D+00       22      139       22      220  S
      7      1   3.9130773151127268D-01 1.0D-08 0.0D+00 7.6D-08 0.0D+00       22      135       22      220  S
      7      1   3.9028844368887844D-01 6.3D-09 0.0D+00 3.2D-09 0.0D+00       22      150       22      220  S
      7      1   3.9130773151018944D-01 1.0D-08 0.0D+00 7.6D-08 0.0D+00       22      161       22      220  S
      7      1   4.1811807934861250D-01 8.0D-09 0.0D+00 3.5D-08 0.0D+00       22      129       22      220  S
      7      1   3.9028844369189331D-01 6.3D-09 0.0D+00 2.0D-09 0.0D+00       21      147       21      210  S
      7      1   4.1811807935054990D-01 8.0D-09 0.0D+00 6.8D-08 0.0D+00       22      148       22      220  S
      7      1   3.9002436929577283D-01 6.3D-09 0.0D+00 2.8D-08 0.0D+00       22      146       22      220  S
      7      1   4.1811807935110551D-01 8.0D-09 0.0D+00 1.0D-09 0.0D+00       23      143       23      230  S
      7      1   3.9131765887921727D-01 6.3D-09 0.0D+00 1.8D-11 0.0D+00       21      119       21      210  S
      7      1   4.1703834755377844D-01 8.0D-09 0.0D+00 1.4D-06 0.0D+00       22      159       22      220  S
      7      1   4.1917008507026554D-01 8.0D-09 0.0D+00 4.6D-09 0.0D+00       21      154       21      210  S
      7      1   4.1917008507218345D-01 8.0D-09 0.0D+00 8.7D-10 0.0D+00       21      139       21      210  S
      7      1   3.9130773150934445D-01 1.0D-08 0.0D+00 7.6D-08 0.0D+00       23      160       23      230  S
      7      1   4.1808808586076229D-01 8.0D-09 0.0D+00 2.3D-09 0.0D+00       21      140       21      210  S
      7      1   4.1811807935220568D-01 8.0D-09 0.0D+00 2.4D-10 0.0D+00       23      173       23      230  S
      7      1   4.1703834755688951D-01 8.0D-09 0.0D+00 3.6D-08 0.0D+00       22      155       23      221  S
      7      1   4.1703834755551550D-01 8.0D-09 0.0D+00 3.1D-10 0.0D+00       21      155       21      210  S
      7      1   3.9028843753864750D-01 6.3D-09 0.0D+00 4.8D-08 0.0D+00       23      147       23      230  S
      7      1   3.9028843754161147D-01 6.3D-09 0.0D+00 4.1D-09 0.0D+00       21      142       21      210  S
      7      1   4.1703834755279151D-01 8.0D-09 0.0D+00 6.3D-08 0.0D+00       24      178       24      240  S
      7      1   3.9028844368637455D-01 6.3D-09 0.0D+00 6.5D-08 0.0D+00       22      134       22      220  S
      7      1   4.1917008507094861D-01 8.0D-09 0.0D+00 6.1D-09 0.0D+00       21      153       21      210  S
      7      1   4.1811807935093465D-01 8.0D-09 0.0D+00 7.7D-10 0.0D+00       21      148       21      210  S
      7      1   4.1808808586121804D-01 8.0D-09 0.0D+00 2.5D-10 0.0D+00       21      125       21      210  S
      7      1   4.1811807935004541D-01 8.0D-09 0.0D+00 1.8D-09 0.0D+00       23      153       23      230  S
      7      1   3.9130773151101356D-01 1.0D-08 0.0D+00 7.6D-08 0.0D+00       22      164       22      220  S
      7      1   4.1917008506881154D-01 8.0D-09 0.0D+00 5.5D-08 0.0D+00       23      181       23      230  S
      7      1   4.1917008509216691D-01 8.0D-09 0.0D+00 6.2D-08 0.0D+00       24      177       25      241  S
      7      1   4.1917008507048548D-01 8.0D-09 0.0D+00 1.6D-09 0.0D+00       21      148       21      210  S
      7      1   4.1703834755629238D-01 8.0D-09 0.0D+00 4.9D-08 0.0D+00       22      168       23      222  S
      7      1   3.9002436929683859D-01 6.3D-09 0.0D+00 3.9D-09 0.0D+00       22      144       22      220  S
      7      1   4.1917008507569636D-01 8.0D-09 0.0D+00 3.6D-09 0.0D+00       22      168       22      220  S
      7      1   4.1703834755359248D-01 8.0D-09 0.0D+00 1.8D-09 0.0D+00       21      147       21      210  S
      7      1   4.1811807934955436D-01 8.0D-09 0.0D+00 7.7D-11 0.0D+00       21      130       21      210  S
      7      1   3.9002436929619644D-01 6.3D-09 0.0D+00 3.0D-08 0.0D+00       23      147       24      231  S
      7      1   3.9130773151756143D-01 1.0D-08 0.0D+00 7.6D-08 0.0D+00       22      164       22      220  S
      7      1   3.9028843754067627D-01 6.3D-09 0.0D+00 7.1D-09 0.0D+00       21      153       21      210  S
      7      1   3.9028843754217146D-01 6.3D-09 0.0D+00 4.9D-08 0.0D+00       23      157       23      230  S
      7      1   3.9002436929957651D-01 6.3D-09 0.0D+00 2.3D-08 0.0D+00       23      166       24      232  S
      7      1   3.9028843754164821D-01 6.3D-09 0.0D+00 5.4D-08 0.0D+00       22      154       22      220  S
      7      1   3.9130773150955916D-01 1.0D-08 0.0D+00 7.6D-08 0.0D+00       21      141       21      210  S
      7      1   3.9028843754275655D-01 6.3D-09 0.0D+00 7.5D-10 0.0D+00       21      146       21      210  S
      7      1   3.9130773151812875D-01 1.0D-08 0.0D+00 7.6D-08 0.0D+00       22      161       22      220  S
      7      1   3.9028843753903292D-01 6.3D-09 0.0D+00 6.6D-08 0.0D+00       23      172       23      230  S
      7      1   4.1811807935144302D-01 8.0D-09 0.0D+00 4.0D-09 0.0D+00       21      141       21      210  S
      7      1   3.9002436929783152D-01 6.3D-09 0.0D+00 2.1D-11 0.0D+00       22      154       22      220  S
      7      1   3.9028844368805921D-01 6.3D-09 0.0D+00 3.1D-08 0.0D+00       23      150       24      232  S
      7      1   3.9028843754017806D-01 6.3D-09 0.0D+00 2.8D-09 0.0D+00       22      151       22      220  S
      7      1   3.9028844369201898D-01 6.3D-09 0.0D+00 4.0D-09 0.0D+00       22      130       22      220  S
      7      1   4.1703834755345731D-01 8.0D-09 0.0D+00 2.8D-08 0.0D+00       22      162       23      222  S
      7      1   4.1703834755955443D-01 8.0D-09 0.0D+00 1.6D-09 0.0D+00       21      150       21      210  S
      7      1   4.1703834755524866D-01 8.0D-09 0.0D+00 3.6D-09 0.0D+00       23      176       23      230  S
      7      1   3.9002436929762618D-01 6.3D-09 0.0D+00 5.5D-08 0.0D+00       22      167       23      221  S
      7      1   3.9002436929745965D-01 6.3D-09 0.0D+00 1.2D-09 0.0D+00       22      143       22      220  S
      7      1   3.9130773151132231D-01 1.0D-08 0.0D+00 7.6D-08 0.0D+00       22      152       22      220  S
      7      1   4.1811807935347012D-01 8.0D-09 0.0D+00 2.5D-08 0.0D+00       22      160       23      221  S
      7      1   3.9130773150978898D-01 1.0D-08 0.0D+00 7.6D-08 0.0D+00       24      169       25      241  S
      7      1   4.1917008507000830D-01 8.0D-09 0.0D+00 2.6D-09 0.0D+00       21      146       21      210  S
      7      1   3.9002436929646678D-01 6.3D-09 0.0D+00 3.1D-09 0.0D+00       23      160       23      230  S
      7      1   3.9028843754409809D-01 6.3D-09 0.0D+00 3.5D-11 0.0D+00       22      166       22      220  S
      7      1   4.1811807934891881D-01 8.0D-09 0.0D+00 1.4D-09 0.0D+00       21      124       21      210  S
      7      1   4.1811807934939499D-01 8.0D-09 0.0D+00 5.2D-08 0.0D+00       24      170       25      242  S
      7      1   4.1703834755204849D-01 8.0D-09 0.0D+00 3.4D-08 0.0D+00       22      141       22      220  S
      7      1   4.1808808585530088D-01 8.0D-09 0.0D+00 6.5D-08 0.0D+00       22      149       22      220  S
      7      1   3.9028844368962123D-01 6.3D-09 0.0D+00 6.5D-08 0.0D+00       23      159       23      230  S
      7      1   3.9028844368932686D-01 6.3D-09 0.0D+00 4.1D-09 0.0D+00       22      149       22      220  S
      7      1   3.9002436929985085D-01 6.3D-09 0.0D+00 2.8D-09 0.0D+00       21      148       21      210  S
      7      1   4.1811807934780432D-01 8.0D-09 0.0D+00 6.8D-08 0.0D+00       22      163       22      220  S
      7      1   4.1808808585781493D-01 8.0D-09 0.0D+00 6.8D-08 0.0D+00       22      137       23      222  S
      7      1   3.9002436929732953D-01 6.3D-09 0.0D+00 1.4D-09 0.0D+00       22      146       22      220  S
      7      1   4.1811807934708695D-01 8.0D-09 0.0D+00 6.8D-08 0.0D+00       24      160       25      242  S
      7      1   4.1811807934928874D-01 8.0D-09 0.0D+00 2.1D-09 0.0D+00       21      135       21      210  S
      7      1   4.1811807934999778D-01 8.0D-09 0.0D+00 2.3D-09 0.0D+00       21      140       21      210  S
      7      1   4.1703834755101554D-01 8.0D-09 0.0D+00 6.5D-08 0.0D+00       22      133       23      222  S
      7      1   3.9028844368725391D-01 6.3D-09 0.0D+00 5.1D-08 0.0D+00       23      145       23      230  S
      7      1   3.9002436929720652D-01 6.3D-09 0.0D+00 4.4D-09 0.0D+00       22      131       22      220  S
      7      1   4.1703834755945907D-01 8.0D-09 0.0D+00 6.1D-10 0.0D+00       21      162       21      210  S
      7      1   4.1811807935407663D-01 8.0D-09 0.0D+00 1.7D-09 0.0D+00       21      133       21      210  S
      7      1   5.3777829685985812D-01 5.7D-03 0.0D+00 1.0D+00 0.0D+00       21      122       22      220  S
      7      1   4.1811807935407769D-01 8.0D-09 0.0D+00 8.6D-10 0.0D+00       23      167       23      230  S
      7      1   3.9002436929753492D-01 6.3D-09 0.0D+00 5.4D-10 0.0D+00       23      144       23      230  S
      7      1   3.9028843753979570D-01 6.3D-09 0.0D+00 6.3D-09 0.0D+00       21      145       21      210  S
      7      1   4.1811807935671008D-01 8.0D-09 0.0D+00 2.4D-10 0.0D+00       23      155       23      230  S
      7      1   3.9002436929840339D-01 6.3D-09 0.0D+00 2.2D-08 0.0D+00       24      186       24      240  S
      7      1   4.1811807934582335D-01 8.0D-09 0.0D+00 7.0D-08 0.0D+00       22      140       22      220  S
      7      1   3.9002436929725648D-01 6.3D-09 0.0D+00 9.2D-12 0.0D+00       21      147       21      210  S
      7      1   3.9028844368839838D-01 6.3D-09 0.0D+00 3.2D-10 0.0D+00       21      123       21      210  S
      7      1   4.1917008507098397D-01 8.0D-09 0.0D+00 1.0D-09 0.0D+00       21      163       21      210  S
      7      1   3.9028844369208043D-01 6.3D-09 0.0D+00 1.4D-09 0.0D+00       21      173       21      210  S
      7      1   4.1811807934657835D-01 8.0D-09 0.0D+00 7.0D-08 0.0D+00       22      146       22      220  S
      7      1   3.9130773150908227D-01 1.0D-08 0.0D+00 7.6D-08 0.0D+00       23      153       23      230  S
      7      1   4.1703834755756791D-01 8.0D-09 0.0D+00 3.6D-09 0.0D+00       23      149       23      230  S
      7      1   3.9028843754182130D-01 6.3D-09 0.0D+00 1.8D-09 0.0D+00       22      154       22      220  S
      7      1   4.1808808586015284D-01 8.0D-09 0.0D+00 1.6D-09 0.0D+00       21      135       21      210  S
      7      1   3.9028844369200094D-01 6.3D-09 0.0D+00 3.1D-09 0.0D+00       22      161       22      220  S
      7      1   3.9130773151161213D-01 1.0D-08 0.0D+00 7.6D-08 0.0D+00       23      161       24      231  S
      7      1   3.9002436929708334D-01 6.3D-09 0.0D+00 3.2D-10 0.0D+00       22      145       22      220  S
      7      1   3.9028844368773635D-01 6.3D-09 0.0D+00 6.7D-08 0.0D+00       22      147       22      220  S
      7      1   3.9028843754137016D-01 6.3D-09 0.0D+00 1.5D-09 0.0D+00       21      147       21      210  S
      7      1   4.1811807935053280D-01 8.0D-09 0.0D+00 1.5D-09 0.0D+00       23      151       23      230  S
      7      1   4.1703834755340635D-01 8.0D-09 0.0D+00 2.8D-08 0.0D+00       24      177       25      241  S
      7      1   3.9130773151462617D-01 1.0D-08 0.0D+00 7.6D-08 0.0D+00       22      181       22      220  S
      7      1   4.1811807934793760D-01 8.0D-09 0.0D+00 2.4D-08 0.0D+00       22      149       23      221  S
      7      1   3.9130773150950793D-01 1.0D-08 0.0D+00 7.6D-08 0.0D+00       22      146       22      220  S
      7      1   3.9130773166799115D-01 1.0D-08 0.0D+00 7.6D-08 0.0D+00       23      194       24      231  S
      7      1   3.9028843754118536D-01 6.3D-09 0.0D+00 7.0D-09 0.0D+00       22      170       22      220  S
      7      1   3.9028844368757665D-01 6.3D-09 0.0D+00 4.4D-08 0.0D+00       22      174       23      222  S
      7      1   3.9002436929840167D-01 6.3D-09 0.0D+00 2.5D-08 0.0D+00       24      156       24      240  S
      7      1   4.1917008507002912D-01 8.0D-09 0.0D+00 5.1D-10 0.0D+00       21      130       21      210  S
      7      1   3.9028843753994985D-01 6.3D-09 0.0D+00 2.5D-09 0.0D+00       21      121       21      210  S
      7      1   3.9002436929570289D-01 6.3D-09 0.0D+00 2.7D-08 0.0D+00       22      171       22      220  S
      7      1   4.1703834755221753D-01 8.0D-09 0.0D+00 3.5D-08 0.0D+00       22      136       22      220  S
      7      1   4.1808808585824819D-01 8.0D-09 0.0D+00 1.4D-09 0.0D+00       21      126       21      210  S
      7      1   4.1811807935178474D-01 8.0D-09 0.0D+00 9.8D-10 0.0D+00       21      158       21      210  S
      7      1   3.9130773150819465D-01 1.0D-08 0.0D+00 7.6D-08 0.0D+00       23      157       23      230  S
      7      1   3.9131765887910308D-01 6.3D-09 0.0D+00 9.2D-10 0.0D+00       21      120       21      210  S
      7      1   4.1808808586400725D-01 8.0D-09 0.0D+00 4.7D-09 0.0D+00       21      137       21      210  S
      7      1   4.1703834755385899D-01 8.0D-09 0.0D+00 1.1D-10 0.0D+00       21      137       21      210  S
      7      1   3.9002436930817419D-01 6.3D-09 0.0D+00 3.8D-09 0.0D+00       22      155       22      220  S
      7      1   3.9028843754049575D-01 6.3D-09 0.0D+00 1.6D-09 0.0D+00       22      154       22      220  S
      7      1   4.1811807935106443D-01 8.0D-09 0.0D+00 5.0D-08 0.0D+00       22      136       22      220  S
      7      1   4.1808808586093232D-01 8.0D-09 0.0D+00 2.2D-09 0.0D+00       21      139       21      210  S
      7      1   4.5109727967784335D-01 7.2D-09 0.0D+00 7.2D-08 0.0D+00       22      140       22      220  S
      7      1   3.9130773151089687D-01 1.0D-08 0.0D+00 7.6D-08 0.0D+00       23      138       23      230  S
      7      1   3.9130773151153714D-01 1.0D-08 0.0D+00 7.6D-08 0.0D+00       22      156       22      220  S
      7      1   4.1917008506967468D-01 8.0D-09 0.0D+00 3.7D-09 0.0D+00       21      152       21      210  S
      7      1   4.1811807935606377D-01 8.0D-09 0.0D+00 1.8D-10 0.0D+00       23      164       23      230  S
      7      1   3.9028843754083969D-01 6.3D-09 0.0D+00 3.3D-11 0.0D+00       22      162       22      220  S
      7      1   3.9028843754289594D-01 6.3D-09 0.0D+00 1.1D-08 0.0D+00       23      142       23      230  S
      7      1   4.1808808585856222D-01 8.0D-09 0.0D+00 2.1D-09 0.0D+00       21      135       21      210  S
      7      1   4.1703834755903757D-01 8.0D-09 0.0D+00 2.4D-09 0.0D+00       21      128       21      210  S
      7      1   3.9028844369097521D-01 6.3D-09 0.0D+00 2.8D-09 0.0D+00       21      146       21      210  S
      7      1   4.1703834755570651D-01 8.0D-09 0.0D+00 3.3D-08 0.0D+00       22      148       23      222  S
      7      1   3.9130773151113801D-01 1.0D-08 0.0D+00 7.6D-08 0.0D+00       22      139       22      220  S
      7      1   4.1917008507593234D-01 8.0D-09 0.0D+00 1.3D-09 0.0D+00       21      143       21      210  S
      7      1   4.1808808586189483D-01 8.0D-09 0.0D+00 7.1D-08 0.0D+00       22      126       22      220  S
      7      1   3.9002436929548273D-01 6.3D-09 0.0D+00 6.0D-08 0.0D+00       22      142       22      220  S
      7      1   3.9028844368839294D-01 6.3D-09 0.0D+00 1.5D-10 0.0D+00       21      157       21      210  S
      7      1   3.9002436929715040D-01 6.3D-09 0.0D+00 2.9D-08 0.0D+00       23      157       24      231  S
      7      1   3.9002436929626760D-01 6.3D-09 0.0D+00 8.2D-09 0.0D+00       21      130       21      210  S
      7      1   3.9028844368830329D-01 6.3D-09 0.0D+00 7.2D-11 0.0D+00       21      129       21      210  S
      7      1   4.1811807935318840D-01 8.0D-09 0.0D+00 4.7D-10 0.0D+00       23      150       23      230  S
      7      1   4.1703834755662345D-01 8.0D-09 0.0D+00 3.3D-08 0.0D+00       22      148       22      220  S
      7      1   3.9002436929949219D-01 6.3D-09 0.0D+00 8.5D-09 0.0D+00       21      145       21      210  S
      7      1   4.1917008507233083D-01 8.0D-09 0.0D+00 5.5D-08 0.0D+00       22      147       22      220  S
      7      1   4.1917008507555553D-01 8.0D-09 0.0D+00 3.2D-09 0.0D+00       21      145       21      210  S
      7      1   4.1703834755478697D-01 8.0D-09 0.0D+00 1.9D-10 0.0D+00       21      142       21      210  S
      7      1   4.1811807935019590D-01 8.0D-09 0.0D+00 3.2D-08 0.0D+00       22      137       22      220  S
      7      1   3.9130773151113274D-01 1.0D-08 0.0D+00 7.6D-08 0.0D+00       22      160       22      220  S
      7      1   3.9130773151346254D-01 1.0D-08 0.0D+00 7.6D-08 0.0D+00       21      119       21      210  S
      7      1   4.4936095879904286D-01 7.2D-09 0.0D+00 1.4D-09 0.0D+00       21      140       21      210  S
      7      1   4.1808808585813156D-01 8.0D-09 0.0D+00 6.0D-09 0.0D+00       21      121       21      210  S
      7      1   3.9028844369018456D-01 6.3D-09 0.0D+00 6.3D-08 0.0D+00       23      168       23      230  S
      7      1   3.9028843754076575D-01 6.3D-09 0.0D+00 4.6D-08 0.0D+00       23      160       23      230  S
      7      1   3.9028843754007780D-01 6.3D-09 0.0D+00 2.2D-09 0.0D+00       22      161       22      220  S
      7      1   3.9028844368751625D-01 6.3D-09 0.0D+00 5.8D-08 0.0D+00       23      157       23      230  S
      7      1   4.1808808586091345D-01 8.0D-09 0.0D+00 1.9D-09 0.0D+00       21      117       21      210  S
      7      1   4.1917008507516440D-01 8.0D-09 0.0D+00 3.1D-09 0.0D+00       21      143       21      210  S
      7      1   3.9028843754094045D-01 6.3D-09 0.0D+00 6.4D-09 0.0D+00       22      143       22      220  S
      7      1   3.9002436929711282D-01 6.3D-09 0.0D+00 1.8D-09 0.0D+00       22      158       22      220  S
      7      1   4.1917008507271575D-01 8.0D-09 0.0D+00 5.1D-08 0.0D+00       22      157       23      221  S
      7      1   3.9002436930027495D-01 6.3D-09 0.0D+00 4.1D-09 0.0D+00       22      163       22      220  S
      7      1   4.1917008506843928D-01 8.0D-09 0.0D+00 2.9D-08 0.0D+00       22      150       22      220  S
      7      1   3.9130773150932086D-01 1.0D-08 0.0D+00 7.6D-08 0.0D+00       21      118       21      210  S
      7      1   4.1811807934779338D-01 8.0D-09 0.0D+00 5.8D-08 0.0D+00       22      145       22      220  S
      7      1   4.1917008507550246D-01 8.0D-09 0.0D+00 6.4D-09 0.0D+00       21      144       21      210  S
      7      1   4.1917008507080844D-01 8.0D-09 0.0D+00 4.2D-09 0.0D+00       21      118       21      210  S
      7      1   4.1811807934770773D-01 8.0D-09 0.0D+00 6.9D-08 0.0D+00       24      163       25      242  S
      7      1   3.9130773151558923D-01 1.0D-08 0.0D+00 7.6D-08 0.0D+00       23      158       23      230  S
      7      1   4.1917008507063969D-01 8.0D-09 0.0D+00 1.7D-09 0.0D+00       21      155       21      210  S
      7      1   3.9002436929612944D-01 6.3D-09 0.0D+00 2.8D-08 0.0D+00       22      155       22      220  S
      7      1   3.9028844369222954D-01 6.3D-09 0.0D+00 9.8D-10 0.0D+00       21      148       21      210  S
      7      1   4.1808808586281843D-01 8.0D-09 0.0D+00 3.0D-09 0.0D+00       21      136       21      210  S
      7      1   3.9028844369037929D-01 6.3D-09 0.0D+00 5.1D-10 0.0D+00       21      150       21      210  S
      7      1   3.9002436969804721D-01 6.3D-09 0.0D+00 3.4D-09 0.0D+00       22      137       22      220  S
      7      1   3.9028843754010639D-01 6.3D-09 0.0D+00 9.1D-11 0.0D+00       21      131       21      210  S
      7      1   4.1808808586054386D-01 8.0D-09 0.0D+00 6.9D-08 0.0D+00       22      139       23      222  S
      7      1   3.9028843754070619D-01 6.3D-09 0.0D+00 7.0D-08 0.0D+00       22      155       22      220  S
      7      1   4.1917008506964581D-01 8.0D-09 0.0D+00 1.2D-09 0.0D+00       21      132       21      210  S
      7      1   4.1917008507055908D-01 8.0D-09 0.0D+00 1.3D-09 0.0D+00       22      147       22      220  S
      7      1   3.9028844369153093D-01 6.3D-09 0.0D+00 1.4D-10 0.0D+00       21      143       21      210  S
      7      1   4.1703834755167069D-01 8.0D-09 0.0D+00 6.5D-08 0.0D+00       24      145       25      241  S
      7      1   5.4579473525361077D-01 1.1D-16 0.0D+00 1.0D+00 0.0D+00       25      125       26      260  S
      7      1   3.9002436929769807D-01 6.3D-09 0.0D+00 4.9D-09 0.0D+00       22      141       22      220  S
      7      1   3.9002436929736467D-01 6.3D-09 0.0D+00 2.8D-08 0.0D+00       24      169       25      241  S
      7      1   4.1703834755100966D-01 8.0D-09 0.0D+00 5.9D-08 0.0D+00       22      149       22      220  S
      7      1   4.1808808586745266D-01 8.0D-09 0.0D+00 4.6D-09 0.0D+00       21      134       21      210  S
      7      1   4.1811807935166428D-01 8.0D-09 0.0D+00 6.8D-08 0.0D+00       24      171       25      242  S
      7      1   3.9028844369028604D-01 6.3D-09 0.0D+00 7.0D-08 0.0D+00       23      168       23      230  S
      7      1   4.1703834755135138D-01 8.0D-09 0.0D+00 5.1D-08 0.0D+00       22      132       23      221  S
      7      1   3.9028844368872084D-01 6.3D-09 0.0D+00 1.2D-09 0.0D+00       22      150       22      220  S
      7      1   4.1811807935034384D-01 8.0D-09 0.0D+00 2.0D-09 0.0D+00       21      125       21      210  S
      7      1   3.9130773151115333D-01 1.0D-08 0.0D+00 7.6D-08 0.0D+00       22      152       22      220  S
      7      1   3.9002436930023232D-01 6.3D-09 0.0D+00 1.1D-09 0.0D+00       22      149       22      220  S
      7      1   3.9130773151656795D-01 1.0D-08 0.0D+00 7.6D-08 0.0D+00       23      170       23      230  S
      7      1   4.0193693213871023D-01 1.1D-16 0.0D+00 1.0D+00 0.0D+00       23      142       23      230  S
      7      1   3.9028843754141523D-01 6.3D-09 0.0D+00 5.7D-08 0.0D+00       22      168       23      221  S
      7      1   3.9028843754064357D-01 6.3D-09 0.0D+00 7.4D-09 0.0D+00       22      151       22      220  S
      7      1   3.9028844368706112D-01 6.3D-09 0.0D+00 6.4D-08 0.0D+00       22      156       22      220  S
      7      1   3.9002436929426515D-01 6.3D-09 0.0D+00 6.5D-08 0.0D+00       24      166       25      242  S
      7      1   3.9028844369252225D-01 6.3D-09 0.0D+00 7.5D-09 0.0D+00       21      143       21      210  S
      7      1   3.9002436929666157D-01 6.3D-09 0.0D+00 4.1D-09 0.0D+00       21      131       21      210  S
      7      1   3.9130773150996634D-01 1.0D-08 0.0D+00 7.6D-08 0.0D+00       22      126       23      221  S
      7      1   3.9028843754088460D-01 6.3D-09 0.0D+00 3.2D-08 0.0D+00       22      180       22      220  S
      7      1   3.9130773151032672D-01 1.0D-08 0.0D+00 7.6D-08 0.0D+00       22      157       22      220  S
      7      1   3.9028843753916709D-01 6.3D-09 0.0D+00 1.4D-08 0.0D+00       22      158       22      220  S
      7      1   3.9028844368859894D-01 6.3D-09 0.0D+00 1.7D-09 0.0D+00       21      158       21      210  S
      7      1   4.1808808585815238D-01 8.0D-09 0.0D+00 1.8D-09 0.0D+00       21      129       21      210  S
      7      1   4.1808808586580792D-01 8.0D-09 0.0D+00 5.3D-09 0.0D+00       21      147       21      210  S
      7      1   3.9002436929718554D-01 6.3D-09 0.0D+00 5.5D-10 0.0D+00       22      151       22      220  S
      7      1   4.1811807935577761D-01 8.0D-09 0.0D+00 3.1D-09 0.0D+00       23      142       23      230  S
      7      1   4.1811807934635309D-01 8.0D-09 0.0D+00 7.1D-08 0.0D+00       22      161       22      220  S
      7      1   3.9028843754244014D-01 6.3D-09 0.0D+00 4.3D-10 0.0D+00       21      136       21      210  S
      7      1   3.9002436929479056D-01 6.3D-09 0.0D+00 6.1D-08 0.0D+00       22      148       22      220  S
      7      1   4.1703834755472879D-01 8.0D-09 0.0D+00 1.3D-09 0.0D+00       23      153       23      230  S
      7      1   3.9028843754311809D-01 6.3D-09 0.0D+00 2.3D-09 0.0D+00       21      136       21      210  S
      7      1   4.1703834755411739D-01 8.0D-09 0.0D+00 3.0D-09 0.0D+00       21      126       21      210  S
      7      1   3.9028843753984704D-01 6.3D-09 0.0D+00 9.1D-10 0.0D+00       21      150       21      210  S
      7      1   4.1811807935036327D-01 8.0D-09 0.0D+00 1.9D-09 0.0D+00       21      143       21      210  S
      7      1   3.9028843754061648D-01 6.3D-09 0.0D+00 3.3D-10 0.0D+00       21      171       21      210  S
      7      1   3.9130773151674170D-01 1.0D-08 0.0D+00 7.6D-08 0.0D+00       21      114       21      210  S
      7      1   4.1811807934677914D-01 8.0D-09 0.0D+00 7.0D-08 0.0D+00       22      156       22      220  S
      7      1   3.9130773151011405D-01 1.0D-08 0.0D+00 7.6D-08 0.0D+00       22      163       22      220  S
      7      1   3.9028843754174486D-01 6.3D-09 0.0D+00 3.1D-09 0.0D+00       22      135       22      220  S
      7      1   3.9028844369061538D-01 6.3D-09 0.0D+00 5.7D-08 0.0D+00       22      165       22      220  S
      7      1   4.1811807934915696D-01 8.0D-09 0.0D+00 1.3D-09 0.0D+00       21      133       21      210  S
      7      1   4.1811807934696599D-01 8.0D-09 0.0D+00 6.5D-08 0.0D+00       22      120       22      220  S
      7      1   3.9002436929555495D-01 6.3D-09 0.0D+00 4.7D-08 0.0D+00       23      159       23      230  S
      7      1   3.9130773151022774D-01 1.0D-08 0.0D+00 7.6D-08 0.0D+00       23      147       23      230  S
      7      1   4.1811807935473000D-01 8.0D-09 0.0D+00 2.0D-09 0.0D+00       23      168       23      230  S
      7      1   3.9028844369055654D-01 6.3D-09 0.0D+00 2.6D-09 0.0D+00       21      122       21      210  S
      7      1   3.9028844368997578D-01 6.3D-09 0.0D+00 1.3D-08 0.0D+00       23      161       24      231  S
      7      1   3.9028844368892196D-01 6.3D-09 0.0D+00 1.8D-09 0.0D+00       22      142       22      220  S
      7      1   3.9028843753903558D-01 6.3D-09 0.0D+00 2.9D-08 0.0D+00       22      151       23      222  S
      7      1   4.1917008507083142D-01 8.0D-09 0.0D+00 3.1D-10 0.0D+00       21      143       21      210  S
      7      1   3.9028844368753079D-01 6.3D-09 0.0D+00 7.0D-08 0.0D+00       22      145       22      220  S
      7      1   4.1703834755389613D-01 8.0D-09 0.0D+00 2.6D-09 0.0D+00       21      137       21      210  S
      7      1   4.1917008506966746D-01 8.0D-09 0.0D+00 3.9D-09 0.0D+00       21      155       21      210  S
      7      1   4.1917008506635628D-01 8.0D-09 0.0D+00 7.0D-08 0.0D+00       22      146       23      221  S
      7      1   3.9028843754011838D-01 6.3D-09 0.0D+00 8.2D-09 0.0D+00       21      139       21      210  S
      7      1   4.1917008507286468D-01 8.0D-09 0.0D+00 2.1D-09 0.0D+00       21      140       21      210  S
      7      1   4.1917008506988118D-01 8.0D-09 0.0D+00 2.4D-09 0.0D+00       21      129       21      210  S
      7      1   3.9002436929472112D-01 6.3D-09 0.0D+00 5.4D-08 0.0D+00       22      145       22      220  S
      7      1   3.9028843753855941D-01 6.3D-09 0.0D+00 5.3D-08 0.0D+00       23      168       23      230  S
      7      1   3.9028844368719995D-01 6.3D-09 0.0D+00 4.4D-08 0.0D+00       23      139       23      230  S
      7      1   3.9002436929902484D-01 6.3D-09 0.0D+00 2.1D-09 0.0D+00       22      148       22      220  S
      7      1   4.1808808585832319D-01 8.0D-09 0.0D+00 5.4D-09 0.0D+00       21      122       21      210  S
      7      1   4.1808808585889701D-01 8.0D-09 0.0D+00 1.1D-09 0.0D+00       21      137       21      210  S
      7      1   4.1811807934647782D-01 8.0D-09 0.0D+00 7.1D-08 0.0D+00       22      147       22      220  S
      7      1   4.1811807934697770D-01 8.0D-09 0.0D+00 7.0D-08 0.0D+00       22      145       23      221  S
      7      1   4.1811807934936696D-01 8.0D-09 0.0D+00 1.6D-10 0.0D+00       21      122       21      210  S
      7      1   4.1703834755204588D-01 8.0D-09 0.0D+00 5.8D-08 0.0D+00       24      163       25      242  S
      7      1   4.1917008506980613D-01 8.0D-09 0.0D+00 7.1D-10 0.0D+00       21      150       21      210  S
      7      1   3.9028843754093284D-01 6.3D-09 0.0D+00 4.9D-09 0.0D+00       22      158       22      220  S
      7      1   4.1811807934595197D-01 8.0D-09 0.0D+00 6.9D-08 0.0D+00       22      149       22      220  S
      7      1   3.9130773152054454D-01 1.0D-08 0.0D+00 7.6D-08 0.0D+00       22      132       22      220  S
      7      1   4.1917008507089210D-01 8.0D-09 0.0D+00 3.2D-09 0.0D+00       21      147       21      210  S
      7      1   3.9130773151753173D-01 1.0D-08 0.0D+00 7.6D-08 0.0D+00       22      123       22      220  S
      7      1   4.1811807934715295D-01 8.0D-09 0.0D+00 7.1D-08 0.0D+00       24      165       25      242  S
      7      1   3.9002436929793183D-01 6.3D-09 0.0D+00 1.5D-08 0.0D+00       22      152       23      222  S
      7      1   4.1917008506742270D-01 8.0D-09 0.0D+00 6.9D-08 0.0D+00       22      143       22      220  S
      7      1   3.9002436929664341D-01 6.3D-09 0.0D+00 6.7D-09 0.0D+00       21      141       21      210  S
      7      1   4.1811807935432582D-01 8.0D-09 0.0D+00 1.4D-10 0.0D+00       21      128       21      210  S
      7      1   4.1811807935030154D-01 8.0D-09 0.0D+00 1.4D-09 0.0D+00       21      139       21      210  S
      7      1   3.9002436929742762D-01 6.3D-09 0.0D+00 3.9D-08 0.0D+00       24      184       25      241  S
      7      1   3.9130773151087489D-01 1.0D-08 0.0D+00 7.6D-08 0.0D+00       24      154       24      240  S
      7      1   4.1703834755727720D-01 8.0D-09 0.0D+00 5.2D-08 0.0D+00       23      188       24      231  S
      7      1   3.9028844368904803D-01 6.3D-09 0.0D+00 4.2D-09 0.0D+00       21      143       21      210  S
      7      1   3.9002436929678141D-01 6.3D-09 0.0D+00 6.6D-10 0.0D+00       21      114       21      210  S
      7      1   4.1703834755619340D-01 8.0D-09 0.0D+00 1.2D-09 0.0D+00       23      174       23      230  S
      7      1   3.9028844368850923D-01 6.3D-09 0.0D+00 5.6D-09 0.0D+00       21      151       21      210  S
      7      1   3.9002436929880419D-01 6.3D-09 0.0D+00 3.2D-09 0.0D+00       21      169       21      210  S
      7      1   3.9028844368853854D-01 6.3D-09 0.0D+00 5.2D-09 0.0D+00       21      148       21      210  S
      7      1   4.1917008507163112D-01 8.0D-09 0.0D+00 6.1D-08 0.0D+00       22      147       22      220  S
      7      1   3.9002436929686846D-01 6.3D-09 0.0D+00 8.2D-10 0.0D+00       21      137       21      210  S
      7      1   3.9028844368835952D-01 6.3D-09 0.0D+00 4.6D-10 0.0D+00       21      147       21      210  S
      7      1   3.9028844368857357D-01 6.3D-09 0.0D+00 5.9D-08 0.0D+00       22      163       22      220  S
      7      1   4.1917008507012471D-01 8.0D-09 0.0D+00 2.3D-09 0.0D+00       21      146       21      210  S
      7      1   4.1703834755389202D-01 8.0D-09 0.0D+00 4.4D-09 0.0D+00       21      150       21      210  S
      7      1   3.9130773150944287D-01 1.0D-08 0.0D+00 7.6D-08 0.0D+00       21      127       21      210  S
      7      1   3.9028843754247960D-01 6.3D-09 0.0D+00 3.2D-08 0.0D+00       22      133       22      220  S
      7      1   3.9028844368685450D-01 6.3D-09 0.0D+00 6.4D-08 0.0D+00       22      152       22      220  S
      7      1   4.1917008506945541D-01 8.0D-09 0.0D+00 5.6D-08 0.0D+00       22      147       22      220  S
      7      1   3.9028844368943461D-01 6.3D-09 0.0D+00 6.2D-09 0.0D+00       22      139       22      220  S
      7      1   3.9002436929618489D-01 6.3D-09 0.0D+00 3.6D-09 0.0D+00       23      153       23      230  S
      7      1   3.9130773151014298D-01 1.0D-08 0.0D+00 7.6D-08 0.0D+00       22      129       22      220  S
      7      1   4.1703834755887659D-01 8.0D-09 0.0D+00 3.7D-09 0.0D+00       23      162       23      230  S
      7      1   3.9002436929971324D-01 6.3D-09 0.0D+00 4.1D-09 0.0D+00       21      139       21      210  S
      7      1   3.9130773151055548D-01 1.0D-08 0.0D+00 7.6D-08 0.0D+00       22      150       22      220  S
      7      1   3.9002436929845885D-01 6.3D-09 0.0D+00 6.3D-08 0.0D+00       22      175       22      220  S
      7      1   4.1808808586035612D-01 8.0D-09 0.0D+00 8.5D-10 0.0D+00       21      134       21      210  S
      7      1   4.1917008507295989D-01 8.0D-09 0.0D+00 6.0D-09 0.0D+00       21      143       21      210  S
      7      1   3.9002436929597295D-01 6.3D-09 0.0D+00 4.8D-08 0.0D+00       22      155       23      221  S
      7      1   4.1808808585666052D-01 8.0D-09 0.0D+00 7.2D-08 0.0D+00       22      153       22      220  S
      7      1   3.9028843753833753D-01 6.3D-09 0.0D+00 6.2D-08 0.0D+00       22      171       23      221  S
      7      1   3.9130773150778331D-01 1.0D-08 0.0D+00 7.6D-08 0.0D+00       24      168       25      241  S
      7      1   4.1917008506983439D-01 8.0D-09 0.0D+00 2.1D-09 0.0D+00       21      143       21      210  S
      7      1   4.1703834755398833D-01 8.0D-09 0.0D+00 3.9D-09 0.0D+00       21      140       21      210  S
      7      1   4.1703834755570462D-01 8.0D-09 0.0D+00 6.4D-08 0.0D+00       22      157       22      220  S
      7      1   4.1703834756110675D-01 8.0D-09 0.0D+00 1.3D-09 0.0D+00       23      160       23      230  S
      7      1   3.9130773151922355D-01 1.0D-08 0.0D+00 7.6D-08 0.0D+00       23      166       23      230  S
      7      1   3.9028843753782283D-01 6.3D-09 0.0D+00 6.4D-08 0.0D+00       22      132       22      220  S
      7      1   3.9028844368865129D-01 6.3D-09 0.0D+00 1.6D-10 0.0D+00       21      145       21      210  S
      7      1   3.9028843754012532D-01 6.3D-09 0.0D+00 5.0D-09 0.0D+00       21      142       21      210  S
      7      1   4.1811807934636713D-01 8.0D-09 0.0D+00 5.9D-08 0.0D+00       22      145       23      221  S
      7      1   4.1811807934910145D-01 8.0D-09 0.0D+00 4.6D-09 0.0D+00       21      130       21      210  S
      7      1   3.9028844368880983D-01 6.3D-09 0.0D+00 4.9D-09 0.0D+00       22      149       22      220  S
      7      1   3.9028843753988285D-01 6.3D-09 0.0D+00 4.2D-09 0.0D+00       21      153       21      210  S
      7      1   4.1811807934976142D-01 8.0D-09 0.0D+00 1.2D-09 0.0D+00       21      145       21      210  S
      7      1   3.9130773151291526D-01 1.0D-08 0.0D+00 7.6D-08 0.0D+00       22      155       22      220  S
      7      1   4.1703834755460312D-01 8.0D-09 0.0D+00 1.0D-10 0.0D+00       23      152       23      230  S
      7      1   3.9002436929608353D-01 6.3D-09 0.0D+00 1.2D-09 0.0D+00       23      153       23      230  S
      7      1   4.4984455239673932D-01 7.2D-09 0.0D+00 3.7D-09 0.0D+00       21      136       21      210  S
      7      1   3.9028844368753363D-01 6.3D-09 0.0D+00 3.5D-08 0.0D+00       22      151       22      220  S
      7      1   3.9002436929613199D-01 6.3D-09 0.0D+00 7.8D-10 0.0D+00       23      172       23      230  S
      7      1   3.9028844368746773D-01 6.3D-09 0.0D+00 5.2D-08 0.0D+00       23      162       24      232  S
      7      1   3.9130773150982151D-01 1.0D-08 0.0D+00 7.6D-08 0.0D+00       22      134       22      220  S
      7      1   4.1811807935160228D-01 8.0D-09 0.0D+00 7.0D-08 0.0D+00       22      165       23      222  S
      7      1   4.4984455239756044D-01 7.2D-09 0.0D+00 6.6D-08 0.0D+00       22      142       23      222  S
      7      1   4.1808808585806906D-01 8.0D-09 0.0D+00 1.6D-09 0.0D+00       21      111       21      210  S
      7      1   3.9028844369000437D-01 6.3D-09 0.0D+00 5.8D-08 0.0D+00       22      168       23      221  S
      7      1   4.1765850090228906D-01 5.7D-07 0.0D+00 4.8D-03 0.0D+00       26      131       27      270  S
      7      1   3.9002436929973822D-01 6.3D-09 0.0D+00 1.4D-09 0.0D+00       23      151       23      230  S
      7      1   4.1917008506993403D-01 8.0D-09 0.0D+00 3.4D-09 0.0D+00       21      139       21      210  S
      7      1   3.9130773151648723D-01 1.0D-08 0.0D+00 7.6D-08 0.0D+00       22      158       22      220  S
      7      1   3.9002436929705198D-01 6.3D-09 0.0D+00 1.7D-09 0.0D+00       21      167       21      210  S
      7      1   3.9130773151188447D-01 1.0D-08 0.0D+00 7.6D-08 0.0D+00       22      138       22      220  S
      7      1   3.9002436930020939D-01 6.3D-09 0.0D+00 3.7D-09 0.0D+00       22      191       22      220  S
      7      1   4.1811807935030498D-01 8.0D-09 0.0D+00 4.0D-08 0.0D+00       22      170       22      220  S
      7      1   4.1703834755385122D-01 8.0D-09 0.0D+00 9.1D-10 0.0D+00       21      136       21      210  S
      7      1   3.9028844368961968D-01 6.3D-09 0.0D+00 5.9D-10 0.0D+00       22      154       22      220  S
      7      1   4.1811807935008349D-01 8.0D-09 0.0D+00 2.6D-09 0.0D+00       21      129       21      210  S
      7      1   3.9130773150991377D-01 1.0D-08 0.0D+00 7.6D-08 0.0D+00       21      114       21      210  S
      7      1   3.9028843754306980D-01 6.3D-09 0.0D+00 4.9D-09 0.0D+00       21      121       21      210  S
      7      1   3.9002436929542356D-01 6.3D-09 0.0D+00 5.1D-08 0.0D+00       23      156       23      230  S
      7      1   3.9028844368873333D-01 6.3D-09 0.0D+00 1.6D-09 0.0D+00       21      146       21      210  S
      7      1   3.9028844368841364D-01 6.3D-09 0.0D+00 1.5D-10 0.0D+00       21      143       21      210  S
      7      1   4.1811807934754025D-01 8.0D-09 0.0D+00 6.8D-08 0.0D+00       24      158       25      242  S
      7      1   3.9130773151095005D-01 1.0D-08 0.0D+00 7.6D-08 0.0D+00       23      170       23      230  S
      7      1   4.1703834755247493D-01 8.0D-09 0.0D+00 6.6D-08 0.0D+00       22      146       23      221  S
      7      1   4.1808808585583318D-01 8.0D-09 0.0D+00 6.6D-08 0.0D+00       22      131       22      220  S
      7      1   3.9028843753956183D-01 6.3D-09 0.0D+00 3.6D-08 0.0D+00       23      156       23      230  S
      7      1   3.9002436929553669D-01 6.3D-09 0.0D+00 3.5D-08 0.0D+00       22      153       22      220  S
      7      1   3.9002436929492290D-01 6.3D-09 0.0D+00 4.7D-08 0.0D+00       24      192       24      240  S
      7      1   4.1917008506984826D-01 8.0D-09 0.0D+00 3.5D-10 0.0D+00       21      142       21      210  S
      7      1   3.9002436930140749D-01 6.3D-09 0.0D+00 7.3D-09 0.0D+00       22      138       22      220  S
      7      1   3.9002436929674855D-01 6.3D-09 0.0D+00 2.5D-09 0.0D+00       21      149       21      210  S
      7      1   3.9028843753968590D-01 6.3D-09 0.0D+00 2.5D-10 0.0D+00       21      140       21      210  S
      7      1   4.1917008506963077D-01 8.0D-09 0.0D+00 1.1D-09 0.0D+00       21      138       21      210  S
      7      1   4.1917008507445208D-01 8.0D-09 0.0D+00 2.5D-09 0.0D+00       23      144       23      230  S
      7      1   3.9028843754379389D-01 6.3D-09 0.0D+00 4.9D-09 0.0D+00       21      154       21      210  S
      7      1   4.1917008507222925D-01 8.0D-09 0.0D+00 6.4D-09 0.0D+00       21      149       21      210  S
      7      1   3.9028843754399561D-01 6.3D-09 0.0D+00 7.3D-09 0.0D+00       22      168       22      220  S
      7      1   3.9002436929575701D-01 6.3D-09 0.0D+00 1.3D-09 0.0D+00       23      180       23      230  S
      7      1   3.9028843753896819D-01 6.3D-09 0.0D+00 3.0D-08 0.0D+00       22      145       22      220  S
      7      1   3.9028843754051046D-01 6.3D-09 0.0D+00 3.0D-11 0.0D+00       21      140       21      210  S
      7      1   4.1703834755688757D-01 8.0D-09 0.0D+00 4.2D-08 0.0D+00       22      174       23      221  S
      7      1   4.1703834755218833D-01 8.0D-09 0.0D+00 6.5D-08 0.0D+00       24      149       25      241  S
      7      1   4.1811807934991363D-01 8.0D-09 0.0D+00 2.9D-11 0.0D+00       21      131       21      210  S
      7      1   4.1808808586097490D-01 8.0D-09 0.0D+00 4.7D-10 0.0D+00       21      136       21      210  S
      7      1   3.9028843753936610D-01 6.3D-09 0.0D+00 2.3D-08 0.0D+00       23      144       23      230  S
      7      1   4.4936095879735277D-01 7.2D-09 0.0D+00 4.2D-09 0.0D+00       21      138       21      210  S
      7      1   3.9028844368901555D-01 6.3D-09 0.0D+00 8.7D-09 0.0D+00       21      133       21      210  S
      7      1   4.1811807935057160D-01 8.0D-09 0.0D+00 8.4D-10 0.0D+00       23      168       23      230  S
      7      1   4.1917008506971526D-01 8.0D-09 0.0D+00 2.2D-09 0.0D+00       21      155       21      210  S
      7      1   4.1703834755396968D-01 8.0D-09 0.0D+00 7.3D-08 0.0D+00       22      132       22      220  S
      7      1   3.9028844369156124D-01 6.3D-09 0.0D+00 1.1D-09 0.0D+00       21      133       21      210  S
      7      1   3.9028844369063154D-01 6.3D-09 0.0D+00 2.3D-09 0.0D+00       21      147       21      210  S
      7      1   4.1811807935509510D-01 8.0D-09 0.0D+00 1.3D-09 0.0D+00       21      146       21      210  S
      7      1   3.9028844368667187D-01 6.3D-09 0.0D+00 5.5D-08 0.0D+00       22      147       22      220  S
      7      1   3.9002436929886214D-01 6.3D-09 0.0D+00 7.0D-09 0.0D+00       23      174       23      230  S
      7      1   3.9028843754079368D-01 6.3D-09 0.0D+00 6.0D-09 0.0D+00       22      134       22      220  S
      7      1   4.1811807934935608D-01 8.0D-09 0.0D+00 2.8D-09 0.0D+00       21      135       21      210  S
      7      1   3.9028843754336096D-01 6.3D-09 0.0D+00 3.3D-09 0.0D+00       22      145       22      220  S
      7      1   3.9130773151341514D-01 1.0D-08 0.0D+00 7.6D-08 0.0D+00       21      127       21      210  S
      7      1   3.9002436929758616D-01 6.3D-09 0.0D+00 2.2D-09 0.0D+00       21      129       21      210  S
      7      1   4.1811807935055689D-01 8.0D-09 0.0D+00 9.5D-10 0.0D+00       21      130       21      210  S
      7      1   3.9002436929744566D-01 6.3D-09 0.0D+00 4.8D-09 0.0D+00       23      166       23      230  S
      7      1   3.9028843754256920D-01 6.3D-09 0.0D+00 2.7D-08 0.0D+00       23      165       23      230  S
      7      1   4.1917008506921544D-01 8.0D-09 0.0D+00 3.1D-08 0.0D+00       22      141       22      220  S
      7      1   4.1808808586048690D-01 8.0D-09 0.0D+00 5.1D-08 0.0D+00       23      176       23      230  S
      7      1   3.9028844369230586D-01 6.3D-09 0.0D+00 1.7D-09 0.0D+00       22      133       22      220  S
      7      1   3.9028844369047316D-01 6.3D-09 0.0D+00 6.5D-08 0.0D+00       23      161       23      230  S
      7      1   3.9028843754178649D-01 6.3D-09 0.0D+00 1.5D-09 0.0D+00       22      174       22      220  S
      7      1   3.9028843753870079D-01 6.3D-09 0.0D+00 5.0D-08 0.0D+00       23      163       24      231  S
      7      1   4.1811807934811185D-01 8.0D-09 0.0D+00 6.6D-08 0.0D+00       22      162       22      220  S
      7      1   3.9130773150910658D-01 1.0D-08 0.0D+00 7.6D-08 0.0D+00       23      176       23      230  S
      7      1   3.9130773150970938D-01 1.0D-08 0.0D+00 7.6D-08 0.0D+00       21      112       21      210  S
      7      1   3.9002436929628553D-01 6.3D-09 0.0D+00 6.8D-09 0.0D+00       23      157       23      230  S
      7      1   3.9130773150992865D-01 1.0D-08 0.0D+00 7.6D-08 0.0D+00       21      172       21      210  S
      7      1   4.1808808585967583D-01 8.0D-09 0.0D+00 1.6D-09 0.0D+00       21      146       21      210  S
      7      1   3.9028843754064674D-01 6.3D-09 0.0D+00 5.5D-09 0.0D+00       21      153       21      210  S
      7      1   3.9002436929605588D-01 6.3D-09 0.0D+00 5.2D-09 0.0D+00       23      145       23      230  S
      7      1   3.9028844368978738D-01 6.3D-09 0.0D+00 3.5D-09 0.0D+00       21      131       21      210  S
      7      1   3.9130773151084319D-01 1.0D-08 0.0D+00 7.6D-08 0.0D+00       23      154       24      231  S
      7      1   4.1917008506978654D-01 8.0D-09 0.0D+00 4.9D-10 0.0D+00       21      151       21      210  S
      7      1   3.9002436929659939D-01 6.3D-09 0.0D+00 1.5D-09 0.0D+00       21      138       21      210  S
      7      1   3.9028844368789523D-01 6.3D-09 0.0D+00 3.2D-08 0.0D+00       22      155       22      220  S
      7      1   3.9028844368670351D-01 6.3D-09 0.0D+00 6.5D-08 0.0D+00       22      155       23      221  S
      7      1   3.9002436929720519D-01 6.3D-09 0.0D+00 8.3D-09 0.0D+00       22      138       22      220  S
      7      1   3.9130773150908887D-01 1.0D-08 0.0D+00 7.6D-08 0.0D+00       21      117       21      210  S
      7      1   3.9002436929660206D-01 6.3D-09 0.0D+00 2.9D-08 0.0D+00       23      157       23      230  S
      7      1   3.9002436929961193D-01 6.3D-09 0.0D+00 2.5D-08 0.0D+00       23      163       23      230  S
      7      1   4.1703834755532176D-01 8.0D-09 0.0D+00 6.4D-08 0.0D+00       22      153       23      221  S
      7      1   4.1917008506956632D-01 8.0D-09 0.0D+00 3.3D-09 0.0D+00       21      136       21      210  S
      7      1   4.1917008506994974D-01 8.0D-09 0.0D+00 2.6D-09 0.0D+00       21      144       21      210  S
      7      1   3.9130773151618020D-01 1.0D-08 0.0D+00 7.6D-08 0.0D+00       21      152       21      210  S
      7      1   3.9028844368806331D-01 6.3D-09 0.0D+00 6.9D-08 0.0D+00       22      155       22      220  S
      7      1   4.1703834755475450D-01 8.0D-09 0.0D+00 3.2D-09 0.0D+00       21      144       21      210  S
      7      1   3.9028844369014798D-01 6.3D-09 0.0D+00 4.8D-10 0.0D+00       21      143       21      210  S
      7      1   4.1811807935151457D-01 8.0D-09 0.0D+00 1.9D-09 0.0D+00       22      147       22      220  S
      7      1   4.1917008507038084D-01 8.0D-09 0.0D+00 5.0D-09 0.0D+00       21      158       21      210  S
      7      1   3.9028843754285736D-01 6.3D-09 0.0D+00 2.6D-09 0.0D+00       21      150       21      210  S
      7      1   3.9002436929505463D-01 6.3D-09 0.0D+00 7.2D-08 0.0D+00       23      178       24      231  S
      7      1   3.9002436929631862D-01 6.3D-09 0.0D+00 2.6D-08 0.0D+00       23      146       23      230  S
      7      1   3.9002436929894430D-01 6.3D-09 0.0D+00 2.3D-08 0.0D+00       22      141       23      221  S
      7      1   4.1811807935140810D-01 8.0D-09 0.0D+00 7.0D-08 0.0D+00       22      133       22      220  S
      7      1   3.9028844368723115D-01 6.3D-09 0.0D+00 7.0D-08 0.0D+00       23      150       24      231  S
      7      1   4.1808808585819146D-01 8.0D-09 0.0D+00 3.0D-09 0.0D+00       21      122       21      210  S
      7      1   3.9028844369098736D-01 6.3D-09 0.0D+00 3.3D-08 0.0D+00       22      147       23      222  S
      7      1   4.1811807935027251D-01 8.0D-09 0.0D+00 3.4D-11 0.0D+00       23      164       23      230  S
      7      1   3.9028844369032450D-01 6.3D-09 0.0D+00 2.4D-08 0.0D+00       22      162       23      221  S
      7      1   3.9130773151094322D-01 1.0D-08 0.0D+00 7.6D-08 0.0D+00       22      143       22      220  S
      7      1   4.1811807934572232D-01 8.0D-09 0.0D+00 7.2D-08 0.0D+00       22      152       22      220  S
      7      1   3.9028844369028781D-01 6.3D-09 0.0D+00 6.4D-08 0.0D+00       22      149       22      220  S
      7      1   4.1808808585862889D-01 8.0D-09 0.0D+00 7.7D-10 0.0D+00       21      134       21      210  S
      7      1   3.9028843754045545D-01 6.3D-09 0.0D+00 2.1D-09 0.0D+00       21      150       21      210  S
      7      1   3.9028843754026188D-01 6.3D-09 0.0D+00 2.6D-10 0.0D+00       22      164       22      220  S
      7      1   3.9028844368892085D-01 6.3D-09 0.0D+00 4.3D-09 0.0D+00       22      147       22      220  S
      7      1   3.9028844368891119D-01 6.3D-09 0.0D+00 4.0D-10 0.0D+00       21      137       21      210  S
      7      1   3.9002436929622458D-01 6.3D-09 0.0D+00 3.6D-09 0.0D+00       23      145       23      230  S
      7      1   3.9028844368870402D-01 6.3D-09 0.0D+00 8.1D-09 0.0D+00       21      137       21      210  S
      7      1   4.1808808586271390D-01 8.0D-09 0.0D+00 1.6D-09 0.0D+00       21      138       21      210  S
      7      1   4.1808808585671692D-01 8.0D-09 0.0D+00 2.8D-08 0.0D+00       22      140       22      220  S
      7      1   3.9002436929646106D-01 6.3D-09 0.0D+00 2.2D-09 0.0D+00       21      119       21      210  S
      7      1   4.1808808586014057D-01 8.0D-09 0.0D+00 1.9D-09 0.0D+00       21      129       21      210  S
      7      1   3.9002436929979328D-01 6.3D-09 0.0D+00 6.1D-10 0.0D+00       21      147       21      210  S
      7      1   3.9028844369012677D-01 6.3D-09 0.0D+00 3.6D-08 0.0D+00       23      175       23      230  S
      7      1   4.1703834755239533D-01 8.0D-09 0.0D+00 5.9D-08 0.0D+00       24      168       24      240  S
      7      1   4.1808808585903384D-01 8.0D-09 0.0D+00 1.6D-09 0.0D+00       22      150       22      220  S
      7      1   4.1811807934646555D-01 8.0D-09 0.0D+00 6.1D-08 0.0D+00       22      134       22      220  S
      7      1   3.9002436929722561D-01 6.3D-09 0.0D+00 8.7D-11 0.0D+00       21      150       21      210  S
      7      1   3.9002436929654372D-01 6.3D-09 0.0D+00 1.2D-09 0.0D+00       21      133       21      210  S
      7      1   3.9002436929754580D-01 6.3D-09 0.0D+00 1.6D-08 0.0D+00       23      150       23      230  S
      7      1   3.9002436929836559D-01 6.3D-09 0.0D+00 2.8D-08 0.0D+00       22      161       22      220  S
      7      1   3.9130773150928522D-01 1.0D-08 0.0D+00 7.6D-08 0.0D+00       21      119       21      210  S
      7      1   3.9002436929542383D-01 6.3D-09 0.0D+00 3.0D-08 0.0D+00       24      168       25      241  S
      7      1   4.1808808585674184D-01 8.0D-09 0.0D+00 6.5D-08 0.0D+00       22      140       22      220  S
      7      1   4.1808808586369223D-01 8.0D-09 0.0D+00 4.1D-09 0.0D+00       21      127       21      210  S
      7      1   3.9028843754026943D-01 6.3D-09 0.0D+00 2.5D-09 0.0D+00       22      132       22      220  S
      7      1   4.1808808585590418D-01 8.0D-09 0.0D+00 6.6D-08 0.0D+00       22      148       22      220  S
      7      1   3.9028844369029275D-01 6.3D-09 0.0D+00 2.8D-08 0.0D+00       22      161       22      220  S
      7      1   4.1811807934846978D-01 8.0D-09 0.0D+00 1.3D-08 0.0D+00       22      142       22      220  S
      7      1   4.1703834755473829D-01 8.0D-09 0.0D+00 2.2D-09 0.0D+00       22      148       22      220  S
      7      1   4.1917008507044101D-01 8.0D-09 0.0D+00 4.6D-09 0.0D+00       22      148       22      220  S
      7      1   4.1811807935106826D-01 8.0D-09 0.0D+00 3.9D-10 0.0D+00       22      155       22      220  S
      7      1   4.1808808586004154D-01 8.0D-09 0.0D+00 1.0D-09 0.0D+00       21      133       21      210  S
      7      1   4.1808808585796242D-01 8.0D-09 0.0D+00 4.4D-08 0.0D+00       22      163       22      220  S
      7      1   3.9002436929807482D-01 6.3D-09 0.0D+00 6.5D-08 0.0D+00       23      159       23      230  S
      7      1   3.9002436929652684D-01 6.3D-09 0.0D+00 2.7D-08 0.0D+00       22      141       22      220  S
      7      1   3.9002436929771878D-01 6.3D-09 0.0D+00 4.6D-10 0.0D+00       22      166       22      220  S
      7      1   4.1703834755386793D-01 8.0D-09 0.0D+00 3.4D-08 0.0D+00       24      160       24      240  S
      7      1   3.9002436929666562D-01 6.3D-09 0.0D+00 3.5D-09 0.0D+00       21      121       21      210  S
      7      1   3.9002436929731499D-01 6.3D-09 0.0D+00 4.2D-09 0.0D+00       21      139       21      210  S
      7      1   3.9028843754042158D-01 6.3D-09 0.0D+00 9.8D-09 0.0D+00       21      162       21      210  S
      7      1   3.9028844369024346D-01 6.3D-09 0.0D+00 3.0D-09 0.0D+00       22      133       22      220  S
      7      1   4.1808808586240065D-01 8.0D-09 0.0D+00 3.2D-09 0.0D+00       21      126       21      210  S
      7      1   4.1917008506691694D-01 8.0D-09 0.0D+00 5.8D-08 0.0D+00       22      142       23      222  S
      7      1   3.9130773151064074D-01 1.0D-08 0.0D+00 7.6D-08 0.0D+00       22      145       22      220  S
      7      1   3.9028844368833032D-01 6.3D-09 0.0D+00 4.6D-09 0.0D+00       21      141       21      210  S
      7      1   3.9028844368889232D-01 6.3D-09 0.0D+00 2.3D-09 0.0D+00       21      137       21      210  S
      7      1   3.9028844368980520D-01 6.3D-09 0.0D+00 1.1D-09 0.0D+00       22      156       22      220  S
      7      1   3.9130773130570573D-01 1.0D-08 0.0D+00 7.6D-08 0.0D+00       21      121       21      210  S
      7      1   4.1703834755890523D-01 8.0D-09 0.0D+00 2.5D-09 0.0D+00       21      130       21      210  S
      7      1   4.1811807935128159D-01 8.0D-09 0.0D+00 3.6D-10 0.0D+00       23      160       23      230  S
      7      1   4.1808808586052931D-01 8.0D-09 0.0D+00 7.2D-08 0.0D+00       22      170       22      220  S
      7      1   3.9002436929927975D-01 6.3D-09 0.0D+00 2.1D-09 0.0D+00       22      151       22      220  S
      7      1   4.1808808585875673D-01 8.0D-09 0.0D+00 1.1D-09 0.0D+00       21      131       21      210  S
      7      1   4.1917008507265202D-01 8.0D-09 0.0D+00 2.9D-08 0.0D+00       22      168       22      220  S
      7      1   4.1811807935267187D-01 8.0D-09 0.0D+00 2.9D-09 0.0D+00       23      148       23      230  S
      7      1   3.9028843754126424D-01 6.3D-09 0.0D+00 8.3D-09 0.0D+00       21      164       21      210  S
      7      1   4.1703834755482128D-01 8.0D-09 0.0D+00 1.7D-08 0.0D+00       24      182       24      240  S
      7      1   4.1808808585745383D-01 8.0D-09 0.0D+00 5.0D-08 0.0D+00       22      138       23      222  S
      7      1   3.9028844369029669D-01 6.3D-09 0.0D+00 2.3D-08 0.0D+00       23      152       23      230  S
      7      1   4.1811807934612649D-01 8.0D-09 0.0D+00 6.4D-08 0.0D+00       22      143       23      222  S
      7      1   4.1811807934905704D-01 8.0D-09 0.0D+00 2.4D-09 0.0D+00       21      143       21      210  S
      7      1   4.1703834755274233D-01 8.0D-09 0.0D+00 3.9D-08 0.0D+00       22      155       23      222  S
      7      1   3.9002436929777751D-01 6.3D-09 0.0D+00 1.6D-09 0.0D+00       21      153       21      210  S
