      3      1   5.2829240861431737D-01 6.9D-09 0.0D+00 1.9D-09 0.0D+00       21      112       21      210  S
      3      1   5.2828724233127966D-01 8.5D-09 0.0D+00 9.1D-10 0.0D+00       20       98       20      200  S
      3      1   5.2828744078938406D-01 8.4D-09 0.0D+00 5.6D-10 0.0D+00       20       98       20      200  S
      3      1   5.2829240861446958D-01 6.9D-09 0.0D+00 2.9D-09 0.0D+00       21      111       21      210  S
      3      1   5.2829370961703814D-01 6.5D-09 0.0D+00 2.8D-09 0.0D+00       21      112       21      210  S
      3      1   5.2828410555784133D-01 9.6D-09 0.0D+00 1.9D-09 0.0D+00       20      110       20      200  S
      3      1   5.2828318981908440D-01 9.9D-09 0.0D+00 8.9D-10 0.0D+00       20      109       20      200  S
      3      1   5.2829240861432214D-01 6.9D-09 0.0D+00 1.9D-09 0.0D+00       21      111       21      210  S
      3      1   5.2829240861451865D-01 6.9D-09 0.0D+00 2.7D-09 0.0D+00       21      111       21      210  S
      3      1   5.2829240861442683D-01 6.9D-09 0.0D+00 4.4D-09 0.0D+00       21      112       21      210  S
      3      1   5.2829240861422666D-01 6.9D-09 0.0D+00 3.7D-09 0.0D+00       21      112       21      210  S
      3      1   5.2828503671170990D-01 9.3D-09 0.0D+00 6.6D-09 0.0D+00       20      102       20      200  S
      3      1   5.2829240861432092D-01 6.9D-09 0.0D+00 2.4D-10 0.0D+00       21      115       21      210  S
      3      1   5.2829240861442983D-01 6.9D-09 0.0D+00 7.0D-10 0.0D+00       21      113       21      210  S
      3      1   5.2829240861430893D-01 6.9D-09 0.0D+00 3.4D-09 0.0D+00       21      112       21      210  S
      3      1   5.2829240861574234D-01 6.9D-09 0.0D+00 3.5D-09 0.0D+00       23      108       23      230  S
      3      1   5.2829240861452387D-01 6.9D-09 0.0D+00 3.2D-09 0.0D+00       21      111       21      210  S
      3      1   5.2829271096069652D-01 6.8D-09 0.0D+00 7.0D-09 0.0D+00       21      113       21      210  S
      3      1   5.2828736028627221D-01 8.5D-09 0.0D+00 2.6D-09 0.0D+00       20      100       20      200  S
      3      1   5.2829240861444859D-01 6.9D-09 0.0D+00 1.7D-09 0.0D+00       21      112       21      210  S
      3      1   5.2829240861435145D-01 6.9D-09 0.0D+00 4.4D-09 0.0D+00       21      113       21      210  S
      3      1   5.2829332115252425D-01 6.6D-09 0.0D+00 2.8D-09 0.0D+00       21      108       21      210  S
      3      1   5.2828518183790762D-01 9.2D-09 0.0D+00 2.9D-09 0.0D+00       20      101       20      200  S
      3      1   5.2829361415261533D-01 6.5D-09 0.0D+00 6.9D-10 0.0D+00       21      113       21      210  S
      3      1   5.2828579777754114D-01 9.0D-09 0.0D+00 9.0D-10 0.0D+00       20      100       20      200  S
      3      1   5.2829240861439597D-01 6.9D-09 0.0D+00 1.7D-10 0.0D+00       21      112       21      210  S
      3      1   5.2829240861425497D-01 6.9D-09 0.0D+00 1.3D-09 0.0D+00       21      112       21      210  S
      3      1   5.2828493968511980D-01 9.3D-09 0.0D+00 4.4D-09 0.0D+00       20      102       20      200  S
      3      1   5.2829240861430549D-01 6.9D-09 0.0D+00 4.6D-09 0.0D+00       21      111       21      210  S
      3      1   5.2828315018193417D-01 9.9D-09 0.0D+00 4.0D-09 0.0D+00       20      108       20      200  S
      3      1   5.2828402209864112D-01 9.6D-09 0.0D+00 2.1D-09 0.0D+00       20      110       20      200  S
      3      1   5.2828504430988565D-01 9.3D-09 0.0D+00 1.3D-09 0.0D+00       20      103       20      200  S
      3      1   5.2829240861437987D-01 6.9D-09 0.0D+00 1.7D-09 0.0D+00       21      111       21      210  S
      3      1   5.2829240861447480D-01 6.9D-09 0.0D+00 3.4D-09 0.0D+00       21      114       21      210  S
      3      1   5.2828567242364766D-01 9.0D-09 0.0D+00 8.2D-10 0.0D+00       20       99       20      200  S
      3      1   5.2829240861422966D-01 6.9D-09 0.0D+00 1.1D-10 0.0D+00       21      112       21      210  S
      3      1   5.2828608505424512D-01 8.9D-09 0.0D+00 2.7D-09 0.0D+00       20      100       20      200  S
      3      1   5.2828651681440075D-01 8.7D-09 0.0D+00 4.4D-09 0.0D+00       20       98       20      200  S
      3      1   5.2828459284395979D-01 9.4D-09 0.0D+00 5.8D-10 0.0D+00       20      104       20      200  S
      3      1   5.2828474397516201D-01 9.4D-09 0.0D+00 7.6D-09 0.0D+00       20      103       20      200  S
      3      1   5.2829240861448568D-01 6.9D-09 0.0D+00 3.8D-10 0.0D+00       21      113       21      210  S
      3      1   5.2828469786150556D-01 9.4D-09 0.0D+00 3.6D-09 0.0D+00       20      101       20      200  S
      3      1   5.2828632511859619D-01 8.8D-09 0.0D+00 5.7D-09 0.0D+00       20       99       20      200  S
      3      1   5.2828533182869342D-01 9.2D-09 0.0D+00 1.9D-09 0.0D+00       20       99       20      200  S
      3      1   5.2828547478339460D-01 9.1D-09 0.0D+00 4.8D-09 0.0D+00       20       97       20      200  S
      3      1   5.2828561619526360D-01 9.1D-09 0.0D+00 1.1D-09 0.0D+00       20       99       20      200  S
      3      1   5.2828391738048897D-01 9.7D-09 0.0D+00 7.8D-10 0.0D+00       20      103       20      200  S
      3      1   5.2828589450581676D-01 9.0D-09 0.0D+00 4.6D-09 0.0D+00       20      101       20      200  S
      3      1   5.2828603145988517D-01 8.9D-09 0.0D+00 5.5D-10 0.0D+00       20       98       20      200  S
      3      1   5.2828619128529908D-01 8.9D-09 0.0D+00 1.1D-09 0.0D+00       20       98       20      200  S
      3      1   5.2829240861432269D-01 6.9D-09 0.0D+00 3.6D-09 0.0D+00       21      113       21      210  S
      3      1   5.2828643383268870D-01 8.8D-09 0.0D+00 5.3D-10 0.0D+00       20       98       20      200  S
      3      1   5.2828656521241091D-01 8.7D-09 0.0D+00 7.9D-09 0.0D+00       20       98       20      200  S
      3      1   5.2829240861434656D-01 6.9D-09 0.0D+00 2.5D-09 0.0D+00       21      112       21      210  S
      3      1   5.2828682400060867D-01 8.6D-09 0.0D+00 4.0D-09 0.0D+00       20       97       20      200  S
      3      1   5.2828424388571826D-01 9.5D-09 0.0D+00 1.8D-09 0.0D+00       20      109       20      200  S
      3      1   5.2829240861427784D-01 6.9D-09 0.0D+00 5.3D-10 0.0D+00       21      111       21      210  S
      3      1   5.2829240861424265D-01 6.9D-09 0.0D+00 1.8D-09 0.0D+00       21      111       21      210  S
      3      1   5.2829321792132966D-01 6.6D-09 0.0D+00 6.7D-11 0.0D+00       21      111       21      210  S
      3      1   5.2829333943129708D-01 6.6D-09 0.0D+00 1.5D-09 0.0D+00       21      109       21      210  S
      3      1   5.2828511341807705D-01 9.2D-09 0.0D+00 3.2D-09 0.0D+00       20      100       20      200  S
      3      1   5.2829240861442317D-01 6.9D-09 0.0D+00 5.7D-09 0.0D+00       21      110       21      210  S
      3      1   5.2829240861434157D-01 6.9D-09 0.0D+00 9.9D-10 0.0D+00       21      112       21      210  S
      3      1   5.2829240861446491D-01 6.9D-09 0.0D+00 1.5D-09 0.0D+00       21      114       21      210  S
      3      1   5.2829240861427729D-01 6.9D-09 0.0D+00 4.4D-09 0.0D+00       21      112       21      210  S
      3      1   5.2829240861437909D-01 6.9D-09 0.0D+00 1.9D-09 0.0D+00       21      113       21      210  S
      3      1   5.2828730525984302D-01 8.5D-09 0.0D+00 5.1D-09 0.0D+00       20       98       20      200  S
      3      1   5.2828780195744207D-01 8.3D-09 0.0D+00 3.5D-09 0.0D+00       20       99       20      200  S
      3      1   5.2829240861430837D-01 6.9D-09 0.0D+00 1.8D-09 0.0D+00       21      113       21      210  S
      3      1   5.2829240861441407D-01 6.9D-09 0.0D+00 6.4D-10 0.0D+00       21      111       21      210  S
      3      1   5.2829240861429727D-01 6.9D-09 0.0D+00 1.5D-09 0.0D+00       21      113       21      210  S
      3      1   5.2829240861439608D-01 6.9D-09 0.0D+00 1.3D-09 0.0D+00       21      111       21      210  S
      3      1   5.2828552119944727D-01 9.1D-09 0.0D+00 2.0D-09 0.0D+00       20      100       20      200  S
      3      1   5.2829240861432825D-01 6.9D-09 0.0D+00 4.7D-09 0.0D+00       21      112       21      210  S
      3      1   5.2829240861444027D-01 6.9D-09 0.0D+00 2.9D-09 0.0D+00       21      112       21      210  S
      3      1   5.2829240861451554D-01 6.9D-09 0.0D+00 4.4D-09 0.0D+00       21      113       21      210  S
      3      1   5.2829240861446536D-01 6.9D-09 0.0D+00 6.2D-09 0.0D+00       21      113       21      210  S
      3      1   5.2829240861428806D-01 6.9D-09 0.0D+00 3.9D-09 0.0D+00       21      115       21      210  S
      3      1   5.2829240861432247D-01 6.9D-09 0.0D+00 1.9D-09 0.0D+00       21      114       21      210  S
      3      1   5.2829240861424820D-01 6.9D-09 0.0D+00 7.2D-10 0.0D+00       21      114       21      210  S
      3      1   5.2829240861435167D-01 6.9D-09 0.0D+00 1.5D-09 0.0D+00       21      112       21      210  S
      3      1   5.2829408990919424D-01 6.4D-09 0.0D+00 1.9D-09 0.0D+00       21      109       21      210  S
      3      1   5.2829240861429505D-01 6.9D-09 0.0D+00 1.4D-09 0.0D+00       21      113       21      210  S
      3      1   5.2829240861441218D-01 6.9D-09 0.0D+00 1.2D-09 0.0D+00       21      111       21      210  S
      3      1   5.2829322795522893D-01 6.6D-09 0.0D+00 3.2D-09 0.0D+00       21      113       21      210  S
      3      1   5.2828690892614694D-01 8.6D-09 0.0D+00 1.2D-09 0.0D+00       20      100       20      200  S
      3      1   5.2828617346966045D-01 8.9D-09 0.0D+00 7.0D-09 0.0D+00       20      100       20      200  S
      3      1   5.2828661587274650D-01 8.7D-09 0.0D+00 3.0D-09 0.0D+00       20       99       20      200  S
      3      1   5.2828614431530052D-01 8.9D-09 0.0D+00 6.3D-09 0.0D+00       20       97       20      200  S
      3      1   5.2829240861448956D-01 6.9D-09 0.0D+00 8.7D-10 0.0D+00       21      111       21      210  S
      3      1   5.2829240861440063D-01 6.9D-09 0.0D+00 1.4D-09 0.0D+00       21      114       21      210  S
      3      1   5.2829331562525461D-01 6.6D-09 0.0D+00 1.0D-09 0.0D+00       21      110       21      210  S
      3      1   5.2829240861437143D-01 6.9D-09 0.0D+00 1.3D-10 0.0D+00       21      113       21      210  S
      3      1   5.2829240861421967D-01 6.9D-09 0.0D+00 9.9D-10 0.0D+00       21      112       21      210  S
      3      1   5.2829240861428339D-01 6.9D-09 0.0D+00 5.5D-09 0.0D+00       21      112       21      210  S
      3      1   5.2828732662861821D-01 8.5D-09 0.0D+00 5.7D-09 0.0D+00       20       99       20      200  S
      3      1   5.2829240861425852D-01 6.9D-09 0.0D+00 2.2D-09 0.0D+00       21      111       21      210  S
      3      1   5.2829240861428473D-01 6.9D-09 0.0D+00 5.4D-10 0.0D+00       21      112       21      210  S
      3      1   5.2829240861554772D-01 6.9D-09 0.0D+00 2.3D-09 0.0D+00       23      107       23      230  S
      3      1   5.2829240861436133D-01 6.9D-09 0.0D+00 3.7D-10 0.0D+00       21      116       21      210  S
      3      1   5.2829240861444504D-01 6.9D-09 0.0D+00 3.8D-10 0.0D+00       21      113       21      210  S
      3      1   5.2829240861453719D-01 6.9D-09 0.0D+00 8.0D-11 0.0D+00       21      114       21      210  S
      3      1   5.2829240861418314D-01 6.9D-09 0.0D+00 1.5D-09 0.0D+00       21      113       21      210  S
      3      1   5.2829240861434501D-01 6.9D-09 0.0D+00 7.8D-10 0.0D+00       21      113       21      210  S
      3      1   5.2829240861442239D-01 6.9D-09 0.0D+00 3.9D-09 0.0D+00       21      113       21      210  S
      3      1   5.2829240861445048D-01 6.9D-09 0.0D+00 3.0D-09 0.0D+00       21      114       21      210  S
      3      1   5.2829240861424098D-01 6.9D-09 0.0D+00 3.7D-09 0.0D+00       21      112       21      210  S
      3      1   5.2829240861453031D-01 6.9D-09 0.0D+00 4.9D-09 0.0D+00       21      112       21      210  S
      3      1   5.2829240861440563D-01 6.9D-09 0.0D+00 1.8D-09 0.0D+00       21      114       21      210  S
      3      1   5.2829241941465976D-01 6.8D-09 0.0D+00 4.9D-09 0.0D+00       21      114       21      203  S
      3      1   5.2828349020155330D-01 9.8D-09 0.0D+00 2.5D-09 0.0D+00       20      110       20      200  S
      3      1   5.2828605295502440D-01 8.9D-09 0.0D+00 3.6D-10 0.0D+00       20       99       20      200  S
      3      1   5.2829240861445215D-01 6.9D-09 0.0D+00 1.2D-09 0.0D+00       21      113       21      210  S
      3      1   5.2829304522667020D-01 6.7D-09 0.0D+00 2.7D-09 0.0D+00       21      108       21      210  S
      3      1   5.2829319637347227D-01 6.6D-09 0.0D+00 1.5D-09 0.0D+00       21      113       21      210  S
      3      1   5.2829240861427462D-01 6.9D-09 0.0D+00 4.3D-09 0.0D+00       21      112       21      210  S
      3      1   5.2829302928754729D-01 6.7D-09 0.0D+00 1.5D-09 0.0D+00       21      106       21      210  S
      3      1   5.2828607798129068D-01 8.9D-09 0.0D+00 6.9D-09 0.0D+00       20      100       20      200  S
      3      1   5.2829240861427307D-01 6.9D-09 0.0D+00 2.8D-09 0.0D+00       21      113       21      210  S
      3      1   5.2829240861436944D-01 6.9D-09 0.0D+00 1.8D-09 0.0D+00       21      112       21      210  S
      3      1   5.2828571977565320D-01 9.0D-09 0.0D+00 3.3D-09 0.0D+00       20       99       20      200  S
      3      1   5.2829277761224325D-01 6.7D-09 0.0D+00 2.5D-09 0.0D+00       21      114       21      210  S
      3      1   5.2829240861447879D-01 6.9D-09 0.0D+00 1.4D-09 0.0D+00       21      112       21      210  S
      3      1   5.2828317792048607D-01 9.9D-09 0.0D+00 6.0D-09 0.0D+00       20      108       20      200  S
      3      1   5.2828355964386875D-01 9.8D-09 0.0D+00 5.4D-10 0.0D+00       20      110       20      200  S
      3      1   5.2829240861430316D-01 6.9D-09 0.0D+00 3.3D-10 0.0D+00       21      114       21      210  S
      3      1   5.2829240861441895D-01 6.9D-09 0.0D+00 2.4D-09 0.0D+00       21      113       21      210  S
      3      1   5.2828752915159949D-01 8.4D-09 0.0D+00 1.1D-11 0.0D+00       20       99       20      200  S
      3      1   5.2828399673392756D-01 9.6D-09 0.0D+00 1.2D-09 0.0D+00       20      106       20      200  S
      3      1   5.2829381328868286D-01 6.4D-09 0.0D+00 1.4D-10 0.0D+00       21      122       21      210  S
      3      1   5.2828431085281313D-01 9.5D-09 0.0D+00 7.5D-09 0.0D+00       20      106       20      200  S
      3      1   5.2828446519474259D-01 9.5D-09 0.0D+00 1.5D-09 0.0D+00       20      104       20      200  S
      3      1   5.2829240861423743D-01 6.9D-09 0.0D+00 1.4D-09 0.0D+00       21      113       21      210  S
      3      1   5.2829240861432414D-01 6.9D-09 0.0D+00 1.4D-10 0.0D+00       21      114       21      210  S
      3      1   5.2829240861453641D-01 6.9D-09 0.0D+00 5.0D-09 0.0D+00       21      115       21      210  S
      3      1   5.2828506527292085D-01 9.3D-09 0.0D+00 3.6D-09 0.0D+00       20      103       20      200  S
      3      1   5.2828514310400665D-01 9.2D-09 0.0D+00 4.7D-09 0.0D+00       20       99       20      200  S
      3      1   5.2828535540454924D-01 9.2D-09 0.0D+00 2.6D-09 0.0D+00       20       99       20      200  S
      3      1   5.2828549810398129D-01 9.1D-09 0.0D+00 1.8D-09 0.0D+00       20      100       20      200  S
      3      1   5.2828563926556116D-01 9.1D-09 0.0D+00 6.7D-09 0.0D+00       20       99       20      200  S
      3      1   5.2829240861449578D-01 6.9D-09 0.0D+00 8.8D-10 0.0D+00       21      112       21      210  S
      3      1   5.2829240861447646D-01 6.9D-09 0.0D+00 2.0D-09 0.0D+00       21      113       21      210  S
      3      1   5.2829255302578659D-01 6.8D-09 0.0D+00 3.1D-11 0.0D+00       21      112       21      203  S
      3      1   5.2828526938952902D-01 9.2D-09 0.0D+00 1.7D-09 0.0D+00       20      101       20      200  S
      3      1   5.2829240861431892D-01 6.9D-09 0.0D+00 2.1D-09 0.0D+00       21      113       21      210  S
      3      1   5.2828645549356312D-01 8.8D-09 0.0D+00 2.4D-09 0.0D+00       20       99       20      200  S
      3      1   5.2828669717723675D-01 8.7D-09 0.0D+00 6.8D-09 0.0D+00       20      100       20      200  S
      3      1   5.2829240861412308D-01 6.9D-09 0.0D+00 2.7D-09 0.0D+00       21      114       21      210  S
      3      1   5.2829240861432991D-01 6.9D-09 0.0D+00 2.8D-09 0.0D+00       21      114       21      210  S
      3      1   5.2828468328017986D-01 9.4D-09 0.0D+00 2.0D-10 0.0D+00       20      102       20      200  S
      3      1   5.2828458551593371D-01 9.4D-09 0.0D+00 1.7D-09 0.0D+00       20      102       20      200  S
      3      1   5.2829385138136020D-01 6.4D-09 0.0D+00 9.9D-10 0.0D+00       21      120       21      210  S
      3      1   5.2829240861556814D-01 6.9D-09 0.0D+00 4.8D-10 0.0D+00       23      107       23      230  S
      3      1   5.2829240861434845D-01 6.9D-09 0.0D+00 1.0D-09 0.0D+00       21      111       21      210  S
      3      1   5.2828759002729919D-01 8.4D-09 0.0D+00 8.9D-09 0.0D+00       20       99       20      200  S
      3      1   5.2828671983093867D-01 8.7D-09 0.0D+00 6.3D-09 0.0D+00       20       99       20      200  S
      3      1   5.2829297488874682D-01 6.7D-09 0.0D+00 6.3D-09 0.0D+00       21      110       21      210  S
      3      1   5.2829240861436844D-01 6.9D-09 0.0D+00 2.9D-09 0.0D+00       21      112       21      210  S
      3      1   5.2829240861433724D-01 6.9D-09 0.0D+00 9.0D-10 0.0D+00       21      114       21      210  S
      3      1   5.2829240861430626D-01 6.9D-09 0.0D+00 3.3D-09 0.0D+00       21      113       21      210  S
      3      1   5.2829240861451154D-01 6.9D-09 0.0D+00 1.1D-09 0.0D+00       21      112       21      210  S
      3      1   5.2829240861446458D-01 6.9D-09 0.0D+00 3.6D-09 0.0D+00       21      111       21      210  S
      3      1   5.2829240861427951D-01 6.9D-09 0.0D+00 4.3D-09 0.0D+00       21      113       21      210  S
      3      1   5.2828764406063411D-01 8.4D-09 0.0D+00 3.2D-09 0.0D+00       20       98       20      200  S
      3      1   5.2829240861447624D-01 6.9D-09 0.0D+00 1.8D-09 0.0D+00       21      111       21      210  S
      3      1   5.2829348272465460D-01 6.5D-09 0.0D+00 1.5D-10 0.0D+00       21      114       21      210  S
      3      1   5.2829240861544513D-01 6.9D-09 0.0D+00 2.9D-09 0.0D+00       23      108       23      230  S
      3      1   5.2829413485921894D-01 6.3D-09 0.0D+00 2.5D-09 0.0D+00       21      111       21      210  S
      3      1   5.2829240861439430D-01 6.9D-09 0.0D+00 5.4D-09 0.0D+00       21      112       21      210  S
      3      1   5.2829240861444071D-01 6.9D-09 0.0D+00 1.9D-10 0.0D+00       21      113       21      210  S
      3      1   5.2829240861438109D-01 6.9D-09 0.0D+00 1.6D-09 0.0D+00       21      112       21      210  S
      3      1   5.2828403304673177D-01 9.6D-09 0.0D+00 5.5D-09 0.0D+00       20      110       20      200  S
      3      1   5.2829240861557525D-01 6.9D-09 0.0D+00 1.7D-10 0.0D+00       23      107       23      230  S
      3      1   5.2828324155890372D-01 9.9D-09 0.0D+00 2.4D-09 0.0D+00       20      109       20      200  S
      3      1   5.2828692530760990D-01 8.6D-09 0.0D+00 2.4D-09 0.0D+00       20      100       20      200  S
      3      1   5.2828461145307404D-01 9.4D-09 0.0D+00 7.9D-09 0.0D+00       20      101       20      200  S
      3      1   5.2829240861444893D-01 6.9D-09 0.0D+00 3.2D-10 0.0D+00       21      112       21      210  S
      3      1   5.2829240861434246D-01 6.9D-09 0.0D+00 4.1D-09 0.0D+00       21      111       21      210  S
      3      1   5.2829240861446913D-01 6.9D-09 0.0D+00 1.8D-09 0.0D+00       21      113       21      210  S
      3      1   5.2829240861429660D-01 6.9D-09 0.0D+00 3.9D-10 0.0D+00       21      113       21      210  S
      3      1   5.2829262105843133D-01 6.8D-09 0.0D+00 7.2D-10 0.0D+00       21      110       21      210  S
      3      1   5.2828571587647388D-01 9.0D-09 0.0D+00 5.6D-09 0.0D+00       20       98       20      200  S
      3      1   5.2828761940700752D-01 8.4D-09 0.0D+00 3.6D-09 0.0D+00       20       99       20      200  S
      3      1   5.2829240861442461D-01 6.9D-09 0.0D+00 1.0D-09 0.0D+00       21      115       21      210  S
      3      1   5.2828776080332585D-01 8.3D-09 0.0D+00 4.3D-09 0.0D+00       20       98       20      200  S
      3      1   5.2829240861419480D-01 6.9D-09 0.0D+00 2.1D-09 0.0D+00       21      110       21      210  S
      3      1   5.2828649729277100D-01 8.8D-09 0.0D+00 4.1D-09 0.0D+00       20       99       20      200  S
      3      1   5.2828557884803717D-01 9.1D-09 0.0D+00 6.1D-09 0.0D+00       20       98       20      200  S
      3      1   5.2829240861435678D-01 6.9D-09 0.0D+00 5.3D-10 0.0D+00       21      112       21      210  S
      3      1   5.2829240861432436D-01 6.9D-09 0.0D+00 8.8D-10 0.0D+00       21      112       21      210  S
      3      1   5.2829240861441018D-01 6.9D-09 0.0D+00 9.2D-10 0.0D+00       21      112       21      210  S
      3      1   5.2829240861437643D-01 6.9D-09 0.0D+00 2.0D-10 0.0D+00       21      111       21      210  S
      3      1   5.2829240861439730D-01 6.9D-09 0.0D+00 1.6D-09 0.0D+00       21      112       21      210  S
      3      1   5.2829343329303979D-01 6.5D-09 0.0D+00 2.1D-09 0.0D+00       21      111       21      210  S
      3      1   5.2829240861437476D-01 6.9D-09 0.0D+00 3.3D-09 0.0D+00       21      111       21      210  S
      3      1   5.2829240861443594D-01 6.9D-09 0.0D+00 5.9D-10 0.0D+00       21      111       21      210  S
      3      1   5.2829240861439275D-01 6.9D-09 0.0D+00 2.2D-09 0.0D+00       21      111       21      210  S
      3      1   5.2829240861425930D-01 6.9D-09 0.0D+00 9.3D-10 0.0D+00       21      112       21      210  S
      3      1   5.2829240861431426D-01 6.9D-09 0.0D+00 9.6D-11 0.0D+00       21      114       21      210  S
      3      1   5.2829240861439564D-01 6.9D-09 0.0D+00 1.3D-09 0.0D+00       21      113       21      210  S
      3      1   5.2828475384647500D-01 9.4D-09 0.0D+00 3.0D-09 0.0D+00       20      102       20      200  S
      3      1   5.2829240861447613D-01 6.9D-09 0.0D+00 2.1D-11 0.0D+00       21      113       21      210  S
      3      1   5.2829240861438898D-01 6.9D-09 0.0D+00 4.2D-10 0.0D+00       21      112       21      210  S
      3      1   5.2829279320633649D-01 6.7D-09 0.0D+00 1.6D-09 0.0D+00       21      114       21      210  S
      3      1   5.2828717568244288D-01 8.5D-09 0.0D+00 3.9D-09 0.0D+00       20      100       20      200  S
      3      1   5.2829240861440507D-01 6.9D-09 0.0D+00 1.0D-09 0.0D+00       21      110       21      210  S
      3      1   5.2829419005974576D-01 6.3D-09 0.0D+00 3.1D-09 0.0D+00       21      109       21      210  S
      3      1   5.2828712429862434D-01 8.5D-09 0.0D+00 4.8D-10 0.0D+00       20       98       20      200  S
      3      1   5.2829240861432025D-01 6.9D-09 0.0D+00 1.8D-09 0.0D+00       21      112       21      210  S
      3      1   5.2829333621841601D-01 6.6D-09 0.0D+00 7.7D-10 0.0D+00       21      108       21      210  S
      3      1   5.2829240861436477D-01 6.9D-09 0.0D+00 1.2D-09 0.0D+00       21      110       21      210  S
      3      1   5.2829328369929762D-01 6.6D-09 0.0D+00 2.8D-10 0.0D+00       21      111       21      210  S
      3      1   5.2829240861435067D-01 6.9D-09 0.0D+00 2.6D-09 0.0D+00       21      111       21      210  S
      3      1   5.2828774861513250D-01 8.3D-09 0.0D+00 3.8D-11 0.0D+00       20       99       20      200  S
      3      1   5.2829240861447124D-01 6.9D-09 0.0D+00 2.3D-09 0.0D+00       21      112       21      210  S
      3      1   5.2829240861424553D-01 6.9D-09 0.0D+00 2.5D-10 0.0D+00       21      114       21      210  S
      3      1   5.2828303610760985D-01 1.0D-08 0.0D+00 5.2D-09 0.0D+00       20      107       20      200  S
      3      1   5.2828320560259701D-01 9.9D-09 0.0D+00 6.7D-11 0.0D+00       20      107       20      200  S
      3      1   5.2829240861439619D-01 6.9D-09 0.0D+00 3.4D-09 0.0D+00       21      113       21      210  S
      3      1   5.2828371668323038D-01 9.7D-09 0.0D+00 6.0D-09 0.0D+00       20      109       20      200  S
      3      1   5.2829240861418358D-01 6.9D-09 0.0D+00 1.3D-09 0.0D+00       21      112       21      210  S
      3      1   5.2828386325470178D-01 9.7D-09 0.0D+00 1.2D-09 0.0D+00       20      105       20      200  S
      3      1   5.2828402279663123D-01 9.6D-09 0.0D+00 1.1D-09 0.0D+00       20      107       20      200  S
      3      1   5.2828418047032455D-01 9.6D-09 0.0D+00 3.4D-09 0.0D+00       20      103       20      200  S
      3      1   5.2829240861438587D-01 6.9D-09 0.0D+00 1.7D-09 0.0D+00       21      112       21      210  S
      3      1   5.2828449036355463D-01 9.5D-09 0.0D+00 1.4D-09 0.0D+00       20      105       20      200  S
      3      1   5.2828464265587782D-01 9.4D-09 0.0D+00 3.1D-09 0.0D+00       20      103       20      200  S
      3      1   5.2829240861432192D-01 6.9D-09 0.0D+00 3.5D-09 0.0D+00       21      112       21      210  S
      3      1   5.2829240861434978D-01 6.9D-09 0.0D+00 4.0D-09 0.0D+00       21      116       21      210  S
      3      1   5.2828508933017182D-01 9.2D-09 0.0D+00 3.6D-09 0.0D+00       20       97       20      200  S
      3      1   5.2828523493078128D-01 9.2D-09 0.0D+00 4.3D-09 0.0D+00       20      100       20      200  S
      3      1   5.2828752252848599D-01 8.4D-09 0.0D+00 6.8D-10 0.0D+00       20       98       20      200  S
      3      1   5.2828552138322504D-01 9.1D-09 0.0D+00 2.9D-09 0.0D+00       20       99       20      200  S
      3      1   5.2829240861437132D-01 6.9D-09 0.0D+00 2.7D-10 0.0D+00       21      111       21      210  S
      3      1   5.2829240861440607D-01 6.9D-09 0.0D+00 4.5D-10 0.0D+00       21      112       21      210  S
      3      1   5.2829240861445503D-01 6.9D-09 0.0D+00 3.6D-10 0.0D+00       21      113       21      210  S
      3      1   5.2828769578257173D-01 8.4D-09 0.0D+00 1.6D-10 0.0D+00       20       99       20      200  S
      3      1   5.2829335645501718D-01 6.6D-09 0.0D+00 1.1D-09 0.0D+00       21      110       21      210  S
      3      1   5.2829240861439186D-01 6.9D-09 0.0D+00 1.2D-09 0.0D+00       21      112       21      210  S
      3   0.00    0.00    0.00   5.2828299490803587D-01 1.0D-08 0.0D+00 5.1D-09 0.0D+00       20      106       20      200     162     295     331     295     306   0.39     0    0    740  BR
      3      1   5.2828609355844791D-01 8.9D-09 0.0D+00 1.3D-09 0.0D+00       20       97       20      200  S
      3      1   5.2829360323772023D-01 6.5D-09 0.0D+00 1.5D-09 0.0D+00       21      110       21      210  S
      3      1   5.2829240861443116D-01 6.9D-09 0.0D+00 2.6D-09 0.0D+00       21      113       21      210  S
      3      1   5.2829240861439242D-01 6.9D-09 0.0D+00 3.5D-09 0.0D+00       21      114       21      210  S
      3      1   5.2829240861425353D-01 6.9D-09 0.0D+00 1.8D-09 0.0D+00       21      111       21      210  S
      3      1   5.2829240861427029D-01 6.9D-09 0.0D+00 4.2D-09 0.0D+00       21      113       21      210  S
      3      1   5.2829240861442717D-01 6.9D-09 0.0D+00 4.0D-10 0.0D+00       21      111       21      210  S
      3      1   5.2828748883712195D-01 8.4D-09 0.0D+00 2.4D-09 0.0D+00       20      100       20      200  S
      3      1   5.2828760980762079D-01 8.4D-09 0.0D+00 1.4D-09 0.0D+00       20       99       20      200  S
      3      1   5.2829240861436944D-01 6.9D-09 0.0D+00 7.5D-10 0.0D+00       21      110       21      210  S
      3      1   5.2829240861432802D-01 6.9D-09 0.0D+00 3.7D-09 0.0D+00       21      112       21      210  S
      3      1   5.2829240861564486D-01 6.9D-09 0.0D+00 5.1D-09 0.0D+00       23      108       23      230  S
      3      1   5.2829240861446591D-01 6.9D-09 0.0D+00 1.8D-09 0.0D+00       21      112       21      210  S
      3      1   5.2829240861437277D-01 6.9D-09 0.0D+00 2.5D-10 0.0D+00       21      112       21      210  S
      3      1   5.2829240861436522D-01 6.9D-09 0.0D+00 8.0D-10 0.0D+00       21      113       21      210  S
      3      1   5.2829240861433935D-01 6.9D-09 0.0D+00 1.1D-09 0.0D+00       21      111       21      210  S
      3      1   5.2829240861448368D-01 6.9D-09 0.0D+00 9.6D-10 0.0D+00       21      113       21      210  S
      3      1   5.2829240861561733D-01 6.9D-09 0.0D+00 4.2D-09 0.0D+00       23      108       23      230  S
      3      1   5.2828485914509815D-01 9.3D-09 0.0D+00 8.5D-09 0.0D+00       20      102       20      200  S
      3      1   5.2828758705340184D-01 8.4D-09 0.0D+00 9.5D-10 0.0D+00       20       98       20      200  S
      3      1   5.2829240861443061D-01 6.9D-09 0.0D+00 2.6D-09 0.0D+00       21      114       21      210  S
      3      1   5.2829240861443660D-01 6.9D-09 0.0D+00 1.4D-10 0.0D+00       21      113       21      210  S
      3      1   5.2829240861434168D-01 6.9D-09 0.0D+00 1.0D-09 0.0D+00       21      114       21      210  S
      3      1   5.2829240861439031D-01 6.9D-09 0.0D+00 3.8D-09 0.0D+00       21      112       21      210  S
      3      1   5.2829240861449367D-01 6.9D-09 0.0D+00 7.9D-10 0.0D+00       21      112       21      210  S
      3      1   5.2829240861433246D-01 6.9D-09 0.0D+00 5.3D-10 0.0D+00       21      115       21      210  S
      3      1   5.2829240861447735D-01 6.9D-09 0.0D+00 2.2D-09 0.0D+00       21      113       21      210  S
      3      1   5.2828458544175616D-01 9.4D-09 0.0D+00 6.8D-09 0.0D+00       20      103       20      200  S
      3      1   5.2828711446069576D-01 8.5D-09 0.0D+00 4.1D-09 0.0D+00       20      101       20      200  S
      3      1   5.2828673636674317D-01 8.7D-09 0.0D+00 3.8D-09 0.0D+00       20      100       20      200  S
      3      1   5.2828599067999205D-01 8.9D-09 0.0D+00 2.8D-10 0.0D+00       20       99       20      200  S
      3      1   5.2828679084968522D-01 8.7D-09 0.0D+00 5.6D-09 0.0D+00       20       99       20      200  S
      3      1   5.2829240861426463D-01 6.9D-09 0.0D+00 2.4D-09 0.0D+00       21      112       21      210  S
      3      1   5.2829293922684428D-01 6.7D-09 0.0D+00 4.8D-09 0.0D+00       21      107       21      210  S
      3      1   5.2829393232954747D-01 6.4D-09 0.0D+00 2.0D-10 0.0D+00       21      119       21      210  S
      3      1   5.2829311373881072D-01 6.6D-09 0.0D+00 3.9D-09 0.0D+00       21      111       21      210  S
      3      1   5.2828349794036733D-01 9.8D-09 0.0D+00 1.5D-09 0.0D+00       20      111       20      200  S
      3      1   5.2829240861426552D-01 6.9D-09 0.0D+00 7.9D-10 0.0D+00       21      113       21      210  S
      3      1   5.2829240861438165D-01 6.9D-09 0.0D+00 1.4D-09 0.0D+00       21      112       21      210  S
      3      1   5.2829240861444871D-01 6.9D-09 0.0D+00 9.9D-10 0.0D+00       21      111       21      210  S
      3      1   5.2828425067437690D-01 9.5D-09 0.0D+00 1.7D-09 0.0D+00       20      106       20      200  S
      3      1   5.2828475833730903D-01 9.4D-09 0.0D+00 2.1D-09 0.0D+00       20      103       20      200  S
      3      1   5.2829240861445825D-01 6.9D-09 0.0D+00 3.6D-09 0.0D+00       21      110       21      210  S
      3      1   5.2829240861427895D-01 6.9D-09 0.0D+00 4.3D-09 0.0D+00       21      114       21      210  S
      3      1   5.2829240861443405D-01 6.9D-09 0.0D+00 1.2D-09 0.0D+00       21      113       21      210  S
      3      1   5.2829240861441640D-01 6.9D-09 0.0D+00 3.2D-09 0.0D+00       21      112       21      210  S
      3      1   5.2829240861436055D-01 6.9D-09 0.0D+00 1.0D-09 0.0D+00       21      112       21      210  S
      3      1   5.2829240861442095D-01 6.9D-09 0.0D+00 9.4D-10 0.0D+00       21      111       21      210  S
      3      1   5.2829240861427884D-01 6.9D-09 0.0D+00 2.3D-09 0.0D+00       21      113       21      210  S
      3      1   5.2829283773689539D-01 6.7D-09 0.0D+00 1.3D-09 0.0D+00       21      111       21      210  S
      3      1   5.2828590769105477D-01 9.0D-09 0.0D+00 1.3D-09 0.0D+00       20       98       20      200  S
      3      1   5.2829240861438587D-01 6.9D-09 0.0D+00 1.7D-09 0.0D+00       21      114       21      210  S
      3      1   5.2829240861434779D-01 6.9D-09 0.0D+00 2.7D-09 0.0D+00       21      113       21      210  S
      3      1   5.2828505699694417D-01 9.3D-09 0.0D+00 3.2D-09 0.0D+00       20      102       20      200  S
      3      1   5.2829352638447080D-01 6.5D-09 0.0D+00 4.1D-10 0.0D+00       21      111       21      210  S
      3      1   5.2828529802484403D-01 9.2D-09 0.0D+00 1.7D-09 0.0D+00       20       97       20      200  S
      3      1   5.2829240861428206D-01 6.9D-09 0.0D+00 6.4D-10 0.0D+00       21      110       21      210  S
      3      1   5.2829240861432936D-01 6.9D-09 0.0D+00 1.1D-09 0.0D+00       21      112       21      210  S
      3      1   5.2829240861435633D-01 6.9D-09 0.0D+00 2.7D-09 0.0D+00       21      111       21      210  S
      3      1   5.2828317243204082D-01 9.9D-09 0.0D+00 1.8D-09 0.0D+00       20      107       20      200  S
      3      1   5.2828632024828592D-01 8.8D-09 0.0D+00 6.9D-09 0.0D+00       20       99       20      200  S
      3      1   5.2829309508011335D-01 6.6D-09 0.0D+00 8.2D-10 0.0D+00       21      110       21      210  S
      3      1   5.2828640520045322D-01 8.8D-09 0.0D+00 8.0D-10 0.0D+00       20       97       20      200  S
      3      1   5.2828630235647600D-01 8.8D-09 0.0D+00 2.7D-09 0.0D+00       20       98       20      200  S
      3      1   5.2829240861437010D-01 6.9D-09 0.0D+00 3.6D-10 0.0D+00       21      112       21      210  S
      3      1   5.2829273532157639D-01 6.8D-09 0.0D+00 1.7D-09 0.0D+00       21      114       21      210  S
      3      1   5.2829382785005230D-01 6.4D-09 0.0D+00 4.8D-10 0.0D+00       21      120       21      210  S
      3      1   5.2829240861434934D-01 6.9D-09 0.0D+00 1.1D-09 0.0D+00       21      112       21      210  S
      3      1   5.2829410784028197D-01 6.3D-09 0.0D+00 6.4D-09 0.0D+00       21      108       21      210  S
      3      1   5.2828302716982078D-01 1.0D-08 0.0D+00 6.0D-08 0.0D+00       21      108       21      210  S
      3      1   5.2829240861437554D-01 6.9D-09 0.0D+00 1.6D-09 0.0D+00       21      113       21      210  S
      3      1   5.2829345554918583D-01 6.5D-09 0.0D+00 4.7D-10 0.0D+00       21      104       21      210  S
      3      1   5.2829240861424576D-01 6.9D-09 0.0D+00 3.2D-09 0.0D+00       21      113       21      210  S
      3      1   5.2828356536813870D-01 9.8D-09 0.0D+00 1.8D-09 0.0D+00       20      110       20      200  S
      3      1   5.2828777862829035D-01 8.3D-09 0.0D+00 4.6D-09 0.0D+00       20       99       20      200  S
      3      1   5.2828388957635353D-01 9.7D-09 0.0D+00 5.2D-09 0.0D+00       20      103       20      200  S
      3      1   5.2828404880908653D-01 9.6D-09 0.0D+00 3.6D-09 0.0D+00       20      106       20      200  S
      3      1   5.2828420617990346D-01 9.6D-09 0.0D+00 9.2D-09 0.0D+00       20      106       20      200  S
      3      1   5.2829353958065739D-01 6.5D-09 0.0D+00 5.5D-11 0.0D+00       21      111       21      210  S
      3      1   5.2828653492185684D-01 8.7D-09 0.0D+00 1.1D-09 0.0D+00       20       99       20      200  S
      3      1   5.2829240861435200D-01 6.9D-09 0.0D+00 2.5D-09 0.0D+00       21      111       21      210  S
      3      1   5.2828529411304803D-01 9.2D-09 0.0D+00 1.4D-09 0.0D+00       20       98       20      200  S
      3      1   5.2829240861428595D-01 6.9D-09 0.0D+00 2.0D-09 0.0D+00       21      115       21      210  S
      3      1   5.2828511334403161D-01 9.2D-09 0.0D+00 4.9D-09 0.0D+00       20       99       20      200  S
      3      1   5.2829402379285728D-01 6.4D-09 0.0D+00 2.8D-10 0.0D+00       21      112       21      210  S
      3      1   5.2829321220444847D-01 6.6D-09 0.0D+00 1.3D-09 0.0D+00       21      116       21      210  S
      3      1   5.2829240861447524D-01 6.9D-09 0.0D+00 3.1D-10 0.0D+00       21      112       21      210  S
      3      1   5.2828455439921818D-01 9.4D-09 0.0D+00 2.7D-09 0.0D+00       20      102       20      200  S
      3      1   5.2828734075447925D-01 8.5D-09 0.0D+00 6.2D-10 0.0D+00       20       99       20      200  S
      3      1   5.2829240861453930D-01 6.9D-09 0.0D+00 1.7D-09 0.0D+00       21      112       21      210  S
      3      1   5.2829368832646439D-01 6.5D-09 0.0D+00 1.7D-09 0.0D+00       21      112       21      210  S
      3      1   5.2829240861435522D-01 6.9D-09 0.0D+00 1.2D-09 0.0D+00       21      112       21      210  S
      3      1   5.2828636664165474D-01 8.8D-09 0.0D+00 6.1D-09 0.0D+00       20      100       20      200  S
      3      1   5.2829240861432203D-01 6.9D-09 0.0D+00 1.9D-09 0.0D+00       21      112       21      210  S
      3      1   5.2829240861554472D-01 6.9D-09 0.0D+00 4.0D-09 0.0D+00       23      107       23      230  S
      3      1   5.2828644846495365D-01 8.8D-09 0.0D+00 4.7D-09 0.0D+00       20       99       20      200  S
      3      1   5.2829318503962452D-01 6.6D-09 0.0D+00 3.5D-09 0.0D+00       21      110       21      210  S
      3      1   5.2828701376306919D-01 8.6D-09 0.0D+00 2.7D-09 0.0D+00       20      100       20      200  S
      3      1   5.2828626068865836D-01 8.8D-09 0.0D+00 7.7D-09 0.0D+00       20       97       20      200  S
      3      1   5.2828726368927159D-01 8.5D-09 0.0D+00 1.4D-09 0.0D+00       20       98       20      200  S
      3      1   5.2828738682742926D-01 8.5D-09 0.0D+00 2.4D-09 0.0D+00       20      100       20      200  S
      3      1   5.2829240861436022D-01 6.9D-09 0.0D+00 1.1D-09 0.0D+00       21      112       21      210  S
      3      1   5.2829322923711630D-01 6.6D-09 0.0D+00 3.1D-09 0.0D+00       21      109       21      210  S
      3      1   5.2829240861444338D-01 6.9D-09 0.0D+00 1.9D-09 0.0D+00       21      112       21      210  S
      3      1   5.2829240861446403D-01 6.9D-09 0.0D+00 1.8D-09 0.0D+00       21      111       21      210  S
      3      1   5.2828316036543177D-01 9.9D-09 0.0D+00 5.7D-09 0.0D+00       20      107       20      200  S
      3      1   5.2829240861424365D-01 6.9D-09 0.0D+00 3.2D-09 0.0D+00       21      112       21      210  S
      3      1   5.2829240861433169D-01 6.9D-09 0.0D+00 4.0D-09 0.0D+00       21      115       21      210  S
      3      1   5.2829240861435312D-01 6.9D-09 0.0D+00 9.2D-10 0.0D+00       21      111       21      210  S
      3      1   5.2829391628863676D-01 6.4D-09 0.0D+00 6.9D-10 0.0D+00       21      121       21      210  S
      3      1   5.2829240861432614D-01 6.9D-09 0.0D+00 5.4D-10 0.0D+00       21      111       21      210  S
      3      1   5.2829240861442228D-01 6.9D-09 0.0D+00 7.8D-09 0.0D+00       21      111       21      210  S
      3      1   5.2829240861440785D-01 6.9D-09 0.0D+00 2.2D-09 0.0D+00       21      112       21      210  S
      3      1   5.2828638930083438D-01 8.8D-09 0.0D+00 2.7D-09 0.0D+00       20       98       20      200  S
      3      1   5.2829240861550653D-01 6.9D-09 0.0D+00 5.0D-09 0.0D+00       23      109       23      230  S
      3      1   5.2828480831974267D-01 9.3D-09 0.0D+00 4.6D-09 0.0D+00       20      102       20      200  S
      3      1   5.2829240861427107D-01 6.9D-09 0.0D+00 2.7D-09 0.0D+00       21      113       21      210  S
      3      1   5.2828724942729766D-01 8.5D-09 0.0D+00 1.6D-09 0.0D+00       20       97       20      200  S
      3      1   5.2829240861438698D-01 6.9D-09 0.0D+00 3.0D-11 0.0D+00       21      111       21      210  S
      3      1   5.2829270483325996D-01 6.8D-09 0.0D+00 4.2D-09 0.0D+00       21      114       21      210  S
      3      1   5.2829240861439808D-01 6.9D-09 0.0D+00 2.2D-09 0.0D+00       21      112       21      210  S
      3      1   5.2828778237697116D-01 8.3D-09 0.0D+00 3.7D-09 0.0D+00       20       99       20      200  S
      3      1   5.2829240861439730D-01 6.9D-09 0.0D+00 3.4D-09 0.0D+00       21      110       21      210  S
      3      1   5.2829240861410898D-01 6.9D-09 0.0D+00 1.2D-09 0.0D+00       21      113       21      210  S
      3      1   5.2829240861418503D-01 6.9D-09 0.0D+00 2.6D-09 0.0D+00       21      111       21      210  S
      3      1   5.2829240861464299D-01 6.9D-09 0.0D+00 2.6D-09 0.0D+00       21      115       21      210  S
      3      1   5.2829240861449478D-01 6.9D-09 0.0D+00 4.3D-09 0.0D+00       21      111       21      210  S
      3      1   5.2828622115106105D-01 8.9D-09 0.0D+00 2.1D-10 0.0D+00       20      100       20      200  S
      3      1   5.2829240861430160D-01 6.9D-09 0.0D+00 3.7D-09 0.0D+00       21      111       21      210  S
      3      1   5.2829240861438187D-01 6.9D-09 0.0D+00 3.3D-09 0.0D+00       21      113       21      210  S
      3      1   5.2829240861443816D-01 6.9D-09 0.0D+00 2.2D-09 0.0D+00       21      111       21      210  S
      3      1   5.2829240861447335D-01 6.9D-09 0.0D+00 3.7D-09 0.0D+00       21      112       21      210  S
      3      1   5.2828455857597678D-01 9.4D-09 0.0D+00 3.8D-09 0.0D+00       20      101       20      200  S
      3      1   5.2829240861435522D-01 6.9D-09 0.0D+00 1.5D-10 0.0D+00       21      111       21      210  S
      3      1   5.2828717384625890D-01 8.5D-09 0.0D+00 1.3D-09 0.0D+00       20      101       20      200  S
      3      1   5.2829240861440785D-01 6.9D-09 0.0D+00 2.1D-09 0.0D+00       21      111       21      210  S
      3      1   5.2828620085300881D-01 8.9D-09 0.0D+00 1.3D-09 0.0D+00       20       98       20      200  S
      3      1   5.2829240861445337D-01 6.9D-09 0.0D+00 3.4D-09 0.0D+00       21      113       21      210  S
      3      1   5.2829240861440274D-01 6.9D-09 0.0D+00 4.6D-10 0.0D+00       21      114       21      210  S
      3      1   5.2829240861455584D-01 6.9D-09 0.0D+00 2.3D-09 0.0D+00       21      113       21      210  S
      3      1   5.2828696741500158D-01 8.6D-09 0.0D+00 9.3D-09 0.0D+00       20       98       20      200  S
      3      1   5.2829240861437243D-01 6.9D-09 0.0D+00 2.3D-09 0.0D+00       21      114       21      210  S
      3      1   5.2829314990339893D-01 6.6D-09 0.0D+00 9.6D-10 0.0D+00       21      114       21      210  S
      3      1   5.2828618555577556D-01 8.9D-09 0.0D+00 2.6D-09 0.0D+00       20       98       20      200  S
      3      1   5.2829240861556781D-01 6.9D-09 0.0D+00 1.8D-09 0.0D+00       23      107       23      230  S
      3      1   5.2829240861446336D-01 6.9D-09 0.0D+00 5.1D-09 0.0D+00       21      113       21      210  S
      3      1   5.2828495526299080D-01 9.3D-09 0.0D+00 1.4D-09 0.0D+00       20      102       20      200  S
      3      1   5.2828452111177659D-01 9.4D-09 0.0D+00 5.8D-09 0.0D+00       20      105       20      200  S
      3      1   5.2829240861440285D-01 6.9D-09 0.0D+00 4.4D-09 0.0D+00       21      111       21      210  S
      3      1   5.2828446482601843D-01 9.5D-09 0.0D+00 1.2D-09 0.0D+00       20      104       20      200  S
      3      1   5.2829240861439974D-01 6.9D-09 0.0D+00 1.2D-09 0.0D+00       21      111       21      210  S
      3      1   5.2829410212796035D-01 6.3D-09 0.0D+00 1.2D-09 0.0D+00       21      110       21      210  S
      3      1   5.2829351791727641D-01 6.5D-09 0.0D+00 2.3D-09 0.0D+00       21      108       21      210  S
      3      1   5.2829240861438398D-01 6.9D-09 0.0D+00 2.3D-10 0.0D+00       21      112       21      210  S
      3      1   5.2829296773185108D-01 6.7D-09 0.0D+00 2.9D-09 0.0D+00       21      113       21      210  S
      3      1   5.2829311992367300D-01 6.6D-09 0.0D+00 1.8D-09 0.0D+00       21      114       21      210  S
      3      1   5.2828688384057965D-01 8.6D-09 0.0D+00 1.7D-09 0.0D+00       20      102       20      200  S
      3      1   5.2829240861431581D-01 6.9D-09 0.0D+00 3.2D-09 0.0D+00       21      112       21      210  S
      3      1   5.2829356440458319D-01 6.5D-09 0.0D+00 7.1D-10 0.0D+00       21      111       21      210  S
      3      1   5.2829370868708947D-01 6.5D-09 0.0D+00 9.8D-10 0.0D+00       21      111       21      210  S
      3      1   5.2829385110429483D-01 6.4D-09 0.0D+00 2.2D-09 0.0D+00       21      118       21      210  S
      3      1   5.2829399169772728D-01 6.4D-09 0.0D+00 7.0D-10 0.0D+00       21      110       21      210  S
      3      1   5.2829413050792517D-01 6.3D-09 0.0D+00 1.3D-09 0.0D+00       21      109       21      210  S
      3      1   5.2828305515755580D-01 1.0D-08 0.0D+00 6.0D-08 0.0D+00       21      111       21      210  S
      3      1   5.2828309199125778D-01 1.0D-08 0.0D+00 7.5D-10 0.0D+00       20      105       20      200  S
      3      1   5.2828436351846109D-01 9.5D-09 0.0D+00 2.3D-10 0.0D+00       20      105       20      200  S
      3      1   5.2828653266596570D-01 8.7D-09 0.0D+00 1.8D-10 0.0D+00       20       98       20      200  S
      3      1   5.2828359227493360D-01 9.8D-09 0.0D+00 3.0D-09 0.0D+00       20      109       20      200  S
      3      1   5.2828375502816738D-01 9.7D-09 0.0D+00 1.6D-09 0.0D+00       20      108       20      200  S
      3      1   5.2828754587442728D-01 8.4D-09 0.0D+00 4.2D-09 0.0D+00       20       98       20      200  S
      3      1   5.2828480314624582D-01 9.3D-09 0.0D+00 1.0D-09 0.0D+00       20      101       20      200  S
      3      1   5.2829306749379112D-01 6.7D-09 0.0D+00 5.1D-09 0.0D+00       21      109       21      210  S
      3      1   5.2829240861449867D-01 6.9D-09 0.0D+00 6.1D-09 0.0D+00       21      111       21      210  S
      3      1   5.2829240861432936D-01 6.9D-09 0.0D+00 1.0D-09 0.0D+00       21      110       21      210  S
      3      1   5.2829294983021635D-01 6.7D-09 0.0D+00 3.3D-09 0.0D+00       21      109       21      210  S
      3      1   5.2829240861453031D-01 6.9D-09 0.0D+00 4.9D-09 0.0D+00       21      113       21      210  S
      3      1   5.2829240861423221D-01 6.9D-09 0.0D+00 8.7D-11 0.0D+00       21      111       21      210  S
      3      1   5.2829240861427429D-01 6.9D-09 0.0D+00 3.9D-09 0.0D+00       21      116       21      210  S
      3      1   5.2828375540898020D-01 9.7D-09 0.0D+00 1.6D-09 0.0D+00       20      108       20      200  S
      3      1   5.2829363352368408D-01 6.5D-09 0.0D+00 2.7D-09 0.0D+00       21      111       21      210  S
      3      1   5.2828700471212864D-01 8.6D-09 0.0D+00 1.5D-09 0.0D+00       20       98       20      200  S
      3      1   5.2829240861449089D-01 6.9D-09 0.0D+00 2.5D-09 0.0D+00       21      112       21      210  S
      3      1   5.2828506447483659D-01 9.3D-09 0.0D+00 2.1D-09 0.0D+00       20      100       20      200  S
      3      1   5.2829240861423932D-01 6.9D-09 0.0D+00 6.2D-09 0.0D+00       21      115       21      210  S
      3      1   5.2828534104266445D-01 9.2D-09 0.0D+00 2.1D-10 0.0D+00       20       99       20      200  S
      3      1   5.2828625520999040D-01 8.8D-09 0.0D+00 4.5D-09 0.0D+00       20       98       20      200  S
      3      1   5.2828638841600617D-01 8.8D-09 0.0D+00 3.5D-09 0.0D+00       20       97       20      200  S
      3      1   5.2829240861429994D-01 6.9D-09 0.0D+00 5.2D-09 0.0D+00       21      112       21      210  S
      3      1   5.2828329027149046D-01 9.9D-09 0.0D+00 3.7D-10 0.0D+00       20      107       20      200  S
      3      1   5.2828677994755291D-01 8.7D-09 0.0D+00 1.1D-09 0.0D+00       20       97       20      200  S
      3      1   5.2828690784112053D-01 8.6D-09 0.0D+00 5.6D-09 0.0D+00       20       99       20      200  S
      3      1   5.2828703446456393D-01 8.6D-09 0.0D+00 5.4D-10 0.0D+00       20       98       20      200  S
      3      1   5.2828715983939001D-01 8.5D-09 0.0D+00 3.9D-09 0.0D+00       20       99       20      200  S
      3      1   5.2828728398723790D-01 8.5D-09 0.0D+00 4.7D-09 0.0D+00       20       99       20      200  S
      3      1   5.2828740692892873D-01 8.4D-09 0.0D+00 9.1D-10 0.0D+00       20       99       20      200  S
      3      1   5.2828752868479756D-01 8.4D-09 0.0D+00 5.1D-09 0.0D+00       20       98       20      200  S
      3      1   5.2829240861432758D-01 6.9D-09 0.0D+00 1.8D-09 0.0D+00       21      113       21      210  S
      3      1   5.2829240861448434D-01 6.9D-09 0.0D+00 4.2D-09 0.0D+00       21      113       21      210  S
      3      1   5.2829240861555871D-01 6.9D-09 0.0D+00 7.8D-10 0.0D+00       23      108       23      230  S
      3      1   5.2829240861429982D-01 6.9D-09 0.0D+00 3.4D-09 0.0D+00       21      112       21      210  S
      3      1   5.2828351026209208D-01 9.8D-09 0.0D+00 8.0D-10 0.0D+00       20      109       20      200  S
      3      1   5.2829240861443783D-01 6.9D-09 0.0D+00 1.1D-09 0.0D+00       21      112       21      210  S
      3      1   5.2829316013160477D-01 6.6D-09 0.0D+00 1.3D-10 0.0D+00       21      116       21      210  S
      3      1   5.2829240861433746D-01 6.9D-09 0.0D+00 5.6D-10 0.0D+00       21      112       21      210  S
      3      1   5.2829240861447047D-01 6.9D-09 0.0D+00 5.3D-09 0.0D+00       21      112       21      210  S
      3      1   5.2829240861460047D-01 6.9D-09 0.0D+00 1.8D-09 0.0D+00       21      114       21      210  S
      3      1   5.2829240861447235D-01 6.9D-09 0.0D+00 5.3D-11 0.0D+00       21      111       21      210  S
      3      1   5.2829335897078611D-01 6.6D-09 0.0D+00 2.0D-09 0.0D+00       21      109       21      210  S
      3      1   5.2829240861569216D-01 6.9D-09 0.0D+00 6.3D-10 0.0D+00       23      107       23      230  S
      3      1   5.2829240861441074D-01 6.9D-09 0.0D+00 7.4D-10 0.0D+00       21      114       21      210  S
      3      1   5.2829240861427962D-01 6.9D-09 0.0D+00 6.6D-10 0.0D+00       21      112       21      210  S
      3      1   5.2829240861556870D-01 6.9D-09 0.0D+00 1.6D-09 0.0D+00       23      108       23      230  S
      3      1   5.2829240861437288D-01 6.9D-09 0.0D+00 1.8D-09 0.0D+00       21      111       21      210  S
      3      1   5.2829240861443838D-01 6.9D-09 0.0D+00 3.5D-09 0.0D+00       21      111       21      210  S
      3      1   5.2829240861432492D-01 6.9D-09 0.0D+00 3.1D-09 0.0D+00       21      112       21      210  S
      3      1   5.2828317187427365D-01 9.9D-09 0.0D+00 6.3D-10 0.0D+00       20      108       20      200  S
      3      1   5.2829240861444826D-01 6.9D-09 0.0D+00 2.1D-09 0.0D+00       21      113       21      210  S
      3      1   5.2828737747473253D-01 8.5D-09 0.0D+00 7.9D-09 0.0D+00       20       99       20      200  S
      3      1   5.2829374148729924D-01 6.5D-09 0.0D+00 1.9D-09 0.0D+00       21      118       21      210  S
      3      1   5.2829354962731334D-01 6.5D-09 0.0D+00 2.8D-09 0.0D+00       21      111       21      210  S
      3      1   5.2829240861449889D-01 6.9D-09 0.0D+00 4.4D-09 0.0D+00       21      112       21      210  S
      3      1   5.2829240861448346D-01 6.9D-09 0.0D+00 2.0D-10 0.0D+00       21      113       21      210  S
      3      1   5.2829240861440252D-01 6.9D-09 0.0D+00 4.6D-10 0.0D+00       21      112       21      210  S
      3      1   5.2829240861442306D-01 6.9D-09 0.0D+00 4.0D-09 0.0D+00       21      111       21      210  S
      3      1   5.2829240861451709D-01 6.9D-09 0.0D+00 4.5D-10 0.0D+00       21      112       21      210  S
      3      1   5.2829240861440074D-01 6.9D-09 0.0D+00 1.3D-10 0.0D+00       21      110       21      210  S
      3      1   5.2829240861443616D-01 6.9D-09 0.0D+00 4.7D-10 0.0D+00       21      111       21      210  S
      3      1   5.2828425990738526D-01 9.5D-09 0.0D+00 3.6D-09 0.0D+00       20      102       20      200  S
      3      1   5.2829240861429172D-01 6.9D-09 0.0D+00 7.8D-10 0.0D+00       21      114       21      210  S
      3      1   5.2829240861436955D-01 6.9D-09 0.0D+00 1.9D-10 0.0D+00       21      110       21      210  S
      3      1   5.2829240861437377D-01 6.9D-09 0.0D+00 5.0D-09 0.0D+00       21      110       21      210  S
      3      1   5.2829240861417504D-01 6.9D-09 0.0D+00 4.5D-09 0.0D+00       21      110       21      210  S
      3      1   5.2828309405153850D-01 1.0D-08 0.0D+00 5.9D-08 0.0D+00       21      110       21      210  S
      3      1   5.2828722346780754D-01 8.5D-09 0.0D+00 6.3D-09 0.0D+00       20       98       20      200  S
      3      1   5.2828308779211353D-01 1.0D-08 0.0D+00 6.0D-08 0.0D+00       21      113       21      210  S
      3      1   5.2829350247694928D-01 6.5D-09 0.0D+00 4.0D-09 0.0D+00       21      110       21      210  S
      3      1   5.2829240861437132D-01 6.9D-09 0.0D+00 1.4D-09 0.0D+00       21      114       21      210  S
      3      1   5.2829333719029725D-01 6.6D-09 0.0D+00 9.2D-10 0.0D+00       21      110       21      210  S
      3      1   5.2829253865257386D-01 6.8D-09 0.0D+00 2.3D-09 0.0D+00       21      112       21      210  S
      3      1   5.2829240861453886D-01 6.9D-09 0.0D+00 3.6D-11 0.0D+00       21      112       21      210  S
      3      1   5.2829240861439208D-01 6.9D-09 0.0D+00 5.1D-09 0.0D+00       21      114       21      210  S
      3      1   5.2829240861433435D-01 6.9D-09 0.0D+00 2.3D-10 0.0D+00       21      112       21      210  S
      3      1   5.2828477456907963D-01 9.4D-09 0.0D+00 5.9D-09 0.0D+00       20      103       20      200  S
      3      1   5.2829240861545268D-01 6.9D-09 0.0D+00 3.6D-09 0.0D+00       23      109       23      230  S
      3      1   5.2829240861440951D-01 6.9D-09 0.0D+00 2.0D-09 0.0D+00       21      115       21      210  S
      3      1   5.2828384517600258D-01 9.7D-09 0.0D+00 1.4D-09 0.0D+00       20      110       20      200  S
      3      1   5.2829240861433324D-01 6.9D-09 0.0D+00 5.8D-09 0.0D+00       21      112       21      210  S
      3      1   5.2829283891895906D-01 6.7D-09 0.0D+00 2.2D-09 0.0D+00       21      112       21      210  S
      3      1   5.2829420898884583D-01 6.3D-09 0.0D+00 2.6D-09 0.0D+00       21      109       21      210  S
      3      1   5.2828714156542822D-01 8.5D-09 0.0D+00 3.4D-10 0.0D+00       20       98       20      200  S
      3      1   5.2829240861552240D-01 6.9D-09 0.0D+00 1.9D-09 0.0D+00       23      110       23      230  S
      3      1   5.2829240861432902D-01 6.9D-09 0.0D+00 5.5D-10 0.0D+00       21      112       21      210  S
      3      1   5.2829325819009731D-01 6.6D-09 0.0D+00 6.3D-10 0.0D+00       21      112       21      210  S
      3      1   5.2829373219466536D-01 6.5D-09 0.0D+00 3.0D-09 0.0D+00       21      112       21      210  S
      3      1   5.2829387430965347D-01 6.4D-09 0.0D+00 6.1D-09 0.0D+00       21      118       21      210  S
      3      1   5.2829401460740510D-01 6.4D-09 0.0D+00 3.7D-09 0.0D+00       21      110       21      210  S
      3      1   5.2829240861442295D-01 6.9D-09 0.0D+00 1.1D-09 0.0D+00       21      112       21      210  S
      3      1   5.2829240861440674D-01 6.9D-09 0.0D+00 1.1D-09 0.0D+00       21      112       21      210  S
      3      1   5.2828467559744818D-01 9.4D-09 0.0D+00 8.9D-10 0.0D+00       20      101       20      200  S
      3      1   5.2829240861431581D-01 6.9D-09 0.0D+00 1.9D-09 0.0D+00       21      113       21      210  S
