     11   0.00    0.00    0.00   2.3853717792158438D-01 7.5D-09 0.0D+00 8.9D-08 0.0D+00       23      134       23      230     452     349     653     349     364   0.60     0    0      1  BR
     11      1   2.3853717792687951D-01 7.5D-09 0.0D+00 1.3D-09 0.0D+00       22      142       22      220  S
     11      1   2.3853717793104451D-01 7.5D-09 0.0D+00 5.1D-08 0.0D+00       24      145       24      240  S
     11      1   2.3853717792743481D-01 7.5D-09 0.0D+00 5.5D-09 0.0D+00       23      144       23      230  S
     11      1   2.3853717792683116D-01 7.5D-09 0.0D+00 6.6D-10 0.0D+00       23      141       23      230  S
     11      1   2.3853717792480170D-01 7.5D-09 0.0D+00 4.2D-08 0.0D+00       24      155       24      240  S
     11      1   2.3853717792301474D-01 7.5D-09 0.0D+00 9.4D-08 0.0D+00       24      161       24      240  S
     11      1   2.3853717792669349D-01 7.5D-09 0.0D+00 1.8D-09 0.0D+00       23      142       23      230  S
     11      1   2.3853717793173743D-01 7.5D-09 0.0D+00 4.1D-09 0.0D+00       23      130       23      230  S
     11      1   2.3853717792835807D-01 7.5D-09 0.0D+00 1.9D-09 0.0D+00       22      137       22      220  S
     11      1   2.3853717792602983D-01 7.5D-09 0.0D+00 4.0D-10 0.0D+00       22      112       22      220  S
     11      1   2.3853717792634480D-01 7.5D-09 0.0D+00 8.3D-08 0.0D+00       24      160       24      240  S
     11      1   2.3853717792635562D-01 7.5D-09 0.0D+00 2.5D-09 0.0D+00       22      119       22      220  S
     11      1   2.5513802688374015D-01 7.6D-09 0.0D+00 5.4D-08 0.0D+00       22      143       22      220  S
     11      1   2.3853717792598189D-01 7.5D-09 0.0D+00 2.1D-09 0.0D+00       22      116       22      220  S
     11      1   2.3853717793067375D-01 7.5D-09 0.0D+00 2.3D-09 0.0D+00       23      140       23      230  S
     11      1   2.3853717792502072D-01 7.5D-09 0.0D+00 4.2D-08 0.0D+00       24      155       24      240  S
     11      1   2.3853717792649756D-01 7.5D-09 0.0D+00 1.3D-09 0.0D+00       22      140       22      220  S
     11      1   2.3853717793168500D-01 7.5D-09 0.0D+00 3.8D-10 0.0D+00       23      142       23      230  S
     11      1   2.3853717792623244D-01 7.5D-09 0.0D+00 1.2D-09 0.0D+00       22      136       22      220  S
     11      1   2.3853717792686988D-01 7.5D-09 0.0D+00 7.4D-10 0.0D+00       22      139       22      220  S
     11      1   2.3853717792897780D-01 7.5D-09 0.0D+00 2.9D-08 0.0D+00       23      142       23      230  S
     11      1   2.3853717792648252D-01 7.5D-09 0.0D+00 7.0D-10 0.0D+00       23      136       23      230  S
     11      1   2.3853717792778539D-01 7.5D-09 0.0D+00 9.3D-08 0.0D+00       24      144       25      242  S
     11      1   2.3853717792391577D-01 7.5D-09 0.0D+00 8.9D-08 0.0D+00       23      160       23      230  S
     11      1   2.3853717792224191D-01 7.5D-09 0.0D+00 6.9D-08 0.0D+00       23      160       24      231  S
     11      1   2.3853717792679627D-01 7.5D-09 0.0D+00 4.1D-08 0.0D+00       24      164       24      240  S
     11      1   2.3853717792216519D-01 7.5D-09 0.0D+00 9.1D-08 0.0D+00       23      131       24      231  S
     11      1   2.3853717792947549D-01 7.5D-09 0.0D+00 1.6D-09 0.0D+00       23      154       23      230  S
     11      1   2.3853717792935669D-01 7.5D-09 0.0D+00 3.9D-08 0.0D+00       23      167       24      232  S
     11      1   2.3853717793202306D-01 7.5D-09 0.0D+00 6.7D-10 0.0D+00       23      139       23      230  S
     11      1   2.3853717793029211D-01 7.5D-09 0.0D+00 1.6D-09 0.0D+00       23      161       23      230  S
     11      1   2.3853717792605605D-01 7.5D-09 0.0D+00 7.6D-10 0.0D+00       22      138       22      220  S
     11      1   2.3853717792593801D-01 7.5D-09 0.0D+00 2.1D-09 0.0D+00       22      136       22      220  S
     11      1   2.3853717792660806D-01 7.5D-09 0.0D+00 4.3D-09 0.0D+00       22      130       22      220  S
     11      1   2.3853717792706347D-01 7.5D-09 0.0D+00 2.0D-09 0.0D+00       23      148       23      230  S
     11      1   2.5513811054247687D-01 7.6D-09 0.0D+00 1.9D-08 0.0D+00       23      142       23      230  S
     11      1   2.3853717792612772D-01 7.5D-09 0.0D+00 2.2D-09 0.0D+00       22      128       22      220  S
     11      1   2.3853717792671497D-01 7.5D-09 0.0D+00 1.3D-09 0.0D+00       22      135       22      220  S
     11      1   2.3853717792731807D-01 7.5D-09 0.0D+00 1.9D-09 0.0D+00       23      141       23      230  S
     11      1   2.3853717792870960D-01 7.5D-09 0.0D+00 2.1D-09 0.0D+00       22      139       22      220  S
     11      1   2.3853717792666596D-01 7.5D-09 0.0D+00 8.8D-08 0.0D+00       22      164       22      220  S
     11      1   2.5513811054211982D-01 7.6D-09 0.0D+00 6.2D-09 0.0D+00       22      141       22      220  S
     11      1   2.3853717792675952D-01 7.5D-09 0.0D+00 2.1D-08 0.0D+00       24      165       25      242  S
     11      1   2.3853717792565640D-01 7.5D-09 0.0D+00 5.7D-10 0.0D+00       21      132       21      210  S
     11      1   2.3853717792758053D-01 7.5D-09 0.0D+00 6.0D-09 0.0D+00       23      149       23      230  S
     11      1   2.3853717792738982D-01 7.5D-09 0.0D+00 3.7D-09 0.0D+00       23      148       23      230  S
     11      1   2.3853717792625415D-01 7.5D-09 0.0D+00 1.2D-09 0.0D+00       22      147       22      220  S
     11      1   2.3853717793110449D-01 7.5D-09 0.0D+00 3.6D-09 0.0D+00       22      143       22      220  S
     11      1   2.5525536869685295D-01 7.6D-09 0.0D+00 1.3D-09 0.0D+00       22      138       22      220  S
     11      1   2.3853717792676388D-01 7.5D-09 0.0D+00 1.5D-09 0.0D+00       21      127       21      210  S
     11      1   2.3853717793143964D-01 7.5D-09 0.0D+00 2.5D-09 0.0D+00       23      137       23      230  S
     11      1   2.3853717793015528D-01 7.5D-09 0.0D+00 3.5D-09 0.0D+00       22      156       22      220  S
     11      1   2.3853717792419757D-01 7.5D-09 0.0D+00 4.4D-08 0.0D+00       23      134       23      230  S
     11      1   2.3853717792537099D-01 7.5D-09 0.0D+00 2.3D-08 0.0D+00       24      131       24      240  S
     11      1   2.5513802688392512D-01 7.6D-09 0.0D+00 8.0D-09 0.0D+00       20      132       20      200  S
     11      1   2.3853717792730814D-01 7.5D-09 0.0D+00 4.6D-09 0.0D+00       22      138       22      220  S
     11      1   2.3853717792698378D-01 7.5D-09 0.0D+00 2.6D-09 0.0D+00       22      118       22      220  S
     11      1   2.3853717792803084D-01 7.5D-09 0.0D+00 9.0D-08 0.0D+00       24      167       25      241  S
     11      1   2.3853717792363541D-01 7.5D-09 0.0D+00 4.6D-08 0.0D+00       23      136       23      230  S
     11      1   2.3853717792665882D-01 7.5D-09 0.0D+00 5.0D-09 0.0D+00       22      128       22      220  S
     11      1   2.3853717792590412D-01 7.5D-09 0.0D+00 1.3D-09 0.0D+00       21      115       21      210  S
     11      1   2.3853717792311119D-01 7.5D-09 0.0D+00 9.1D-08 0.0D+00       24      148       24      240  S
     11      1   2.5592225618902747D-01 7.3D-09 0.0D+00 3.4D-07 0.0D+00       24      178       24      240  S
     11      1   2.3853717792836887D-01 7.5D-09 0.0D+00 1.4D-09 0.0D+00       23      147       23      230  S
     11      1   2.3853717792239362D-01 7.5D-09 0.0D+00 9.2D-08 0.0D+00       23      136       23      230  S
     11      1   2.3853717792670268D-01 7.5D-09 0.0D+00 9.1D-08 0.0D+00       23      143       23      230  S
     11      1   2.3853717792715737D-01 7.5D-09 0.0D+00 2.6D-09 0.0D+00       22      146       22      220  S
     11      1   2.3853717792711282D-01 7.5D-09 0.0D+00 1.9D-09 0.0D+00       21      125       21      210  S
     11      1   2.3853717792672330D-01 7.5D-09 0.0D+00 4.8D-10 0.0D+00       22      132       22      220  S
     11      1   2.3853717792913609D-01 7.5D-09 0.0D+00 2.0D-09 0.0D+00       21      139       21      210  S
     11      1   2.3853717793015947D-01 7.5D-09 0.0D+00 8.6D-10 0.0D+00       21      128       21      210  S
     11      1   2.3853717792331602D-01 7.5D-09 0.0D+00 9.1D-08 0.0D+00       24      145       24      240  S
     11      1   2.3853717792626536D-01 7.5D-09 0.0D+00 1.1D-09 0.0D+00       23      121       23      230  S
     11      1   2.3853717792566326D-01 7.5D-09 0.0D+00 1.9D-09 0.0D+00       22      145       22      220  S
     11      1   2.3853717793056292D-01 7.5D-09 0.0D+00 2.0D-09 0.0D+00       22      140       22      220  S
     11      1   2.5590854204845392D-01 7.3D-09 0.0D+00 4.5D-11 0.0D+00       22      126       22      220  S
     11      1   2.3853717792665743D-01 7.5D-09 0.0D+00 1.6D-09 0.0D+00       23      128       23      230  S
     11      1   2.3853717792736795D-01 7.5D-09 0.0D+00 5.8D-10 0.0D+00       23      138       23      230  S
     11      1   2.3853717793221685D-01 7.5D-09 0.0D+00 5.8D-11 0.0D+00       23      146       23      230  S
     11      1   2.3853717792306001D-01 7.5D-09 0.0D+00 9.3D-08 0.0D+00       23      145       23      230  S
     11      1   2.3853717792309478D-01 7.5D-09 0.0D+00 8.4D-08 0.0D+00       24      141       25      241  S
     11      1   2.3853717793018556D-01 7.5D-09 0.0D+00 2.1D-09 0.0D+00       23      169       23      230  S
     11      1   2.3853717792659104D-01 7.5D-09 0.0D+00 2.3D-09 0.0D+00       23      133       23      230  S
     11      1   2.3853717792640441D-01 7.5D-09 0.0D+00 5.3D-10 0.0D+00       22      133       22      220  S
     11      1   2.3853717792681411D-01 7.5D-09 0.0D+00 1.5D-09 0.0D+00       22      131       22      220  S
     11      1   2.3853717792265411D-01 7.5D-09 0.0D+00 9.0D-08 0.0D+00       23      148       24      232  S
     11      1   2.3853717806213426D-01 7.5D-09 0.0D+00 1.2D-09 0.0D+00       22      125       22      220  S
     11      1   2.3853717792723692D-01 7.5D-09 0.0D+00 1.1D-09 0.0D+00       23      139       23      230  S
     11      1   2.3853717792544452D-01 7.5D-09 0.0D+00 9.0D-08 0.0D+00       23      144       24      232  S
     11      1   2.3853717792642767D-01 7.5D-09 0.0D+00 3.9D-10 0.0D+00       23      133       23      230  S
     11      1   2.3853717792614099D-01 7.5D-09 0.0D+00 6.5D-08 0.0D+00       24      153       24      240  S
     11      1   2.3853717792635079D-01 7.5D-09 0.0D+00 4.5D-09 0.0D+00       23      130       23      230  S
     11      1   2.5525536869693410D-01 7.6D-09 0.0D+00 6.0D-09 0.0D+00       22      140       22      220  S
     11      1   2.3853717792857063D-01 7.5D-09 0.0D+00 6.8D-08 0.0D+00       24      149       24      240  S
     11      1   2.3853717793049520D-01 7.5D-09 0.0D+00 3.2D-09 0.0D+00       22      147       22      220  S
     11      1   2.3853717792944618D-01 7.5D-09 0.0D+00 1.6D-09 0.0D+00       21      140       21      210  S
     11      1   2.3853717792309873D-01 7.5D-09 0.0D+00 8.3D-08 0.0D+00       22      162       23      222  S
     11      1   2.3853717792425527D-01 7.5D-09 0.0D+00 4.4D-08 0.0D+00       23      141       23      230  S
     11      1   2.3853717792407736D-01 7.5D-09 0.0D+00 4.6D-08 0.0D+00       23      139       23      230  S
