      3      1   5.2828729004829200D-01 8.5D-09 0.0D+00 3.8D-09 0.0D+00       20       99       20      200  S
      3      1   5.2829240861433913D-01 6.9D-09 0.0D+00 6.2D-10 0.0D+00       21      113       21      210  S
      3      1   5.2829240861428850D-01 6.9D-09 0.0D+00 3.8D-09 0.0D+00       21      112       21      210  S
      3      1   5.2829240861430382D-01 6.9D-09 0.0D+00 2.0D-10 0.0D+00       21      112       21      210  S
      3      1   5.2829240861432192D-01 6.9D-09 0.0D+00 1.6D-09 0.0D+00       21      112       21      210  S
      3      1   5.2829240861451754D-01 6.9D-09 0.0D+00 1.3D-09 0.0D+00       21      113       21      210  S
      3      1   5.2829240861449256D-01 6.9D-09 0.0D+00 1.0D-09 0.0D+00       21      113       21      210  S
      3      1   5.2829240861445725D-01 6.9D-09 0.0D+00 2.0D-09 0.0D+00       21      112       21      210  S
      3      1   5.2828336191315672D-01 9.9D-09 0.0D+00 1.8D-09 0.0D+00       20      108       20      200  S
      3      1   5.2828638506476033D-01 8.8D-09 0.0D+00 4.3D-09 0.0D+00       20       98       20      200  S
      3      1   5.2829240861442417D-01 6.9D-09 0.0D+00 7.1D-10 0.0D+00       21      111       21      210  S
      3      1   5.2829240861435256D-01 6.9D-09 0.0D+00 5.9D-10 0.0D+00       21      111       21      210  S
      3      1   5.2829240861450888D-01 6.9D-09 0.0D+00 2.4D-09 0.0D+00       21      112       21      210  S
      3      1   5.2829240861424165D-01 6.9D-09 0.0D+00 4.6D-09 0.0D+00       21      113       21      210  S
      3      1   5.2828648960499358D-01 8.8D-09 0.0D+00 4.3D-09 0.0D+00       20       98       20      200  S
      3      1   5.2829240861441717D-01 6.9D-09 0.0D+00 2.6D-09 0.0D+00       21      112       21      210  S
      3      1   5.2828777011617367D-01 8.3D-09 0.0D+00 3.3D-09 0.0D+00       20       99       20      200  S
      3      1   5.2829361647925066D-01 6.5D-09 0.0D+00 3.6D-09 0.0D+00       21      113       21      210  S
      3      1   5.2829240861444005D-01 6.9D-09 0.0D+00 2.7D-09 0.0D+00       21      111       21      210  S
      3      1   5.2829240861437876D-01 6.9D-09 0.0D+00 6.5D-11 0.0D+00       21      114       21      210  S
      3      1   5.2829240861428595D-01 6.9D-09 0.0D+00 2.2D-09 0.0D+00       21      111       21      210  S
      3      1   5.2829240861432536D-01 6.9D-09 0.0D+00 6.5D-10 0.0D+00       21      111       21      210  S
      3      1   5.2828310773782938D-01 1.0D-08 0.0D+00 5.9D-08 0.0D+00       21      110       21      210  S
      3      1   5.2828388422558681D-01 9.7D-09 0.0D+00 8.0D-10 0.0D+00       20      107       20      200  S
      3      1   5.2829240861425519D-01 6.9D-09 0.0D+00 1.1D-09 0.0D+00       21      114       21      210  S
      3      1   5.2829240861445503D-01 6.9D-09 0.0D+00 2.2D-10 0.0D+00       21      111       21      210  S
      3      1   5.2829240861441074D-01 6.9D-09 0.0D+00 1.1D-09 0.0D+00       21      113       21      210  S
      3      1   5.2829240861433968D-01 6.9D-09 0.0D+00 1.0D-09 0.0D+00       21      113       21      210  S
      3      1   5.2829240861434223D-01 6.9D-09 0.0D+00 4.8D-09 0.0D+00       21      113       21      210  S
      3      1   5.2829339262568764D-01 6.6D-09 0.0D+00 5.7D-09 0.0D+00       21      109       21      210  S
      3      1   5.2828640284199080D-01 8.8D-09 0.0D+00 5.9D-11 0.0D+00       20       98       20      200  S
      3      1   5.2829240861441196D-01 6.9D-09 0.0D+00 3.8D-10 0.0D+00       21      113       21      210  S
      3      1   5.2829240861431748D-01 6.9D-09 0.0D+00 1.5D-09 0.0D+00       21      113       21      210  S
      3      1   5.2828558486965660D-01 9.1D-09 0.0D+00 2.3D-09 0.0D+00       20       98       20      200  S
      3      1   5.2829240861439197D-01 6.9D-09 0.0D+00 1.8D-09 0.0D+00       21      111       21      210  S
      3      1   5.2829240861441862D-01 6.9D-09 0.0D+00 5.8D-09 0.0D+00       21      112       21      210  S
      3      1   5.2829240861444482D-01 6.9D-09 0.0D+00 4.7D-09 0.0D+00       21      114       21      210  S
      3      1   5.2828732268390288D-01 8.5D-09 0.0D+00 8.8D-09 0.0D+00       20       99       20      200  S
      3      1   5.2829240861436255D-01 6.9D-09 0.0D+00 5.5D-10 0.0D+00       21      112       21      210  S
      3      1   5.2828377842779806D-01 9.7D-09 0.0D+00 2.3D-09 0.0D+00       20      108       20      200  S
      3      1   5.2829240861430204D-01 6.9D-09 0.0D+00 2.9D-10 0.0D+00       21      111       21      210  S
      3      1   5.2829240861438620D-01 6.9D-09 0.0D+00 3.0D-09 0.0D+00       21      112       21      210  S
      3      1   5.2829276465633657D-01 6.7D-09 0.0D+00 5.0D-09 0.0D+00       21      115       21      210  S
      3      1   5.2829240861434623D-01 6.9D-09 0.0D+00 9.1D-10 0.0D+00       21      111       21      210  S
      3      1   5.2829240861437299D-01 6.9D-09 0.0D+00 3.1D-09 0.0D+00       21      111       21      210  S
      3      1   5.2829329519329238D-01 6.6D-09 0.0D+00 2.4D-10 0.0D+00       21      109       21      210  S
      3      1   5.2828631549006544D-01 8.8D-09 0.0D+00 6.3D-09 0.0D+00       20       98       20      200  S
      3      1   5.2829240861453031D-01 6.9D-09 0.0D+00 1.2D-10 0.0D+00       21      115       21      210  S
      3      1   5.2829240861438809D-01 6.9D-09 0.0D+00 1.5D-10 0.0D+00       21      112       21      210  S
      3      1   5.2828549181674633D-01 9.1D-09 0.0D+00 2.2D-10 0.0D+00       20       99       20      200  S
      3      1   5.2829394783543271D-01 6.4D-09 0.0D+00 2.3D-10 0.0D+00       21      110       21      210  S
      3      1   5.2829408720007265D-01 6.4D-09 0.0D+00 3.2D-09 0.0D+00       21      112       21      210  S
      3      1   5.2828591177725692D-01 9.0D-09 0.0D+00 4.0D-09 0.0D+00       20       98       20      200  S
      3      1   5.2829240861442384D-01 6.9D-09 0.0D+00 4.2D-09 0.0D+00       21      113       21      210  S
      3      1   5.2828328674403657D-01 9.9D-09 0.0D+00 2.0D-10 0.0D+00       20      108       20      200  S
      3      1   5.2828367179578506D-01 9.7D-09 0.0D+00 4.8D-09 0.0D+00       20      109       20      200  S
      3      1   5.2828354087053009D-01 9.8D-09 0.0D+00 1.2D-09 0.0D+00       20      109       20      200  S
      3      1   5.2829302634182673D-01 6.7D-09 0.0D+00 1.5D-09 0.0D+00       21      106       21      210  S
      3      1   5.2828386565884244D-01 9.7D-09 0.0D+00 5.3D-10 0.0D+00       20      104       20      200  S
      3      1   5.2828700692203523D-01 8.6D-09 0.0D+00 6.6D-10 0.0D+00       20       99       20      200  S
      3      1   5.2828723938591771D-01 8.5D-09 0.0D+00 6.5D-09 0.0D+00       20      100       20      200  S
      3      1   5.2829240861442539D-01 6.9D-09 0.0D+00 4.3D-09 0.0D+00       21      112       21      210  S
      3      1   5.2829240861433746D-01 6.9D-09 0.0D+00 1.1D-09 0.0D+00       21      112       21      210  S
      3      1   5.2828433963795773D-01 9.5D-09 0.0D+00 4.6D-09 0.0D+00       20      106       20      200  S
      3      1   5.2829240861426296D-01 6.9D-09 0.0D+00 3.2D-10 0.0D+00       21      114       21      210  S
      3      1   5.2828494432353568D-01 9.3D-09 0.0D+00 4.5D-10 0.0D+00       20      101       20      200  S
      3      1   5.2828599161159673D-01 8.9D-09 0.0D+00 6.7D-09 0.0D+00       20       98       20      200  S
      3      1   5.2828523709984776D-01 9.2D-09 0.0D+00 1.1D-09 0.0D+00       20       98       20      200  S
      3      1   5.2829240861433280D-01 6.9D-09 0.0D+00 3.5D-09 0.0D+00       21      112       21      210  S
      3      1   5.2828564476834527D-01 9.1D-09 0.0D+00 1.2D-09 0.0D+00       20       97       20      200  S
      3      1   5.2829240861437354D-01 6.9D-09 0.0D+00 1.4D-09 0.0D+00       21      113       21      210  S
      3      1   5.2829240861429194D-01 6.9D-09 0.0D+00 1.8D-09 0.0D+00       21      115       21      210  S
      3      1   5.2829320568471128D-01 6.6D-09 0.0D+00 2.4D-09 0.0D+00       21      115       21      210  S
      3      1   5.2828607814776052D-01 8.9D-09 0.0D+00 2.9D-10 0.0D+00       20       98       20      200  S
      3      1   5.2829277128091101D-01 6.7D-09 0.0D+00 2.6D-09 0.0D+00       21      113       21      210  S
      3      1   5.2829240861437521D-01 6.9D-09 0.0D+00 2.1D-10 0.0D+00       21      113       21      210  S
      3      1   5.2829240861431603D-01 6.9D-09 0.0D+00 8.7D-10 0.0D+00       21      112       21      210  S
      3      1   5.2829240861423421D-01 6.9D-09 0.0D+00 4.8D-10 0.0D+00       21      113       21      210  S
      3      1   5.2828648256475563D-01 8.8D-09 0.0D+00 7.5D-09 0.0D+00       20      101       20      200  S
      3      1   5.2829240861450266D-01 6.9D-09 0.0D+00 8.9D-10 0.0D+00       21      111       21      210  S
      3      1   5.2829240861435667D-01 6.9D-09 0.0D+00 2.8D-09 0.0D+00       21      114       21      210  S
      3      1   5.2828712068511363D-01 8.5D-09 0.0D+00 8.6D-09 0.0D+00       20       98       20      200  S
      3      1   5.2828724521525305D-01 8.5D-09 0.0D+00 7.2D-11 0.0D+00       20       99       20      200  S
      3      1   5.2828765063075378D-01 8.4D-09 0.0D+00 5.7D-09 0.0D+00       20       99       20      200  S
      3      1   5.2828695791014124D-01 8.6D-09 0.0D+00 3.1D-09 0.0D+00       20       98       20      200  S
      3      1   5.2829240861440374D-01 6.9D-09 0.0D+00 2.4D-09 0.0D+00       21      111       21      210  S
      3      1   5.2828544870533722D-01 9.1D-09 0.0D+00 1.9D-09 0.0D+00       20       99       20      200  S
      3      1   5.2829240861441640D-01 6.9D-09 0.0D+00 6.9D-10 0.0D+00       21      112       21      210  S
      3      1   5.2829240861449644D-01 6.9D-09 0.0D+00 5.4D-10 0.0D+00       21      111       21      210  S
      3      1   5.2829240861432991D-01 6.9D-09 0.0D+00 2.7D-09 0.0D+00       21      111       21      210  S
      3      1   5.2829337276511257D-01 6.6D-09 0.0D+00 2.4D-10 0.0D+00       21      108       21      210  S
      3      1   5.2828363349473584D-01 9.8D-09 0.0D+00 1.6D-09 0.0D+00       20      109       20      200  S
      3      1   5.2829240861435733D-01 6.9D-09 0.0D+00 2.6D-09 0.0D+00       21      113       21      210  S
      3      1   5.2829240861423132D-01 6.9D-09 0.0D+00 1.0D-10 0.0D+00       21      111       21      210  S
      3      1   5.2829240861441384D-01 6.9D-09 0.0D+00 5.8D-09 0.0D+00       21      112       21      210  S
      3      1   5.2828742519690863D-01 8.4D-09 0.0D+00 5.4D-09 0.0D+00       20       99       20      200  S
      3      1   5.2829240861443194D-01 6.9D-09 0.0D+00 2.8D-10 0.0D+00       21      114       21      210  S
      3      1   5.2829240861432913D-01 6.9D-09 0.0D+00 1.0D-09 0.0D+00       21      112       21      210  S
      3      1   5.2829240861448878D-01 6.9D-09 0.0D+00 2.7D-09 0.0D+00       21      113       21      210  S
      3      1   5.2829319538696218D-01 6.6D-09 0.0D+00 1.2D-09 0.0D+00       21      113       21      210  S
