     19      1   2.3755953949244829D-01 8.1D-09 0.0D+00 1.0D-09 0.0D+00       22      150       22      220  S
     19      1   1.8114245060533057D-01 8.1D-09 0.0D+00 4.2D-07 0.0D+00       24      245       24      240  S
     19      1   1.8114245060765707D-01 8.1D-09 0.0D+00 1.6D-07 0.0D+00       23      219       23      230  S
     19      1   4.1618163318838836D-01 2.4D-08 0.0D+00 2.2D+00 0.0D+00       28      180       29      290  S
     19      1   1.8114245060547218D-01 8.1D-09 0.0D+00 4.4D-07 0.0D+00       23      215       23      230  S
     19      1   1.8114245060957629D-01 8.1D-09 0.0D+00 1.5D-09 0.0D+00       22      194       22      220  S
     19      1   1.8114245060902759D-01 8.1D-09 0.0D+00 2.4D-09 0.0D+00       22      180       22      220  S
     19      1   1.8114245060931028D-01 8.1D-09 0.0D+00 9.4D-09 0.0D+00       22      206       22      220  S
     19      1   1.8114245060534434D-01 8.1D-09 0.0D+00 4.1D-07 0.0D+00       23      196       23      230  S
     19      1   2.3667383624411106D-01 6.6D-09 0.0D+00 6.8D-08 0.0D+00       24      153       25      242  S
     19      1   1.8114245060734344D-01 8.1D-09 0.0D+00 2.3D-07 0.0D+00       23      173       23      230  S
     19      1   1.8114245060961071D-01 8.1D-09 0.0D+00 2.4D-09 0.0D+00       22      197       22      220  S
     19      1   1.8114245060881232D-01 8.1D-09 0.0D+00 3.2D-09 0.0D+00       21      160       21      210  S
     19      1   2.3755952551637180D-01 8.1D-09 0.0D+00 2.0D-09 0.0D+00       22      141       22      220  S
     19      1   1.8114245060826403D-01 8.1D-09 0.0D+00 9.2D-08 0.0D+00       23      200       23      230  S
     19      1   2.3853718611190691D-01 7.5D-09 0.0D+00 2.7D-09 0.0D+00       22      178       22      220  S
     19      1   2.3667383624553726D-01 6.6D-09 0.0D+00 1.7D-08 0.0D+00       23      165       23      230  S
     19      1   1.8114245060951234D-01 8.1D-09 0.0D+00 3.7D-09 0.0D+00       22      205       22      220  S
     19      1   1.8114245060909676D-01 8.1D-09 0.0D+00 3.5D-10 0.0D+00       22      204       22      220  S
     19      1   2.3752416867564483D-01 8.1D-09 0.0D+00 1.2D-09 0.0D+00       22      155       22      220  S
     19      1   1.8114245060928114D-01 8.1D-09 0.0D+00 4.9D-09 0.0D+00       22      176       22      220  S
     19      1   1.8114245680316363D-01 8.1D-09 0.0D+00 4.6D-07 0.0D+00       22      233       22      220  S
     19      1   2.3853718141359131D-01 7.5D-09 0.0D+00 2.5D-08 0.0D+00       23      172       23      230  S
     19      1   2.3667383623821692D-01 6.6D-09 0.0D+00 1.0D-09 0.0D+00       22      168       22      220  S
     19      1   2.3755953949741679D-01 8.1D-09 0.0D+00 1.3D-09 0.0D+00       21      169       21      210  S
     19      1   1.8114245060701822D-01 8.1D-09 0.0D+00 2.0D-07 0.0D+00       22      194       22      220  S
     19      1   1.8114245060492609D-01 8.1D-09 0.0D+00 4.6D-07 0.0D+00       23      221       23      230  S
     19      1   1.8114245060935660D-01 8.1D-09 0.0D+00 3.1D-09 0.0D+00       22      184       22      220  S
     19      1   2.3756722998471991D-01 7.1D-09 0.0D+00 6.6D-08 0.0D+00       23      184       24      232  S
     19      1   1.8114245060842923D-01 8.1D-09 0.0D+00 9.6D-08 0.0D+00       23      187       23      230  S
     19      1   2.0440831778499907D-01 8.4D-09 0.0D+00 3.6D-09 0.0D+00       22      200       22      220  S
     19      1   2.3853718609710858D-01 7.5D-09 0.0D+00 1.7D-09 0.0D+00       22      164       22      220  S
     19      1   1.9457194434614783D-01 6.2D-09 0.0D+00 2.2D-07 0.0D+00       23      207       23      230  S
     19      1   2.3752416867793885D-01 8.1D-09 0.0D+00 3.4D-08 0.0D+00       23      183       24      232  S
     19      1   1.8114245061012654D-01 8.1D-09 0.0D+00 1.4D-07 0.0D+00       24      238       24      240  S
     19      1   2.3667383624672300D-01 6.6D-09 0.0D+00 8.1D-10 0.0D+00       22      204       22      220  S
     19      1   2.3755953949775671D-01 8.1D-09 0.0D+00 1.4D-09 0.0D+00       23      174       23      230  S
     19      1   2.3756722998795629D-01 7.1D-09 0.0D+00 5.6D-09 0.0D+00       22      165       22      220  S
     19      1   2.3752416867660850D-01 8.1D-09 0.0D+00 6.7D-10 0.0D+00       22      176       22      220  S
     19      1   2.3667383624402810D-01 6.6D-09 0.0D+00 4.9D-08 0.0D+00       23      200       24      231  S
     19      1   1.8114245060860407D-01 8.1D-09 0.0D+00 2.7D-08 0.0D+00       24      224       24      240  S
     19      1   1.8114245061681461D-01 8.1D-09 0.0D+00 4.6D-07 0.0D+00       26      260       26      260  S
     19      1   2.1628506266320829D-01 9.1D-09 0.0D+00 5.8D-10 0.0D+00       21      199       21      210  S
     19      1   2.3853718110152819D-01 7.5D-09 0.0D+00 6.9D-10 0.0D+00       22      174       22      220  S
     19      1   2.3752416867583709D-01 8.1D-09 0.0D+00 3.5D-09 0.0D+00       22      162       22      220  S
     19      1   1.8114245060950407D-01 8.1D-09 0.0D+00 3.0D-09 0.0D+00       22      196       22      220  S
     19      1   2.3755953949091327D-01 8.1D-09 0.0D+00 3.8D-08 0.0D+00       23      167       23      230  S
     19      1   1.8114245060532724D-01 8.1D-09 0.0D+00 4.6D-07 0.0D+00       23      226       23      230  S
     19      1   2.3853718141151048D-01 7.5D-09 0.0D+00 7.3D-08 0.0D+00       23      151       23      230  S
     19      1   1.8114245060490797D-01 8.1D-09 0.0D+00 4.8D-07 0.0D+00       23      237       23      230  S
     19      1   2.3756722998825305D-01 7.1D-09 0.0D+00 1.4D-09 0.0D+00       23      167       23      230  S
     19      1   2.3853718610527561D-01 7.5D-09 0.0D+00 1.4D-09 0.0D+00       22      198       22      220  S
     19      1   1.8114245060814810D-01 8.1D-09 0.0D+00 1.0D-07 0.0D+00       24      250       24      240  S
     19      1   2.1587652001005431D-01 9.1D-09 0.0D+00 2.2D-07 0.0D+00       24      188       24      240  S
     19      1   1.8114245060805564D-01 8.1D-09 0.0D+00 1.0D-07 0.0D+00       23      194       23      230  S
     19      1   1.8114245060945344D-01 8.1D-09 0.0D+00 4.7D-09 0.0D+00       22      178       22      220  S
     19      1   2.3756722998745874D-01 7.1D-09 0.0D+00 2.2D-09 0.0D+00       22      171       22      220  S
     19      1   2.3752416867674397D-01 8.1D-09 0.0D+00 1.2D-09 0.0D+00       22      149       22      220  S
     19      1   2.3853718610879002D-01 7.5D-09 0.0D+00 1.0D-09 0.0D+00       22      171       22      220  S
     19      1   1.8114245060952794D-01 8.1D-09 0.0D+00 1.6D-09 0.0D+00       22      208       22      220  S
     19      1   2.3755953949237754D-01 8.1D-09 0.0D+00 1.4D-09 0.0D+00       23      206       23      230  S
     19      1   1.8114245060958228D-01 8.1D-09 0.0D+00 4.1D-09 0.0D+00       22      208       22      220  S
     19      1   1.8114245060879125D-01 8.1D-09 0.0D+00 9.5D-10 0.0D+00       20      197       20      200  S
     19      1   1.8114245060695675D-01 8.1D-09 0.0D+00 2.3D-07 0.0D+00       24      218       24      240  S
     19      1   1.8114245060588544D-01 8.1D-09 0.0D+00 3.4D-07 0.0D+00       23      222       23      230  S
     19      1   1.8114245060904263D-01 8.1D-09 0.0D+00 3.4D-09 0.0D+00       22      179       22      220  S
     19      1   1.8114245060578613D-01 8.1D-09 0.0D+00 4.3D-07 0.0D+00       23      243       23      230  S
     19      1   2.2010867975222195D-01 7.8D-09 0.0D+00 3.3D-07 0.0D+00       23      188       23      230  S
     19      1   1.8114245060943421D-01 8.1D-09 0.0D+00 1.1D-09 0.0D+00       22      208       22      220  S
     19      1   1.8114245060955325D-01 8.1D-09 0.0D+00 9.7D-09 0.0D+00       22      227       22      220  S
     19      1   2.3853718610373992D-01 7.5D-09 0.0D+00 5.9D-08 0.0D+00       24      178       24      240  S
     19      1   1.9433260276548417D-01 6.1D-09 0.0D+00 8.2D-09 0.0D+00       21      210       21      210  S
     19      1   2.3853718610400274D-01 7.5D-09 0.0D+00 3.3D-08 0.0D+00       22      152       22      220  S
     19      1   2.3853718110011166D-01 7.5D-09 0.0D+00 3.7D-09 0.0D+00       22      167       22      220  S
     19      1   1.8114245060919834D-01 8.1D-09 0.0D+00 7.5D-09 0.0D+00       22      196       22      220  S
     19      1   1.8114245060833767D-01 8.1D-09 0.0D+00 7.6D-08 0.0D+00       23      215       23      230  S
     19      1   2.0545279882398032D-01 8.3D-09 0.0D+00 9.0D-09 0.0D+00       22      158       22      220  S
     19      1   2.3853718610400584D-01 7.5D-09 0.0D+00 4.2D-08 0.0D+00       23      173       23      230  S
     19      1   2.3667383624265792D-01 6.6D-09 0.0D+00 5.8D-08 0.0D+00       23      150       24      232  S
     19      1   2.3755952651381554D-01 8.1D-09 0.0D+00 1.7D-09 0.0D+00       23      155       23      230  S
     19      1   1.8114245060915798D-01 8.1D-09 0.0D+00 2.4D-09 0.0D+00       22      199       22      220  S
     19      1   1.8114245060563230D-01 8.1D-09 0.0D+00 3.5D-07 0.0D+00       23      186       23      230  S
     19      1   2.3752416868120763D-01 8.1D-09 0.0D+00 2.9D-09 0.0D+00       23      151       23      230  S
     19      1   2.3752416867605533D-01 8.1D-09 0.0D+00 1.3D-09 0.0D+00       22      149       22      220  S
     19      1   2.3752416867134696D-01 8.1D-09 0.0D+00 4.5D-08 0.0D+00       23      157       23      230  S
     19      1   1.8114245061025464D-01 8.1D-09 0.0D+00 9.5D-10 0.0D+00       21      188       21      210  S
     19      1   1.8114245066412835D-01 8.1D-09 0.0D+00 3.0D-09 0.0D+00       22      190       22      220  S
     19      1   2.3755953949430833D-01 8.1D-09 0.0D+00 7.0D-08 0.0D+00       23      161       23      230  S
     19      1   2.3853718141821245D-01 7.5D-09 0.0D+00 1.5D-09 0.0D+00       22      173       22      220  S
     19      1   1.8114245060528333D-01 8.1D-09 0.0D+00 4.3D-07 0.0D+00       23      226       23      230  S
     19      1   2.3853718610798530D-01 7.5D-09 0.0D+00 1.9D-09 0.0D+00       23      179       23      230  S
     19      1   1.8114245060535719D-01 8.1D-09 0.0D+00 4.1D-07 0.0D+00       24      202       24      240  S
     19      1   2.3667383623739324D-01 6.6D-09 0.0D+00 3.5D-08 0.0D+00       23      156       23      230  S
     19      1   2.3752416866279258D-01 8.1D-09 0.0D+00 7.0D-08 0.0D+00       23      171       23      230  S
     19      1   2.3853718141885299D-01 7.5D-09 0.0D+00 1.9D-09 0.0D+00       22      147       22      220  S
     19      1   1.8378864823430485D-01 8.2D-09 0.0D+00 1.2D-09 0.0D+00       21      187       21      210  S
     19      1   2.3853718610754662D-01 7.5D-09 0.0D+00 4.3D-08 0.0D+00       23      161       23      230  S
     19      1   2.1628506261978006D-01 9.1D-09 0.0D+00 3.2D-07 0.0D+00       22      195       22      220  S
     19      1   2.3752416867583803D-01 8.1D-09 0.0D+00 4.0D-09 0.0D+00       22      174       22      220  S
     19      1   1.8114245060897780D-01 8.1D-09 0.0D+00 2.7D-09 0.0D+00       21      172       21      210  S
     19      1   2.3755953949252578D-01 8.1D-09 0.0D+00 8.2D-10 0.0D+00       21      155       21      210  S
     19      1   2.3752415436114252D-01 8.1D-09 0.0D+00 7.3D-08 0.0D+00       24      161       25      241  S
     19      1   1.8114245060506440D-01 8.1D-09 0.0D+00 4.6D-07 0.0D+00       24      232       24      240  S
     19      1   1.8114245060965120D-01 8.1D-09 0.0D+00 5.7D-09 0.0D+00       22      217       22      220  S
     19      1   1.8114245084009359D-01 8.1D-09 0.0D+00 1.1D-09 0.0D+00       22      209       22      220  S
     19      1   1.8114245060932080D-01 8.1D-09 0.0D+00 2.3D-08 0.0D+00       24      237       24      240  S
     19      1   2.3853718610951707D-01 7.5D-09 0.0D+00 1.5D-09 0.0D+00       22      172       22      220  S
     19      1   2.3755953949220279D-01 8.1D-09 0.0D+00 1.3D-09 0.0D+00       22      142       22      220  S
     19      1   2.3755953949552278D-01 8.1D-09 0.0D+00 4.4D-09 0.0D+00       22      140       22      220  S
     19      1   2.3853718445502034D-01 7.5D-09 0.0D+00 2.0D-09 0.0D+00       23      190       23      230  S
     19      1   1.8114245060919834D-01 8.1D-09 0.0D+00 2.6D-09 0.0D+00       22      183       22      220  S
     19      1   1.8357411984127389D-01 6.4D-09 0.0D+00 2.1D-07 0.0D+00       22      216       22      220  S
     19      1   1.8114245060482764D-01 8.1D-09 0.0D+00 4.6D-07 0.0D+00       24      214       24      240  S
     19      1   1.8114245060909617D-01 8.1D-09 0.0D+00 2.4D-09 0.0D+00       22      235       22      220  S
     19      1   2.3853718610355987D-01 7.5D-09 0.0D+00 4.2D-08 0.0D+00       23      177       23      230  S
     19      1   2.3667383624912666D-01 6.6D-09 0.0D+00 2.4D-09 0.0D+00       23      146       23      230  S
     19      1   2.3853718610522615D-01 7.5D-09 0.0D+00 6.1D-09 0.0D+00       22      163       22      220  S
     19      1   2.3752416867384177D-01 8.1D-09 0.0D+00 5.9D-08 0.0D+00       24      182       24      240  S
     19      1   2.3755953948972744D-01 8.1D-09 0.0D+00 5.0D-08 0.0D+00       23      157       24      232  S
     19      1   1.8114245060910036D-01 8.1D-09 0.0D+00 1.1D-09 0.0D+00       22      196       22      220  S
     19      1   1.8114245060890077D-01 8.1D-09 0.0D+00 3.7D-09 0.0D+00       21      220       21      210  S
     19      1   2.3752416867630896D-01 8.1D-09 0.0D+00 1.3D-09 0.0D+00       23      157       23      230  S
     19      1   2.3755953949307815D-01 8.1D-09 0.0D+00 5.5D-09 0.0D+00       23      182       23      230  S
     19      1   2.3756722998915969D-01 7.1D-09 0.0D+00 6.6D-10 0.0D+00       22      201       22      220  S
     19      1   1.8114245060974063D-01 8.1D-09 0.0D+00 2.5D-09 0.0D+00       22      199       22      220  S
     19      1   2.3755953949546899D-01 8.1D-09 0.0D+00 5.2D-08 0.0D+00       24      168       25      241  S
     19      1   1.9404270128816253D-01 6.1D-09 0.0D+00 3.9D-09 0.0D+00       21      180       21      210  S
     19      1   2.3853718611145977D-01 7.5D-09 0.0D+00 3.7D-10 0.0D+00       22      202       22      220  S
     19      1   2.3755953948515601D-01 8.1D-09 0.0D+00 2.6D-09 0.0D+00       22      169       22      220  S
     19      1   2.3853718592863965D-01 7.5D-09 0.0D+00 3.4D-08 0.0D+00       23      158       23      230  S
     19      1   1.8114245060796655D-01 8.1D-09 0.0D+00 9.0D-08 0.0D+00       23      216       23      230  S
     19      1   1.8114245060955822D-01 8.1D-09 0.0D+00 6.0D-09 0.0D+00       22      227       22      220  S
     19      1   2.3853718610474284D-01 7.5D-09 0.0D+00 2.0D-09 0.0D+00       22      197       22      220  S
     19      1   2.3853718610625557D-01 7.5D-09 0.0D+00 4.7D-10 0.0D+00       22      163       22      220  S
     19      1   2.3755953949572967D-01 8.1D-09 0.0D+00 4.9D-08 0.0D+00       23      174       23      230  S
     19      1   1.8114245060960360D-01 8.1D-09 0.0D+00 2.9D-09 0.0D+00       22      169       22      220  S
     19      1   2.3755953949675451D-01 8.1D-09 0.0D+00 2.4D-09 0.0D+00       22      175       22      220  S
     19      1   2.3752416866544337D-01 8.1D-09 0.0D+00 2.6D-09 0.0D+00       22      167       22      220  S
     19      1   1.8114245060627673D-01 8.1D-09 0.0D+00 3.4D-07 0.0D+00       24      235       24      240  S
     19      1   2.3667383624520139D-01 6.6D-09 0.0D+00 5.1D-09 0.0D+00       22      147       22      220  S
     19      1   1.8114245060969331D-01 8.1D-09 0.0D+00 2.2D-09 0.0D+00       22      210       22      220  S
     19      1   2.3853718611169086D-01 7.5D-09 0.0D+00 2.4D-09 0.0D+00       23      153       23      230  S
     19      1   1.8114245060613954D-01 8.1D-09 0.0D+00 3.3D-07 0.0D+00       23      200       23      230  S
     19      1   1.8114245060917272D-01 8.1D-09 0.0D+00 6.6D-09 0.0D+00       22      197       22      220  S
     19      1   2.3756722998443364D-01 7.1D-09 0.0D+00 5.9D-08 0.0D+00       23      153       23      230  S
     19      1   2.3752416868041010D-01 8.1D-09 0.0D+00 2.5D-09 0.0D+00       22      185       22      220  S
     19      1   2.3755952551496690D-01 8.1D-09 0.0D+00 6.8D-08 0.0D+00       23      185       23      230  S
     19      1   1.8114245060914103D-01 8.1D-09 0.0D+00 2.4D-10 0.0D+00       22      182       22      220  S
     19      1   1.8114245060510345D-01 8.1D-09 0.0D+00 4.4D-07 0.0D+00       24      220       24      240  S
     19      1   1.8114245060926384D-01 8.1D-09 0.0D+00 3.1D-09 0.0D+00       22      206       22      220  S
     19      1   2.3667383624543381D-01 6.6D-09 0.0D+00 8.7D-10 0.0D+00       22      174       22      220  S
     19      1   1.8114245060962109D-01 8.1D-09 0.0D+00 5.6D-09 0.0D+00       22      183       22      220  S
     19      1   1.8114245060989040D-01 8.1D-09 0.0D+00 2.2D-08 0.0D+00       23      210       23      230  S
     19      1   2.3853718141276381D-01 7.5D-09 0.0D+00 8.8D-08 0.0D+00       23      172       24      231  S
     19      1   1.8114245060915227D-01 8.1D-09 0.0D+00 5.6D-09 0.0D+00       22      200       22      220  S
     19      1   1.8114245060951867D-01 8.1D-09 0.0D+00 2.9D-09 0.0D+00       22      201       22      220  S
     19      1   1.8114245060922329D-01 8.1D-09 0.0D+00 1.7D-08 0.0D+00       24      214       24      240  S
     19      1   1.8114245060897047D-01 8.1D-09 0.0D+00 6.4D-10 0.0D+00       22      187       22      220  S
     19      1   2.3752416867231554D-01 8.1D-09 0.0D+00 4.8D-08 0.0D+00       23      170       23      230  S
     19      1   1.8114245060912212D-01 8.1D-09 0.0D+00 2.5D-09 0.0D+00       22      193       22      220  S
     19      1   2.3853718109922045D-01 7.5D-09 0.0D+00 4.2D-08 0.0D+00       23      162       23      230  S
     19      1   1.8114245027309248D-01 8.1D-09 0.0D+00 4.1D-09 0.0D+00       22      215       22      220  S
     19      1   2.3853718610447361D-01 7.5D-09 0.0D+00 4.4D-08 0.0D+00       24      149       24      240  S
     19      1   1.8114245060901182D-01 8.1D-09 0.0D+00 6.6D-10 0.0D+00       22      191       22      220  S
     19      1   2.3667383624881497D-01 6.6D-09 0.0D+00 3.0D-09 0.0D+00       22      166       22      220  S
     19      1   2.3752416867672477D-01 8.1D-09 0.0D+00 1.4D-09 0.0D+00       22      139       22      220  S
     19      1   2.3667383596499680D-01 6.6D-09 0.0D+00 6.2D-08 0.0D+00       23      173       23      230  S
     19      1   2.3755953948972544D-01 8.1D-09 0.0D+00 1.9D-09 0.0D+00       22      189       22      220  S
     19      1   2.3752416867380841D-01 8.1D-09 0.0D+00 1.6D-10 0.0D+00       22      152       22      220  S
     19      1   2.3853717835101068D-01 7.5D-09 0.0D+00 1.8D-09 0.0D+00       22      134       22      220  S
     19      1   2.3853718610545743D-01 7.5D-09 0.0D+00 4.5D-08 0.0D+00       24      193       25      241  S
     19      1   2.3667383624844895D-01 6.6D-09 0.0D+00 2.7D-08 0.0D+00       24      197       24      240  S
     19      1   1.8114245060930162D-01 8.1D-09 0.0D+00 2.1D-09 0.0D+00       22      204       22      220  S
     19      1   1.8114245060934511D-01 8.1D-09 0.0D+00 3.8D-10 0.0D+00       22      205       22      220  S
     19      1   2.3853718610519534D-01 7.5D-09 0.0D+00 2.5D-09 0.0D+00       22      160       22      220  S
     19      1   2.3752416867414980D-01 8.1D-09 0.0D+00 2.2D-09 0.0D+00       22      154       22      220  S
     19      1   1.8114245060725367D-01 8.1D-09 0.0D+00 2.5D-07 0.0D+00       24      185       24      240  S
     19      1   1.8114245060039855D-01 8.1D-09 0.0D+00 3.1D-07 0.0D+00       23      230       23      230  S
     19      1   2.3853718142197375D-01 7.5D-09 0.0D+00 2.1D-09 0.0D+00       22      150       22      220  S
     19      1   1.8114245060946907D-01 8.1D-09 0.0D+00 6.2D-10 0.0D+00       22      200       22      220  S
     19      1   2.3755953949509193D-01 8.1D-09 0.0D+00 5.9D-10 0.0D+00       22      163       22      220  S
     19      1   1.8114245060563988D-01 8.1D-09 0.0D+00 3.5D-07 0.0D+00       22      182       22      220  S
     19      1   1.8114245060598594D-01 8.1D-09 0.0D+00 3.4D-07 0.0D+00       24      207       24      240  S
     19      1   1.8114245060912543D-01 8.1D-09 0.0D+00 1.2D-08 0.0D+00       24      217       24      240  S
     19      1   2.3755953949074241D-01 8.1D-09 0.0D+00 2.0D-09 0.0D+00       22      159       22      220  S
     19      1   2.3667383624495358D-01 6.6D-09 0.0D+00 6.8D-08 0.0D+00       23      156       23      230  S
     19      1   2.3853718610502878D-01 7.5D-09 0.0D+00 6.0D-10 0.0D+00       22      155       22      220  S
     19      1   1.8114245060711065D-01 8.1D-09 0.0D+00 2.2D-07 0.0D+00       24      208       24      240  S
     19      1   2.3667383624506014D-01 6.6D-09 0.0D+00 2.3D-10 0.0D+00       22      134       22      220  S
     19      1   2.3752416867943199D-01 8.1D-09 0.0D+00 3.4D-08 0.0D+00       23      176       24      231  S
     19      1   1.8114245060915146D-01 8.1D-09 0.0D+00 8.4D-10 0.0D+00       22      205       22      220  S
     19      1   1.8114245060923084D-01 8.1D-09 0.0D+00 6.8D-09 0.0D+00       22      198       22      220  S
     19      1   2.3853718610262631D-01 7.5D-09 0.0D+00 4.3D-08 0.0D+00       23      157       23      230  S
     19      1   1.8114245060903966D-01 8.1D-09 0.0D+00 1.1D-08 0.0D+00       24      215       24      240  S
     19      1   1.8114245060752801D-01 8.1D-09 0.0D+00 1.6D-07 0.0D+00       23      199       23      230  S
     19      1   2.3667383624320967D-01 6.6D-09 0.0D+00 6.8D-08 0.0D+00       23      146       24      231  S
     19      1   1.8114245060925330D-01 8.1D-09 0.0D+00 2.2D-09 0.0D+00       22      240       22      220  S
     19      1   2.3755952552103607D-01 8.1D-09 0.0D+00 2.8D-09 0.0D+00       23      191       23      230  S
     19      1   1.8114245060582826D-01 8.1D-09 0.0D+00 3.6D-07 0.0D+00       24      241       24      240  S
     19      1   1.8114245060926559D-01 8.1D-09 0.0D+00 1.1D-09 0.0D+00       22      196       22      220  S
     19      1   2.3667383624370864D-01 6.6D-09 0.0D+00 6.6D-08 0.0D+00       23      162       23      230  S
     19      1   1.8114245060830955D-01 8.1D-09 0.0D+00 8.7D-08 0.0D+00       23      210       23      230  S
     19      1   2.3667383624561522D-01 6.6D-09 0.0D+00 1.2D-09 0.0D+00       22      149       22      220  S
     19      1   1.8114245060507894D-01 8.1D-09 0.0D+00 4.5D-07 0.0D+00       23      199       23      230  S
     19      1   2.0414057008312403D-01 8.4D-09 0.0D+00 1.6D-09 0.0D+00       23      190       23      230  S
     19      1   2.3853718141986519D-01 7.5D-09 0.0D+00 1.3D-09 0.0D+00       22      180       22      220  S
     19      1   1.8114245081747429D-01 8.1D-09 0.0D+00 6.1D-10 0.0D+00       23      239       23      230  S
     19      1   2.3752416868129067D-01 8.1D-09 0.0D+00 2.4D-10 0.0D+00       22      179       22      220  S
     19      1   1.8114245060581324D-01 8.1D-09 0.0D+00 4.0D-07 0.0D+00       24      221       24      240  S
     19      1   1.8114245060913636D-01 8.1D-09 0.0D+00 2.2D-09 0.0D+00       22      208       22      220  S
     19      1   2.3667383624331920D-01 6.6D-09 0.0D+00 7.1D-08 0.0D+00       23      168       23      230  S
     19      1   2.3755953948900863D-01 8.1D-09 0.0D+00 6.6D-08 0.0D+00       23      162       24      232  S
     19      1   1.8114245060642456D-01 8.1D-09 0.0D+00 3.5D-07 0.0D+00       23      196       23      230  S
     19      1   2.3853718610199817D-01 7.5D-09 0.0D+00 3.3D-09 0.0D+00       22      159       22      220  S
     19      1   1.8114245060951487D-01 8.1D-09 0.0D+00 2.0D-09 0.0D+00       22      183       22      220  S
     19      1   1.8114245060685774D-01 8.1D-09 0.0D+00 2.3D-07 0.0D+00       23      179       23      230  S
     19      1   2.3752416868215293D-01 8.1D-09 0.0D+00 1.3D-09 0.0D+00       23      201       23      230  S
     19      1   2.3709201417952810D-01 4.9D-07 0.0D+00 4.4D-03 0.0D+00       25      147       26      260  S
     19      1   1.8114245060504974D-01 8.1D-09 0.0D+00 4.6D-07 0.0D+00       23      226       23      230  S
     19      1   1.8114245060734277D-01 8.1D-09 0.0D+00 1.7D-07 0.0D+00       24      217       24      240  S
     19      1   2.3755952378740924D-01 8.1D-09 0.0D+00 1.9D-09 0.0D+00       21      147       21      210  S
     19      1   2.3853718610405250D-01 7.5D-09 0.0D+00 6.6D-08 0.0D+00       24      175       24      240  S
     19      1   1.8114245060701900D-01 8.1D-09 0.0D+00 2.1D-07 0.0D+00       24      231       24      240  S
     19      1   1.8114245060929884D-01 8.1D-09 0.0D+00 7.5D-09 0.0D+00       21      189       21      210  S
     19      1   2.3752416867450754D-01 8.1D-09 0.0D+00 2.9D-08 0.0D+00       23      206       24      231  S
     19      1   1.8114245060963391D-01 8.1D-09 0.0D+00 5.2D-09 0.0D+00       22      204       22      220  S
     19      1   1.8114245060645245D-01 8.1D-09 0.0D+00 2.9D-07 0.0D+00       24      241       24      240  S
     19      1   2.3756727761279067D-01 7.1D-09 0.0D+00 3.3D-09 0.0D+00       21      183       21      210  S
     19      1   1.8114245060798995D-01 8.1D-09 0.0D+00 1.0D-07 0.0D+00       23      210       23      230  S
     19      1   2.3667383624248856D-01 6.6D-09 0.0D+00 6.4D-08 0.0D+00       23      163       23      230  S
     19      1   2.3853718056017600D-01 7.5D-09 0.0D+00 9.1D-08 0.0D+00       24      173       25      242  S
     19      1   1.8114245060906828D-01 8.1D-09 0.0D+00 1.9D-08 0.0D+00       23      191       23      230  S
     19      1   2.3853718595481785D-01 7.5D-09 0.0D+00 1.3D-09 0.0D+00       22      185       22      220  S
     19      1   1.8114245060501225D-01 8.1D-09 0.0D+00 4.2D-07 0.0D+00       23      259       23      230  S
     19      1   2.3667383624684654D-01 6.6D-09 0.0D+00 3.2D-08 0.0D+00       23      175       23      230  S
     19      1   1.8114245060947703D-01 8.1D-09 0.0D+00 1.6D-09 0.0D+00       22      221       22      220  S
     19      1   1.8114245060902676D-01 8.1D-09 0.0D+00 2.6D-09 0.0D+00       22      209       22      220  S
     19      1   1.8114245060615936D-01 8.1D-09 0.0D+00 3.4D-07 0.0D+00       22      195       22      220  S
     19      1   1.8114245081682914D-01 8.1D-09 0.0D+00 4.4D-07 0.0D+00       23      216       23      230  S
     19      1   2.3755952551292153D-01 8.1D-09 0.0D+00 6.7D-08 0.0D+00       23      158       23      230  S
     19      1   2.3667383624232230D-01 6.6D-09 0.0D+00 6.7D-08 0.0D+00       23      141       24      231  S
     19      1   1.8114245060906733D-01 8.1D-09 0.0D+00 4.5D-09 0.0D+00       22      209       22      220  S
     19      1   2.3667383624589705D-01 6.6D-09 0.0D+00 3.4D-09 0.0D+00       22      148       22      220  S
     19      1   2.3755953949722081D-01 8.1D-09 0.0D+00 1.5D-10 0.0D+00       23      163       23      230  S
     19      1   1.8114245060717976D-01 8.1D-09 0.0D+00 2.2D-07 0.0D+00       24      237       24      240  S
     19      1   1.8114245060919176D-01 8.1D-09 0.0D+00 1.8D-08 0.0D+00       23      230       23      230  S
     19      1   1.8114245060932468D-01 8.1D-09 0.0D+00 4.4D-09 0.0D+00       22      174       22      220  S
     19      1   2.3667383624198896D-01 6.6D-09 0.0D+00 6.6D-08 0.0D+00       23      164       24      232  S
     19      1   2.3752416867371456D-01 8.1D-09 0.0D+00 6.7D-08 0.0D+00       23      148       23      230  S
     19      1   1.9399908242692909D-01 6.0D-09 0.0D+00 6.6D-09 0.0D+00       21      221       21      210  S
     19      1   1.8114245060913903D-01 8.1D-09 0.0D+00 7.6D-09 0.0D+00       21      149       21      210  S
     19      1   1.8114245060827486D-01 8.1D-09 0.0D+00 1.2D-07 0.0D+00       23      221       23      230  S
     19      1   1.8114245060919368D-01 8.1D-09 0.0D+00 6.6D-10 0.0D+00       22      200       22      220  S
     19      1   2.3853718141362057D-01 7.5D-09 0.0D+00 3.5D-08 0.0D+00       23      201       23      230  S
     19      1   2.3755953948880196D-01 8.1D-09 0.0D+00 3.3D-08 0.0D+00       23      163       23      230  S
     19      1   2.3667383624919630D-01 6.6D-09 0.0D+00 2.9D-09 0.0D+00       22      163       22      220  S
     19      1   2.0568640433659571D-01 8.3D-09 0.0D+00 3.9D-07 0.0D+00       24      218       24      240  S
     19      1   1.8114245060489501D-01 8.1D-09 0.0D+00 4.7D-07 0.0D+00       23      195       23      230  S
     19      1   2.3755953949253408D-01 8.1D-09 0.0D+00 1.3D-09 0.0D+00       22      176       22      220  S
     19      1   1.8114245077330232D-01 8.1D-09 0.0D+00 1.7D-09 0.0D+00       22      250       22      220  S
     19      1   1.8114245060870132D-01 8.1D-09 0.0D+00 7.8D-08 0.0D+00       23      237       23      230  S
     19      1   1.8114245060924763D-01 8.1D-09 0.0D+00 2.2D-09 0.0D+00       22      205       22      220  S
     19      1   1.8114245060897244D-01 8.1D-09 0.0D+00 2.4D-09 0.0D+00       21      169       21      210  S
     19      1   2.3635086789948329D-01 5.3D-07 0.0D+00 1.1D-02 0.0D+00       24      135       25      250  S
     19      1   1.8114245060764364D-01 8.1D-09 0.0D+00 1.4D-07 0.0D+00       24      205       24      240  S
     19      1   2.3755952551756263D-01 8.1D-09 0.0D+00 5.1D-08 0.0D+00       24      200       25      241  S
     19      1   1.8114245060568748D-01 8.1D-09 0.0D+00 3.4D-07 0.0D+00       22      240       22      220  S
     19      1   2.3756722998675628D-01 7.1D-09 0.0D+00 5.2D-08 0.0D+00       24      172       24      240  S
     19      1   2.3853718610071711D-01 7.5D-09 0.0D+00 9.8D-09 0.0D+00       22      177       22      220  S
     19      1   2.3667383623902050D-01 6.6D-09 0.0D+00 4.8D-09 0.0D+00       22      173       22      220  S
     19      1   2.0414057007428854D-01 8.4D-09 0.0D+00 2.4D-07 0.0D+00       24      201       24      240  S
     19      1   2.3853718444944022D-01 7.5D-09 0.0D+00 6.5D-10 0.0D+00       22      139       22      220  S
     19      1   2.3853718610578997D-01 7.5D-09 0.0D+00 1.7D-09 0.0D+00       22      150       22      220  S
     19      1   2.3755953949415004D-01 8.1D-09 0.0D+00 6.5D-08 0.0D+00       24      171       24      240  S
     19      1   1.8114244893838521D-01 8.1D-09 0.0D+00 5.4D-08 0.0D+00       23      294       23      230  S
     19      1   1.8114245060709946D-01 8.1D-09 0.0D+00 2.1D-07 0.0D+00       24      210       24      240  S
     19      1   2.3667383624244856D-01 6.6D-09 0.0D+00 6.9D-08 0.0D+00       23      159       23      230  S
     19      1   1.8114245060866949D-01 8.1D-09 0.0D+00 5.3D-08 0.0D+00       24      249       24      240  S
     19      1   2.3755953948313988D-01 8.1D-09 0.0D+00 1.4D-09 0.0D+00       23      209       23      230  S
     19      1   1.8117189507579504D-01 1.1D-09 0.0D+00 4.0D+00 0.0D+00       27      191       28      280  S
     19      1   1.8114245060864731D-01 8.1D-09 0.0D+00 9.3D-08 0.0D+00       23      215       23      230  S
     19      1   2.3667383624585739D-01 6.6D-09 0.0D+00 7.1D-10 0.0D+00       22      190       22      220  S
     19      1   2.3667383624172789D-01 6.6D-09 0.0D+00 3.1D-08 0.0D+00       23      163       23      230  S
     19      1   1.8114245060932452D-01 8.1D-09 0.0D+00 3.0D-09 0.0D+00       23      211       23      230  S
     19      1   2.3853718610254032D-01 7.5D-09 0.0D+00 8.9D-08 0.0D+00       23      146       23      230  S
     19      1   2.3755953949075176D-01 8.1D-09 0.0D+00 5.3D-08 0.0D+00       23      176       24      232  S
     19      1   1.8114245060702361D-01 8.1D-09 0.0D+00 2.1D-07 0.0D+00       23      212       23      230  S
     19      1   2.3666375978537890D-01 7.5D-09 0.0D+00 3.3D-09 0.0D+00       22      158       22      220  S
     19      1   1.8114245060923545D-01 8.1D-09 0.0D+00 3.0D-09 0.0D+00       22      224       22      220  S
     19      1   2.0357533387549706D-01 8.4D-09 0.0D+00 2.9D-09 0.0D+00       22      182       22      220  S
     19      1   2.3667383608954384D-01 6.6D-09 0.0D+00 2.8D-09 0.0D+00       22      140       22      220  S
     19      1   2.3667383624352625D-01 6.6D-09 0.0D+00 3.2D-08 0.0D+00       23      160       23      230  S
     19      1   1.8114245060945247D-01 8.1D-09 0.0D+00 5.6D-09 0.0D+00       22      174       22      220  S
     19      1   2.3853718610588709D-01 7.5D-09 0.0D+00 6.2D-09 0.0D+00       22      165       22      220  S
     19      1   2.3853718610661617D-01 7.5D-09 0.0D+00 2.9D-09 0.0D+00       23      180       23      230  S
     19      1   1.8114245060791992D-01 8.1D-09 0.0D+00 1.1D-07 0.0D+00       24      190       24      240  S
     19      1   1.8114245060928247D-01 8.1D-09 0.0D+00 1.5D-09 0.0D+00       22      235       22      220  S
     19      1   2.3755953949069689D-01 8.1D-09 0.0D+00 1.7D-08 0.0D+00       23      171       23      230  S
     19      1   1.8114245060533996D-01 8.1D-09 0.0D+00 4.3D-07 0.0D+00       23      226       23      230  S
     19      1   2.3756722998602417D-01 7.1D-09 0.0D+00 2.5D-09 0.0D+00       22      131       22      220  S
     19      1   1.8388930310241061D-01 7.4D-09 0.0D+00 3.2D-07 0.0D+00       23      265       23      230  S
     19      1   1.8114245060912010D-01 8.1D-09 0.0D+00 3.1D-09 0.0D+00       22      171       22      220  S
     19      1   1.8114245060811965D-01 8.1D-09 0.0D+00 9.6D-08 0.0D+00       24      235       24      240  S
     19      1   2.3752416867139486D-01 8.1D-09 0.0D+00 1.9D-09 0.0D+00       22      179       22      220  S
     19      1   1.8114245074259958D-01 8.1D-09 0.0D+00 8.1D-09 0.0D+00       22      205       22      220  S
     19      1   2.3752416867450177D-01 8.1D-09 0.0D+00 1.2D-11 0.0D+00       22      156       22      220  S
     19      1   2.3752416861525558D-01 8.1D-09 0.0D+00 1.1D-09 0.0D+00       23      178       23      230  S
     19      1   1.8114245060719861D-01 8.1D-09 0.0D+00 2.0D-07 0.0D+00       23      217       23      230  S
     19      1   2.3752416866246573D-01 8.1D-09 0.0D+00 5.2D-08 0.0D+00       24      182       25      242  S
     19      1   1.8114245060804141D-01 8.1D-09 0.0D+00 1.2D-07 0.0D+00       24      239       24      240  S
     19      1   1.8114245060915662D-01 8.1D-09 0.0D+00 3.7D-10 0.0D+00       22      192       22      220  S
     19      1   2.3853718141263089D-01 7.5D-09 0.0D+00 6.8D-08 0.0D+00       23      162       23      230  S
     19      1   2.3755953947705249D-01 8.1D-09 0.0D+00 1.1D-10 0.0D+00       22      159       22      220  S
     19      1   2.3752416867467732D-01 8.1D-09 0.0D+00 5.0D-10 0.0D+00       22      165       22      220  S
     19      1   2.3755953949020353D-01 8.1D-09 0.0D+00 2.6D-08 0.0D+00       23      200       23      230  S
     19      1   1.8312049395648233D-01 6.9D-09 0.0D+00 2.2D-07 0.0D+00       22      290       22      220  S
     19      1   2.3853718610608585D-01 7.5D-09 0.0D+00 5.3D-10 0.0D+00       22      158       22      220  S
     19      1   2.3667383624727045D-01 6.6D-09 0.0D+00 4.8D-10 0.0D+00       22      144       22      220  S
     19      1   1.8114245060924380D-01 8.1D-09 0.0D+00 5.7D-09 0.0D+00       22      209       22      220  S
     19      1   1.8114245060701742D-01 8.1D-09 0.0D+00 2.3D-07 0.0D+00       23      229       23      230  S
     19      1   1.8114245060940859D-01 8.1D-09 0.0D+00 9.6D-09 0.0D+00       21      177       21      210  S
     19      1   1.8114245060839174D-01 8.1D-09 0.0D+00 5.7D-08 0.0D+00       23      238       23      230  S
     19      1   2.3853718610446623D-01 7.5D-09 0.0D+00 2.0D-10 0.0D+00       22      187       22      220  S
     19      1   2.3667383624478774D-01 6.6D-09 0.0D+00 3.1D-08 0.0D+00       23      170       24      232  S
     19      1   2.3667383624536859D-01 6.6D-09 0.0D+00 5.5D-10 0.0D+00       22      178       22      220  S
     19      1   1.8114245061156675D-01 8.1D-09 0.0D+00 9.1D-09 0.0D+00       22      175       22      220  S
     19      1   1.8114245060576648D-01 8.1D-09 0.0D+00 3.5D-07 0.0D+00       24      207       24      240  S
     19      1   2.3755953949249792D-01 8.1D-09 0.0D+00 3.5D-09 0.0D+00       22      156       22      220  S
     19      1   2.3667383620165308D-01 6.6D-09 0.0D+00 6.6D-08 0.0D+00       23      188       24      232  S
     19      1   1.8114245060890485D-01 8.1D-09 0.0D+00 4.6D-09 0.0D+00       21      149       21      210  S
     19      1   2.3755953949341829D-01 8.1D-09 0.0D+00 1.5D-09 0.0D+00       23      178       23      230  S
     19      1   1.8114245060906217D-01 8.1D-09 0.0D+00 3.7D-09 0.0D+00       22      194       22      220  S
     19      1   1.8379414753878567D-01 8.0D-09 0.0D+00 3.3D-07 0.0D+00       23      212       23      230  S
     19      1   1.8114245060923984D-01 8.1D-09 0.0D+00 1.3D-08 0.0D+00       23      210       23      230  S
     19      1   2.3853718445079700D-01 7.5D-09 0.0D+00 1.9D-09 0.0D+00       22      158       22      220  S
     19      1   1.8114245060947251D-01 8.1D-09 0.0D+00 1.4D-09 0.0D+00       22      206       22      220  S
     19      1   2.3853718444562824D-01 7.5D-09 0.0D+00 8.7D-08 0.0D+00       23      154       24      231  S
     19      1   1.8114245060816900D-01 8.1D-09 0.0D+00 1.1D-07 0.0D+00       24      203       24      240  S
     19      1   2.3752416867614171D-01 8.1D-09 0.0D+00 4.4D-10 0.0D+00       23      177       23      230  S
     19      1   2.3755953945416819D-01 8.1D-09 0.0D+00 3.4D-08 0.0D+00       23      181       23      230  S
     19      1   2.3853718517924910D-01 7.5D-09 0.0D+00 3.0D-09 0.0D+00       22      182       22      220  S
     19      1   1.8114245060971707D-01 8.1D-09 0.0D+00 5.5D-09 0.0D+00       22      213       22      220  S
     19      1   2.3752416868114343D-01 8.1D-09 0.0D+00 1.2D-09 0.0D+00       22      149       22      220  S
     19      1   1.8282684954965711D-01 6.8D-09 0.0D+00 3.9D-09 0.0D+00       21      203       21      210  S
     19      1   2.3756722998683105D-01 7.1D-09 0.0D+00 1.9D-09 0.0D+00       22      174       22      220  S
     19      1   2.3755953948084554D-01 8.1D-09 0.0D+00 2.6D-09 0.0D+00       22      149       22      220  S
     19      1   2.3667383624896157D-01 6.6D-09 0.0D+00 6.4D-10 0.0D+00       22      182       22      220  S
     19      1   2.3853718610470137D-01 7.5D-09 0.0D+00 8.8D-10 0.0D+00       22      168       22      220  S
     19      1   1.8114245060908135D-01 8.1D-09 0.0D+00 2.6D-10 0.0D+00       21      173       21      210  S
     19      1   2.3853718110044003D-01 7.5D-09 0.0D+00 4.1D-09 0.0D+00       22      162       22      220  S
     19      1   1.8114245060927928D-01 8.1D-09 0.0D+00 2.9D-09 0.0D+00       22      181       22      220  S
     19      1   2.3755872742297629D-01 8.3D-09 0.0D+00 2.1D-08 0.0D+00       24      163       24      240  S
     19      1   1.8114245060601125D-01 8.1D-09 0.0D+00 4.2D-07 0.0D+00       24      240       24      240  S
     19      1   2.3667383624368776D-01 6.6D-09 0.0D+00 5.6D-08 0.0D+00       24      169       25      242  S
     19      1   2.3755953948818231D-01 8.1D-09 0.0D+00 6.8D-08 0.0D+00       23      186       23      230  S
     19      1   2.3853718610927158D-01 7.5D-09 0.0D+00 2.2D-11 0.0D+00       22      260       22      220  S
     19      1   1.8114245060937403D-01 8.1D-09 0.0D+00 2.5D-09 0.0D+00       22      214       22      220  S
     19      1   1.8114245060935796D-01 8.1D-09 0.0D+00 9.6D-09 0.0D+00       22      189       22      220  S
     19      1   1.8114245060517872D-01 8.1D-09 0.0D+00 4.0D-07 0.0D+00       23      184       23      230  S
     19      1   2.3755953949106257D-01 8.1D-09 0.0D+00 3.4D-08 0.0D+00       24      172       24      240  S
     19      1   2.3752416867697185D-01 8.1D-09 0.0D+00 1.0D-09 0.0D+00       23      159       23      230  S
     19      1   2.3755953949347575D-01 8.1D-09 0.0D+00 8.7D-10 0.0D+00       23      181       23      230  S
     19      1   2.3853718445325917D-01 7.5D-09 0.0D+00 9.0D-10 0.0D+00       23      154       23      230  S
     19      1   2.3755952551320572D-01 8.1D-09 0.0D+00 6.3D-08 0.0D+00       23      138       23      230  S
     19      1   2.3752416868185031D-01 8.1D-09 0.0D+00 2.1D-09 0.0D+00       23      170       23      230  S
     19      1   2.3755953949196115D-01 8.1D-09 0.0D+00 1.0D-09 0.0D+00       22      161       22      220  S
     19      1   1.8114245060722128D-01 8.1D-09 0.0D+00 2.1D-07 0.0D+00       23      202       23      230  S
     19      1   1.8114245060644693D-01 8.1D-09 0.0D+00 2.9D-07 0.0D+00       24      245       24      240  S
     19      1   1.8114245060946654D-01 8.1D-09 0.0D+00 1.9D-08 0.0D+00       23      205       23      230  S
     19      1   1.8114245060723572D-01 8.1D-09 0.0D+00 1.9D-07 0.0D+00       24      197       24      240  S
     19      1   2.3755953959648352D-01 8.1D-09 0.0D+00 2.7D-10 0.0D+00       24      174       24      240  S
     19      1   2.3853718610465888D-01 7.5D-09 0.0D+00 2.1D-09 0.0D+00       22      202       22      220  S
     19      1   2.3752416867461607D-01 8.1D-09 0.0D+00 2.2D-09 0.0D+00       22      153       22      220  S
     19      1   2.0414057011407555D-01 8.4D-09 0.0D+00 6.7D-09 0.0D+00       21      180       21      210  S
     19      1   2.3756722998769711D-01 7.1D-09 0.0D+00 6.3D-08 0.0D+00       23      153       23      230  S
     19      1   2.3853718610514230D-01 7.5D-09 0.0D+00 4.8D-09 0.0D+00       22      172       22      220  S
     19      1   1.8114245060922898D-01 8.1D-09 0.0D+00 9.6D-09 0.0D+00       22      194       22      220  S
     19      1   2.3853718610817823D-01 7.5D-09 0.0D+00 4.2D-08 0.0D+00       24      204       25      242  S
     19      1   2.1587651548369288D-01 9.1D-09 0.0D+00 3.4D-07 0.0D+00       23      189       23      230  S
     19      1   1.8114245060581141D-01 8.1D-09 0.0D+00 3.4D-07 0.0D+00       24      196       24      240  S
     19      1   1.8114245060909154D-01 8.1D-09 0.0D+00 8.3D-09 0.0D+00       22      181       22      220  S
     19      1   1.8114245060881420D-01 8.1D-09 0.0D+00 1.7D-08 0.0D+00       22      205       22      220  S
     19      1   2.3755953949785155D-01 8.1D-09 0.0D+00 5.8D-10 0.0D+00       23      183       23      230  S
     19      1   2.3667383624565755D-01 6.6D-09 0.0D+00 1.5D-09 0.0D+00       22      144       22      220  S
     19      1   2.3752415436432503D-01 8.1D-09 0.0D+00 1.7D-08 0.0D+00       23      165       23      230  S
     19      1   2.3853718141703234D-01 7.5D-09 0.0D+00 2.4D-11 0.0D+00       23      171       23      230  S
     19      1   2.3752416867503442D-01 8.1D-09 0.0D+00 7.0D-10 0.0D+00       22      134       22      220  S
     19      1   2.3853718610793809D-01 7.5D-09 0.0D+00 4.1D-09 0.0D+00       22      166       22      220  S
     19      1   1.8114245060658818D-01 8.1D-09 0.0D+00 3.0D-07 0.0D+00       22      206       22      220  S
     19      1   1.8114245060902734D-01 8.1D-09 0.0D+00 6.3D-09 0.0D+00       22      188       22      220  S
     19      1   1.8114245060889589D-01 8.1D-09 0.0D+00 3.1D-09 0.0D+00       21      157       21      210  S
     19      1   1.8114245060698281D-01 8.1D-09 0.0D+00 2.0D-07 0.0D+00       23      215       23      230  S
     19      1   1.8114245060776385D-01 8.1D-09 0.0D+00 1.4D-07 0.0D+00       24      218       24      240  S
     19      1   2.3853718141756830D-01 7.5D-09 0.0D+00 5.6D-09 0.0D+00       23      159       23      230  S
     19      1   2.3755952551804835D-01 8.1D-09 0.0D+00 1.7D-08 0.0D+00       24      206       25      241  S
     19      1   1.8102687815000246D-01 4.2D-07 0.0D+00 1.5D-01 0.0D+00       26      175       27      270  S
     19      1   1.8114245060989648D-01 8.1D-09 0.0D+00 3.2D-08 0.0D+00       23      226       23      230  S
     19      1   2.3752415442286648D-01 8.1D-09 0.0D+00 6.1D-08 0.0D+00       24      173       24      240  S
     19      1   1.8114245060880804D-01 8.1D-09 0.0D+00 1.1D-09 0.0D+00       21      148       21      210  S
     19      1   2.3853718110118408D-01 7.5D-09 0.0D+00 4.0D-10 0.0D+00       22      163       22      220  S
     19      1   1.8114245060479445D-01 8.1D-09 0.0D+00 4.3D-07 0.0D+00       22      191       22      220  S
     19      1   2.3853718445140831D-01 7.5D-09 0.0D+00 4.4D-09 0.0D+00       22      157       22      220  S
     19      1   1.8282684733205787D-01 6.8D-09 0.0D+00 1.1D-07 0.0D+00       22      208       22      220  S
     19      1   2.3667383624787641D-01 6.6D-09 0.0D+00 1.5D-09 0.0D+00       23      172       23      230  S
     19      1   2.2150676105414954D-01 7.1D-09 0.0D+00 1.5D-08 0.0D+00       23      185       23      230  S
     19      1   2.3756722999177027D-01 7.1D-09 0.0D+00 5.6D-09 0.0D+00       22      169       22      220  S
     19      1   2.3756722998659460D-01 7.1D-09 0.0D+00 5.7D-08 0.0D+00       23      173       23      230  S
     19      1   2.3667383624597416D-01 6.6D-09 0.0D+00 6.8D-08 0.0D+00       23      180       24      232  S
     19      1   2.3853718141769970D-01 7.5D-09 0.0D+00 7.8D-08 0.0D+00       23      192       24      231  S
     19      1   2.3667383624422522D-01 6.6D-09 0.0D+00 7.4D-10 0.0D+00       22      150       22      220  S
     19      1   1.8114245060911929D-01 8.1D-09 0.0D+00 5.2D-09 0.0D+00       22      197       22      220  S
     19      1   2.3755953948389752D-01 8.1D-09 0.0D+00 6.9D-10 0.0D+00       22      154       22      220  S
     19      1   2.3755953949203171D-01 8.1D-09 0.0D+00 3.4D-10 0.0D+00       23      161       23      230  S
     19      1   2.3752416867670148D-01 8.1D-09 0.0D+00 4.5D-10 0.0D+00       23      165       23      230  S
     19      1   2.3853718140857311D-01 7.5D-09 0.0D+00 4.3D-08 0.0D+00       24      181       24      240  S
     19      1   2.3755953949288486D-01 8.1D-09 0.0D+00 7.1D-09 0.0D+00       22      163       22      220  S
     19      1   1.8114245060971887D-01 8.1D-09 0.0D+00 4.5D-09 0.0D+00       22      219       22      220  S
     19      1   1.8114245060545606D-01 8.1D-09 0.0D+00 4.1D-07 0.0D+00       23      208       23      230  S
     19      1   2.3755953949449218D-01 8.1D-09 0.0D+00 2.7D-10 0.0D+00       22      171       22      220  S
     19      1   2.3755953949075781D-01 8.1D-09 0.0D+00 6.6D-08 0.0D+00       24      162       24      240  S
     19      1   1.8114245060923198D-01 8.1D-09 0.0D+00 5.5D-09 0.0D+00       22      194       22      220  S
     19      1   2.3752416864848727D-01 8.1D-09 0.0D+00 6.0D-08 0.0D+00       23      169       23      230  S
     19      1   2.3853718610573202D-01 7.5D-09 0.0D+00 9.3D-08 0.0D+00       23      161       23      230  S
     19      1   2.3853718610626434D-01 7.5D-09 0.0D+00 3.9D-09 0.0D+00       22      156       22      220  S
     19      1   1.8114245060898615D-01 8.1D-09 0.0D+00 4.6D-09 0.0D+00       21      199       21      210  S
     19      1   2.3755953949510719D-01 8.1D-09 0.0D+00 2.9D-10 0.0D+00       22      147       22      220  S
     19      1   2.3756722998609892D-01 7.1D-09 0.0D+00 6.3D-08 0.0D+00       23      152       23      230  S
     19      1   2.3667383624588673D-01 6.6D-09 0.0D+00 6.8D-08 0.0D+00       23      190       23      230  S
     19      1   2.3667383624354474D-01 6.6D-09 0.0D+00 6.8D-08 0.0D+00       23      191       24      232  S
     19      1   2.3755952551251175D-01 8.1D-09 0.0D+00 6.9D-08 0.0D+00       23      151       23      230  S
     19      1   1.8114245060732315D-01 8.1D-09 0.0D+00 2.0D-07 0.0D+00       23      203       23      230  S
     19      1   2.3667383624325347D-01 6.6D-09 0.0D+00 6.2D-08 0.0D+00       22      158       22      220  S
     19      1   2.3752416868110487D-01 8.1D-09 0.0D+00 7.0D-10 0.0D+00       22      172       22      220  S
     19      1   1.8114245060928036D-01 8.1D-09 0.0D+00 8.0D-09 0.0D+00       22      216       22      220  S
     19      1   1.8114245060902362D-01 8.1D-09 0.0D+00 3.7D-09 0.0D+00       22      224       22      220  S
     19      1   1.8114245060494116D-01 8.1D-09 0.0D+00 4.4D-07 0.0D+00       24      196       24      240  S
     19      1   1.8114245060640802D-01 8.1D-09 0.0D+00 3.3D-07 0.0D+00       24      244       24      240  S
     19      1   2.3667383624426649D-01 6.6D-09 0.0D+00 6.9D-08 0.0D+00       23      180       24      231  S
     19      1   2.0414057007929479D-01 8.4D-09 0.0D+00 1.6D-07 0.0D+00       24      202       24      240  S
     19      1   1.8114245060917161D-01 8.1D-09 0.0D+00 9.7D-10 0.0D+00       22      173       22      220  S
     19      1   2.3815425192766537D-01 5.0D-07 0.0D+00 6.3D-03 0.0D+00       25      128       26      260  S
     19      1   2.3752416867591253D-01 8.1D-09 0.0D+00 7.8D-10 0.0D+00       23      175       23      230  S
     19      1   2.3752416867754111D-01 8.1D-09 0.0D+00 1.9D-09 0.0D+00       23      205       23      230  S
     19      1   1.8114245060945405D-01 8.1D-09 0.0D+00 3.7D-09 0.0D+00       22      234       22      220  S
     19      1   1.8114245060960538D-01 8.1D-09 0.0D+00 1.0D-08 0.0D+00       24      215       24      240  S
     19      1   2.3756722998631163D-01 7.1D-09 0.0D+00 6.9D-10 0.0D+00       22      175       22      220  S
     19      1   1.8114245060921416D-01 8.1D-09 0.0D+00 6.3D-10 0.0D+00       22      184       22      220  S
     19      1   1.8114245060853904D-01 8.1D-09 0.0D+00 9.4D-08 0.0D+00       24      212       24      240  S
     19      1   1.8114245060768422D-01 8.1D-09 0.0D+00 1.6D-07 0.0D+00       24      234       24      240  S
     19      1   1.8114245060908604D-01 8.1D-09 0.0D+00 8.6D-09 0.0D+00       22      201       22      220  S
     19      1   2.3853718610470637D-01 7.5D-09 0.0D+00 2.4D-09 0.0D+00       22      185       22      220  S
     19      1   2.3667383624186936D-01 6.6D-09 0.0D+00 3.1D-10 0.0D+00       22      162       22      220  S
     19      1   2.3853718610398703D-01 7.5D-09 0.0D+00 2.7D-08 0.0D+00       23      195       23      230  S
     19      1   1.8114245060852488D-01 8.1D-09 0.0D+00 4.9D-08 0.0D+00       23      241       23      230  S
     19      1   2.3853718141419095D-01 7.5D-09 0.0D+00 8.9D-08 0.0D+00       24      177       24      240  S
     19      1   2.3755952551574147D-01 8.1D-09 0.0D+00 7.5D-10 0.0D+00       22      151       22      220  S
     19      1   2.3667383624778332D-01 6.6D-09 0.0D+00 3.1D-08 0.0D+00       23      160       23      230  S
     19      1   1.8114245060923317D-01 8.1D-09 0.0D+00 7.6D-09 0.0D+00       22      172       22      220  S
     19      1   2.3853718445139324D-01 7.5D-09 0.0D+00 3.3D-09 0.0D+00       22      171       22      220  S
     19      1   2.3853718141781816D-01 7.5D-09 0.0D+00 8.7D-10 0.0D+00       23      161       23      230  S
     19      1   2.3752416867440576D-01 8.1D-09 0.0D+00 1.2D-09 0.0D+00       22      177       22      220  S
     19      1   1.8114245060928466D-01 8.1D-09 0.0D+00 3.0D-09 0.0D+00       22      212       22      220  S
     19      1   2.3667383624592728D-01 6.6D-09 0.0D+00 2.3D-09 0.0D+00       23      170       23      230  S
     19      1   2.3853718445243977D-01 7.5D-09 0.0D+00 6.9D-08 0.0D+00       24      175       24      240  S
     19      1   2.3752415436506630D-01 8.1D-09 0.0D+00 6.5D-08 0.0D+00       23      163       23      230  S
     19      1   2.3755952551846818D-01 8.1D-09 0.0D+00 3.5D-09 0.0D+00       23      189       23      230  S
     19      1   1.8114245060498399D-01 8.1D-09 0.0D+00 4.6D-07 0.0D+00       24      192       24      240  S
     19      1   2.3853718610666058D-01 7.5D-09 0.0D+00 8.2D-10 0.0D+00       22      155       22      220  S
     19      1   2.0357533390693350D-01 8.4D-09 0.0D+00 3.2D-07 0.0D+00       23      198       23      230  S
     19      1   2.3667383624469196D-01 6.6D-09 0.0D+00 3.4D-08 0.0D+00       24      167       24      240  S
     19      1   2.3667383624787416D-01 6.6D-09 0.0D+00 6.3D-10 0.0D+00       22      125       22      220  S
     19      1   1.8114245060919762D-01 8.1D-09 0.0D+00 8.3D-09 0.0D+00       22      222       22      220  S
     19      1   2.3853718610539573D-01 7.5D-09 0.0D+00 1.6D-09 0.0D+00       22      162       22      220  S
     19      1   2.3755953949331921D-01 8.1D-09 0.0D+00 1.5D-09 0.0D+00       23      163       23      230  S
     19      1   2.3752416867604348D-01 8.1D-09 0.0D+00 2.9D-09 0.0D+00       22      172       22      220  S
     19      1   2.3853718445237612D-01 7.5D-09 0.0D+00 9.0D-12 0.0D+00       22      165       22      220  S
     19      1   2.3853718610466901D-01 7.5D-09 0.0D+00 3.2D-09 0.0D+00       22      158       22      220  S
     19      1   2.3853718610450811D-01 7.5D-09 0.0D+00 1.8D-09 0.0D+00       22      152       22      220  S
     19      1   1.8114245060589901D-01 8.1D-09 0.0D+00 4.4D-07 0.0D+00       23      213       23      230  S
     19      1   2.3755953948930289D-01 8.1D-09 0.0D+00 6.9D-08 0.0D+00       24      177       24      240  S
     19      1   2.1525744215239337D-01 9.1D-09 0.0D+00 4.2D-10 0.0D+00       21      172       21      210  S
     19      1   1.8114245083912570D-01 8.1D-09 0.0D+00 7.4D-10 0.0D+00       22      184       22      220  S
     19      1   2.3755953949195691D-01 8.1D-09 0.0D+00 3.4D-10 0.0D+00       22      149       22      220  S
     19      1   1.8114245060849207D-01 8.1D-09 0.0D+00 5.7D-08 0.0D+00       23      212       23      230  S
     19      1   1.8114245060968270D-01 8.1D-09 0.0D+00 1.3D-09 0.0D+00       22      176       22      220  S
     19      1   1.8114245060698081D-01 8.1D-09 0.0D+00 2.3D-07 0.0D+00       23      198       23      230  S
     19      1   1.8114245060488354D-01 8.1D-09 0.0D+00 4.6D-07 0.0D+00       23      218       23      230  S
     19      1   2.3853718610495878D-01 7.5D-09 0.0D+00 3.7D-08 0.0D+00       24      166       24      240  S
     19      1   2.3853718141777522D-01 7.5D-09 0.0D+00 3.3D-10 0.0D+00       22      163       22      220  S
     19      1   2.3752416869082049D-01 8.1D-09 0.0D+00 7.2D-08 0.0D+00       23      191       23      230  S
     19      1   2.3755953948783964D-01 8.1D-09 0.0D+00 5.2D-08 0.0D+00       23      188       24      232  S
     19      1   1.8114245060913597D-01 8.1D-09 0.0D+00 6.1D-10 0.0D+00       22      206       22      220  S
     19      1   1.8114245060500031D-01 8.1D-09 0.0D+00 4.5D-07 0.0D+00       24      196       24      240  S
     19      1   1.8114245060918985D-01 8.1D-09 0.0D+00 6.0D-10 0.0D+00       22      215       22      220  S
     19      1   2.3853718610437685D-01 7.5D-09 0.0D+00 6.5D-10 0.0D+00       22      184       22      220  S
     19      1   2.3755952551859444D-01 8.1D-09 0.0D+00 1.4D-10 0.0D+00       22      175       22      220  S
     19      1   2.3755953949085862D-01 8.1D-09 0.0D+00 3.2D-08 0.0D+00       23      161       23      230  S
     19      1   1.8114245060963555D-01 8.1D-09 0.0D+00 1.3D-10 0.0D+00       22      192       22      220  S
     19      1   1.8282684972400101D-01 6.8D-09 0.0D+00 6.3D-09 0.0D+00       21      198       21      210  S
     19      1   1.8114245060937514D-01 8.1D-09 0.0D+00 2.3D-08 0.0D+00       22      205       22      220  S
