     21      1   1.6687931295391967D-01 5.2D-09 0.0D+00 2.1D-08 0.0D+00       23      213       23      230  S
     21      1   1.6697965429277983D-01 5.1D-09 0.0D+00 3.1D-07 0.0D+00       23      158       23      230  S
     21      1   1.8111671664505027D-01 7.5D-09 0.0D+00 7.9D-09 0.0D+00       22      190       22      220  S
     21      1   2.3853718610603281D-01 7.5D-09 0.0D+00 5.5D-09 0.0D+00       22      130       22      220  S
     21      1   1.6697965428219386D-01 5.1D-09 0.0D+00 9.2D-09 0.0D+00       22      208       22      220  S
     21      1   1.6697965428223319D-01 5.1D-09 0.0D+00 6.2D-08 0.0D+00       24      196       24      240  S
     21      1   1.6697965428992376D-01 5.1D-09 0.0D+00 2.7D-07 0.0D+00       23      218       23      230  S
     21      1   2.3755952551919829D-01 8.1D-09 0.0D+00 3.6D-10 0.0D+00       22      179       22      220  S
     21      1   1.6687931282865837D-01 5.2D-09 0.0D+00 6.7D-09 0.0D+00       21      194       21      210  S
     21      1   1.6697965428069278D-01 5.1D-09 0.0D+00 2.1D-07 0.0D+00       23      176       23      230  S
     21      1   1.6687931282847560D-01 5.2D-09 0.0D+00 1.7D-09 0.0D+00       22      191       22      220  S
     21      1   1.6687931282844484D-01 5.2D-09 0.0D+00 2.7D-09 0.0D+00       22      180       22      220  S
     21      1   1.6697965428007955D-01 5.1D-09 0.0D+00 3.2D-07 0.0D+00       23      178       23      230  S
     21      1   1.6697965428316100D-01 5.1D-09 0.0D+00 6.7D-09 0.0D+00       22      204       22      220  S
     21      1   1.6697965428310768D-01 5.1D-09 0.0D+00 1.8D-09 0.0D+00       22      186       22      220  S
     21      1   1.6697965428233130D-01 5.1D-09 0.0D+00 2.6D-09 0.0D+00       22      162       22      220  S
     21      1   1.6687931282843335D-01 5.2D-09 0.0D+00 8.4D-09 0.0D+00       22      196       22      220  S
     21      1   1.6697965428221181D-01 5.1D-09 0.0D+00 4.9D-09 0.0D+00       22      168       22      220  S
     21      1   1.6697965428256256D-01 5.1D-09 0.0D+00 9.1D-09 0.0D+00       22      177       22      220  S
     21      1   1.6687931282853644D-01 5.2D-09 0.0D+00 2.0D-08 0.0D+00       24      203       24      240  S
     21      1   1.6687931282860563D-01 5.2D-09 0.0D+00 2.7D-08 0.0D+00       23      201       23      230  S
     21      1   1.6687931282864046D-01 5.2D-09 0.0D+00 6.5D-09 0.0D+00       22      168       22      220  S
     21      1   1.6687931282826518D-01 5.2D-09 0.0D+00 1.6D-09 0.0D+00       22      178       22      220  S
     21      1   1.6679225029990638D-01 3.2D-07 0.0D+00 2.5D-02 0.0D+00       24      158       25      250  S
     21      1   2.3853718445019562D-01 7.5D-09 0.0D+00 9.1D-08 0.0D+00       24      196       24      240  S
     21      1   1.6687931282703422D-01 5.2D-09 0.0D+00 2.2D-07 0.0D+00       23      201       23      230  S
     21      1   1.6687931282867147D-01 5.2D-09 0.0D+00 4.1D-09 0.0D+00       22      147       22      220  S
     21      1   1.6687931282616533D-01 5.2D-09 0.0D+00 3.2D-07 0.0D+00       23      198       23      230  S
     21      1   1.6687931282877702D-01 5.2D-09 0.0D+00 1.7D-10 0.0D+00       22      194       22      220  S
     21      1   1.6687931282631954D-01 5.2D-09 0.0D+00 3.3D-07 0.0D+00       24      230       24      240  S
     21      1   1.6687931282918009D-01 5.2D-09 0.0D+00 6.1D-10 0.0D+00       23      210       23      230  S
     21      1   1.6687931282879229D-01 5.2D-09 0.0D+00 3.0D-08 0.0D+00       25      246       25      250  S
     21      1   1.6697965427991232D-01 5.1D-09 0.0D+00 3.3D-07 0.0D+00       23      169       23      230  S
     21      1   1.6687931076041593D-01 5.2D-09 0.0D+00 8.4D-09 0.0D+00       20      194       20      200  S
     21      1   1.6697965433450249D-01 5.1D-09 0.0D+00 9.4D-09 0.0D+00       21      211       21      210  S
     21      1   1.6687931282719651D-01 5.2D-09 0.0D+00 1.6D-07 0.0D+00       24      213       24      240  S
     21      1   3.4524586682509539D-01 6.5D-03 0.0D+00 1.0D+00 0.0D+00       22      132       23      230  S
     21      1   1.6687931282836893D-01 5.2D-09 0.0D+00 5.8D-09 0.0D+00       22      230       22      220  S
     21      1   1.6697965428124564D-01 5.1D-09 0.0D+00 1.7D-07 0.0D+00       23      220       23      230  S
     21      1   1.6697965428216199D-01 5.1D-09 0.0D+00 2.4D-09 0.0D+00       22      177       22      220  S
     21      1   1.6697965428234085D-01 5.1D-09 0.0D+00 5.7D-09 0.0D+00       22      165       22      220  S
     21      1   1.6687931282852164D-01 5.2D-09 0.0D+00 1.3D-09 0.0D+00       22      189       22      220  S
     21      1   1.6687931282834559D-01 5.2D-09 0.0D+00 1.6D-08 0.0D+00       24      190       24      240  S
     21      1   1.6687931282781898D-01 5.2D-09 0.0D+00 1.1D-07 0.0D+00       24      174       24      240  S
     21      1   2.3755954007525920D-01 8.1D-09 0.0D+00 3.0D-09 0.0D+00       23      188       23      230  S
     21      1   1.6697965428328937D-01 5.1D-09 0.0D+00 3.6D-09 0.0D+00       22      188       22      220  S
     21      1   2.3755953949268077D-01 8.1D-09 0.0D+00 1.8D-09 0.0D+00       23      184       23      230  S
     21      1   1.6687931282871449D-01 5.2D-09 0.0D+00 3.5D-09 0.0D+00       22      199       22      220  S
     21      1   1.6687931282882792D-01 5.2D-09 0.0D+00 4.2D-09 0.0D+00       22      226       22      220  S
     21      1   1.6697965429155581D-01 5.1D-09 0.0D+00 3.3D-07 0.0D+00       24      160       24      240  S
     21      1   1.6687931282611981D-01 5.2D-09 0.0D+00 3.2D-07 0.0D+00       24      237       24      240  S
     21      1   1.6697965429514641D-01 5.1D-09 0.0D+00 1.5D-09 0.0D+00       22      139       22      220  S
     21      1   1.6687931282654625D-01 5.2D-09 0.0D+00 2.6D-07 0.0D+00       24      194       24      240  S
     21      1   1.6697965428256473D-01 5.1D-09 0.0D+00 9.6D-10 0.0D+00       22      180       22      220  S
     21      1   1.6697965427982916D-01 5.1D-09 0.0D+00 3.2D-07 0.0D+00       24      204       24      240  S
     21      1   1.6697965428233860D-01 5.1D-09 0.0D+00 1.5D-09 0.0D+00       22      203       22      220  S
     21      1   1.6697965428259470D-01 5.1D-09 0.0D+00 2.4D-09 0.0D+00       22      167       22      220  S
     21      1   2.3690377312806335D-01 9.5D-07 0.0D+00 2.7D-02 0.0D+00       23      138       24      240  S
     21      1   1.6697965428032582D-01 5.1D-09 0.0D+00 3.1D-07 0.0D+00       23      195       23      230  S
     21      1   1.6687931282841739D-01 5.2D-09 0.0D+00 1.2D-09 0.0D+00       22      196       22      220  S
     21      1   1.6697965428213471D-01 5.1D-09 0.0D+00 7.5D-09 0.0D+00       22      185       22      220  S
     21      1   1.6697965428258998D-01 5.1D-09 0.0D+00 1.9D-08 0.0D+00       24      207       24      240  S
     21      1   1.6697965428226905D-01 5.1D-09 0.0D+00 7.0D-09 0.0D+00       22      187       22      220  S
     21      1   1.6687931282868329D-01 5.2D-09 0.0D+00 2.1D-08 0.0D+00       23      175       23      230  S
     21      1   1.6687931282865212D-01 5.2D-09 0.0D+00 9.1D-09 0.0D+00       22      224       22      220  S
     21      1   1.6687931282610799D-01 5.2D-09 0.0D+00 3.0D-07 0.0D+00       23      208       23      230  S
     21      1   1.6687931282844082D-01 5.2D-09 0.0D+00 1.8D-10 0.0D+00       22      202       22      220  S
     21      1   1.6697965428275804D-01 5.1D-09 0.0D+00 9.7D-09 0.0D+00       22      166       22      220  S
     21      1   1.6697965428048916D-01 5.1D-09 0.0D+00 3.0D-07 0.0D+00       24      205       24      240  S
     21      1   2.3755953949239089D-01 8.1D-09 0.0D+00 1.7D-09 0.0D+00       23      170       23      230  S
     21      1   2.3853718610295868D-01 7.5D-09 0.0D+00 2.2D-09 0.0D+00       23      203       23      230  S
     21      1   1.6687931282840607D-01 5.2D-09 0.0D+00 1.4D-08 0.0D+00       23      167       23      230  S
     21      1   2.3755953949504854D-01 8.1D-09 0.0D+00 2.5D-08 0.0D+00       24      166       24      240  S
     21      1   1.6697965428219499D-01 5.1D-09 0.0D+00 3.9D-10 0.0D+00       22      154       22      220  S
     21      1   1.6697965428266262D-01 5.1D-09 0.0D+00 1.5D-09 0.0D+00       22      200       22      220  S
     21      1   2.3667383624484675D-01 6.6D-09 0.0D+00 6.5D-08 0.0D+00       24      189       25      242  S
     21      1   1.6697965428253461D-01 5.1D-09 0.0D+00 5.7D-09 0.0D+00       22      216       22      220  S
     21      1   1.6697965428271247D-01 5.1D-09 0.0D+00 9.7D-09 0.0D+00       22      182       22      220  S
     21      1   1.6697965428017578D-01 5.1D-09 0.0D+00 3.1D-07 0.0D+00       24      205       24      240  S
     21      1   1.6687931282772195D-01 5.2D-09 0.0D+00 1.5D-07 0.0D+00       23      179       23      230  S
     21      1   1.6697965428230502D-01 5.1D-09 0.0D+00 9.1D-09 0.0D+00       22      167       22      220  S
     21      1   1.6697965428059253D-01 5.1D-09 0.0D+00 2.3D-07 0.0D+00       23      214       23      230  S
     21      1   1.6687931282863805D-01 5.2D-09 0.0D+00 4.0D-08 0.0D+00       23      193       23      230  S
     21      1   1.6697965428217906D-01 5.1D-09 0.0D+00 9.6D-09 0.0D+00       22      207       22      220  S
     21      1   2.3667383624733271D-01 6.6D-09 0.0D+00 5.7D-10 0.0D+00       22      144       22      220  S
     21      1   1.6697965432951020D-01 5.1D-09 0.0D+00 3.0D-09 0.0D+00       19      159       19      190  S
     21      1   2.3755953949262901D-01 8.1D-09 0.0D+00 1.7D-08 0.0D+00       23      196       24      231  S
     21      1   1.6687931282877591D-01 5.2D-09 0.0D+00 5.6D-10 0.0D+00       22      206       22      220  S
     21      1   2.3752416867713591D-01 8.1D-09 0.0D+00 1.6D-09 0.0D+00       23      173       23      230  S
     21      1   1.6687931282890031D-01 5.2D-09 0.0D+00 9.7D-09 0.0D+00       22      204       22      220  S
     21      1   1.6687931282661278D-01 5.2D-09 0.0D+00 2.9D-07 0.0D+00       24      226       24      240  S
     21      1   2.3752416867070622D-01 8.1D-09 0.0D+00 6.9D-08 0.0D+00       23      140       23      230  S
     21      1   1.6687931282847859D-01 5.2D-09 0.0D+00 4.3D-09 0.0D+00       22      160       22      220  S
     21      1   1.6687931282776988D-01 5.2D-09 0.0D+00 8.2D-08 0.0D+00       23      182       23      230  S
     21      1   1.6697965428213149D-01 5.1D-09 0.0D+00 5.3D-08 0.0D+00       23      196       23      230  S
     21      1   1.6687931282793200D-01 5.2D-09 0.0D+00 1.3D-07 0.0D+00       24      203       24      240  S
     21      1   1.6687931282676652D-01 5.2D-09 0.0D+00 2.3D-07 0.0D+00       24      235       24      240  S
     21      1   1.6697965428288294D-01 5.1D-09 0.0D+00 4.6D-09 0.0D+00       22      189       22      220  S
     21      1   1.6687931282869831D-01 5.2D-09 0.0D+00 6.4D-09 0.0D+00       21      164       21      210  S
     21      1   1.6687931282869040D-01 5.2D-09 0.0D+00 6.7D-09 0.0D+00       22      198       22      220  S
     21      1   2.3752416868082288D-01 8.1D-09 0.0D+00 2.3D-08 0.0D+00       24      207       24      240  S
     21      1   1.6687931282892607D-01 5.2D-09 0.0D+00 7.7D-09 0.0D+00       22      191       22      220  S
     21      1   1.6697965428232484D-01 5.1D-09 0.0D+00 4.3D-09 0.0D+00       22      166       22      220  S
     21      1   1.6687931282656995D-01 5.2D-09 0.0D+00 2.5D-07 0.0D+00       22      210       22      220  S
     21      1   1.6697965421086181D-01 5.1D-09 0.0D+00 2.5D-08 0.0D+00       21      211       21      210  S
     21      1   1.6697965428240621D-01 5.1D-09 0.0D+00 1.7D-08 0.0D+00       23      186       23      230  S
     21      1   2.3755953948881853D-01 8.1D-09 0.0D+00 6.7D-08 0.0D+00       23      181       24      231  S
     21      1   1.6687931282851284D-01 5.2D-09 0.0D+00 6.3D-09 0.0D+00       22      196       22      220  S
     21      1   1.6697965428166514D-01 5.1D-09 0.0D+00 7.0D-08 0.0D+00       23      222       23      230  S
     21      1   2.3853718141712588D-01 7.5D-09 0.0D+00 3.0D-09 0.0D+00       23      189       23      230  S
     21      1   1.6678582705389644D-01 3.6D-07 0.0D+00 2.5D-02 0.0D+00       24      142       25      250  S
     21      1   1.6697965428227438D-01 5.1D-09 0.0D+00 9.1D-09 0.0D+00       22      220       22      220  S
     21      1   1.6697965428214076D-01 5.1D-09 0.0D+00 2.8D-09 0.0D+00       22      182       22      220  S
     21      1   1.6697965428229208D-01 5.1D-09 0.0D+00 2.7D-08 0.0D+00       23      178       23      230  S
     21      1   1.6692856887178834D-01 3.4D-07 0.0D+00 1.5D-02 0.0D+00       25      173       26      260  S
     21      1   1.6697965428232128D-01 5.1D-09 0.0D+00 2.1D-08 0.0D+00       24      189       24      240  S
     21      1   1.6687931282606139D-01 5.2D-09 0.0D+00 3.1D-07 0.0D+00       23      220       23      230  S
     21      1   1.6697965429236969D-01 5.1D-09 0.0D+00 2.8D-09 0.0D+00       23      169       23      230  S
     21      1   1.6697965428158945D-01 5.1D-09 0.0D+00 1.2D-07 0.0D+00       24      213       24      240  S
     21      1   1.8114038864291415D-01 7.6D-09 0.0D+00 1.7D-08 0.0D+00       22      222       22      220  S
     21      1   1.6687931282837778D-01 5.2D-09 0.0D+00 8.2D-10 0.0D+00       22      216       22      220  S
     21      1   1.6687931282866367D-01 5.2D-09 0.0D+00 2.5D-09 0.0D+00       22      189       22      220  S
     21      1   1.6687931282889998D-01 5.2D-09 0.0D+00 1.7D-08 0.0D+00       25      190       25      250  S
     21      1   1.6687931282893664D-01 5.2D-09 0.0D+00 7.0D-09 0.0D+00       22      205       22      220  S
     21      1   1.6697965428238232D-01 5.1D-09 0.0D+00 2.8D-09 0.0D+00       22      211       22      220  S
     21      1   1.6687931282634841D-01 5.2D-09 0.0D+00 3.2D-07 0.0D+00       23      205       23      230  S
     21      1   2.3752416868165019D-01 8.1D-09 0.0D+00 1.6D-09 0.0D+00       23      177       23      230  S
     21      1   1.6697965428235115D-01 5.1D-09 0.0D+00 1.5D-09 0.0D+00       22      168       22      220  S
     21      1   1.6687931282871726D-01 5.2D-09 0.0D+00 2.9D-09 0.0D+00       22      165       22      220  S
     21      1   1.6687931282887758D-01 5.2D-09 0.0D+00 2.7D-08 0.0D+00       25      251       25      250  S
     21      1   1.6687931282788937D-01 5.2D-09 0.0D+00 6.3D-08 0.0D+00       23      201       23      230  S
     21      1   2.3667383624651192D-01 6.6D-09 0.0D+00 4.5D-10 0.0D+00       23      155       23      230  S
     21      1   1.6697965428230582D-01 5.1D-09 0.0D+00 2.9D-08 0.0D+00       24      199       24      240  S
     21      1   1.6697965428232264D-01 5.1D-09 0.0D+00 2.1D-08 0.0D+00       24      215       24      240  S
     21      1   1.6697965428310796D-01 5.1D-09 0.0D+00 3.1D-09 0.0D+00       22      177       22      220  S
     21      1   1.6697965428062803D-01 5.1D-09 0.0D+00 2.8D-07 0.0D+00       23      181       23      230  S
     21      1   1.6687931282860785D-01 5.2D-09 0.0D+00 7.7D-09 0.0D+00       22      181       22      220  S
     21      1   1.8114038858731973D-01 7.6D-09 0.0D+00 9.5D-09 0.0D+00       22      221       22      220  S
     21      1   1.7051892938091423D-01 2.3D-06 0.0D+00 9.3D-02 0.0D+00       23      139       24      240  S
     21      1   2.3790966772527150D-01 1.3D-06 0.0D+00 6.3D-02 0.0D+00       23      153       24      240  S
     21      1   1.6697965428218720D-01 5.1D-09 0.0D+00 6.3D-08 0.0D+00       23      212       23      230  S
     21      1   2.3752416867277487D-01 8.1D-09 0.0D+00 4.2D-08 0.0D+00       23      184       24      232  S
     21      1   1.6687931282860877D-01 5.2D-09 0.0D+00 6.7D-09 0.0D+00       22      154       22      220  S
     21      1   1.6687931282855853D-01 5.2D-09 0.0D+00 8.7D-09 0.0D+00       22      152       22      220  S
     21      1   1.6687931282603591D-01 5.2D-09 0.0D+00 3.2D-07 0.0D+00       23      192       23      230  S
     21      1   1.8111671664441872D-01 7.5D-09 0.0D+00 5.5D-10 0.0D+00       20      163       20      200  S
     21      1   1.6697965428044520D-01 5.1D-09 0.0D+00 3.3D-07 0.0D+00       24      213       24      240  S
     21      1   1.6697965428234110D-01 5.1D-09 0.0D+00 8.7D-09 0.0D+00       22      173       22      220  S
     21      1   1.6697965428264341D-01 5.1D-09 0.0D+00 9.9D-09 0.0D+00       22      199       22      220  S
     21      1   1.6697965428211672D-01 5.1D-09 0.0D+00 3.2D-09 0.0D+00       22      179       22      220  S
     21      1   1.6687931282893212D-01 5.2D-09 0.0D+00 4.3D-09 0.0D+00       22      186       22      220  S
     21      1   1.6687931282888060D-01 5.2D-09 0.0D+00 4.6D-09 0.0D+00       22      207       22      220  S
     21      1   1.6687931282660026D-01 5.2D-09 0.0D+00 3.1D-07 0.0D+00       23      180       23      230  S
     21      1   1.6687931282848265D-01 5.2D-09 0.0D+00 8.2D-09 0.0D+00       22      190       22      220  S
     21      1   1.6697965428243852D-01 5.1D-09 0.0D+00 2.2D-09 0.0D+00       22      174       22      220  S
     21      1   1.6697965428261974D-01 5.1D-09 0.0D+00 9.2D-09 0.0D+00       22      188       22      220  S
     21      1   1.8111671664485565D-01 7.5D-09 0.0D+00 6.2D-09 0.0D+00       21      174       21      210  S
     21      1   1.6687931282888990D-01 5.2D-09 0.0D+00 9.1D-09 0.0D+00       22      190       22      220  S
     21      1   1.6697965428247927D-01 5.1D-09 0.0D+00 9.9D-09 0.0D+00       22      207       22      220  S
     21      1   1.6697965428218756D-01 5.1D-09 0.0D+00 3.0D-09 0.0D+00       22      169       22      220  S
     21      1   1.6687931282841414D-01 5.2D-09 0.0D+00 1.8D-08 0.0D+00       23      201       23      230  S
     21      1   1.6687931282862875D-01 5.2D-09 0.0D+00 1.1D-08 0.0D+00       25      225       25      250  S
     21      1   1.6687931282911517D-01 5.2D-09 0.0D+00 2.8D-09 0.0D+00       23      177       23      230  S
     21      1   1.6697965428233891D-01 5.1D-09 0.0D+00 8.9D-09 0.0D+00       22      178       22      220  S
     21      1   1.6697965428031081D-01 5.1D-09 0.0D+00 3.1D-07 0.0D+00       24      237       24      240  S
     21      1   2.3755953949310218D-01 8.1D-09 0.0D+00 4.8D-08 0.0D+00       23      176       23      230  S
     21      1   1.6697965428267256D-01 5.1D-09 0.0D+00 1.8D-08 0.0D+00       23      182       23      230  S
     21      1   2.3853718610650598D-01 7.5D-09 0.0D+00 1.5D-09 0.0D+00       23      173       23      230  S
     21      1   2.3667383624645622D-01 6.6D-09 0.0D+00 6.6D-10 0.0D+00       22      151       22      220  S
     21      1   1.6687931282778473D-01 5.2D-09 0.0D+00 7.5D-08 0.0D+00       23      202       23      230  S
     21      1   1.6687931282863944D-01 5.2D-09 0.0D+00 2.5D-09 0.0D+00       22      199       22      220  S
     21      1   1.6687931282655255D-01 5.2D-09 0.0D+00 2.5D-07 0.0D+00       24      199       24      240  S
     21      1   4.3770661414836176D-01 4.7D-07 0.0D+00 3.4D-01 0.0D+00       23      170       24      240  S
     21      1   1.6687931282655902D-01 5.2D-09 0.0D+00 2.7D-07 0.0D+00       23      208       23      230  S
     21      1   1.6697965428247635D-01 5.1D-09 0.0D+00 9.2D-09 0.0D+00       22      189       22      220  S
     21      1   1.6687931282889504D-01 5.2D-09 0.0D+00 1.0D-09 0.0D+00       22      183       22      220  S
     21      1   1.6687931282605745D-01 5.2D-09 0.0D+00 3.2D-07 0.0D+00       23      227       23      230  S
     21      1   2.3853718141954519D-01 7.5D-09 0.0D+00 2.0D-09 0.0D+00       22      136       22      220  S
     21      1   1.6675499627740931D-01 6.2D-07 0.0D+00 4.9D-02 0.0D+00       24      158       25      250  S
     21      1   1.6687931282882640D-01 5.2D-09 0.0D+00 2.1D-10 0.0D+00       22      182       22      220  S
     21      1   1.6687931282857482D-01 5.2D-09 0.0D+00 1.2D-08 0.0D+00       23      209       23      230  S
     21      1   1.6687931282633509D-01 5.2D-09 0.0D+00 3.1D-07 0.0D+00       23      198       23      230  S
     21      1   1.6697965428295350D-01 5.1D-09 0.0D+00 2.2D-08 0.0D+00       23      198       23      230  S
     21      1   1.6687931282701232D-01 5.2D-09 0.0D+00 1.8D-07 0.0D+00       23      180       23      230  S
     21      1   1.6687931282671384D-01 5.2D-09 0.0D+00 2.3D-07 0.0D+00       23      175       23      230  S
     21      1   1.6697965429775841D-01 5.1D-09 0.0D+00 4.0D-08 0.0D+00       23      213       23      230  S
     21      1   1.6697965428279271D-01 5.1D-09 0.0D+00 1.5D-08 0.0D+00       23      187       23      230  S
     21      1   2.3752416867691931D-01 8.1D-09 0.0D+00 6.1D-08 0.0D+00       23      186       23      230  S
     21      1   1.6687931282866164D-01 5.2D-09 0.0D+00 5.8D-09 0.0D+00       22      182       22      220  S
     21      1   1.6687931282839646D-01 5.2D-09 0.0D+00 3.4D-09 0.0D+00       22      212       22      220  S
     21      1   1.6697965429357089D-01 5.1D-09 0.0D+00 1.3D-07 0.0D+00       23      174       23      230  S
     21      1   1.6687931282642635D-01 5.2D-09 0.0D+00 3.2D-07 0.0D+00       24      174       24      240  S
     21      1   1.6697965428097836D-01 5.1D-09 0.0D+00 1.6D-07 0.0D+00       24      197       24      240  S
     21      1   2.1617458441110637D-01 1.1D-10 0.0D+00 6.5D+00 0.0D+00       23      197       24      240  S
     21      1   1.6826068875102981D-01 2.2D-06 0.0D+00 2.3D-01 0.0D+00       24      157       25      250  S
     21      1   1.6697965428037601D-01 5.1D-09 0.0D+00 3.0D-07 0.0D+00       23      195       23      230  S
     21      1   1.6697965428263159D-01 5.1D-09 0.0D+00 3.2D-10 0.0D+00       22      177       22      220  S
     21      1   1.6697965428280748D-01 5.1D-09 0.0D+00 1.7D-09 0.0D+00       22      192       22      220  S
     21      1   1.6687931282890325D-01 5.2D-09 0.0D+00 3.2D-08 0.0D+00       23      214       23      230  S
     21      1   1.6687931282884869D-01 5.2D-09 0.0D+00 5.6D-09 0.0D+00       22      206       22      220  S
     21      1   1.6697965428040207D-01 5.1D-09 0.0D+00 2.6D-07 0.0D+00       23      201       23      230  S
     21      1   1.6697965428263756D-01 5.1D-09 0.0D+00 3.2D-11 0.0D+00       22      172       22      220  S
     21      1   2.3667383624376084D-01 6.6D-09 0.0D+00 6.6D-08 0.0D+00       23      165       24      231  S
     21      1   1.8114245060728904D-01 8.1D-09 0.0D+00 2.1D-07 0.0D+00       24      233       24      240  S
     21      1   1.6697965428184353D-01 5.1D-09 0.0D+00 1.1D-07 0.0D+00       25      205       25      250  S
     21      1   1.6687931282822988D-01 5.2D-09 0.0D+00 3.3D-08 0.0D+00       23      196       23      230  S
     21      1   1.6687931282655047D-01 5.2D-09 0.0D+00 2.6D-07 0.0D+00       24      188       24      240  S
     21      1   1.6697965428219469D-01 5.1D-09 0.0D+00 8.6D-09 0.0D+00       22      184       22      220  S
     21      1   1.6687931282740284D-01 5.2D-09 0.0D+00 1.4D-07 0.0D+00       23      181       23      230  S
     21      1   1.6697965428107270D-01 5.1D-09 0.0D+00 1.5D-07 0.0D+00       23      173       23      230  S
     21      1   1.6697965428230618D-01 5.1D-09 0.0D+00 2.2D-10 0.0D+00       22      161       22      220  S
     21      1   2.0429491138744010D-01 8.4D-09 0.0D+00 1.2D-07 0.0D+00       26      256       26      260  S
     21      1   1.6697965428232031D-01 5.1D-09 0.0D+00 2.3D-08 0.0D+00       24      180       24      240  S
     21      1   1.6687931282845320D-01 5.2D-09 0.0D+00 2.3D-09 0.0D+00       22      204       22      220  S
     21      1   2.3755953948883018D-01 8.1D-09 0.0D+00 4.9D-08 0.0D+00       23      160       24      232  S
     21      1   1.6687931282863450D-01 5.2D-09 0.0D+00 9.5D-09 0.0D+00       22      169       22      220  S
     21      1   1.6697965236469264D-01 5.1D-09 0.0D+00 3.3D-07 0.0D+00       22      250       22      220  S
     21      1   1.8111210348756410D-01 7.6D-09 0.0D+00 3.8D-09 0.0D+00       22      218       22      220  S
     21      1   1.6697965428161771D-01 5.1D-09 0.0D+00 1.2D-07 0.0D+00       24      201       24      240  S
     21      1   1.6687931282858312D-01 5.2D-09 0.0D+00 2.0D-08 0.0D+00       23      193       23      230  S
     21      1   2.3853718610610425D-01 7.5D-09 0.0D+00 8.9D-10 0.0D+00       22      179       22      220  S
     21      1   1.6697965428283471D-01 5.1D-09 0.0D+00 7.6D-09 0.0D+00       22      193       22      220  S
     21      1   1.6697965428234685D-01 5.1D-09 0.0D+00 1.5D-09 0.0D+00       22      165       22      220  S
     21      1   1.6687931282746549D-01 5.2D-09 0.0D+00 1.2D-07 0.0D+00       23      205       23      230  S
     21      1   1.6687931282866500D-01 5.2D-09 0.0D+00 7.0D-09 0.0D+00       22      200       22      220  S
     21      1   2.3853718141152624D-01 7.5D-09 0.0D+00 7.9D-08 0.0D+00       23      146       23      230  S
     21      1   1.6697965428182915D-01 5.1D-09 0.0D+00 6.9D-08 0.0D+00       23      198       23      230  S
     21      1   1.6687931282726384D-01 5.2D-09 0.0D+00 1.5D-07 0.0D+00       24      198       24      240  S
     21      1   1.6697965428215134D-01 5.1D-09 0.0D+00 1.3D-08 0.0D+00       23      199       23      230  S
     21      1   1.6677346859218703D-01 4.4D-07 0.0D+00 3.7D-02 0.0D+00       24      139       25      250  S
     21      1   1.6697965428257985D-01 5.1D-09 0.0D+00 2.2D-10 0.0D+00       22      166       22      220  S
     21      1   1.6687931282842122D-01 5.2D-09 0.0D+00 9.0D-09 0.0D+00       22      173       22      220  S
     21      1   1.6687931282682733D-01 5.2D-09 0.0D+00 2.2D-07 0.0D+00       23      190       23      230  S
     21      1   2.3755953949446018D-01 8.1D-09 0.0D+00 2.9D-09 0.0D+00       22      188       22      220  S
     21      1   1.6697965428100231D-01 5.1D-09 0.0D+00 1.5D-07 0.0D+00       24      205       24      240  S
     21      1   1.6697965428076805D-01 5.1D-09 0.0D+00 3.2D-07 0.0D+00       24      234       24      240  S
     21      1   1.6687931282619778D-01 5.2D-09 0.0D+00 3.0D-07 0.0D+00       23      215       23      230  S
     21      1   1.6687931282873794D-01 5.2D-09 0.0D+00 9.0D-09 0.0D+00       22      184       22      220  S
     21      1   1.6687931282863694D-01 5.2D-09 0.0D+00 6.1D-10 0.0D+00       23      193       23      230  S
     21      1   1.6687931282619750D-01 5.2D-09 0.0D+00 2.9D-07 0.0D+00       23      190       23      230  S
     21      1   1.6687931282754462D-01 5.2D-09 0.0D+00 1.1D-07 0.0D+00       23      202       23      230  S
     21      1   1.8378864823519583D-01 8.2D-09 0.0D+00 2.5D-09 0.0D+00       21      195       21      210  S
     21      1   1.6697965428232928D-01 5.1D-09 0.0D+00 3.0D-09 0.0D+00       22      178       22      220  S
     21      1   1.6687931283711441D-01 5.2D-09 0.0D+00 6.9D-09 0.0D+00       22      158       22      220  S
     21      1   2.3667383624434965D-01 6.6D-09 0.0D+00 6.3D-08 0.0D+00       23      150       23      230  S
     21      1   1.6697965428280578D-01 5.1D-09 0.0D+00 4.2D-09 0.0D+00       22      193       22      220  S
     21      1   2.1628506265687422D-01 9.1D-09 0.0D+00 7.3D-09 0.0D+00       22      189       22      220  S
     21      1   1.6687931282885032D-01 5.2D-09 0.0D+00 7.6D-09 0.0D+00       22      188       22      220  S
     21      1   2.1587652003171029D-01 9.1D-09 0.0D+00 3.2D-09 0.0D+00       22      152       22      220  S
     21      1   2.3752416867983098D-01 8.1D-09 0.0D+00 6.9D-10 0.0D+00       22      177       22      220  S
     21      1   1.6687931282638102D-01 5.2D-09 0.0D+00 3.3D-07 0.0D+00       23      194       23      230  S
     21      1   1.6697965428218936D-01 5.1D-09 0.0D+00 2.5D-08 0.0D+00       23      166       23      230  S
     21      1   1.6687931282684584D-01 5.2D-09 0.0D+00 2.2D-07 0.0D+00       23      179       23      230  S
     21      1   1.6697965428161080D-01 5.1D-09 0.0D+00 1.3D-07 0.0D+00       24      246       24      240  S
     21      1   1.6687931282853521D-01 5.2D-09 0.0D+00 3.0D-08 0.0D+00       23      237       23      230  S
     21      1   2.3667383624562310D-01 6.6D-09 0.0D+00 1.0D-09 0.0D+00       23      166       23      230  S
     21      1   1.6687931282900204D-01 5.2D-09 0.0D+00 1.4D-08 0.0D+00       24      221       24      240  S
     21      1   1.6687931282844454D-01 5.2D-09 0.0D+00 3.1D-09 0.0D+00       22      203       22      220  S
     21      1   1.6687931282651566D-01 5.2D-09 0.0D+00 2.9D-07 0.0D+00       24      209       24      240  S
     21      1   1.6697965427520733D-01 5.1D-09 0.0D+00 8.4D-09 0.0D+00       19      168       19      190  S
     21      1   1.6697965428265946D-01 5.1D-09 0.0D+00 8.8D-09 0.0D+00       22      175       22      220  S
     21      1   1.6687743908652297D-01 4.7D-07 0.0D+00 3.5D-02 0.0D+00       25      161       26      260  S
     21      1   1.6697965428214448D-01 5.1D-09 0.0D+00 1.7D-08 0.0D+00       23      182       23      230  S
     21      1   2.3853718141521268D-01 7.5D-09 0.0D+00 3.6D-08 0.0D+00       24      176       24      240  S
     21      1   1.6697965428265929D-01 5.1D-09 0.0D+00 1.3D-09 0.0D+00       22      168       22      220  S
     21      1   1.6697965428285114D-01 5.1D-09 0.0D+00 1.0D-08 0.0D+00       22      203       22      220  S
     21      1   1.6697965428094158D-01 5.1D-09 0.0D+00 1.7D-07 0.0D+00       24      188       24      240  S
     21      1   1.6697965428232653D-01 5.1D-09 0.0D+00 1.4D-09 0.0D+00       22      169       22      220  S
     21      1   1.6687931282670210D-01 5.2D-09 0.0D+00 2.9D-07 0.0D+00       24      238       24      240  S
     21      1   1.6687931282696944D-01 5.2D-09 0.0D+00 2.3D-07 0.0D+00       23      196       23      230  S
     21      1   1.6687931282873844D-01 5.2D-09 0.0D+00 1.4D-10 0.0D+00       22      175       22      220  S
     21      1   2.3755952552178025D-01 8.1D-09 0.0D+00 1.3D-09 0.0D+00       22      158       22      220  S
     21      1   1.6697965428195335D-01 5.1D-09 0.0D+00 3.8D-08 0.0D+00       24      190       24      240  S
     21      1   2.4235108434288113D-01 7.2D-09 0.0D+00 8.2D-10 0.0D+00       21      194       21      210  S
     21      1   1.6697965428080877D-01 5.1D-09 0.0D+00 2.6D-07 0.0D+00       23      202       23      230  S
     21      1   1.6697965428279346D-01 5.1D-09 0.0D+00 8.9D-09 0.0D+00       22      175       22      220  S
     21      1   2.3752416867620380D-01 8.1D-09 0.0D+00 1.8D-09 0.0D+00       22      151       22      220  S
     21      1   1.6697965428254571D-01 5.1D-09 0.0D+00 2.0D-09 0.0D+00       22      190       22      220  S
     21      1   1.6697965428281322D-01 5.1D-09 0.0D+00 4.3D-09 0.0D+00       22      203       22      220  S
     21      1   1.6697965428282766D-01 5.1D-09 0.0D+00 4.4D-09 0.0D+00       22      181       22      220  S
     21      1   1.6687931282633514D-01 5.2D-09 0.0D+00 3.2D-07 0.0D+00       25      212       25      250  S
     21      1   1.6697965428257278D-01 5.1D-09 0.0D+00 3.4D-10 0.0D+00       22      189       22      220  S
     21      1   1.6697965428026534D-01 5.1D-09 0.0D+00 3.0D-07 0.0D+00       23      193       23      230  S
     21      1   1.6687931282853072D-01 5.2D-09 0.0D+00 8.0D-10 0.0D+00       22      176       22      220  S
     21      1   1.6687931282725885D-01 5.2D-09 0.0D+00 1.6D-07 0.0D+00       23      168       23      230  S
     21      1   1.6697965429524320D-01 5.1D-09 0.0D+00 7.7D-09 0.0D+00       22      168       22      220  S
     21      1   1.6687931275729925D-01 5.2D-09 0.0D+00 1.4D-07 0.0D+00       21      201       21      210  S
     21      1   1.6687931282862217D-01 5.2D-09 0.0D+00 8.1D-09 0.0D+00       22      178       22      220  S
     21      1   2.0440831956184097D-01 8.4D-09 0.0D+00 5.6D-09 0.0D+00       21      205       21      210  S
     21      1   1.6687931283611812D-01 5.2D-09 0.0D+00 2.3D-09 0.0D+00       22      186       22      220  S
     21      1   1.6697965428233966D-01 5.1D-09 0.0D+00 6.6D-09 0.0D+00       22      173       22      220  S
     21      1   2.3853718610508942D-01 7.5D-09 0.0D+00 9.0D-10 0.0D+00       22      183       22      220  S
     21      1   1.6697965428224812D-01 5.1D-09 0.0D+00 2.7D-09 0.0D+00       22      177       22      220  S
     21      1   1.6697965428202732D-01 5.1D-09 0.0D+00 1.2D-08 0.0D+00       23      194       23      230  S
     21      1   2.3853718610853883D-01 7.5D-09 0.0D+00 4.5D-09 0.0D+00       23      160       23      230  S
     21      1   1.7503602158576811D-01 5.7D-09 0.0D+00 2.3D-08 0.0D+00       22      198       22      220  S
     21      1   1.6697965428092026D-01 5.1D-09 0.0D+00 2.6D-07 0.0D+00       23      229       23      230  S
     21      1   1.6697965428212710D-01 5.1D-09 0.0D+00 4.9D-09 0.0D+00       22      149       22      220  S
     21      1   1.6687931282621632D-01 5.2D-09 0.0D+00 3.2D-07 0.0D+00       24      219       24      240  S
     21      1   2.3756722998646371D-01 7.1D-09 0.0D+00 6.6D-10 0.0D+00       22      141       22      220  S
