      7   0.00    0.00    0.00   4.1808808585698026D-01 8.0D-09 0.0D+00 6.1D-08 0.0D+00       22      149       22      220    1047     328    1241     328     369   0.58     0    0      1  BR
      7   0.00    0.00    0.00   3.9131765887940584D-01 6.3D-09 0.0D+00 3.6D-09 0.0D+00       21      117       21      210     176     318     358     318     327   0.55     0    0      2  BR
      7   0.00    0.00    0.00   3.9130773151308035D-01 1.0D-08 0.0D+00 7.6D-08 0.0D+00       22      151       22      220     929     337    1118     337     371   0.54     0    0      3  BR
      7      1   4.1811807935113299D-01 8.0D-09 0.0D+00 4.8D-08 0.0D+00       22      137       22      220  S
      7   0.00    0.00    0.00   3.9002436929593454D-01 6.3D-09 0.0D+00 5.7D-08 0.0D+00       22      137       22      220     630     327     819     327     357   0.56     0    0      5  BR
      7      1   3.9130773150982046D-01 1.0D-08 0.0D+00 7.6D-08 0.0D+00       21      123       21      210  S
      7      1   3.9130773151734277D-01 1.0D-08 0.0D+00 7.6D-08 0.0D+00       22      152       22      220  S
      7      1   3.9002436929650491D-01 6.3D-09 0.0D+00 3.1D-09 0.0D+00       23      165       23      230  S
      7      1   3.9028843754043696D-01 6.3D-09 0.0D+00 1.5D-09 0.0D+00       22      159       22      220  S
      7      1   4.1811807937062617D-01 8.0D-09 0.0D+00 3.6D-08 0.0D+00       22      174       23      221  S
      7      1   4.1811807935029177D-01 8.0D-09 0.0D+00 3.0D-09 0.0D+00       21      117       21      210  S
      7      1   3.9028844368811300D-01 6.3D-09 0.0D+00 1.4D-08 0.0D+00       22      149       22      220  S
      7      1   4.1811807934614897D-01 8.0D-09 0.0D+00 6.9D-08 0.0D+00       22      126       22      220  S
      7      1   4.1811807935230283D-01 8.0D-09 0.0D+00 6.1D-08 0.0D+00       22      147       22      220  S
      7      1   4.1703834755310787D-01 8.0D-09 0.0D+00 4.0D-08 0.0D+00       24      166       24      240  S
      7      1   3.9130773151111303D-01 1.0D-08 0.0D+00 7.6D-08 0.0D+00       23      173       24      231  S
      7      1   3.9002436929614615D-01 6.3D-09 0.0D+00 2.5D-08 0.0D+00       22      147       22      220  S
      7      1   3.9028844368911653D-01 6.3D-09 0.0D+00 4.4D-09 0.0D+00       22      150       22      220  S
      7      1   3.9002436929726558D-01 6.3D-09 0.0D+00 2.4D-09 0.0D+00       22      144       22      220  S
      7      1   3.9028844368694093D-01 6.3D-09 0.0D+00 6.0D-08 0.0D+00       23      147       23      230  S
      7      1   4.1811807934958761D-01 8.0D-09 0.0D+00 3.1D-09 0.0D+00       21      128       21      210  S
      7      1   4.1811807934633949D-01 8.0D-09 0.0D+00 6.7D-08 0.0D+00       22      132       22      220  S
      7      1   3.9130772605251740D-01 1.0D-08 0.0D+00 7.6D-08 0.0D+00       21      110       21      210  S
      7      1   3.9028843754322712D-01 6.3D-09 0.0D+00 2.6D-09 0.0D+00       22      169       22      220  S
      7      1   3.9028844368861065D-01 6.3D-09 0.0D+00 1.9D-09 0.0D+00       21      121       21      210  S
      7      1   3.9002436929941492D-01 6.3D-09 0.0D+00 4.0D-09 0.0D+00       21      145       21      210  S
      7      1   4.1811807934828621D-01 8.0D-09 0.0D+00 3.3D-08 0.0D+00       23      163       23      230  S
      7      1   4.1703834755124108D-01 8.0D-09 0.0D+00 5.9D-08 0.0D+00       22      148       23      222  S
      7      1   4.1808808585604340D-01 8.0D-09 0.0D+00 6.5D-08 0.0D+00       22      153       23      221  S
      7      1   4.1811807934919687D-01 8.0D-09 0.0D+00 5.7D-09 0.0D+00       21      130       21      210  S
      7      1   3.9002436929698014D-01 6.3D-09 0.0D+00 7.6D-09 0.0D+00       21      134       21      210  S
      7      1   3.9130773151401754D-01 1.0D-08 0.0D+00 7.6D-08 0.0D+00       23      159       23      230  S
      7      1   4.1808808586195656D-01 8.0D-09 0.0D+00 3.2D-08 0.0D+00       22      143       23      222  S
      7      1   4.1811807934841644D-01 8.0D-09 0.0D+00 3.2D-08 0.0D+00       22      151       23      221  S
      7      1   3.9002436929635326D-01 6.3D-09 0.0D+00 2.7D-08 0.0D+00       23      154       24      231  S
      7      1   3.9028843754119968D-01 6.3D-09 0.0D+00 4.2D-08 0.0D+00       23      172       24      231  S
      7      1   3.9130773151331394D-01 1.0D-08 0.0D+00 7.6D-08 0.0D+00       23      146       23      230  S
      7      1   3.9002436929957607D-01 6.3D-09 0.0D+00 3.3D-09 0.0D+00       21      153       21      210  S
      7      1   4.1808808586151053D-01 8.0D-09 0.0D+00 1.6D-09 0.0D+00       21      143       21      210  S
      7      1   3.9028843753952652D-01 6.3D-09 0.0D+00 1.1D-08 0.0D+00       22      163       23      221  S
      7      1   4.1811807935049961D-01 8.0D-09 0.0D+00 8.2D-10 0.0D+00       23      148       23      230  S
      7      1   3.9028843754145887D-01 6.3D-09 0.0D+00 2.8D-08 0.0D+00       23      167       23      230  S
      7      1   3.9028844368830495D-01 6.3D-09 0.0D+00 4.5D-09 0.0D+00       21      148       21      210  S
      7      1   3.9028843753991810D-01 6.3D-09 0.0D+00 5.5D-09 0.0D+00       21      135       21      210  S
      7      1   3.9002436929952172D-01 6.3D-09 0.0D+00 2.6D-10 0.0D+00       22      169       22      220  S
      7      1   3.9028844368857180D-01 6.3D-09 0.0D+00 4.9D-10 0.0D+00       21      147       21      210  S
      7      1   4.1917008507078823D-01 8.0D-09 0.0D+00 8.6D-10 0.0D+00       21      133       21      210  S
      7      1   3.9028843754013004D-01 6.3D-09 0.0D+00 8.7D-09 0.0D+00       21      128       21      210  S
      7      1   4.1808808586213608D-01 8.0D-09 0.0D+00 1.5D-09 0.0D+00       23      158       23      230  S
      7      1   3.9130773151069687D-01 1.0D-08 0.0D+00 7.6D-08 0.0D+00       22      163       22      220  S
      7      1   4.1811807935402928D-01 8.0D-09 0.0D+00 1.9D-09 0.0D+00       21      121       21      210  S
      7      1   4.1811807934974954D-01 8.0D-09 0.0D+00 2.9D-09 0.0D+00       21      120       21      210  S
      7      1   3.9028844368893756D-01 6.3D-09 0.0D+00 2.3D-09 0.0D+00       21      136       21      210  S
      7      1   3.9028844368865323D-01 6.3D-09 0.0D+00 3.2D-09 0.0D+00       21      143       21      210  S
      7      1   3.9028843754115805D-01 6.3D-09 0.0D+00 5.8D-08 0.0D+00       22      177       23      221  S
      7      1   3.9028844368701454D-01 6.3D-09 0.0D+00 5.2D-08 0.0D+00       22      140       22      220  S
      7      1   4.1811807934829465D-01 8.0D-09 0.0D+00 1.3D-09 0.0D+00       23      144       23      230  S
      7      1   3.9130773151672099D-01 1.0D-08 0.0D+00 7.6D-08 0.0D+00       24      150       24      240  S
      7      1   4.1811807935394851D-01 8.0D-09 0.0D+00 2.3D-09 0.0D+00       21      144       21      210  S
      7      1   3.9002436929851947D-01 6.3D-09 0.0D+00 5.6D-09 0.0D+00       21      149       21      210  S
      7      1   4.1811807935032885D-01 8.0D-09 0.0D+00 3.3D-10 0.0D+00       23      137       23      230  S
      7      1   3.9002436929571915D-01 6.3D-09 0.0D+00 1.9D-08 0.0D+00       22      143       22      220  S
      7      1   4.1808808585843515D-01 8.0D-09 0.0D+00 2.5D-09 0.0D+00       21      137       21      210  S
      7      1   4.1703834755409341D-01 8.0D-09 0.0D+00 2.5D-08 0.0D+00       22      186       23      222  S
      7      1   4.1811807935064604D-01 8.0D-09 0.0D+00 4.7D-09 0.0D+00       22      185       22      220  S
      7      1   3.9130773151006948D-01 1.0D-08 0.0D+00 7.6D-08 0.0D+00       24      180       25      242  S
      7      1   3.9028844369069238D-01 6.3D-09 0.0D+00 3.4D-08 0.0D+00       23      173       24      232  S
      7      1   4.1808808586312768D-01 8.0D-09 0.0D+00 1.4D-09 0.0D+00       21      128       21      210  S
      7      1   3.9002436929713674D-01 6.3D-09 0.0D+00 4.3D-08 0.0D+00       23      180       23      230  S
      7      1   3.9130773151198267D-01 1.0D-08 0.0D+00 7.6D-08 0.0D+00       23      141       23      230  S
      7      1   4.1917008507271436D-01 8.0D-09 0.0D+00 4.2D-09 0.0D+00       22      143       22      220  S
      7      1   4.1917008506985870D-01 8.0D-09 0.0D+00 3.0D-11 0.0D+00       21      143       21      210  S
      7      1   3.9130773150842857D-01 1.0D-08 0.0D+00 7.6D-08 0.0D+00       24      163       25      241  S
      7      1   3.9130773150805853D-01 1.0D-08 0.0D+00 7.6D-08 0.0D+00       23      148       23      230  S
      7      1   3.9002436929602091D-01 6.3D-09 0.0D+00 5.2D-09 0.0D+00       23      144       23      230  S
      7      1   3.9028844368957344D-01 6.3D-09 0.0D+00 3.8D-10 0.0D+00       22      155       22      220  S
      7      1   3.9130773150843406D-01 1.0D-08 0.0D+00 7.6D-08 0.0D+00       23      132       23      230  S
      7      1   3.9130773150837650D-01 1.0D-08 0.0D+00 7.6D-08 0.0D+00       24      142       24      240  S
      7      1   3.9002436929488021D-01 6.3D-09 0.0D+00 6.3D-08 0.0D+00       22      146       22      220  S
      7      1   4.1811807934905232D-01 8.0D-09 0.0D+00 3.1D-08 0.0D+00       22      139       22      220  S
      7      1   3.9028844368929588D-01 6.3D-09 0.0D+00 9.5D-09 0.0D+00       22      133       22      220  S
      7      1   3.9130773151418879D-01 1.0D-08 0.0D+00 7.6D-08 0.0D+00       21      139       21      210  S
      7      1   4.1808808585706492D-01 8.0D-09 0.0D+00 4.9D-08 0.0D+00       23      142       23      230  S
      7      1   4.1808808585678658D-01 8.0D-09 0.0D+00 5.9D-08 0.0D+00       22      133       23      222  S
      7      1   3.9028843754023484D-01 6.3D-09 0.0D+00 1.3D-08 0.0D+00       23      151       23      230  S
      7      1   3.9028844369126370D-01 6.3D-09 0.0D+00 2.2D-09 0.0D+00       21      136       21      210  S
      7      1   3.9002436929757195D-01 6.3D-09 0.0D+00 1.2D-08 0.0D+00       23      153       23      230  S
      7      1   4.1917008506731640D-01 8.0D-09 0.0D+00 5.5D-08 0.0D+00       22      158       22      220  S
      7      1   3.9028843754232617D-01 6.3D-09 0.0D+00 1.9D-10 0.0D+00       22      132       22      220  S
      7      1   4.1808808585808643D-01 8.0D-09 0.0D+00 5.8D-08 0.0D+00       22      127       23      222  S
      7      1   4.1811807934880951D-01 8.0D-09 0.0D+00 5.8D-10 0.0D+00       21      155       21      210  S
      7      1   3.9028844369108506D-01 6.3D-09 0.0D+00 9.1D-10 0.0D+00       21      137       21      210  S
      7      1   3.9028843754134657D-01 6.3D-09 0.0D+00 9.3D-09 0.0D+00       22      146       22      220  S
      7      1   3.9002436929709866D-01 6.3D-09 0.0D+00 7.7D-09 0.0D+00       22      141       22      220  S
      7      1   3.9028844368669174D-01 6.3D-09 0.0D+00 7.4D-08 0.0D+00       23      154       24      232  S
      7      1   4.1703834755562130D-01 8.0D-09 0.0D+00 5.7D-10 0.0D+00       23      175       23      230  S
      7      1   3.9002436930164430D-01 6.3D-09 0.0D+00 4.0D-09 0.0D+00       22      139       22      220  S
      7      1   4.1917008507479175D-01 8.0D-09 0.0D+00 3.1D-09 0.0D+00       21      154       21      210  S
      7      1   3.9028844368914717D-01 6.3D-09 0.0D+00 5.2D-09 0.0D+00       21      146       21      210  S
      7      1   4.1917008507215076D-01 8.0D-09 0.0D+00 6.7D-08 0.0D+00       22      140       23      222  S
