     21   0.00    0.00    0.00   1.6697965428236147D-01 5.1D-09 0.0D+00 4.7D-08 0.0D+00       23      197       23      230     847     413    1052     413     427   0.77     0    0      1  BR
     21      1   2.2010867961228298D-01 7.8D-09 0.0D+00 2.4D-07 0.0D+00       23      177       23      230  S
     21      1   1.6697965428238953D-01 5.1D-09 0.0D+00 1.6D-08 0.0D+00       23      192       23      230  S
     21   0.00    0.00    0.00   1.6687931282882157D-01 5.2D-09 0.0D+00 5.7D-10 0.0D+00       23      168       23      230     709     394     920     394     398   0.72     0    0      4  BR
     21      1   1.6697965428139516D-01 5.1D-09 0.0D+00 1.5D-07 0.0D+00       24      212       24      240  S
     21      1   1.6687776585417319D-01 4.7D-07 0.0D+00 3.5D-02 0.0D+00       23      151       24      240  S
     21      1   1.6697965428029279D-01 5.1D-09 0.0D+00 3.6D-07 0.0D+00       25      216       25      250  S
     21      1   1.6697965428207487D-01 5.1D-09 0.0D+00 3.5D-09 0.0D+00       22      174       22      220  S
     21      1   1.6697965428234696D-01 5.1D-09 0.0D+00 7.1D-09 0.0D+00       22      179       22      220  S
     21      1   1.6687931282858198D-01 5.2D-09 0.0D+00 1.5D-09 0.0D+00       22      178       22      220  S
     21      1   1.6697965427987260D-01 5.1D-09 0.0D+00 3.3D-07 0.0D+00       23      179       23      230  S
     21      1   1.8114345233776935D-01 7.5D-09 0.0D+00 1.5D-08 0.0D+00       23      201       23      230  S
     21      1   1.6687931282737961D-01 5.2D-09 0.0D+00 1.6D-07 0.0D+00       23      188       23      230  S
     21      1   1.6687931282657606D-01 5.2D-09 0.0D+00 3.1D-07 0.0D+00       23      200       23      230  S
     21      1   1.6687931282698359D-01 5.2D-09 0.0D+00 2.9D-07 0.0D+00       24      185       24      240  S
     21      1   1.6687931282631666D-01 5.2D-09 0.0D+00 3.1D-07 0.0D+00       23      207       23      230  S
     21      1   1.6697965428233535D-01 5.1D-09 0.0D+00 3.9D-09 0.0D+00       22      176       22      220  S
     21      1   1.6687931285269242D-01 5.2D-09 0.0D+00 8.3D-09 0.0D+00       19      161       19      190  S
     21      1   1.6687931282854335D-01 5.2D-09 0.0D+00 3.3D-08 0.0D+00       24      200       24      240  S
     21      1   2.3853718610718583D-01 7.5D-09 0.0D+00 4.3D-09 0.0D+00       22      170       22      220  S
     21      1   1.6697965428043288D-01 5.1D-09 0.0D+00 2.9D-07 0.0D+00       24      224       24      240  S
     21      1   2.3853718610216326D-01 7.5D-09 0.0D+00 9.4D-08 0.0D+00       23      159       24      232  S
     21      1   1.6697965428293268D-01 5.1D-09 0.0D+00 3.1D-09 0.0D+00       23      222       23      230  S
     21      1   1.6697965428203262D-01 5.1D-09 0.0D+00 6.6D-09 0.0D+00       22      200       22      220  S
     21      1   1.6697965428201986D-01 5.1D-09 0.0D+00 5.9D-09 0.0D+00       22      179       22      220  S
     21      1   1.8111671664523810D-01 7.5D-09 0.0D+00 2.5D-09 0.0D+00       22      201       22      220  S
     21      1   1.6687931282847648D-01 5.2D-09 0.0D+00 5.5D-09 0.0D+00       22      188       22      220  S
     21      1   1.6697965428225969D-01 5.1D-09 0.0D+00 5.9D-09 0.0D+00       22      150       22      220  S
     21      1   1.6697965428233894D-01 5.1D-09 0.0D+00 3.6D-08 0.0D+00       24      226       24      240  S
     21      1   1.6687931282718887D-01 5.2D-09 0.0D+00 1.6D-07 0.0D+00       23      178       23      230  S
     21      1   1.6697965428267331D-01 5.1D-09 0.0D+00 2.4D-08 0.0D+00       23      181       23      230  S
     21      1   1.6687931282881868D-01 5.2D-09 0.0D+00 2.4D-09 0.0D+00       22      163       22      220  S
     21      1   2.2813265562349544D-01 6.7D-10 0.0D+00 9.4D+02 0.0D+00       25      139       26      260  S
     21      1   1.6687931282884844D-01 5.2D-09 0.0D+00 9.4D-09 0.0D+00       22      168       22      220  S
     21      1   1.6687931282850577D-01 5.2D-09 0.0D+00 7.4D-09 0.0D+00       22      175       22      220  S
     21      1   1.6687931282771645D-01 5.2D-09 0.0D+00 7.6D-08 0.0D+00       24      190       24      240  S
     21      1   1.6687931282682369D-01 5.2D-09 0.0D+00 2.3D-07 0.0D+00       23      182       23      230  S
     21      1   1.6697965428155948D-01 5.1D-09 0.0D+00 9.6D-08 0.0D+00       23      173       23      230  S
     21      1   1.6697965428262956D-01 5.1D-09 0.0D+00 1.8D-09 0.0D+00       22      202       22      220  S
     21      1   1.6687931282824711D-01 5.2D-09 0.0D+00 6.5D-08 0.0D+00       22      189       22      220  S
     21      1   1.6697965428086881D-01 5.1D-09 0.0D+00 2.5D-07 0.0D+00       24      184       24      240  S
     21      1   2.1524553910539845D-01 9.1D-09 0.0D+00 2.5D-07 0.0D+00       23      188       23      230  S
     21      1   1.6697965427997569D-01 5.1D-09 0.0D+00 3.3D-07 0.0D+00       24      181       24      240  S
     21      1   1.6697965428249298D-01 5.1D-09 0.0D+00 6.8D-09 0.0D+00       22      209       22      220  S
     21      1   1.6697965429478295D-01 5.1D-09 0.0D+00 7.0D-09 0.0D+00       21      191       21      210  S
     21      1   1.6697965428266795D-01 5.1D-09 0.0D+00 3.8D-09 0.0D+00       22      157       22      220  S
     21      1   2.3752416867485013D-01 8.1D-09 0.0D+00 4.9D-08 0.0D+00       23      193       23      230  S
     21      1   1.6697965428237493D-01 5.1D-09 0.0D+00 4.5D-10 0.0D+00       22      236       22      220  S
     21      1   1.6687931282907312D-01 5.2D-09 0.0D+00 8.7D-09 0.0D+00       22      193       22      220  S
     21      1   1.6697965428267139D-01 5.1D-09 0.0D+00 5.9D-09 0.0D+00       22      173       22      220  S
     21      1   1.6687931282863341D-01 5.2D-09 0.0D+00 2.3D-09 0.0D+00       22      187       22      220  S
     21      1   1.6697965429586109D-01 5.1D-09 0.0D+00 2.9D-07 0.0D+00       23      182       23      230  S
     21      1   1.6687931282662832D-01 5.2D-09 0.0D+00 3.0D-07 0.0D+00       23      184       23      230  S
     21      1   4.6745538770210532D-01 6.1D-04 0.0D+00 1.0D+00 0.0D+00       21      103       22      220  S
     21      1   1.6687931282856194D-01 5.2D-09 0.0D+00 5.4D-09 0.0D+00       22      163       22      220  S
     21      1   1.8111210353984883D-01 7.6D-09 0.0D+00 7.9D-09 0.0D+00       21      177       21      210  S
     21      1   1.6697965428070416D-01 5.1D-09 0.0D+00 2.3D-07 0.0D+00       24      212       24      240  S
     21      1   1.6697965428234848D-01 5.1D-09 0.0D+00 5.9D-09 0.0D+00       22      152       22      220  S
     21      1   1.6687931282884083D-01 5.2D-09 0.0D+00 9.2D-10 0.0D+00       22      201       22      220  S
     21      1   1.6687931282814800D-01 5.2D-09 0.0D+00 6.9D-08 0.0D+00       24      223       24      240  S
     21      1   2.3756722999135568D-01 7.1D-09 0.0D+00 6.2D-09 0.0D+00       23      165       23      230  S
     21      1   1.6687931282853377D-01 5.2D-09 0.0D+00 9.4D-09 0.0D+00       22      201       22      220  S
     21      1   1.6687931282852098D-01 5.2D-09 0.0D+00 2.9D-08 0.0D+00       23      175       23      230  S
     21      1   1.6697965428286413D-01 5.1D-09 0.0D+00 9.1D-11 0.0D+00       22      181       22      220  S
     21      1   1.6687931282858035D-01 5.2D-09 0.0D+00 2.9D-08 0.0D+00       23      181       23      230  S
     21      1   1.6697965428075295D-01 5.1D-09 0.0D+00 2.3D-07 0.0D+00       23      189       23      230  S
     21      1   1.6697965428017811D-01 5.1D-09 0.0D+00 3.3D-07 0.0D+00       23      204       23      230  S
     21      1   1.6687931282853846D-01 5.2D-09 0.0D+00 2.3D-08 0.0D+00       23      169       23      230  S
     21      1   1.6697965428166847D-01 5.1D-09 0.0D+00 1.1D-07 0.0D+00       24      206       24      240  S
     21      1   1.8111210348730561D-01 7.6D-09 0.0D+00 5.9D-09 0.0D+00       22      206       22      220  S
     21      1   1.6687931282876184D-01 5.2D-09 0.0D+00 3.2D-09 0.0D+00       22      210       22      220  S
     21      1   1.6697965428049347D-01 5.1D-09 0.0D+00 2.9D-07 0.0D+00       24      205       24      240  S
     21      1   1.6697965428103753D-01 5.1D-09 0.0D+00 1.7D-07 0.0D+00       24      179       24      240  S
     21      1   1.6687931282013052D-01 5.2D-09 0.0D+00 3.7D-09 0.0D+00       22      194       22      220  S
     21      1   1.6697965428213757D-01 5.1D-09 0.0D+00 2.6D-09 0.0D+00       22      186       22      220  S
     21      1   2.7170949364661934D-01 9.8D-09 0.0D+00 1.1D+03 0.0D+00       22      276       22      220  S
     21      1   1.6697965428019701D-01 5.1D-09 0.0D+00 3.1D-07 0.0D+00       23      257       23      230  S
     21      1   1.6687931282708532D-01 5.2D-09 0.0D+00 2.4D-07 0.0D+00       24      186       24      240  S
     21      1   1.6687931282845911D-01 5.2D-09 0.0D+00 6.1D-09 0.0D+00       22      200       22      220  S
     21      1   2.3853718610645908D-01 7.5D-09 0.0D+00 5.4D-10 0.0D+00       23      160       23      230  S
     21      1   1.6687931282626903D-01 5.2D-09 0.0D+00 3.0D-07 0.0D+00       23      150       23      230  S
     21      1   1.6687931282840376D-01 5.2D-09 0.0D+00 7.2D-09 0.0D+00       22      163       22      220  S
     21      1   1.6687931282728419D-01 5.2D-09 0.0D+00 1.6D-07 0.0D+00       23      187       23      230  S
     21      1   2.3667383624745938D-01 6.6D-09 0.0D+00 5.3D-09 0.0D+00       22      177       22      220  S
     21      1   1.6697965428150502D-01 5.1D-09 0.0D+00 1.3D-07 0.0D+00       24      202       24      240  S
     21      1   1.6697965428270389D-01 5.1D-09 0.0D+00 1.9D-09 0.0D+00       22      193       22      220  S
     21      1   1.6697965428250586D-01 5.1D-09 0.0D+00 2.0D-08 0.0D+00       23      191       23      230  S
     21      1   1.6687931282870239D-01 5.2D-09 0.0D+00 2.1D-09 0.0D+00       22      169       22      220  S
     21      1   1.8111671664555018D-01 7.5D-09 0.0D+00 8.2D-09 0.0D+00       22      211       22      220  S
     21      1   2.3853718141116859D-01 7.5D-09 0.0D+00 6.1D-08 0.0D+00       23      170       24      232  S
     21      1   1.6687931282853927D-01 5.2D-09 0.0D+00 9.3D-09 0.0D+00       22      174       22      220  S
     21      1   1.6697965428231787D-01 5.1D-09 0.0D+00 4.6D-09 0.0D+00       23      191       23      230  S
     21      1   1.6687931282845322D-01 5.2D-09 0.0D+00 9.1D-09 0.0D+00       22      199       22      220  S
     21      1   1.6697965428270362D-01 5.1D-09 0.0D+00 4.1D-09 0.0D+00       22      203       22      220  S
     21      1   1.6687931282605323D-01 5.2D-09 0.0D+00 3.2D-07 0.0D+00       24      207       24      240  S
     21      1   1.8114038889097533D-01 7.6D-09 0.0D+00 1.2D-08 0.0D+00       22      232       22      220  S
     21      1   1.6687931282600063D-01 5.2D-09 0.0D+00 3.4D-07 0.0D+00       23      192       23      230  S
     21      1   1.6697965428220754D-01 5.1D-09 0.0D+00 3.2D-08 0.0D+00       23      205       23      230  S
     21      1   1.6697965428259068D-01 5.1D-09 0.0D+00 2.7D-08 0.0D+00       24      222       24      240  S
     21      1   1.6687931283480115D-01 5.2D-09 0.0D+00 4.3D-09 0.0D+00       23      203       23      230  S
