     17      1   2.3756722998386515D-01 7.1D-09 0.0D+00 6.3D-08 0.0D+00       24      170       24      240  S
     17      1   2.3752416867310178D-01 8.1D-09 0.0D+00 3.4D-08 0.0D+00       23      161       23      230  S
     17      1   2.3853718610227506D-01 7.5D-09 0.0D+00 4.3D-08 0.0D+00       23      162       23      230  S
     17      1   2.3853718610467822D-01 7.5D-09 0.0D+00 4.0D-09 0.0D+00       22      154       22      220  S
     17      1   2.3756722998850058D-01 7.1D-09 0.0D+00 2.6D-08 0.0D+00       23      154       23      230  S
     17      1   2.3667383624652530D-01 6.6D-09 0.0D+00 2.6D-09 0.0D+00       22      218       22      220  S
     17      1   2.3756722998465021D-01 7.1D-09 0.0D+00 5.1D-08 0.0D+00       23      173       24      232  S
     17      1   2.3755952552231260D-01 8.1D-09 0.0D+00 3.8D-09 0.0D+00       22      149       22      220  S
     17      1   2.3853718141225083D-01 7.5D-09 0.0D+00 8.9D-08 0.0D+00       23      160       23      230  S
     17      1   2.3853718610436883D-01 7.5D-09 0.0D+00 2.9D-09 0.0D+00       22      157       22      220  S
     17      1   2.3853718445107475D-01 7.5D-09 0.0D+00 1.7D-09 0.0D+00       22      140       22      220  S
     17      1   2.3755952551653323D-01 8.1D-09 0.0D+00 2.4D-09 0.0D+00       22      152       22      220  S
     17      1   2.3667383624847485D-01 6.6D-09 0.0D+00 1.3D-09 0.0D+00       22      168       22      220  S
     17      1   2.3755952552259851D-01 8.1D-09 0.0D+00 1.5D-09 0.0D+00       22      150       22      220  S
     17      1   2.3752416867349621D-01 8.1D-09 0.0D+00 6.3D-08 0.0D+00       23      152       23      230  S
     17      1   2.3755953949096098D-01 8.1D-09 0.0D+00 2.2D-09 0.0D+00       22      144       22      220  S
     17      1   2.3755953949127531D-01 8.1D-09 0.0D+00 6.5D-08 0.0D+00       23      154       24      232  S
     17      1   2.3853718610541078D-01 7.5D-09 0.0D+00 2.3D-09 0.0D+00       22      174       22      220  S
     17      1   2.3755953949239858D-01 8.1D-09 0.0D+00 7.0D-08 0.0D+00       23      171       23      230  S
     17      1   2.3752416867432466D-01 8.1D-09 0.0D+00 1.4D-09 0.0D+00       22      182       22      220  S
     17      1   2.3667383624392133D-01 6.6D-09 0.0D+00 3.1D-09 0.0D+00       22      140       22      220  S
     17      1   2.3755952552031495D-01 8.1D-09 0.0D+00 8.4D-10 0.0D+00       22      189       22      220  S
     17      1   2.3667383624433264D-01 6.6D-09 0.0D+00 5.6D-09 0.0D+00       22      208       22      220  S
     17      1   2.3752416863651990D-01 8.1D-09 0.0D+00 6.9D-08 0.0D+00       22      155       23      221  S
     17      1   2.2013075605150539D-01 7.5D-09 0.0D+00 5.1D-09 0.0D+00       21      194       21      210  S
     17      1   2.3755952552409129D-01 8.1D-09 0.0D+00 1.5D-10 0.0D+00       22      161       22      220  S
     17      1   2.3853718141226707D-01 7.5D-09 0.0D+00 4.2D-08 0.0D+00       23      143       23      230  S
     17      1   2.3853718141736993D-01 7.5D-09 0.0D+00 4.0D-10 0.0D+00       22      156       22      220  S
     17      1   2.3667383624045746D-01 6.6D-09 0.0D+00 1.2D-09 0.0D+00       22      172       22      220  S
     17      1   2.3755952551773082D-01 8.1D-09 0.0D+00 4.1D-09 0.0D+00       22      159       22      220  S
     17      1   2.3667383624401103D-01 6.6D-09 0.0D+00 1.3D-09 0.0D+00       22      178       22      220  S
     17      1   2.3853718445090849D-01 7.5D-09 0.0D+00 1.8D-09 0.0D+00       22      138       22      220  S
     17      1   2.1628506265582711D-01 9.1D-09 0.0D+00 7.0D-09 0.0D+00       22      208       22      220  S
     17      1   2.3667383624682081D-01 6.6D-09 0.0D+00 4.8D-09 0.0D+00       22      159       22      220  S
     17      1   2.1623128475595144D-01 9.1D-09 0.0D+00 9.7D-09 0.0D+00       22      180       22      220  S
     17      1   2.3853717792529777D-01 7.5D-09 0.0D+00 1.4D-09 0.0D+00       22      196       22      220  S
     17      1   2.1525748985222093D-01 9.0D-09 0.0D+00 3.3D-07 0.0D+00       22      164       22      220  S
     17      1   2.3755651903288869D-01 5.4D-09 0.0D+00 5.0D-01 0.0D+00       22      174       22      220  S
     17      1   2.3755953949005057D-01 8.1D-09 0.0D+00 7.4D-10 0.0D+00       22      197       22      220  S
     17      1   2.3853718141439381D-01 7.5D-09 0.0D+00 1.6D-09 0.0D+00       22      130       22      220  S
     17   0.00    0.00    0.00   2.0418452395768799D-01 8.1D-09 0.0D+00 5.3D-09 0.0D+00       22      143       22      220     232     367     434     367     363   0.58     0    0    241  BR
     17      1   2.3752416867436665D-01 8.1D-09 0.0D+00 6.1D-10 0.0D+00       22      168       22      220  S
     17      1   2.1623128473171616D-01 9.1D-09 0.0D+00 4.3D-09 0.0D+00       21      126       21      210  S
     17      1   2.3667383624421159D-01 6.6D-09 0.0D+00 7.0D-10 0.0D+00       22      167       22      220  S
     17      1   2.3755953949058464D-01 8.1D-09 0.0D+00 1.3D-11 0.0D+00       22      150       22      220  S
     17      1   2.3755953948959857D-01 8.1D-09 0.0D+00 1.9D-08 0.0D+00       23      163       24      231  S
     17      1   2.3853718109874256D-01 7.5D-09 0.0D+00 3.0D-09 0.0D+00       22      158       22      220  S
     17      1   2.3667383621278082D-01 6.6D-09 0.0D+00 3.5D-09 0.0D+00       22      147       22      220  S
     17      1   2.3752416867384529D-01 8.1D-09 0.0D+00 1.4D-09 0.0D+00       22      166       22      220  S
     17      1   2.3853718109986788D-01 7.5D-09 0.0D+00 1.5D-09 0.0D+00       22      167       22      220  S
     17      1   2.3755952552395321D-01 8.1D-09 0.0D+00 4.5D-09 0.0D+00       22      176       22      220  S
     17      1   2.3667383624413724D-01 6.6D-09 0.0D+00 3.9D-11 0.0D+00       22      158       22      220  S
     17      1   2.3755953948659961D-01 8.1D-09 0.0D+00 6.8D-08 0.0D+00       23      184       24      232  S
     17      1   2.3667383624696173D-01 6.6D-09 0.0D+00 2.6D-09 0.0D+00       23      184       23      230  S
     17      1   2.3853718141644192D-01 7.5D-09 0.0D+00 2.2D-09 0.0D+00       22      159       22      220  S
     17      1   2.3752416867508983D-01 8.1D-09 0.0D+00 1.1D-09 0.0D+00       22      195       22      220  S
     17      1   2.3853718444767039D-01 7.5D-09 0.0D+00 4.5D-08 0.0D+00       23      152       23      230  S
     17      1   2.3667383421820198D-01 6.6D-09 0.0D+00 7.0D-10 0.0D+00       23      173       23      230  S
     17      1   2.3853718110526551D-01 7.5D-09 0.0D+00 3.4D-09 0.0D+00       22      189       22      220  S
     17      1   2.3667383596405070D-01 6.6D-09 0.0D+00 3.0D-08 0.0D+00       23      183       23      230  S
     17      1   2.3853718610404406D-01 7.5D-09 0.0D+00 1.8D-09 0.0D+00       22      137       22      220  S
     17      1   2.3755953949073896D-01 8.1D-09 0.0D+00 4.6D-08 0.0D+00       23      144       23      230  S
     17      1   2.3756722998686472D-01 7.1D-09 0.0D+00 1.4D-08 0.0D+00       23      178       24      232  S
     17      1   2.3667383624751279D-01 6.6D-09 0.0D+00 2.1D-08 0.0D+00       22      130       22      220  S
     17      1   2.3752416867387141D-01 8.1D-09 0.0D+00 2.6D-10 0.0D+00       22      170       22      220  S
     17      1   2.3853718141879171D-01 7.5D-09 0.0D+00 1.8D-09 0.0D+00       22      158       22      220  S
     17      1   2.3756722999057414D-01 7.1D-09 0.0D+00 8.5D-11 0.0D+00       22      156       22      220  S
     17      1   2.3755953949028558D-01 8.1D-09 0.0D+00 6.4D-08 0.0D+00       23      159       23      230  S
     17      1   2.3667383624225208D-01 6.6D-09 0.0D+00 6.6D-08 0.0D+00       23      170       23      230  S
     17      1   2.3853718141738411D-01 7.5D-09 0.0D+00 6.7D-08 0.0D+00       24      190       24      240  S
     17      1   2.3667383622108826D-01 6.6D-09 0.0D+00 1.2D-09 0.0D+00       22      154       22      220  S
     17      1   2.3756722998572835D-01 7.1D-09 0.0D+00 3.0D-08 0.0D+00       23      175       24      232  S
     17      1   2.3755953949281616D-01 8.1D-09 0.0D+00 2.3D-08 0.0D+00       23      155       23      230  S
     17      1   2.3752416867998249D-01 8.1D-09 0.0D+00 1.2D-09 0.0D+00       22      158       22      220  S
     17      1   2.3756722998471758D-01 7.1D-09 0.0D+00 4.8D-08 0.0D+00       23      178       24      232  S
     17      1   2.3667383624797772D-01 6.6D-09 0.0D+00 4.1D-10 0.0D+00       22      134       22      220  S
     17      1   2.3755953949242703D-01 8.1D-09 0.0D+00 2.8D-08 0.0D+00       23      173       24      231  S
     17      1   2.3853718610424293D-01 7.5D-09 0.0D+00 5.6D-09 0.0D+00       22      129       22      220  S
     17      1   2.3853718140845143D-01 7.5D-09 0.0D+00 4.2D-08 0.0D+00       24      147       24      240  S
     17      1   2.3752416867500931D-01 8.1D-09 0.0D+00 3.3D-09 0.0D+00       22      191       22      220  S
     17      1   2.3755953948898484D-01 8.1D-09 0.0D+00 7.0D-08 0.0D+00       24      154       24      240  S
     17      1   2.3853718610282446D-01 7.5D-09 0.0D+00 4.3D-08 0.0D+00       23      211       23      230  S
     17      1   2.3752416867227222D-01 8.1D-09 0.0D+00 7.0D-08 0.0D+00       23      166       23      230  S
     17      1   2.3853718141612285D-01 7.5D-09 0.0D+00 2.4D-10 0.0D+00       21      126       21      210  S
     17      1   2.3752415436614774D-01 8.1D-09 0.0D+00 3.4D-08 0.0D+00       23      171       24      232  S
     17      1   2.2138935948192692D-01 2.5D-07 0.0D+00 3.4D-03 0.0D+00       25      179       26      260  S
     17      1   2.3752416861208153D-01 8.1D-09 0.0D+00 1.5D-09 0.0D+00       22      191       22      220  S
     17      1   2.3667383624472144D-01 6.6D-09 0.0D+00 3.2D-08 0.0D+00       23      189       23      230  S
     17      1   2.3752415436806218D-01 8.1D-09 0.0D+00 6.9D-08 0.0D+00       22      160       23      221  S
     17      1   2.3667383594085165D-01 6.6D-09 0.0D+00 6.2D-10 0.0D+00       22      157       22      220  S
     17      1   2.3752416867074877D-01 8.1D-09 0.0D+00 6.8D-08 0.0D+00       23      168       23      230  S
     17      1   2.3752415436197463D-01 8.1D-09 0.0D+00 5.6D-08 0.0D+00       23      168       23      230  S
     17      1   2.3752416867943243D-01 8.1D-09 0.0D+00 5.6D-10 0.0D+00       22      147       22      220  S
     17      1   2.3755953952167491D-01 8.1D-09 0.0D+00 6.8D-08 0.0D+00       23      201       24      231  S
     17      1   2.3756722998631499D-01 7.1D-09 0.0D+00 3.2D-10 0.0D+00       22      149       22      220  S
     17      1   2.3853718610452740D-01 7.5D-09 0.0D+00 2.3D-09 0.0D+00       22      153       22      220  S
     17      1   2.3752416867543802D-01 8.1D-09 0.0D+00 1.4D-09 0.0D+00       22      148       22      220  S
     17      1   2.3853718141360955D-01 7.5D-09 0.0D+00 3.4D-08 0.0D+00       23      181       24      231  S
     17      1   2.3755953949594277D-01 8.1D-09 0.0D+00 1.3D-09 0.0D+00       22      161       22      220  S
     17      1   2.3752416867940804D-01 8.1D-09 0.0D+00 4.2D-10 0.0D+00       22      151       22      220  S
     17      1   2.3667383624710261D-01 6.6D-09 0.0D+00 1.2D-09 0.0D+00       22      174       22      220  S
     17      1   2.3752416867131909D-01 8.1D-09 0.0D+00 5.6D-08 0.0D+00       23      159       24      231  S
     17      1   2.3853718445360469D-01 7.5D-09 0.0D+00 5.7D-10 0.0D+00       22      160       22      220  S
     17      1   2.3755952552108395D-01 8.1D-09 0.0D+00 4.8D-09 0.0D+00       22      165       22      220  S
     17      1   2.3752416867499537D-01 8.1D-09 0.0D+00 3.0D-10 0.0D+00       22      179       22      220  S
     17      1   2.3853718445104216D-01 7.5D-09 0.0D+00 1.3D-09 0.0D+00       22      146       22      220  S
     17      1   2.3755953949688000D-01 8.1D-09 0.0D+00 1.6D-09 0.0D+00       22      160       22      220  S
     17      1   2.3752416867188691D-01 8.1D-09 0.0D+00 4.3D-08 0.0D+00       23      229       23      230  S
     17      1   2.3667383624196139D-01 6.6D-09 0.0D+00 6.6D-08 0.0D+00       23      186       23      230  S
     17      1   2.3752416750814298D-01 8.1D-09 0.0D+00 3.5D-08 0.0D+00       23      172       23      230  S
     17      1   2.3752416867411169D-01 8.1D-09 0.0D+00 2.5D-08 0.0D+00       23      214       24      231  S
     17      1   2.3853718445112110D-01 7.5D-09 0.0D+00 8.8D-10 0.0D+00       22      166       22      220  S
     17      1   2.3853718610450297D-01 7.5D-09 0.0D+00 2.4D-09 0.0D+00       22      175       22      220  S
     17      1   2.3853718610367544D-01 7.5D-09 0.0D+00 5.0D-09 0.0D+00       22      151       22      220  S
     17      1   2.3752416867169626D-01 8.1D-09 0.0D+00 6.3D-08 0.0D+00       23      161       23      230  S
     17      1   2.3853718610417099D-01 7.5D-09 0.0D+00 1.4D-09 0.0D+00       22      158       22      220  S
     17      1   2.3667383624411711D-01 6.6D-09 0.0D+00 2.8D-10 0.0D+00       22      180       22      220  S
     17      1   2.3755953948746850D-01 8.1D-09 0.0D+00 3.5D-09 0.0D+00       22      175       22      220  S
     17      1   2.3755953948693784D-01 8.1D-09 0.0D+00 7.0D-08 0.0D+00       23      186       23      230  S
     17      1   2.3755953949272279D-01 8.1D-09 0.0D+00 1.3D-08 0.0D+00       23      214       23      230  S
     17      1   2.3667383624507615D-01 6.6D-09 0.0D+00 1.4D-09 0.0D+00       23      167       23      230  S
     17      1   2.3667383624259997D-01 6.6D-09 0.0D+00 2.7D-08 0.0D+00       23      163       23      230  S
     17      1   2.3755953948860245D-01 8.1D-09 0.0D+00 6.8D-08 0.0D+00       23      205       23      230  S
     17      1   2.3853718141154359D-01 7.5D-09 0.0D+00 7.2D-08 0.0D+00       23      164       24      232  S
     17      1   2.3755953949054029D-01 8.1D-09 0.0D+00 3.3D-08 0.0D+00       23      203       23      230  S
     17      1   2.3752416867677198D-01 8.1D-09 0.0D+00 4.7D-08 0.0D+00       23      157       23      230  S
     17      1   2.3667383624759383D-01 6.6D-09 0.0D+00 1.3D-09 0.0D+00       22      140       22      220  S
     17      1   2.3755953949638672D-01 8.1D-09 0.0D+00 1.1D-09 0.0D+00       22      144       22      220  S
     17      1   2.3752416867625367D-01 8.1D-09 0.0D+00 3.4D-09 0.0D+00       22      216       22      220  S
     17      1   2.3752416867736389D-01 8.1D-09 0.0D+00 5.0D-08 0.0D+00       23      172       23      230  S
     17      1   2.3667383624415206D-01 6.6D-09 0.0D+00 4.2D-11 0.0D+00       22      159       22      220  S
     17      1   2.3667383624801328D-01 6.6D-09 0.0D+00 1.4D-09 0.0D+00       22      169       22      220  S
     17      1   2.3853718610595770D-01 7.5D-09 0.0D+00 6.4D-10 0.0D+00       21      157       21      210  S
     17      1   2.3853718141459224D-01 7.5D-09 0.0D+00 3.4D-09 0.0D+00       22      143       22      220  S
     17      1   2.3755953949015340D-01 8.1D-09 0.0D+00 1.4D-09 0.0D+00       22      140       22      220  S
     17      1   2.3755953949361913D-01 8.1D-09 0.0D+00 2.5D-08 0.0D+00       23      232       23      230  S
     17      1   2.3756722998834826D-01 7.1D-09 0.0D+00 4.7D-08 0.0D+00       23      154       23      230  S
     17      1   2.3667383624456020D-01 6.6D-09 0.0D+00 3.2D-09 0.0D+00       22      211       22      220  S
     17      1   2.3853718141479899D-01 7.5D-09 0.0D+00 1.4D-09 0.0D+00       22      158       22      220  S
     17      1   2.3752416868040779D-01 8.1D-09 0.0D+00 1.4D-10 0.0D+00       22      162       22      220  S
     17      1   2.3853718444758507D-01 7.5D-09 0.0D+00 3.8D-08 0.0D+00       23      204       23      230  S
     17      1   2.3752416867984125D-01 8.1D-09 0.0D+00 1.1D-08 0.0D+00       23      173       23      230  S
     17      1   2.3853718610778699D-01 7.5D-09 0.0D+00 3.2D-11 0.0D+00       22      138       22      220  S
     17      1   2.3752416867275059D-01 8.1D-09 0.0D+00 3.5D-08 0.0D+00       23      192       23      230  S
     17      1   2.3752416867409501D-01 8.1D-09 0.0D+00 1.3D-09 0.0D+00       22      172       22      220  S
     17      1   2.3853718610572511D-01 7.5D-09 0.0D+00 5.4D-09 0.0D+00       21      144       21      210  S
     17      1   2.3853718610177121D-01 7.5D-09 0.0D+00 4.3D-08 0.0D+00       23      192       23      230  S
     17      1   2.3755953948828584D-01 8.1D-09 0.0D+00 6.7D-08 0.0D+00       23      148       23      230  S
     17      1   2.3667383624314850D-01 6.6D-09 0.0D+00 3.0D-08 0.0D+00       23      218       23      230  S
     17      1   2.3755953949012182D-01 8.1D-09 0.0D+00 1.8D-09 0.0D+00       22      159       22      220  S
     17      1   2.3752416867361434D-01 8.1D-09 0.0D+00 2.5D-08 0.0D+00       23      169       23      230  S
     17      1   2.3752416866565279D-01 8.1D-09 0.0D+00 1.4D-09 0.0D+00       22      158       22      220  S
     17      1   2.3755953948875025D-01 8.1D-09 0.0D+00 2.6D-08 0.0D+00       23      173       23      230  S
     17      1   2.3755953948867312D-01 8.1D-09 0.0D+00 4.3D-08 0.0D+00       23      189       23      230  S
     17      1   2.3756722998772009D-01 7.1D-09 0.0D+00 5.7D-08 0.0D+00       23      175       23      230  S
     17      1   2.3853718141458949D-01 7.5D-09 0.0D+00 1.6D-09 0.0D+00       22      147       22      220  S
     17      1   2.3752416867484685D-01 8.1D-09 0.0D+00 1.3D-09 0.0D+00       22      169       22      220  S
     17      1   2.3756722723000798D-01 7.1D-09 0.0D+00 1.6D-09 0.0D+00       22      159       22      220  S
     17      1   2.3853718610492811D-01 7.5D-09 0.0D+00 8.4D-08 0.0D+00       23      176       23      230  S
     17      1   2.3756722998517404D-01 7.1D-09 0.0D+00 3.7D-08 0.0D+00       23      159       23      230  S
     17      1   2.3756722998856500D-01 7.1D-09 0.0D+00 2.4D-08 0.0D+00       23      162       23      230  S
     17      1   2.3756722723071932D-01 7.1D-09 0.0D+00 1.6D-09 0.0D+00       22      144       22      220  S
     17      1   2.3667383624413771D-01 6.6D-09 0.0D+00 4.0D-09 0.0D+00       22      157       22      220  S
     17      1   2.3853718610429184D-01 7.5D-09 0.0D+00 1.2D-09 0.0D+00       22      151       22      220  S
     17      1   2.3752416867959891D-01 8.1D-09 0.0D+00 2.1D-10 0.0D+00       22      175       22      220  S
     17      1   2.3752416866611870D-01 8.1D-09 0.0D+00 2.0D-09 0.0D+00       22      150       22      220  S
     17      1   2.3755953949435202D-01 8.1D-09 0.0D+00 6.9D-08 0.0D+00       24      159       25      241  S
     17      1   2.3853718610322081D-01 7.5D-09 0.0D+00 3.3D-08 0.0D+00       23      179       24      232  S
     17      1   2.3756722723107532D-01 7.1D-09 0.0D+00 4.1D-09 0.0D+00       23      157       23      230  S
     17      1   2.2163514708998630D-01 7.1D-09 0.0D+00 6.8D-09 0.0D+00       21      186       21      210  S
     17      1   2.3752416867675707D-01 8.1D-09 0.0D+00 5.2D-08 0.0D+00       23      193       23      230  S
     17      1   2.3853718056798082D-01 7.5D-09 0.0D+00 3.9D-08 0.0D+00       24      169       25      242  S
     17      1   2.3667383624391175D-01 6.6D-09 0.0D+00 7.4D-10 0.0D+00       22      165       22      220  S
     17      1   2.3752416867399706D-01 8.1D-09 0.0D+00 1.4D-09 0.0D+00       22      183       22      220  S
     17      1   2.3853718445014818D-01 7.5D-09 0.0D+00 2.0D-08 0.0D+00       23      174       24      231  S
     17      1   2.3667383624253194D-01 6.6D-09 0.0D+00 5.1D-08 0.0D+00       23      157       23      230  S
     17      1   2.3667383624536606D-01 6.6D-09 0.0D+00 6.6D-08 0.0D+00       23      141       23      230  S
     17      1   2.3853718141564520D-01 7.5D-09 0.0D+00 1.5D-09 0.0D+00       22      147       22      220  S
     17      1   2.2150676139393938D-01 7.1D-09 0.0D+00 2.1D-07 0.0D+00       24      249       24      240  S
     17      1   2.3755952551871140D-01 8.1D-09 0.0D+00 9.2D-10 0.0D+00       22      150       22      220  S
     17      1   2.3667383624760949D-01 6.6D-09 0.0D+00 2.1D-09 0.0D+00       22      165       22      220  S
     17      1   2.3853718444994257D-01 7.5D-09 0.0D+00 2.1D-10 0.0D+00       22      166       22      220  S
     17      1   2.3853718610498276D-01 7.5D-09 0.0D+00 3.7D-09 0.0D+00       22      156       22      220  S
     17      1   2.3853718610252700D-01 7.5D-09 0.0D+00 4.4D-08 0.0D+00       23      197       23      230  S
     17      1   2.3755952551230103D-01 8.1D-09 0.0D+00 6.8D-08 0.0D+00       23      176       24      232  S
     17      1   2.3755952552090914D-01 8.1D-09 0.0D+00 2.4D-08 0.0D+00       23      195       24      232  S
     17      1   2.3755953949549874D-01 8.1D-09 0.0D+00 1.9D-09 0.0D+00       22      169       22      220  S
     17      1   2.3752416867711815D-01 8.1D-09 0.0D+00 3.8D-09 0.0D+00       22      166       22      220  S
     17      1   2.3752416867473639D-01 8.1D-09 0.0D+00 2.5D-09 0.0D+00       22      168       22      220  S
     17      1   2.3667383624583879D-01 6.6D-09 0.0D+00 6.8D-08 0.0D+00       22      146       22      220  S
     17      1   2.3853718610078342D-01 7.5D-09 0.0D+00 8.6D-08 0.0D+00       23      213       24      231  S
     17      1   2.3756722998655580D-01 7.1D-09 0.0D+00 5.3D-10 0.0D+00       22      186       22      220  S
     17      1   2.3853718444506219D-01 7.5D-09 0.0D+00 2.8D-09 0.0D+00       22      156       22      220  S
     17      1   2.3667383624744226D-01 6.6D-09 0.0D+00 3.7D-10 0.0D+00       22      167       22      220  S
     17      1   2.3756722998814200D-01 7.1D-09 0.0D+00 3.7D-09 0.0D+00       22      171       22      220  S
     17      1   2.3752416867398524D-01 8.1D-09 0.0D+00 1.4D-09 0.0D+00       22      173       22      220  S
     17      1   2.3752416867168874D-01 8.1D-09 0.0D+00 7.0D-08 0.0D+00       23      190       23      230  S
     17      1   2.3853718141717770D-01 7.5D-09 0.0D+00 2.5D-09 0.0D+00       22      157       22      220  S
     17      1   2.3752416867089191D-01 8.1D-09 0.0D+00 6.8D-08 0.0D+00       23      179       23      230  S
     17      1   2.3853718444991018D-01 7.5D-09 0.0D+00 4.1D-09 0.0D+00       22      156       22      220  S
     17      1   2.3853718610532851D-01 7.5D-09 0.0D+00 1.0D-09 0.0D+00       22      148       22      220  S
     17      1   2.3755953948927780D-01 8.1D-09 0.0D+00 4.6D-08 0.0D+00       23      175       23      230  S
     17      1   2.3667383623380323D-01 6.6D-09 0.0D+00 6.1D-09 0.0D+00       22      183       22      220  S
     17      1   2.3755953946937558D-01 8.1D-09 0.0D+00 3.3D-08 0.0D+00       23      189       23      230  S
     17      1   2.3752416867060747D-01 8.1D-09 0.0D+00 6.9D-08 0.0D+00       23      149       23      230  S
     17      1   2.3667383624765595D-01 6.6D-09 0.0D+00 4.2D-10 0.0D+00       22      181       22      220  S
     17      1   2.3752416867409143D-01 8.1D-09 0.0D+00 3.0D-10 0.0D+00       22      172       22      220  S
     17      1   2.2150676105461256D-01 7.1D-09 0.0D+00 2.6D-09 0.0D+00       21      144       21      210  S
     17      1   2.3752416880598981D-01 8.1D-09 0.0D+00 3.7D-09 0.0D+00       23      214       23      230  S
     17      1   2.3853718445043820D-01 7.5D-09 0.0D+00 3.0D-09 0.0D+00       22      134       22      220  S
     17      1   2.3853718141425692D-01 7.5D-09 0.0D+00 1.5D-08 0.0D+00       23      166       23      230  S
     17      1   2.3853718444941138D-01 7.5D-09 0.0D+00 5.1D-09 0.0D+00       22      156       22      220  S
     17      1   2.3755953948839953D-01 8.1D-09 0.0D+00 5.3D-08 0.0D+00       23      164       23      230  S
     17      1   2.3853718610487706D-01 7.5D-09 0.0D+00 2.0D-09 0.0D+00       22      177       22      220  S
     17      1   2.3752416827998707D-01 8.1D-09 0.0D+00 1.3D-09 0.0D+00       21      135       21      210  S
     17      1   2.3752416867558396D-01 8.1D-09 0.0D+00 1.5D-09 0.0D+00       22      136       22      220  S
     17      1   2.3853718610685343D-01 7.5D-09 0.0D+00 1.6D-09 0.0D+00       22      158       22      220  S
     17      1   2.3756722998675242D-01 7.1D-09 0.0D+00 5.7D-08 0.0D+00       23      161       23      230  S
     17      1   2.3752416866324000D-01 8.1D-09 0.0D+00 6.9D-08 0.0D+00       21      148       21      210  S
     17      1   2.3667383624422431D-01 6.6D-09 0.0D+00 1.3D-09 0.0D+00       22      183       22      220  S
     17      1   2.3853718610492347D-01 7.5D-09 0.0D+00 8.8D-08 0.0D+00       23      179       23      230  S
     17      1   2.3755953949184405D-01 8.1D-09 0.0D+00 6.1D-10 0.0D+00       22      188       22      220  S
     17      1   2.3667383624343347D-01 6.6D-09 0.0D+00 2.4D-08 0.0D+00       23      191       23      230  S
     17      1   2.3667383624595387D-01 6.6D-09 0.0D+00 6.7D-08 0.0D+00       23      167       24      231  S
     17      1   2.3755953950573391D-01 8.1D-09 0.0D+00 4.6D-08 0.0D+00       23      154       23      230  S
     17      1   2.3853718141124108D-01 7.5D-09 0.0D+00 8.8D-08 0.0D+00       23      167       23      230  S
     17      1   2.3752416867666845D-01 8.1D-09 0.0D+00 1.1D-09 0.0D+00       22      163       22      220  S
     17      1   2.3752416867119663D-01 8.1D-09 0.0D+00 6.1D-08 0.0D+00       23      163       23      230  S
     17      1   2.3853718610738053D-01 7.5D-09 0.0D+00 4.5D-08 0.0D+00       23      158       23      230  S
     17      1   2.3752416867659124D-01 8.1D-09 0.0D+00 5.3D-08 0.0D+00       23      184       23      230  S
     17      1   2.3755953949166514D-01 8.1D-09 0.0D+00 3.9D-09 0.0D+00       22      177       22      220  S
     17      1   2.3756722998640378D-01 7.1D-09 0.0D+00 3.1D-09 0.0D+00       22      160       22      220  S
     17      1   2.3853718141666122D-01 7.5D-09 0.0D+00 3.8D-08 0.0D+00       23      164       23      230  S
     17      1   2.3756722998903559D-01 7.1D-09 0.0D+00 6.1D-08 0.0D+00       23      161       23      230  S
     17      1   2.3853718627258233D-01 7.5D-09 0.0D+00 9.0D-08 0.0D+00       23      167       24      231  S
     17      1   2.3667383623850705D-01 6.6D-09 0.0D+00 4.4D-10 0.0D+00       20      135       20      200  S
     17      1   2.3853718610941735D-01 7.5D-09 0.0D+00 1.0D-10 0.0D+00       22      185       22      220  S
     17      1   2.3853718610639943D-01 7.5D-09 0.0D+00 1.7D-09 0.0D+00       22      172       22      220  S
     17      1   2.3667383624310606D-01 6.6D-09 0.0D+00 3.2D-08 0.0D+00       23      215       24      231  S
     17      1   2.3752416867618681D-01 8.1D-09 0.0D+00 1.1D-10 0.0D+00       22      134       22      220  S
     17      1   2.3755953949211020D-01 8.1D-09 0.0D+00 1.8D-09 0.0D+00       22      149       22      220  S
     17      1   2.3853718141713454D-01 7.5D-09 0.0D+00 3.2D-10 0.0D+00       22      216       22      220  S
     17      1   2.3755953948996245D-01 8.1D-09 0.0D+00 2.6D-09 0.0D+00       22      164       22      220  S
     17      1   2.3752415437126742D-01 8.1D-09 0.0D+00 2.7D-10 0.0D+00       22      164       22      220  S
     17      1   2.3756722723089041D-01 7.1D-09 0.0D+00 1.5D-09 0.0D+00       23      160       23      230  S
     17      1   2.3755953948272629D-01 8.1D-09 0.0D+00 1.4D-09 0.0D+00       22      155       22      220  S
     17      1   2.3755952871374061D-01 8.1D-09 0.0D+00 1.3D-09 0.0D+00       21      176       21      210  S
     17      1   2.3752416867937060D-01 8.1D-09 0.0D+00 1.3D-09 0.0D+00       22      150       22      220  S
     17      1   2.3752416867635290D-01 8.1D-09 0.0D+00 6.9D-08 0.0D+00       23      177       23      230  S
     17      1   2.3752416706862570D-01 8.1D-09 0.0D+00 9.6D-10 0.0D+00       22      170       22      220  S
     17      1   2.3752416867381929D-01 8.1D-09 0.0D+00 6.7D-10 0.0D+00       22      142       22      220  S
     17      1   2.3752416867088663D-01 8.1D-09 0.0D+00 7.0D-08 0.0D+00       23      161       23      230  S
     17      1   2.3752416867170917D-01 8.1D-09 0.0D+00 6.1D-08 0.0D+00       23      179       23      230  S
     17      1   2.3755952551698836D-01 8.1D-09 0.0D+00 7.3D-08 0.0D+00       23      158       24      231  S
     17      1   2.3756722723250695D-01 7.1D-09 0.0D+00 4.9D-08 0.0D+00       24      165       24      240  S
     17      1   2.3752415436484342D-01 8.1D-09 0.0D+00 3.7D-09 0.0D+00       22      158       22      220  S
     17      1   2.3756722998810029D-01 7.1D-09 0.0D+00 4.0D-09 0.0D+00       22      174       22      220  S
     17      1   2.3756722998457533D-01 7.1D-09 0.0D+00 6.2D-08 0.0D+00       23      146       23      230  S
     17      1   2.3853718610966951D-01 7.5D-09 0.0D+00 4.4D-09 0.0D+00       22      162       22      220  S
     17      1   2.3755952552155335D-01 8.1D-09 0.0D+00 1.4D-09 0.0D+00       22      170       22      220  S
     17      1   2.3755953949064126D-01 8.1D-09 0.0D+00 6.7D-10 0.0D+00       22      149       22      220  S
     17      1   2.3667383624694890D-01 6.6D-09 0.0D+00 6.6D-08 0.0D+00       23      167       24      231  S
     17      1   2.3853718610252886D-01 7.5D-09 0.0D+00 4.0D-08 0.0D+00       23      172       23      230  S
     17      1   2.3667383624010824D-01 6.6D-09 0.0D+00 6.7D-08 0.0D+00       23      197       24      232  S
     17      1   2.3752416867380732D-01 8.1D-09 0.0D+00 1.7D-09 0.0D+00       22      134       22      220  S
     17      1   2.3755952551690934D-01 8.1D-09 0.0D+00 3.5D-09 0.0D+00       22      143       22      220  S
     17      1   2.3755953949283237D-01 8.1D-09 0.0D+00 5.0D-08 0.0D+00       23      184       24      231  S
     17      1   2.3853718610216260D-01 7.5D-09 0.0D+00 4.1D-08 0.0D+00       23      171       23      230  S
     17      1   2.3756722998602273D-01 7.1D-09 0.0D+00 3.5D-09 0.0D+00       22      147       22      220  S
     17      1   2.3752416867941167D-01 8.1D-09 0.0D+00 1.3D-09 0.0D+00       22      186       22      220  S
     17      1   2.3752416867607787D-01 8.1D-09 0.0D+00 1.4D-08 0.0D+00       23      178       23      230  S
     17      1   2.3853718445068431D-01 7.5D-09 0.0D+00 1.1D-09 0.0D+00       22      166       22      220  S
     17      1   2.3853718610448246D-01 7.5D-09 0.0D+00 2.7D-09 0.0D+00       22      154       22      220  S
     17      1   2.3853718610416710D-01 7.5D-09 0.0D+00 8.4D-08 0.0D+00       23      160       23      230  S
     17      1   2.3853718610958702D-01 7.5D-09 0.0D+00 2.5D-09 0.0D+00       22      176       22      220  S
     17      1   2.3853718610418598D-01 7.5D-09 0.0D+00 2.8D-09 0.0D+00       22      178       22      220  S
     17      1   2.3752416867377263D-01 8.1D-09 0.0D+00 6.0D-08 0.0D+00       23      165       24      231  S
     17      1   2.3853718610605296D-01 7.5D-09 0.0D+00 7.7D-08 0.0D+00       23      188       24      232  S
     17      1   2.3752416867074275D-01 8.1D-09 0.0D+00 2.2D-08 0.0D+00       23      176       23      230  S
     17      1   2.3853718610422683D-01 7.5D-09 0.0D+00 8.9D-08 0.0D+00       23      185       24      232  S
     17      1   2.3752416867404538D-01 8.1D-09 0.0D+00 1.8D-09 0.0D+00       22      177       22      220  S
     17      1   2.3756722998652738D-01 7.1D-09 0.0D+00 1.2D-10 0.0D+00       22      143       22      220  S
     17      1   2.3752416867838869D-01 8.1D-09 0.0D+00 5.1D-10 0.0D+00       22      146       22      220  S
     17      1   2.3752416867389758D-01 8.1D-09 0.0D+00 3.8D-10 0.0D+00       22      166       22      220  S
     17      1   2.3752416886866531D-01 8.1D-09 0.0D+00 9.6D-10 0.0D+00       22      187       22      220  S
     17      1   2.3755953949248168D-01 8.1D-09 0.0D+00 1.1D-09 0.0D+00       23      147       23      230  S
     17      1   2.3667383624337093D-01 6.6D-09 0.0D+00 5.1D-08 0.0D+00       23      203       23      230  S
     17      1   2.3755952551489667D-01 8.1D-09 0.0D+00 1.7D-08 0.0D+00       23      149       24      231  S
     17      1   2.3667383624727228D-01 6.6D-09 0.0D+00 3.8D-09 0.0D+00       22      184       22      220  S
     17      1   2.3853718444948754D-01 7.5D-09 0.0D+00 1.6D-10 0.0D+00       22      145       22      220  S
     17      1   2.3667383624437288D-01 6.6D-09 0.0D+00 3.0D-09 0.0D+00       22      178       22      220  S
     17      1   2.3752416867480775D-01 8.1D-09 0.0D+00 1.4D-09 0.0D+00       22      158       22      220  S
     17      1   2.3853718610483790D-01 7.5D-09 0.0D+00 7.9D-08 0.0D+00       23      177       24      232  S
     17      1   2.3755953949036537D-01 8.1D-09 0.0D+00 1.1D-09 0.0D+00       22      175       22      220  S
     17      1   2.3853718444938185D-01 7.5D-09 0.0D+00 9.3D-10 0.0D+00       22      154       22      220  S
     17      1   2.3752416867378073D-01 8.1D-09 0.0D+00 2.9D-10 0.0D+00       22      157       22      220  S
     17      1   2.3853718141803015D-01 7.5D-09 0.0D+00 1.4D-09 0.0D+00       22      160       22      220  S
     17      1   2.3853718141481284D-01 7.5D-09 0.0D+00 3.8D-10 0.0D+00       22      149       22      220  S
     17      1   2.3667383624638483D-01 6.6D-09 0.0D+00 3.1D-08 0.0D+00       23      183       23      230  S
     17      1   2.3667383624274957D-01 6.6D-09 0.0D+00 2.1D-10 0.0D+00       22      199       22      220  S
