     17      1   2.3667383624623189D-01 6.6D-09 0.0D+00 2.6D-09 0.0D+00       22      187       22      220  S
     17      1   2.3755953949063047D-01 8.1D-09 0.0D+00 2.5D-09 0.0D+00       22      167       22      220  S
     17      1   2.3853718610638172D-01 7.5D-09 0.0D+00 6.9D-08 0.0D+00       23      191       23      230  S
     17      1   2.3752416867027565D-01 8.1D-09 0.0D+00 2.5D-08 0.0D+00       23      187       23      230  S
     17      1   2.3756722998807328D-01 7.1D-09 0.0D+00 3.0D-08 0.0D+00       23      181       23      230  S
     17      1   2.3853718445411246D-01 7.5D-09 0.0D+00 1.9D-09 0.0D+00       22      172       22      220  S
     17      1   2.3755953949704164D-01 8.1D-09 0.0D+00 1.3D-09 0.0D+00       21      150       21      210  S
     17      1   2.3752416867477047D-01 8.1D-09 0.0D+00 3.4D-10 0.0D+00       22      173       22      220  S
     17      1   2.3755953948869568D-01 8.1D-09 0.0D+00 5.1D-08 0.0D+00       23      160       23      230  S
     17      1   2.3853718141463356D-01 7.5D-09 0.0D+00 1.2D-09 0.0D+00       22      160       22      220  S
     17      1   2.3667383624318708D-01 6.6D-09 0.0D+00 9.5D-10 0.0D+00       22      172       22      220  S
     17      1   2.3853718444582991D-01 7.5D-09 0.0D+00 8.8D-08 0.0D+00       23      172       23      230  S
     17      1   2.3813522455732908D-01 5.5D-07 0.0D+00 8.1D-03 0.0D+00       26      146       27      270  S
     17      1   2.3755953949569097D-01 8.1D-09 0.0D+00 9.1D-10 0.0D+00       22      193       22      220  S
     17      1   2.3667383624799526D-01 6.6D-09 0.0D+00 3.7D-09 0.0D+00       22      218       22      220  S
     17      1   2.3853718951314032D-01 7.5D-09 0.0D+00 2.6D-09 0.0D+00       23      206       23      230  S
     17      1   2.3755953949097344D-01 8.1D-09 0.0D+00 6.8D-08 0.0D+00       23      156       23      230  S
     17      1   2.3755953949395750D-01 8.1D-09 0.0D+00 3.0D-08 0.0D+00       23      177       23      230  S
     17      1   2.3853718610411925D-01 7.5D-09 0.0D+00 4.1D-09 0.0D+00       22      139       22      220  S
     17      1   2.3752416867602794D-01 8.1D-09 0.0D+00 4.1D-10 0.0D+00       22      187       22      220  S
     17      1   2.3756722998616284D-01 7.1D-09 0.0D+00 5.0D-08 0.0D+00       23      184       23      230  S
     17      1   2.3853718610489150D-01 7.5D-09 0.0D+00 3.1D-10 0.0D+00       22      173       22      220  S
     17      1   2.3756722722797716D-01 7.1D-09 0.0D+00 6.5D-08 0.0D+00       23      142       24      232  S
     17      1   2.3752416867920029D-01 8.1D-09 0.0D+00 2.5D-08 0.0D+00       23      223       23      230  S
     17      1   2.3853718610420457D-01 7.5D-09 0.0D+00 1.0D-09 0.0D+00       22      130       22      220  S
     17      1   2.3755953948766856D-01 8.1D-09 0.0D+00 6.5D-08 0.0D+00       23      165       23      230  S
     17      1   2.3853718027537812D-01 7.5D-09 0.0D+00 2.3D-08 0.0D+00       24      162       24      240  S
     17      1   2.3853718138044075D-01 7.5D-09 0.0D+00 5.7D-09 0.0D+00       23      142       23      230  S
     17      1   2.3752416867126233D-01 8.1D-09 0.0D+00 5.5D-08 0.0D+00       23      178       23      230  S
     17      1   2.3853718610572133D-01 7.5D-09 0.0D+00 3.2D-09 0.0D+00       22      137       22      220  S
     17      1   2.7429154496361086D-01 1.4D-09 0.0D+00 8.4D+01 0.0D+00       25      161       26      260  S
     17      1   2.3853718610115562D-01 7.5D-09 0.0D+00 9.1D-08 0.0D+00       23      192       24      231  S
     17      1   2.3853718110155545D-01 7.5D-09 0.0D+00 6.6D-08 0.0D+00       23      160       23      230  S
     17      1   2.3752416867117365D-01 8.1D-09 0.0D+00 6.2D-08 0.0D+00       22      169       22      220  S
     17      1   2.3853718610412294D-01 7.5D-09 0.0D+00 3.9D-09 0.0D+00       22      138       22      220  S
     17      1   2.3756722998671456D-01 7.1D-09 0.0D+00 3.8D-08 0.0D+00       23      183       23      230  S
     17      1   2.3853718610297775D-01 7.5D-09 0.0D+00 3.1D-08 0.0D+00       23      190       24      231  S
     17      1   2.3752416867245352D-01 8.1D-09 0.0D+00 7.0D-08 0.0D+00       23      168       23      230  S
     17      1   2.3755953948814804D-01 8.1D-09 0.0D+00 3.4D-08 0.0D+00       23      155       24      232  S
     17      1   2.3756722998659327D-01 7.1D-09 0.0D+00 7.7D-09 0.0D+00       22      180       22      220  S
     17      1   2.3752415436276247D-01 8.1D-09 0.0D+00 6.9D-08 0.0D+00       24      147       25      242  S
     17      1   2.3756722722975002D-01 7.1D-09 0.0D+00 2.7D-08 0.0D+00       24      141       24      240  S
     17      1   2.3667383624083854D-01 6.6D-09 0.0D+00 1.1D-09 0.0D+00       22      162       22      220  S
     17      1   2.3853718444958863D-01 7.5D-09 0.0D+00 1.3D-09 0.0D+00       22      156       22      220  S
     17      1   2.3755953949133621D-01 8.1D-09 0.0D+00 2.9D-09 0.0D+00       22      180       22      220  S
     17      1   2.3853718611023472D-01 7.5D-09 0.0D+00 1.1D-09 0.0D+00       22      176       22      220  S
     17      1   2.3756722998687649D-01 7.1D-09 0.0D+00 2.6D-09 0.0D+00       22      164       22      220  S
     17      1   2.3752416867535220D-01 8.1D-09 0.0D+00 1.4D-09 0.0D+00       22      146       22      220  S
     17      1   2.3853718141810476D-01 7.5D-09 0.0D+00 1.2D-09 0.0D+00       22      188       22      220  S
     17      1   2.3755953949531469D-01 8.1D-09 0.0D+00 1.7D-10 0.0D+00       22      154       22      220  S
     17      1   2.3752416867436121D-01 8.1D-09 0.0D+00 1.4D-09 0.0D+00       22      147       22      220  S
     17      1   2.3853718610557975D-01 7.5D-09 0.0D+00 6.8D-08 0.0D+00       23      205       23      230  S
     17   0.00    0.00    0.00   2.0540969317601937D-01 7.5D-09 0.0D+00 1.9D-06 0.0D+00       24      210       24      240    1431     451    1656     451     450   0.83     0    0    153  BR
     17      1   2.3755952551348464D-01 8.1D-09 0.0D+00 5.1D-08 0.0D+00       23      179       24      232  S
     17      1   2.3667383624406302D-01 6.6D-09 0.0D+00 3.6D-09 0.0D+00       22      142       22      220  S
     17      1   2.3752415436956958D-01 8.1D-09 0.0D+00 2.0D-09 0.0D+00       22      159       22      220  S
     17      1   2.3752416867569334D-01 8.1D-09 0.0D+00 3.4D-10 0.0D+00       22      167       22      220  S
     17      1   2.3667383623467717D-01 6.6D-09 0.0D+00 1.8D-09 0.0D+00       22      159       22      220  S
     17      1   2.3755953948783570D-01 8.1D-09 0.0D+00 4.9D-08 0.0D+00       23      170       24      231  S
     17      1   2.3755952551677412D-01 8.1D-09 0.0D+00 2.5D-08 0.0D+00       23      171       24      231  S
     17      1   2.3853718444988586D-01 7.5D-09 0.0D+00 8.4D-10 0.0D+00       22      159       22      220  S
     17      1   2.3853718609739327D-01 7.5D-09 0.0D+00 2.4D-09 0.0D+00       22      153       22      220  S
     17      1   2.3755953949273859D-01 8.1D-09 0.0D+00 5.4D-08 0.0D+00       23      166       24      232  S
     17      1   2.3853718141355051D-01 7.5D-09 0.0D+00 4.4D-08 0.0D+00       23      173       24      232  S
     17      1   2.3726767571769120D-01 4.6D-07 0.0D+00 7.1D-03 0.0D+00       25      146       26      260  S
     17      1   2.3853718610440983D-01 7.5D-09 0.0D+00 8.1D-10 0.0D+00       22      157       22      220  S
     17      1   2.3755952551500359D-01 8.1D-09 0.0D+00 3.2D-08 0.0D+00       23      201       23      230  S
     17      1   2.3667383624465652D-01 6.6D-09 0.0D+00 1.0D-10 0.0D+00       22      167       22      220  S
     17      1   2.3667383593806834D-01 6.6D-09 0.0D+00 6.5D-08 0.0D+00       23      160       24      231  S
     17      1   2.3752416867369916D-01 8.1D-09 0.0D+00 2.0D-09 0.0D+00       22      136       22      220  S
     17      1   2.3755952551236065D-01 8.1D-09 0.0D+00 5.0D-08 0.0D+00       23      240       24      232  S
     17      1   2.3755952551854534D-01 8.1D-09 0.0D+00 3.0D-08 0.0D+00       23      174       23      230  S
     17      1   2.3752416867686754D-01 8.1D-09 0.0D+00 1.0D-09 0.0D+00       22      151       22      220  S
     17      1   2.3853718056098325D-01 7.5D-09 0.0D+00 8.6D-08 0.0D+00       23      158       23      230  S
     17      1   2.3756722998608298D-01 7.1D-09 0.0D+00 1.4D-09 0.0D+00       22      148       22      220  S
     17      1   2.3667383624427249D-01 6.6D-09 0.0D+00 3.7D-09 0.0D+00       22      171       22      220  S
     17      1   2.3755953948979683D-01 8.1D-09 0.0D+00 2.3D-08 0.0D+00       23      159       24      232  S
     17      1   2.3853718610414351D-01 7.5D-09 0.0D+00 2.2D-10 0.0D+00       22      195       22      220  S
     17      1   2.3853718610370825D-01 7.5D-09 0.0D+00 5.9D-08 0.0D+00       22      176       22      220  S
     17      1   2.3853718444977340D-01 7.5D-09 0.0D+00 8.1D-10 0.0D+00       22      144       22      220  S
     17      1   2.3853718445364253D-01 7.5D-09 0.0D+00 3.3D-08 0.0D+00       23      200       23      230  S
     17      1   2.3752416867776663D-01 8.1D-09 0.0D+00 6.6D-08 0.0D+00       23      179       24      231  S
     17      1   2.3756722723054574D-01 7.1D-09 0.0D+00 1.9D-08 0.0D+00       24      170       25      242  S
     17      1   2.3755953949558289D-01 8.1D-09 0.0D+00 5.8D-10 0.0D+00       22      139       22      220  S
     17      1   2.3752415436521174D-01 8.1D-09 0.0D+00 2.1D-09 0.0D+00       22      166       22      220  S
     17      1   2.3755952551623982D-01 8.1D-09 0.0D+00 2.1D-09 0.0D+00       22      148       22      220  S
     17      1   2.3752416867692699D-01 8.1D-09 0.0D+00 2.1D-09 0.0D+00       22      187       22      220  S
     17      1   2.3755953949569836D-01 8.1D-09 0.0D+00 1.5D-10 0.0D+00       22      154       22      220  S
     17      1   2.3756722998627045D-01 7.1D-09 0.0D+00 3.1D-09 0.0D+00       22      164       22      220  S
     17      1   2.3853718444913999D-01 7.5D-09 0.0D+00 1.4D-09 0.0D+00       22      142       22      220  S
     17      1   2.3752416867357529D-01 8.1D-09 0.0D+00 3.3D-08 0.0D+00       23      169       23      230  S
     17      1   2.3755954022441181D-01 8.1D-09 0.0D+00 2.7D-08 0.0D+00       22      173       22      220  S
     17      1   2.3752416867273651D-01 8.1D-09 0.0D+00 3.4D-08 0.0D+00       23      193       24      232  S
     17      1   2.3752416867387161D-01 8.1D-09 0.0D+00 1.1D-09 0.0D+00       22      173       22      220  S
     17      1   2.3667383624700963D-01 6.6D-09 0.0D+00 3.7D-08 0.0D+00       23      141       23      230  S
     17      1   2.3755952551527221D-01 8.1D-09 0.0D+00 7.0D-08 0.0D+00       23      158       23      230  S
     17      1   2.3853718610336830D-01 7.5D-09 0.0D+00 8.6D-08 0.0D+00       23      181       23      230  S
     17      1   2.3667383624271485D-01 6.6D-09 0.0D+00 6.4D-08 0.0D+00       22      142       23      221  S
     17      1   5.3028248770827680D-01 1.7D-16 0.0D+00 1.0D+00 0.0D+00       24      154       25      250  S
     17      1   2.3755952552003001D-01 8.1D-09 0.0D+00 3.0D-09 0.0D+00       22      155       22      220  S
