     15      1   2.3755952551605947D-01 8.1D-09 0.0D+00 4.2D-09 0.0D+00       22      159       22      220  S
     15      1   2.3756722998608701D-01 7.1D-09 0.0D+00 1.5D-09 0.0D+00       22      154       22      220  S
     15      1   2.3755952551635195D-01 8.1D-09 0.0D+00 9.4D-10 0.0D+00       23      141       23      230  S
     15      1   2.3853718444700434D-01 7.5D-09 0.0D+00 7.2D-08 0.0D+00       23      169       24      232  S
     15      1   2.3755952551550302D-01 8.1D-09 0.0D+00 8.9D-10 0.0D+00       22      145       22      220  S
     15      1   2.3756722998458027D-01 7.1D-09 0.0D+00 9.8D-08 0.0D+00       23      209       23      230  S
     15      1   2.3853718444974215D-01 7.5D-09 0.0D+00 3.1D-09 0.0D+00       22      158       22      220  S
     15      1   2.3853718444914485D-01 7.5D-09 0.0D+00 8.4D-12 0.0D+00       22      121       22      220  S
     15      1   2.3755952551443954D-01 8.1D-09 0.0D+00 7.0D-08 0.0D+00       23      195       24      232  S
     15      1   2.3853718444702518D-01 7.5D-09 0.0D+00 6.7D-08 0.0D+00       23      163       23      230  S
     15      1   2.3752415436379487D-01 8.1D-09 0.0D+00 5.2D-08 0.0D+00       23      166       24      232  S
     15      1   2.3756722998721630D-01 7.1D-09 0.0D+00 3.4D-09 0.0D+00       22      194       22      220  S
     15      1   2.3667383624037933D-01 6.6D-09 0.0D+00 7.9D-10 0.0D+00       22      176       22      220  S
     15      1   2.3755952551601459D-01 8.1D-09 0.0D+00 6.7D-08 0.0D+00       24      231       24      240  S
     15      1   2.3853718444578498D-01 7.5D-09 0.0D+00 9.0D-08 0.0D+00       23      166       24      231  S
     15      1   2.3755952551551607D-01 8.1D-09 0.0D+00 2.0D-09 0.0D+00       22      151       22      220  S
     15      1   2.3853718141568314D-01 7.5D-09 0.0D+00 2.9D-09 0.0D+00       22      172       22      220  S
     15      1   2.3756722723097626D-01 7.1D-09 0.0D+00 3.8D-09 0.0D+00       23      159       23      230  S
     15      1   2.3756722998804386D-01 7.1D-09 0.0D+00 2.4D-10 0.0D+00       22      183       22      220  S
     15      1   2.3853718141293634D-01 7.5D-09 0.0D+00 2.1D-08 0.0D+00       23      153       23      230  S
     15      1   2.3853718141449190D-01 7.5D-09 0.0D+00 7.1D-10 0.0D+00       22      144       22      220  S
     15      1   2.3755952551767071D-01 8.1D-09 0.0D+00 5.4D-08 0.0D+00       23      160       23      230  S
     15      1   2.3853718141992192D-01 7.5D-09 0.0D+00 2.0D-09 0.0D+00       22      150       22      220  S
     15      1   2.3853718445134989D-01 7.5D-09 0.0D+00 4.1D-08 0.0D+00       23      154       23      230  S
     15      1   2.3853717835244020D-01 7.5D-09 0.0D+00 5.3D-10 0.0D+00       21      173       21      210  S
     15      1   2.3752415436540630D-01 8.1D-09 0.0D+00 1.8D-08 0.0D+00       24      161       25      242  S
     15      1   2.3754291412179487D-01 6.5D-09 0.0D+00 3.9D-01 0.0D+00       23      168       23      230  S
     15      1   2.3853718141201430D-01 7.5D-09 0.0D+00 6.7D-08 0.0D+00       23      157       24      231  S
     15      1   2.3853718141427080D-01 7.5D-09 0.0D+00 1.1D-09 0.0D+00       22      144       22      220  S
     15      1   2.3853718141250663D-01 7.5D-09 0.0D+00 6.4D-08 0.0D+00       23      165       23      230  S
     15      1   2.3752415436277266D-01 8.1D-09 0.0D+00 6.6D-08 0.0D+00       23      158       24      231  S
     15      1   2.3853718056131154D-01 7.5D-09 0.0D+00 9.0D-08 0.0D+00       23      176       24      231  S
     15      1   2.3853718027905937D-01 7.5D-09 0.0D+00 1.6D-09 0.0D+00       23      149       23      230  S
     15      1   2.3756722998570484D-01 7.1D-09 0.0D+00 6.0D-08 0.0D+00       23      172       23      230  S
     15      1   2.3853718445058802D-01 7.5D-09 0.0D+00 1.4D-09 0.0D+00       21      129       21      210  S
     15      1   2.3853718444633934D-01 7.5D-09 0.0D+00 8.2D-08 0.0D+00       23      172       23      230  S
     15      1   2.3853718444727334D-01 7.5D-09 0.0D+00 8.9D-08 0.0D+00       23      162       24      231  S
     15      1   2.3756722998777738D-01 7.1D-09 0.0D+00 2.7D-09 0.0D+00       22      143       22      220  S
     15      1   2.3752415436948981D-01 8.1D-09 0.0D+00 2.3D-08 0.0D+00       23      163       24      232  S
     15      1   2.3755953947924996D-01 8.1D-09 0.0D+00 6.7D-08 0.0D+00       24      182       25      242  S
     15      1   2.3754291412299741D-01 6.5D-09 0.0D+00 4.9D-01 0.0D+00       22      163       22      220  S
     15      1   2.3755952551421908D-01 8.1D-09 0.0D+00 3.5D-08 0.0D+00       23      163       23      230  S
     15      1   2.3853718141434826D-01 7.5D-09 0.0D+00 1.4D-09 0.0D+00       22      146       22      220  S
     15      1   2.3756722998409369D-01 7.1D-09 0.0D+00 5.5D-08 0.0D+00       23      150       24      232  S
     15      1   2.3756722998538340D-01 7.1D-09 0.0D+00 5.9D-08 0.0D+00       23      158       23      230  S
     15      1   2.3752415437125013D-01 8.1D-09 0.0D+00 7.3D-10 0.0D+00       22      173       22      220  S
     15      1   2.3756722998398802D-01 7.1D-09 0.0D+00 5.8D-08 0.0D+00       23      159       23      230  S
     15      1   2.3755952551815440D-01 8.1D-09 0.0D+00 3.8D-07 0.0D+00       23      188       24      232  S
     15      1   2.3853718141802732D-01 7.5D-09 0.0D+00 6.5D-08 0.0D+00       24      163       24      240  S
     15      1   2.3756722998385371D-01 7.1D-09 0.0D+00 6.2D-08 0.0D+00       24      178       24      240  S
     15      1   2.3756722998412996D-01 7.1D-09 0.0D+00 5.2D-08 0.0D+00       23      159       24      232  S
     15      1   2.3853718111325653D-01 7.5D-09 0.0D+00 2.5D-09 0.0D+00       24      180       24      240  S
     15      1   2.3853718444917016D-01 7.5D-09 0.0D+00 3.8D-10 0.0D+00       22      158       22      220  S
     15      1   2.3755952551768963D-01 8.1D-09 0.0D+00 5.6D-08 0.0D+00       24      178       24      240  S
     15      1   2.3853718027700935D-01 7.5D-09 0.0D+00 4.4D-08 0.0D+00       24      149       24      240  S
     15      1   2.3756722998541957D-01 7.1D-09 0.0D+00 5.1D-09 0.0D+00       22      206       22      220  S
     15      1   2.3755952551970441D-01 8.1D-09 0.0D+00 4.2D-05 0.0D+00       24      195       24      240  S
     15      1   2.3853718141422706D-01 7.5D-09 0.0D+00 4.2D-08 0.0D+00       23      161       24      231  S
     15      1   2.3755952551652237D-01 8.1D-09 0.0D+00 9.4D-10 0.0D+00       22      158       22      220  S
     15      1   2.3853718141593622D-01 7.5D-09 0.0D+00 1.4D-10 0.0D+00       23      159       23      230  S
     15      1   2.3853718141722544D-01 7.5D-09 0.0D+00 3.8D-10 0.0D+00       23      169       23      230  S
     15      1   2.3755953948137257D-01 8.1D-09 0.0D+00 3.5D-10 0.0D+00       23      152       23      230  S
     15      1   2.3755952551839155D-01 8.1D-09 0.0D+00 7.1D-08 0.0D+00       23      159       23      230  S
     15      1   2.3752415435824309D-01 8.1D-09 0.0D+00 7.4D-08 0.0D+00       24      139       24      240  S
     15      1   2.3853718056045572D-01 7.5D-09 0.0D+00 8.2D-08 0.0D+00       23      154       23      230  S
     15      1   2.3755952551968915D-01 8.1D-09 0.0D+00 3.3D-10 0.0D+00       22      162       22      220  S
     15      1   2.3853718141441652D-01 7.5D-09 0.0D+00 1.5D-09 0.0D+00       22      156       22      220  S
     15      1   2.3752415436511382D-01 8.1D-09 0.0D+00 1.5D-09 0.0D+00       22      148       22      220  S
     15      1   2.3756722998878521D-01 7.1D-09 0.0D+00 1.2D-07 0.0D+00       24      209       24      240  S
     15      1   2.3853718445417582D-01 7.5D-09 0.0D+00 2.4D-09 0.0D+00       22      159       22      220  S
     15      1   2.3853718445255850D-01 7.5D-09 0.0D+00 4.2D-08 0.0D+00       23      163       23      230  S
     15      1   2.3756722998627944D-01 7.1D-09 0.0D+00 5.9D-08 0.0D+00       23      185       23      230  S
     15      1   2.3853718444723659D-01 7.5D-09 0.0D+00 4.3D-08 0.0D+00       23      141       23      230  S
     15      1   2.3853718110024089D-01 7.5D-09 0.0D+00 9.0D-10 0.0D+00       22      159       22      220  S
     15      1   2.3756722998926449D-01 7.1D-09 0.0D+00 5.8D-10 0.0D+00       22      138       22      220  S
     15      1   2.3853718141409591D-01 7.5D-09 0.0D+00 9.4D-08 0.0D+00       24      179       24      240  S
     15      1   2.3853718445005426D-01 7.5D-09 0.0D+00 2.0D-09 0.0D+00       23      149       23      230  S
     15      1   2.3853718109875660D-01 7.5D-09 0.0D+00 5.4D-09 0.0D+00       22      178       22      220  S
     15      1   2.3752415436276109D-01 8.1D-09 0.0D+00 7.1D-08 0.0D+00       24      170       25      242  S
     15      1   2.3755952551546772D-01 8.1D-09 0.0D+00 3.0D-08 0.0D+00       22      166       22      220  S
     15      1   2.3756722998377736D-01 7.1D-09 0.0D+00 6.0D-08 0.0D+00       23      150       23      230  S
     15      1   2.3853718140580357D-01 7.5D-09 0.0D+00 7.5D-08 0.0D+00       23      195       24      232  S
     15      1   2.3853718141605101D-01 7.5D-09 0.0D+00 4.8D-08 0.0D+00       23      158       23      230  S
     15      1   2.3755952551536091D-01 8.1D-09 0.0D+00 3.4D-08 0.0D+00       23      152       23      230  S
     15      1   2.3853718056591053D-01 7.5D-09 0.0D+00 9.3D-08 0.0D+00       24      145       24      240  S
     15      1   2.3756722723097126D-01 7.1D-09 0.0D+00 6.2D-08 0.0D+00       23      154       23      230  S
     15      1   2.3853718445214428D-01 7.5D-09 0.0D+00 8.4D-10 0.0D+00       22      170       22      220  S
     15      1   2.3755952552179882D-01 8.1D-09 0.0D+00 2.4D-10 0.0D+00       22      152       22      220  S
     15      1   2.3853717835054697D-01 7.5D-09 0.0D+00 5.2D-08 0.0D+00       24      154       24      240  S
     15      1   2.3853718141604094D-01 7.5D-09 0.0D+00 1.0D-08 0.0D+00       23      161       23      230  S
     15      1   2.3853718445015354D-01 7.5D-09 0.0D+00 4.7D-10 0.0D+00       22      166       22      220  S
     15      1   2.3756722999182311D-01 7.1D-09 0.0D+00 5.4D-09 0.0D+00       22      180       22      220  S
     15      1   2.3756722998465046D-01 7.1D-09 0.0D+00 3.2D-08 0.0D+00       23      187       23      230  S
     15      1   2.3756722723140197D-01 7.1D-09 0.0D+00 6.5D-09 0.0D+00       23      142       23      230  S
     15      1   2.3853718444619676D-01 7.5D-09 0.0D+00 8.7D-08 0.0D+00       24      180       25      242  S
     15      1   2.3755952551658846D-01 8.1D-09 0.0D+00 1.8D-09 0.0D+00       22      173       22      220  S
     15      1   2.3853718110020766D-01 7.5D-09 0.0D+00 9.9D-10 0.0D+00       22      150       22      220  S
     15      1   2.3853718141284103D-01 7.5D-09 0.0D+00 2.1D-08 0.0D+00       23      166       23      230  S
     15      1   2.3752416866421172D-01 8.1D-09 0.0D+00 5.1D-08 0.0D+00       23      149       23      230  S
     15      1   2.3667383623890556D-01 6.6D-09 0.0D+00 3.8D-09 0.0D+00       22      144       22      220  S
     15      1   2.3755952552119111D-01 8.1D-09 0.0D+00 2.8D-09 0.0D+00       22      151       22      220  S
     15      1   2.3756722723023466D-01 7.1D-09 0.0D+00 2.5D-10 0.0D+00       22      133       22      220  S
     15      1   2.3853718027535581D-01 7.5D-09 0.0D+00 6.4D-08 0.0D+00       24      161       24      240  S
     15      1   2.3853718445427535D-01 7.5D-09 0.0D+00 5.0D-09 0.0D+00       22      175       22      220  S
     15      1   2.3853718109899885D-01 7.5D-09 0.0D+00 4.5D-09 0.0D+00       22      142       22      220  S
     15      1   2.3853717835123819D-01 7.5D-09 0.0D+00 1.4D-09 0.0D+00       22      140       22      220  S
     15      1   2.3853718027735279D-01 7.5D-09 0.0D+00 4.4D-09 0.0D+00       23      165       23      230  S
     15      1   2.3853718110374844D-01 7.5D-09 0.0D+00 4.3D-10 0.0D+00       22      153       22      220  S
     15      1   2.3853718444572894D-01 7.5D-09 0.0D+00 8.9D-08 0.0D+00       23      170       24      232  S
     15      1   2.3853718444911631D-01 7.5D-09 0.0D+00 2.1D-09 0.0D+00       22      150       22      220  S
     15      1   2.3755952551193224D-01 8.1D-09 0.0D+00 7.0D-08 0.0D+00       23      144       23      230  S
     15      1   2.3853718138019267D-01 7.5D-09 0.0D+00 8.3D-10 0.0D+00       23      149       23      230  S
     15      1   2.3853718444921321D-01 7.5D-09 0.0D+00 1.4D-09 0.0D+00       22      141       22      220  S
     15      1   2.3853718141745164D-01 7.5D-09 0.0D+00 3.4D-09 0.0D+00       22      159       22      220  S
     15      1   2.3667383623207688D-01 6.6D-09 0.0D+00 4.8D-09 0.0D+00       22      156       22      220  S
     15      1   2.3853718141520322D-01 7.5D-09 0.0D+00 4.8D-10 0.0D+00       22      162       22      220  S
     15   0.00    0.00    0.00   2.1525748325383534D-01 9.0D-09 0.0D+00 2.1D-07 0.0D+00       22      142       22      220     559     348     756     348     362   0.62     0    0    617  BR
     15      1   2.3756722998633045D-01 7.1D-09 0.0D+00 2.6D-08 0.0D+00       23      187       23      230  S
     15      1   2.3756722998571819D-01 7.1D-09 0.0D+00 1.3D-08 0.0D+00       23      170       24      232  S
     15      1   2.3853718444941008D-01 7.5D-09 0.0D+00 2.0D-09 0.0D+00       22      168       22      220  S
     15      1   2.3756722998549590D-01 7.1D-09 0.0D+00 3.1D-09 0.0D+00       22      178       22      220  S
     15      1   2.3667383624070049D-01 6.6D-09 0.0D+00 4.6D-09 0.0D+00       22      162       22      220  S
     15      1   2.3756722998596855D-01 7.1D-09 0.0D+00 1.4D-08 0.0D+00       23      178       24      231  S
     15      1   2.3756722998602550D-01 7.1D-09 0.0D+00 1.2D-09 0.0D+00       22      154       22      220  S
     15      1   2.3853718444910918D-01 7.5D-09 0.0D+00 2.3D-09 0.0D+00       22      148       22      220  S
     15      1   2.3853718110092706D-01 7.5D-09 0.0D+00 3.9D-08 0.0D+00       24      176       24      240  S
     15      1   2.3756722998560448D-01 7.1D-09 0.0D+00 3.6D-08 0.0D+00       23      192       24      232  S
     15      1   2.3853718141451760D-01 7.5D-09 0.0D+00 6.3D-09 0.0D+00       22      156       22      220  S
     15      1   2.3756722998528643D-01 7.1D-09 0.0D+00 6.2D-08 0.0D+00       23      162       23      230  S
     15      1   2.3853718027672874D-01 7.5D-09 0.0D+00 6.1D-08 0.0D+00       24      182       24      240  S
     15      1   2.3756722998393928D-01 7.1D-09 0.0D+00 5.9D-09 0.0D+00       22      192       22      220  S
     15      1   2.3756722723053039D-01 7.1D-09 0.0D+00 1.9D-11 0.0D+00       23      150       23      230  S
     15      1   2.3853718444741118D-01 7.5D-09 0.0D+00 4.5D-08 0.0D+00       23      183       24      232  S
     15      1   2.3853718110256164D-01 7.5D-09 0.0D+00 3.2D-10 0.0D+00       22      174       22      220  S
     15      1   2.3756722998577526D-01 7.1D-09 0.0D+00 6.3D-06 0.0D+00       23      206       23      230  S
     15      1   2.3755953947919570D-01 8.1D-09 0.0D+00 9.6D-10 0.0D+00       22      160       22      220  S
     15      1   2.3756723007778163D-01 7.1D-09 0.0D+00 2.0D-09 0.0D+00       22      154       22      220  S
     15      1   2.3752416175636132D-01 8.1D-09 0.0D+00 2.9D-08 0.0D+00       23      165       24      231  S
     15      1   2.3853718445061611D-01 7.5D-09 0.0D+00 2.3D-09 0.0D+00       22      165       22      220  S
     15      1   2.3752415436576807D-01 8.1D-09 0.0D+00 1.0D-09 0.0D+00       22      159       22      220  S
     15      1   2.3853718445546085D-01 7.5D-09 0.0D+00 1.5D-09 0.0D+00       22      152       22      220  S
     15      1   2.3853718141697680D-01 7.5D-09 0.0D+00 1.8D-09 0.0D+00       22      171       22      220  S
     15      1   2.3853718142145725D-01 7.5D-09 0.0D+00 2.0D-09 0.0D+00       22      147       22      220  S
     15      1   2.3756722998934787D-01 7.1D-09 0.0D+00 1.4D-09 0.0D+00       22      170       22      220  S
     15      1   2.3756722998605692D-01 7.1D-09 0.0D+00 4.4D-08 0.0D+00       24      164       25      242  S
     15      1   2.3752415436587912D-01 8.1D-09 0.0D+00 2.6D-08 0.0D+00       23      172       23      230  S
     15      1   2.3756722996061830D-01 7.1D-09 0.0D+00 4.8D-09 0.0D+00       22      185       22      220  S
     15      1   2.3853718109938510D-01 7.5D-09 0.0D+00 1.5D-10 0.0D+00       22      168       22      220  S
     15      1   2.3755952551554169D-01 8.1D-09 0.0D+00 2.3D-09 0.0D+00       22      160       22      220  S
     15      1   2.3755952551500212D-01 8.1D-09 0.0D+00 6.0D-09 0.0D+00       22      140       22      220  S
     15      1   2.3756722723075521D-01 7.1D-09 0.0D+00 2.6D-09 0.0D+00       22      154       22      220  S
     15      1   2.3755952551810447D-01 8.1D-09 0.0D+00 5.7D-08 0.0D+00       23      180       23      230  S
     15      1   2.3756722998756505D-01 7.1D-09 0.0D+00 5.4D-08 0.0D+00       23      162       23      230  S
     15      1   2.3853718141702274D-01 7.5D-09 0.0D+00 3.9D-09 0.0D+00       22      162       22      220  S
     15      1   2.3755952551644749D-01 8.1D-09 0.0D+00 3.9D-09 0.0D+00       22      178       22      220  S
     15      1   2.3853718456048625D-01 7.5D-09 0.0D+00 1.5D-09 0.0D+00       22      141       22      220  S
     15      1   2.3853718141415484D-01 7.5D-09 0.0D+00 1.5D-09 0.0D+00       22      156       22      220  S
     15      1   2.3756722998529362D-01 7.1D-09 0.0D+00 3.9D-08 0.0D+00       23      211       23      230  S
     15      1   2.3756722998433921D-01 7.1D-09 0.0D+00 1.3D-07 0.0D+00       23      182       23      230  S
     15      1   2.3853718445404751D-01 7.5D-09 0.0D+00 2.6D-09 0.0D+00       22      169       22      220  S
     15      1   2.3853718028228316D-01 7.5D-09 0.0D+00 3.8D-09 0.0D+00       23      167       23      230  S
     15      1   2.3756722998754945D-01 7.1D-09 0.0D+00 3.3D-08 0.0D+00       23      163       24      232  S
     15      1   2.3853718027695017D-01 7.5D-09 0.0D+00 6.6D-09 0.0D+00       23      140       23      230  S
     15      1   2.3755952548154280D-01 8.1D-09 0.0D+00 1.1D-09 0.0D+00       23      144       23      230  S
     15      1   2.3853718056389858D-01 7.5D-09 0.0D+00 3.2D-08 0.0D+00       24      170       24      240  S
     15      1   2.3853718141098196D-01 7.5D-09 0.0D+00 1.9D-07 0.0D+00       23      213       24      232  S
     15      1   2.3853718445022559D-01 7.5D-09 0.0D+00 2.1D-09 0.0D+00       22      136       22      220  S
     15      1   2.3755952551644957D-01 8.1D-09 0.0D+00 3.0D-08 0.0D+00       23      149       23      230  S
     15      1   2.3853718445064023D-01 7.5D-09 0.0D+00 1.3D-09 0.0D+00       22      160       22      220  S
     15      1   2.3853718141456640D-01 7.5D-09 0.0D+00 1.9D-09 0.0D+00       22      172       22      220  S
     15      1   2.3853718110248009D-01 7.5D-09 0.0D+00 1.3D-09 0.0D+00       22      157       22      220  S
     15      1   2.3752415436520138D-01 8.1D-09 0.0D+00 5.0D-08 0.0D+00       23      169       24      231  S
     15      1   2.3667383624005539D-01 6.6D-09 0.0D+00 8.6D-09 0.0D+00       23      150       23      230  S
     15      1   2.3756722998429025D-01 7.1D-09 0.0D+00 4.8D-08 0.0D+00       23      178       24      232  S
     15      1   2.3853718141661259D-01 7.5D-09 0.0D+00 9.6D-10 0.0D+00       23      187       23      230  S
     15      1   2.3756722722946189D-01 7.1D-09 0.0D+00 2.6D-08 0.0D+00       23      175       24      232  S
     15      1   2.3853718141998101D-01 7.5D-09 0.0D+00 5.7D-09 0.0D+00       22      178       22      220  S
     15      1   2.3756722723094048D-01 7.1D-09 0.0D+00 4.3D-09 0.0D+00       23      143       23      230  S
     15      1   2.3853717835121452D-01 7.5D-09 0.0D+00 6.1D-10 0.0D+00       23      160       23      230  S
     15      1   2.3853718056737255D-01 7.5D-09 0.0D+00 4.4D-08 0.0D+00       24      162       25      241  S
     15      1   2.3755953948116029D-01 8.1D-09 0.0D+00 1.2D-09 0.0D+00       21      156       21      210  S
     15      1   2.3853718110087355D-01 7.5D-09 0.0D+00 6.7D-09 0.0D+00       23      155       23      230  S
     15      1   2.3755952551643653D-01 8.1D-09 0.0D+00 2.0D-10 0.0D+00       22      165       22      220  S
     15      1   2.3853718110188712D-01 7.5D-09 0.0D+00 9.0D-08 0.0D+00       23      180       23      230  S
     15      1   2.3756722998935312D-01 7.1D-09 0.0D+00 4.3D-09 0.0D+00       22      131       22      220  S
     15      1   2.3853718056540335D-01 7.5D-09 0.0D+00 1.3D-09 0.0D+00       22      171       22      220  S
     15      1   2.3853718109923280D-01 7.5D-09 0.0D+00 1.7D-08 0.0D+00       24      167       25      241  S
     15      1   2.3853718445037830D-01 7.5D-09 0.0D+00 1.8D-09 0.0D+00       22      161       22      220  S
     15      1   2.3756722998706858D-01 7.1D-09 0.0D+00 5.7D-10 0.0D+00       22      165       22      220  S
     15      1   2.3853718445223882D-01 7.5D-09 0.0D+00 1.4D-09 0.0D+00       22      158       22      220  S
     15      1   2.3756723000759630D-01 5.0D-09 0.0D+00 2.5D-01 0.0D+00       24      261       24      240  S
     15      1   2.3756722999031393D-01 7.1D-09 0.0D+00 3.9D-09 0.0D+00       22      141       22      220  S
     15      1   2.3755952551525239D-01 8.1D-09 0.0D+00 1.4D-09 0.0D+00       22      150       22      220  S
     15      1   2.3853718109523181D-01 7.5D-09 0.0D+00 1.7D-09 0.0D+00       21      160       21      210  S
     15      1   2.3853718141584201D-01 7.5D-09 0.0D+00 4.0D-09 0.0D+00       22      162       22      220  S
     15      1   2.3853718445154998D-01 7.5D-09 0.0D+00 1.1D-09 0.0D+00       22      178       22      220  S
     15      1   2.3755952551289450D-01 8.1D-09 0.0D+00 5.5D-08 0.0D+00       23      158       23      230  S
     15      1   2.3755952552138976D-01 8.1D-09 0.0D+00 1.1D-09 0.0D+00       22      161       22      220  S
     15      1   2.3755952551422785D-01 8.1D-09 0.0D+00 4.8D-08 0.0D+00       24      198       24      240  S
     15      1   2.3853718141462615D-01 7.5D-09 0.0D+00 1.5D-09 0.0D+00       22      155       22      220  S
     15      1   2.3756722998507421D-01 7.1D-09 0.0D+00 2.1D-08 0.0D+00       23      156       23      230  S
     15      1   2.3853718027609261D-01 7.5D-09 0.0D+00 1.8D-09 0.0D+00       22      148       22      220  S
     15      1   2.3755952551562379D-01 8.1D-09 0.0D+00 6.1D-10 0.0D+00       22      172       22      220  S
     15      1   2.3853718141387870D-01 7.5D-09 0.0D+00 1.3D-09 0.0D+00       22      150       22      220  S
     15      1   2.3853718610276542D-01 7.5D-09 0.0D+00 8.2D-10 0.0D+00       23      173       23      230  S
     15      1   2.3853718141469743D-01 7.5D-09 0.0D+00 4.4D-09 0.0D+00       23      181       23      230  S
     15      1   2.3853718141771460D-01 7.5D-09 0.0D+00 2.0D-08 0.0D+00       23      182       23      230  S
     15      1   2.3752416866471793D-01 8.1D-09 0.0D+00 1.8D-09 0.0D+00       23      167       23      230  S
     15      1   2.3752415436787275D-01 8.1D-09 0.0D+00 7.0D-08 0.0D+00       23      155       23      230  S
     15      1   2.3755952551614751D-01 8.1D-09 0.0D+00 1.8D-09 0.0D+00       22      149       22      220  S
     15      1   2.3667383623977231D-01 6.6D-09 0.0D+00 5.5D-09 0.0D+00       23      140       23      230  S
     15      1   2.3853718444563654D-01 7.5D-09 0.0D+00 9.2D-08 0.0D+00       23      158       24      231  S
     15      1   2.3853718444806710D-01 7.5D-09 0.0D+00 2.0D-08 0.0D+00       23      153       23      230  S
     15      1   2.3853718609384228D-01 7.5D-09 0.0D+00 8.1D-08 0.0D+00       23      160       23      230  S
     15      1   2.3852335412665066D-01 4.2D-09 0.0D+00 5.0D-01 0.0D+00       23      216       23      230  S
     15      1   2.3853718445491917D-01 7.5D-09 0.0D+00 2.9D-09 0.0D+00       22      160       22      220  S
     15      1   2.3756722998585778D-01 7.1D-09 0.0D+00 3.1D-09 0.0D+00       22      171       22      220  S
     15      1   2.3755952551443127D-01 8.1D-09 0.0D+00 1.4D-08 0.0D+00       23      174       24      232  S
     15      1   2.3756722723374954D-01 7.1D-09 0.0D+00 2.9D-09 0.0D+00       23      149       23      230  S
     15      1   2.3853718445077474D-01 7.5D-09 0.0D+00 8.4D-10 0.0D+00       22      158       22      220  S
     15      1   2.3756722998640406D-01 7.1D-09 0.0D+00 4.8D-09 0.0D+00       22      185       22      220  S
     15      1   2.3853718141519159D-01 7.5D-09 0.0D+00 1.2D-09 0.0D+00       23      158       23      230  S
     15      1   2.3853718141666203D-01 7.5D-09 0.0D+00 8.8D-08 0.0D+00       23      149       23      230  S
     15      1   2.3755952551401743D-01 8.1D-09 0.0D+00 6.9D-08 0.0D+00       23      147       23      230  S
     15      1   2.3756722998713778D-01 7.1D-09 0.0D+00 1.8D-09 0.0D+00       22      149       22      220  S
     15      1   2.3755952551605350D-01 8.1D-09 0.0D+00 4.5D-09 0.0D+00       22      162       22      220  S
     15      1   2.3755953948169772D-01 8.1D-09 0.0D+00 1.2D-09 0.0D+00       23      163       23      230  S
     15      1   2.3755952551636705D-01 8.1D-09 0.0D+00 6.9D-08 0.0D+00       23      180       23      230  S
     15      1   2.3756722998568799D-01 7.1D-09 0.0D+00 2.1D-09 0.0D+00       22      136       22      220  S
     15      1   2.3755948163266943D-01 8.1D-09 0.0D+00 5.3D-08 0.0D+00       23      181       23      230  S
     15      1   2.3853718442117985D-01 7.5D-09 0.0D+00 2.6D-09 0.0D+00       23      159       23      230  S
     15      1   2.3756722998533025D-01 7.1D-09 0.0D+00 5.2D-08 0.0D+00       23      189       23      230  S
     15      1   2.3756722998576943D-01 7.1D-09 0.0D+00 5.1D-10 0.0D+00       22      156       22      220  S
     15      1   2.3853718444915750D-01 7.5D-09 0.0D+00 7.8D-10 0.0D+00       22      164       22      220  S
     15      1   2.3755952551538873D-01 8.1D-09 0.0D+00 6.0D-09 0.0D+00       22      151       22      220  S
     15      1   2.3755952551696882D-01 8.1D-09 0.0D+00 7.1D-10 0.0D+00       22      173       22      220  S
     15      1   2.3756722722960621D-01 7.1D-09 0.0D+00 2.8D-08 0.0D+00       23      163       23      230  S
     15      1   2.3667383624258326D-01 6.6D-09 0.0D+00 5.3D-09 0.0D+00       21      142       21      210  S
     15      1   2.3853718027623114D-01 7.5D-09 0.0D+00 8.5D-08 0.0D+00       23      154       24      231  S
     15      1   2.3755952551409981D-01 8.1D-09 0.0D+00 3.2D-08 0.0D+00       23      164       23      230  S
     15      1   2.3755919249282301D-01 8.2D-09 0.0D+00 2.0D-08 0.0D+00       24      204       24      240  S
     15      1   2.3853718141624547D-01 7.5D-09 0.0D+00 6.9D-09 0.0D+00       21      159       21      210  S
     15      1   2.3853718141446048D-01 7.5D-09 0.0D+00 1.7D-09 0.0D+00       22      138       22      220  S
     15      1   2.3853718110036554D-01 7.5D-09 0.0D+00 1.7D-09 0.0D+00       22      147       22      220  S
     15      1   2.3755952551514375D-01 8.1D-09 0.0D+00 3.0D-09 0.0D+00       22      146       22      220  S
     15      1   2.3853718141523159D-01 7.5D-09 0.0D+00 1.8D-09 0.0D+00       23      164       23      230  S
     15      1   2.3853718141324851D-01 7.5D-09 0.0D+00 4.3D-08 0.0D+00       23      163       24      231  S
     15      1   2.3853718445491046D-01 7.5D-09 0.0D+00 1.6D-09 0.0D+00       21      148       21      210  S
     15      1   2.3756722723083962D-01 7.1D-09 0.0D+00 1.2D-09 0.0D+00       23      172       23      230  S
     15      1   2.3853718109856040D-01 7.5D-09 0.0D+00 3.8D-08 0.0D+00       23      159       23      230  S
     15      1   2.3756722998598084D-01 7.1D-09 0.0D+00 5.0D-09 0.0D+00       22      121       22      220  S
     15      1   2.3756722998547186D-01 7.1D-09 0.0D+00 7.4D-09 0.0D+00       22      158       22      220  S
     15      1   2.3752415436596169D-01 8.1D-09 0.0D+00 5.9D-08 0.0D+00       24      166       24      240  S
     15      1   2.3667383623875934D-01 6.6D-09 0.0D+00 2.0D-09 0.0D+00       22      164       22      220  S
     15      1   2.3853718444867855D-01 7.5D-09 0.0D+00 8.0D-08 0.0D+00       23      181       23      230  S
     15      1   2.3853718056595924D-01 7.5D-09 0.0D+00 2.1D-09 0.0D+00       23      165       23      230  S
     15      1   2.3853718027217150D-01 7.5D-09 0.0D+00 8.7D-08 0.0D+00       23      141       23      230  S
     15      1   2.3756722998604782D-01 7.1D-09 0.0D+00 9.2D-10 0.0D+00       22      156       22      220  S
     15      1   2.3756722998559809D-01 7.1D-09 0.0D+00 6.9D-09 0.0D+00       22      137       22      220  S
     15      1   2.3853718141513275D-01 7.5D-09 0.0D+00 5.4D-09 0.0D+00       22      163       22      220  S
     15      1   2.3853718141912023D-01 7.5D-09 0.0D+00 1.8D-10 0.0D+00       22      151       22      220  S
     15      1   2.3853718141400332D-01 7.5D-09 0.0D+00 1.1D-09 0.0D+00       22      186       22      220  S
     15      1   2.3667383623278734D-01 6.6D-09 0.0D+00 9.2D-11 0.0D+00       22      167       22      220  S
     15      1   2.3752415437194724D-01 8.1D-09 0.0D+00 1.4D-09 0.0D+00       22      150       22      220  S
     15      1   2.3756722998568441D-01 7.1D-09 0.0D+00 4.4D-09 0.0D+00       22      151       22      220  S
     15      1   2.3755952551943427D-01 8.1D-09 0.0D+00 2.5D-09 0.0D+00       22      149       22      220  S
     15      1   2.3853718141442201D-01 7.5D-09 0.0D+00 4.4D-09 0.0D+00       22      166       22      220  S
     15      1   2.3756722998589314D-01 7.1D-09 0.0D+00 8.3D-11 0.0D+00       22      154       22      220  S
     15      1   2.3853718463799306D-01 7.5D-09 0.0D+00 1.9D-09 0.0D+00       22      162       22      220  S
     15      1   2.3853718056382003D-01 7.5D-09 0.0D+00 6.1D-10 0.0D+00       22      157       22      220  S
     15      1   2.3853718141487640D-01 7.5D-09 0.0D+00 1.0D-09 0.0D+00       22      166       22      220  S
     15      1   2.3853718444947508D-01 7.5D-09 0.0D+00 2.5D-10 0.0D+00       22      176       22      220  S
     15      1   2.3853718445316796D-01 7.5D-09 0.0D+00 4.4D-09 0.0D+00       22      148       22      220  S
     15      1   2.3755952552056800D-01 8.1D-09 0.0D+00 2.5D-08 0.0D+00       23      176       24      232  S
     15      1   2.3853718444983615D-01 7.5D-09 0.0D+00 6.6D-10 0.0D+00       22      178       22      220  S
     15      1   2.3853718056172818D-01 7.5D-09 0.0D+00 9.0D-08 0.0D+00       24      158       24      240  S
     15      1   2.3667384450506493D-01 6.6D-09 0.0D+00 3.5D-11 0.0D+00       23      165       23      230  S
     15      1   2.3756722723325202D-01 7.1D-09 0.0D+00 2.5D-08 0.0D+00       24      145       24      240  S
     15      1   2.3752415436482371D-01 8.1D-09 0.0D+00 8.0D-10 0.0D+00       22      180       22      220  S
     15      1   2.3853718445080854D-01 7.5D-09 0.0D+00 8.2D-10 0.0D+00       22      145       22      220  S
     15      1   2.3853718445187427D-01 7.5D-09 0.0D+00 9.1D-11 0.0D+00       23      171       23      230  S
     15      1   2.3752415436468188D-01 8.1D-09 0.0D+00 1.5D-09 0.0D+00       22      136       22      220  S
     15      1   2.3853718110014349D-01 7.5D-09 0.0D+00 1.3D-10 0.0D+00       21      142       21      210  S
     15      1   2.3853718445046432D-01 7.5D-09 0.0D+00 1.4D-09 0.0D+00       22      163       22      220  S
     15      1   2.3755953947113759D-01 8.1D-09 0.0D+00 2.3D-10 0.0D+00       22      167       22      220  S
     15      1   2.3755952552037263D-01 8.1D-09 0.0D+00 1.5D-09 0.0D+00       22      167       22      220  S
     15      1   2.3853718110051000D-01 7.5D-09 0.0D+00 4.8D-09 0.0D+00       23      159       23      230  S
     15      1   2.3755952551544640D-01 8.1D-09 0.0D+00 1.3D-09 0.0D+00       22      155       22      220  S
     15      1   2.3853718110041514D-01 7.5D-09 0.0D+00 3.2D-10 0.0D+00       23      165       23      230  S
     15      1   2.3853718444780048D-01 7.5D-09 0.0D+00 3.3D-08 0.0D+00       23      173       24      232  S
     15      1   2.3853718444921751D-01 7.5D-09 0.0D+00 5.0D-09 0.0D+00       22      118       22      220  S
     15      1   2.3853718028176754D-01 7.5D-09 0.0D+00 6.8D-10 0.0D+00       23      148       23      230  S
     15      1   2.3853718444922262D-01 7.5D-09 0.0D+00 3.2D-10 0.0D+00       22      144       22      220  S
     15      1   2.3667383623970650D-01 6.6D-09 0.0D+00 1.8D-10 0.0D+00       22      167       22      220  S
     15      1   2.3853718110097136D-01 7.5D-09 0.0D+00 4.4D-09 0.0D+00       23      153       23      230  S
     15      1   2.3853718027788501D-01 7.5D-09 0.0D+00 4.3D-08 0.0D+00       24      167       24      240  S
     15      1   2.3853718056509884D-01 7.5D-09 0.0D+00 9.0D-08 0.0D+00       24      166       24      240  S
     15      1   2.3755952551706166D-01 8.1D-09 0.0D+00 3.5D-09 0.0D+00       22      166       22      220  S
     15      1   2.3853718141441474D-01 7.5D-09 0.0D+00 1.6D-10 0.0D+00       22      158       22      220  S
     15      1   2.3756722998766849D-01 7.1D-09 0.0D+00 1.1D-08 0.0D+00       23      209       23      230  S
     15      1   2.3755952551542117D-01 8.1D-09 0.0D+00 6.5D-08 0.0D+00       23      177       23      230  S
     15      1   2.3853718444722724D-01 7.5D-09 0.0D+00 8.5D-08 0.0D+00       24      162       25      241  S
     15      1   2.3853718445012631D-01 7.5D-09 0.0D+00 1.7D-09 0.0D+00       22      156       22      220  S
     15      1   2.3752415437019825D-01 8.1D-09 0.0D+00 5.3D-08 0.0D+00       23      168       24      231  S
     15      1   2.3667383624117322D-01 6.6D-09 0.0D+00 6.6D-08 0.0D+00       23      190       23      230  S
     15      1   2.3756722999028718D-01 7.1D-09 0.0D+00 1.5D-11 0.0D+00       22      168       22      220  S
     15      1   2.3853717834788574D-01 7.5D-09 0.0D+00 8.5D-08 0.0D+00       24      156       24      240  S
     15      1   2.3756722998961571D-01 7.1D-09 0.0D+00 9.1D-11 0.0D+00       22      168       22      220  S
     15      1   2.3755952552126758D-01 8.1D-09 0.0D+00 2.0D-10 0.0D+00       22      170       22      220  S
     15      1   2.3755952551288825D-01 8.1D-09 0.0D+00 5.3D-08 0.0D+00       23      160       24      232  S
     15      1   2.3755952551698098D-01 8.1D-09 0.0D+00 6.8D-08 0.0D+00       23      148       23      230  S
     15      1   2.3853717835075869D-01 7.5D-09 0.0D+00 8.5D-10 0.0D+00       21      132       21      210  S
     15      1   2.3853718111417033D-01 7.5D-09 0.0D+00 1.8D-09 0.0D+00       23      187       23      230  S
     15      1   2.3752416866192519D-01 8.1D-09 0.0D+00 6.7D-08 0.0D+00       24      166       24      240  S
     15      1   2.3853718027788187D-01 7.5D-09 0.0D+00 4.6D-08 0.0D+00       23      157       23      230  S
     15      1   2.3756722998124413D-01 7.1D-09 0.0D+00 6.6D-08 0.0D+00       23      169       23      230  S
     15      1   2.3853718109947245D-01 7.5D-09 0.0D+00 1.3D-09 0.0D+00       22      159       22      220  S
     15      1   2.3853718141410984D-01 7.5D-09 0.0D+00 4.9D-10 0.0D+00       22      143       22      220  S
     15      1   2.3738595589365361D-01 1.9D-07 0.0D+00 1.4D-01 0.0D+00       24      145       25      250  S
     15      1   2.3853718027629459D-01 7.5D-09 0.0D+00 5.4D-09 0.0D+00       23      171       23      230  S
     15      1   2.3853718027240092D-01 7.5D-09 0.0D+00 8.7D-08 0.0D+00       23      160       23      230  S
     15      1   2.3755952551579942D-01 8.1D-09 0.0D+00 4.2D-10 0.0D+00       22      150       22      220  S
     15      1   2.3853718444732727D-01 7.5D-09 0.0D+00 4.5D-08 0.0D+00       23      159       23      230  S
     15      1   2.3752415436698565D-01 8.1D-09 0.0D+00 6.7D-08 0.0D+00       23      167       24      231  S
     15      1   2.3755952551380097D-01 8.1D-09 0.0D+00 5.4D-08 0.0D+00       23      152       23      230  S
     15      1   2.3853718444903665D-01 7.5D-09 0.0D+00 8.2D-10 0.0D+00       22      147       22      220  S
     15      1   2.3853718444800218D-01 7.5D-09 0.0D+00 4.6D-08 0.0D+00       23      171       24      231  S
     15      1   2.3853718027284757D-01 7.5D-09 0.0D+00 8.0D-08 0.0D+00       24      164       25      241  S
     15      1   2.3853718445077199D-01 7.5D-09 0.0D+00 3.0D-09 0.0D+00       22      151       22      220  S
     15      1   2.3853718444941527D-01 7.5D-09 0.0D+00 7.2D-09 0.0D+00       22      126       22      220  S
     15      1   2.3853718109687846D-01 7.5D-09 0.0D+00 8.3D-08 0.0D+00       23      146       24      232  S
     15      1   2.3756722998592522D-01 7.1D-09 0.0D+00 4.5D-09 0.0D+00       22      170       22      220  S
     15      1   2.3752415436501120D-01 8.1D-09 0.0D+00 2.8D-08 0.0D+00       24      165       24      240  S
     15      1   2.3756723989751161D-01 4.6D-09 0.0D+00 7.8D-02 0.0D+00       24      214       24      240  S
     15      1   2.3667383623860955D-01 6.6D-09 0.0D+00 1.4D-09 0.0D+00       22      167       22      220  S
     15      1   2.3752415415359465D-01 8.1D-09 0.0D+00 2.9D-09 0.0D+00       22      147       22      220  S
     15      1   2.3853718056201034D-01 7.5D-09 0.0D+00 4.4D-08 0.0D+00       23      166       24      232  S
     15      1   2.3756722998487931D-01 7.1D-09 0.0D+00 5.3D-08 0.0D+00       23      163       23      230  S
     15      1   2.3752415436671331D-01 8.1D-09 0.0D+00 1.0D-09 0.0D+00       21      134       21      210  S
     15      1   2.3755953948277575D-01 8.1D-09 0.0D+00 2.8D-09 0.0D+00       22      148       22      220  S
     15      1   2.3853718141455024D-01 7.5D-09 0.0D+00 2.5D-10 0.0D+00       22      155       22      220  S
     15      1   2.3755952551679435D-01 8.1D-09 0.0D+00 2.8D-09 0.0D+00       21      147       21      210  S
     15      1   2.3853718141401470D-01 7.5D-09 0.0D+00 2.7D-09 0.0D+00       22      139       22      220  S
     15      1   2.3853718444981545D-01 7.5D-09 0.0D+00 1.6D-09 0.0D+00       22      144       22      220  S
     15      1   2.3853718141731320D-01 7.5D-09 0.0D+00 4.5D-08 0.0D+00       23      163       23      230  S
     15      1   2.3853717835174659D-01 7.5D-09 0.0D+00 3.5D-09 0.0D+00       23      183       23      230  S
     15      1   2.3853718141593055D-01 7.5D-09 0.0D+00 8.6D-08 0.0D+00       23      184       23      230  S
     15      1   2.3853718141796090D-01 7.5D-09 0.0D+00 1.9D-09 0.0D+00       22      181       22      220  S
     15      1   2.3853718110874794D-01 7.5D-09 0.0D+00 2.0D-08 0.0D+00       23      175       23      230  S
     15      1   2.3756722998826169D-01 7.1D-09 0.0D+00 5.8D-08 0.0D+00       23      194       23      230  S
     15      1   2.3752415436288205D-01 8.1D-09 0.0D+00 6.9D-08 0.0D+00       23      154       23      230  S
     15      1   2.3755952552098816D-01 8.1D-09 0.0D+00 3.5D-09 0.0D+00       22      168       22      220  S
     15      1   2.3756722998434121D-01 7.1D-09 0.0D+00 4.5D-08 0.0D+00       23      156       23      230  S
     15      1   2.3755952551712051D-01 8.1D-09 0.0D+00 3.6D-10 0.0D+00       22      169       22      220  S
     15      1   2.3756722998359658D-01 7.1D-09 0.0D+00 2.1D-08 0.0D+00       23      165       23      230  S
     15      1   2.3853718445303762D-01 7.5D-09 0.0D+00 2.6D-09 0.0D+00       22      154       22      220  S
     15      1   2.3853718445457564D-01 7.5D-09 0.0D+00 6.6D-09 0.0D+00       23      161       23      230  S
     15      1   2.3853718444901315D-01 7.5D-09 0.0D+00 3.5D-09 0.0D+00       22      140       22      220  S
     15      1   2.3853718110166072D-01 7.5D-09 0.0D+00 2.9D-09 0.0D+00       23      168       23      230  S
     15      1   2.3755952551440282D-01 8.1D-09 0.0D+00 3.7D-08 0.0D+00       23      193       24      232  S
     15      1   2.3702490662987355D-01 6.3D-07 0.0D+00 9.5D-03 0.0D+00       25      134       26      260  S
     15      1   2.3756722998867244D-01 7.1D-09 0.0D+00 1.8D-09 0.0D+00       22      188       22      220  S
     15      1   2.3853718445094108D-01 7.5D-09 0.0D+00 2.2D-09 0.0D+00       23      154       23      230  S
     15      1   2.3755952551504139D-01 8.1D-09 0.0D+00 1.6D-09 0.0D+00       22      142       22      220  S
     15      1   2.3752415436298685D-01 8.1D-09 0.0D+00 6.9D-08 0.0D+00       24      170       24      240  S
     15      1   2.3853718109514124D-01 7.5D-09 0.0D+00 9.1D-08 0.0D+00       23      159       23      230  S
     15      1   2.3853718109947683D-01 7.5D-09 0.0D+00 7.9D-08 0.0D+00       24      182       24      240  S
     15      1   2.3755952551523807D-01 8.1D-09 0.0D+00 9.4D-10 0.0D+00       22      154       22      220  S
     15      1   2.3756722998507171D-01 7.1D-09 0.0D+00 2.9D-08 0.0D+00       23      142       23      230  S
     15      1   2.3853718444979649D-01 7.5D-09 0.0D+00 8.2D-09 0.0D+00       22      143       22      220  S
     15      1   2.3756722998414340D-01 7.1D-09 0.0D+00 5.1D-08 0.0D+00       23      174       23      230  S
     15      1   2.3755953947516262D-01 8.1D-09 0.0D+00 6.4D-08 0.0D+00       24      199       24      240  S
     15      1   2.3853718481434757D-01 7.5D-09 0.0D+00 2.1D-09 0.0D+00       23      164       23      230  S
     15      1   2.3756722998443652D-01 7.1D-09 0.0D+00 4.5D-08 0.0D+00       23      150       24      232  S
     15      1   2.3756722998407181D-01 7.1D-09 0.0D+00 5.6D-08 0.0D+00       23      174       23      230  S
     15      1   2.3853717835142715D-01 7.5D-09 0.0D+00 1.8D-09 0.0D+00       22      153       22      220  S
     15      1   2.3756722998452409D-01 7.1D-09 0.0D+00 5.7D-08 0.0D+00       23      171       23      230  S
     15      1   2.3853718444948330D-01 7.5D-09 0.0D+00 6.9D-10 0.0D+00       22      141       22      220  S
     15      1   2.3756722998746749D-01 7.1D-09 0.0D+00 8.3D-09 0.0D+00       22      177       22      220  S
     15      1   2.3853718445055525D-01 7.5D-09 0.0D+00 1.9D-08 0.0D+00       23      153       23      230  S
     15      1   2.3853718141828356D-01 7.5D-09 0.0D+00 4.5D-08 0.0D+00       23      169       23      230  S
     15      1   2.3755952551768558D-01 8.1D-09 0.0D+00 6.3D-10 0.0D+00       22      198       22      220  S
     15      1   2.3755952551528572D-01 8.1D-09 0.0D+00 1.7D-09 0.0D+00       22      139       22      220  S
     15      1   2.3755953947917743D-01 8.1D-09 0.0D+00 6.2D-08 0.0D+00       22      161       22      220  S
     15      1   2.3752415436743235D-01 8.1D-09 0.0D+00 9.5D-10 0.0D+00       22      136       22      220  S
     15      1   2.3853718141418470D-01 7.5D-09 0.0D+00 2.4D-09 0.0D+00       22      141       22      220  S
     15      1   2.3756722998732990D-01 7.1D-09 0.0D+00 4.2D-10 0.0D+00       22      139       22      220  S
     15      1   2.3853718444911792D-01 7.5D-09 0.0D+00 2.7D-09 0.0D+00       22      148       22      220  S
     15      1   2.3752415437046617D-01 8.1D-09 0.0D+00 8.3D-09 0.0D+00       21      132       21      210  S
     15      1   2.3853718445106362D-01 7.5D-09 0.0D+00 1.3D-09 0.0D+00       21      135       21      210  S
     15      1   2.3755953947766023D-01 8.1D-09 0.0D+00 6.5D-10 0.0D+00       23      167       23      230  S
     15      1   2.3853718110137745D-01 7.5D-09 0.0D+00 8.8D-08 0.0D+00       23      169       23      230  S
     15      1   2.3853718141086697D-01 7.5D-09 0.0D+00 9.0D-08 0.0D+00       23      162       24      231  S
     15      1   2.3853718141429231D-01 7.5D-09 0.0D+00 4.4D-10 0.0D+00       22      150       22      220  S
     15      1   2.3755953814590725D-01 8.1D-09 0.0D+00 6.6D-08 0.0D+00       22      155       22      220  S
     15      1   2.3755952551766041D-01 8.1D-09 0.0D+00 7.1D-08 0.0D+00       23      185       23      230  S
     15      1   2.3755952551269921D-01 8.1D-09 0.0D+00 7.1D-08 0.0D+00       24      149       24      240  S
     15      1   2.3752415436305976D-01 8.1D-09 0.0D+00 5.6D-08 0.0D+00       24      169       24      240  S
     15      1   2.3755952551460754D-01 8.1D-09 0.0D+00 3.7D-08 0.0D+00       23      199       23      230  S
     15      1   2.3853717835357546D-01 7.5D-09 0.0D+00 1.0D-08 0.0D+00       23      192       23      230  S
     15      1   2.3853718141916239D-01 7.5D-09 0.0D+00 1.6D-10 0.0D+00       22      138       22      220  S
     15      1   2.3853718444552618D-01 7.5D-09 0.0D+00 8.9D-08 0.0D+00       23      159       23      230  S
     15      1   2.3752415436525415D-01 8.1D-09 0.0D+00 1.5D-09 0.0D+00       22      134       22      220  S
     15      1   2.3853718141524208D-01 7.5D-09 0.0D+00 4.4D-09 0.0D+00       22      168       22      220  S
     15      1   2.3853718027662812D-01 7.5D-09 0.0D+00 6.2D-09 0.0D+00       23      162       23      230  S
     15      1   2.3756722998585064D-01 7.1D-09 0.0D+00 5.1D-10 0.0D+00       22      159       22      220  S
     15      1   2.3756722998554927D-01 7.1D-09 0.0D+00 6.1D-10 0.0D+00       22      171       22      220  S
     15      1   2.3667383623639271D-01 6.6D-09 0.0D+00 3.3D-08 0.0D+00       23      165       23      230  S
     15      1   2.3853718141462935D-01 7.5D-09 0.0D+00 1.7D-09 0.0D+00       22      142       22      220  S
     15      1   2.3755952552189738D-01 8.1D-09 0.0D+00 1.5D-08 0.0D+00       23      179       24      231  S
     15      1   2.3755952551531231D-01 8.1D-09 0.0D+00 2.3D-09 0.0D+00       22      156       22      220  S
     15      1   2.3853718108228111D-01 7.5D-09 0.0D+00 4.1D-08 0.0D+00       22      160       22      220  S
     15      1   2.3755952551540768D-01 8.1D-09 0.0D+00 6.9D-10 0.0D+00       22      157       22      220  S
     15      1   2.3853718444776187D-01 7.5D-09 0.0D+00 4.8D-08 0.0D+00       23      165       23      230  S
     15      1   2.2355345280116831D-01 7.5D-09 0.0D+00 7.4D-09 0.0D+00       22      169       22      220  S
     15      1   2.3756722998433066D-01 7.1D-09 0.0D+00 6.1D-08 0.0D+00       23      155       23      230  S
     15      1   2.3755953947699734D-01 8.1D-09 0.0D+00 7.0D-08 0.0D+00       23      168       24      231  S
     15      1   2.3853718141645464D-01 7.5D-09 0.0D+00 1.8D-08 0.0D+00       23      160       24      232  S
     15      1   2.3853718027567850D-01 7.5D-09 0.0D+00 2.0D-09 0.0D+00       22      138       22      220  S
     15      1   2.3755952551540682D-01 8.1D-09 0.0D+00 2.1D-09 0.0D+00       22      151       22      220  S
     15      1   2.3853718141600166D-01 7.5D-09 0.0D+00 4.1D-09 0.0D+00       22      163       22      220  S
     15      1   2.3756722998954130D-01 7.1D-09 0.0D+00 8.0D-10 0.0D+00       23      180       23      230  S
     15      1   2.3853718444953251D-01 7.5D-09 0.0D+00 4.0D-09 0.0D+00       22      163       22      220  S
     15      1   2.3853718444961530D-01 7.5D-09 0.0D+00 7.5D-09 0.0D+00       22      140       22      220  S
     15      1   2.3853718141451152D-01 7.5D-09 0.0D+00 1.3D-09 0.0D+00       22      161       22      220  S
     15      1   2.3756722998751878D-01 7.1D-09 0.0D+00 3.3D-09 0.0D+00       22      140       22      220  S
     15      1   2.3756722998371846D-01 7.1D-09 0.0D+00 6.4D-08 0.0D+00       23      175       23      230  S
     15      1   2.3752416866627879D-01 8.1D-09 0.0D+00 7.4D-09 0.0D+00       22      175       22      220  S
     15      1   2.3755952551967516D-01 8.1D-09 0.0D+00 2.5D-08 0.0D+00       23      169       23      230  S
     15      1   2.3756722723247478D-01 7.1D-09 0.0D+00 2.4D-09 0.0D+00       22      170       22      220  S
     15      1   2.3667383623815799D-01 6.6D-09 0.0D+00 1.8D-09 0.0D+00       22      164       22      220  S
     15      1   2.3755952551236093D-01 8.1D-09 0.0D+00 6.5D-08 0.0D+00       23      173       24      232  S
     15      1   2.3853718610196215D-01 7.5D-09 0.0D+00 4.2D-08 0.0D+00       23      161       23      230  S
     15      1   2.3755952551990397D-01 8.1D-09 0.0D+00 1.4D-09 0.0D+00       22      155       22      220  S
     15      1   2.3755952551233617D-01 8.1D-09 0.0D+00 6.5D-08 0.0D+00       23      156       23      230  S
     15      1   2.3853718141059596D-01 7.5D-09 0.0D+00 8.6D-08 0.0D+00       23      157       23      230  S
     15      1   2.3853717835033228D-01 7.5D-09 0.0D+00 8.5D-10 0.0D+00       22      143       22      220  S
     15      1   2.3756722998485452D-01 7.1D-09 0.0D+00 2.9D-08 0.0D+00       23      159       24      232  S
     15      1   2.3755953947828909D-01 8.1D-09 0.0D+00 4.3D-08 0.0D+00       22      171       22      220  S
     15      1   2.3853718141064464D-01 7.5D-09 0.0D+00 8.7D-08 0.0D+00       23      211       24      231  S
     15      1   2.3853718056236206D-01 7.5D-09 0.0D+00 2.9D-08 0.0D+00       23      149       23      230  S
     15      1   2.3752416582688002D-01 8.1D-09 0.0D+00 1.5D-09 0.0D+00       20      128       20      200  S
     15      1   2.3853718141277924D-01 7.5D-09 0.0D+00 7.9D-08 0.0D+00       23      180       23      230  S
     15      1   2.3756722998582611D-01 7.1D-09 0.0D+00 4.5D-09 0.0D+00       22      148       22      220  S
     15      1   2.3853718141448144D-01 7.5D-09 0.0D+00 1.5D-08 0.0D+00       22      180       23      221  S
     15      1   2.3756722998727275D-01 7.1D-09 0.0D+00 2.9D-08 0.0D+00       23      148       24      232  S
     15      1   2.3755952551679432D-01 8.1D-09 0.0D+00 9.0D-10 0.0D+00       22      139       22      220  S
     15      1   2.3853718138324642D-01 7.5D-09 0.0D+00 2.2D-10 0.0D+00       23      221       23      230  S
     15      1   2.3752415436641067D-01 8.1D-09 0.0D+00 6.3D-11 0.0D+00       21      129       21      210  S
     15      1   2.3756722998693036D-01 7.1D-09 0.0D+00 4.3D-09 0.0D+00       22      148       22      220  S
     15      1   2.3755952551574702D-01 8.1D-09 0.0D+00 8.9D-09 0.0D+00       23      179       23      230  S
     15      1   2.3667383623356927D-01 6.6D-09 0.0D+00 3.8D-09 0.0D+00       22      161       22      220  S
     15      1   2.2676374272576535D-01 8.0D-09 0.0D+00 7.9D-09 0.0D+00       21      163       21      210  S
     15      1   2.3853718141232014D-01 7.5D-09 0.0D+00 2.7D-10 0.0D+00       22      173       22      220  S
     15      1   2.3853718141414965D-01 7.5D-09 0.0D+00 9.0D-10 0.0D+00       22      147       22      220  S
     15      1   2.3755952551377374D-01 8.1D-09 0.0D+00 6.0D-08 0.0D+00       23      156       24      231  S
     15      1   2.3755952551672468D-01 8.1D-09 0.0D+00 1.0D-09 0.0D+00       22      188       22      220  S
     15      1   2.3853718141428440D-01 7.5D-09 0.0D+00 2.1D-08 0.0D+00       23      199       24      232  S
     15      1   2.3853718442072167D-01 7.5D-09 0.0D+00 3.2D-09 0.0D+00       23      179       23      230  S
     15      1   2.3752415436390514D-01 8.1D-09 0.0D+00 2.5D-09 0.0D+00       21      162       21      210  S
     15      1   2.3853718141448060D-01 7.5D-09 0.0D+00 4.2D-10 0.0D+00       22      152       22      220  S
     15      1   2.3853718444601529D-01 7.5D-09 0.0D+00 6.9D-08 0.0D+00       23      153       23      230  S
     15      1   2.3853718056485340D-01 7.5D-09 0.0D+00 1.8D-09 0.0D+00       22      152       22      220  S
     15      1   2.3853718444803140D-01 7.5D-09 0.0D+00 6.1D-08 0.0D+00       23      187       23      230  S
     15      1   2.3752415436593488D-01 8.1D-09 0.0D+00 6.3D-08 0.0D+00       23      150       23      230  S
     15      1   2.3755952551711346D-01 8.1D-09 0.0D+00 1.5D-09 0.0D+00       23      146       23      230  S
     15      1   2.3853718141696659D-01 7.5D-09 0.0D+00 2.7D-10 0.0D+00       22      159       22      220  S
     15      1   2.3853718444881816D-01 7.5D-09 0.0D+00 6.8D-08 0.0D+00       23      150       23      230  S
     15      1   2.3755952551683698D-01 8.1D-09 0.0D+00 4.0D-09 0.0D+00       22      154       22      220  S
     15      1   2.3853718444969699D-01 7.5D-09 0.0D+00 6.8D-08 0.0D+00       23      184       24      231  S
     15      1   2.3853718056403656D-01 7.5D-09 0.0D+00 3.7D-09 0.0D+00       23      135       23      230  S
     15      1   2.3853718444947983D-01 7.5D-09 0.0D+00 2.9D-09 0.0D+00       22      151       22      220  S
     15      1   2.3853718445010172D-01 7.5D-09 0.0D+00 2.4D-09 0.0D+00       22      170       22      220  S
     15      1   2.3755952551465645D-01 8.1D-09 0.0D+00 2.5D-08 0.0D+00       23      174       23      230  S
     15      1   2.3756722998624882D-01 7.1D-09 0.0D+00 1.5D-09 0.0D+00       22      139       22      220  S
     15      1   2.3755952551605031D-01 8.1D-09 0.0D+00 4.9D-10 0.0D+00       22      138       22      220  S
     15      1   2.3756722998558322D-01 7.1D-09 0.0D+00 9.8D-10 0.0D+00       22      171       22      220  S
     15      1   2.3853718445452501D-01 7.5D-09 0.0D+00 9.4D-09 0.0D+00       22      206       22      220  S
     15      1   2.3853718593068821D-01 7.5D-09 0.0D+00 2.3D-09 0.0D+00       22      158       22      220  S
     15      1   2.3755953948181022D-01 8.1D-09 0.0D+00 6.7D-08 0.0D+00       23      194       24      232  S
     15      1   2.3853718141607921D-01 7.5D-09 0.0D+00 2.0D-09 0.0D+00       23      164       23      230  S
     15      1   2.3853718056705847D-01 7.5D-09 0.0D+00 1.2D-09 0.0D+00       23      154       23      230  S
     15      1   2.3853718110093347D-01 7.5D-09 0.0D+00 4.8D-09 0.0D+00       23      175       23      230  S
     15      1   2.3853718444737909D-01 7.5D-09 0.0D+00 4.1D-08 0.0D+00       23      211       23      230  S
     15      1   2.3853717835159582D-01 7.5D-09 0.0D+00 4.0D-08 0.0D+00       24      158       24      240  S
     15      1   2.3756722998672500D-01 7.1D-09 0.0D+00 1.6D-08 0.0D+00       24      180       24      240  S
     15      1   2.3853718141808264D-01 7.5D-09 0.0D+00 4.4D-10 0.0D+00       22      170       22      220  S
     15      1   2.3755953947623307D-01 8.1D-09 0.0D+00 7.0D-08 0.0D+00       24      166       24      240  S
     15      1   2.3853718141871783D-01 7.5D-09 0.0D+00 8.5D-11 0.0D+00       22      176       22      220  S
     15      1   2.3853718141967073D-01 7.5D-09 0.0D+00 4.6D-09 0.0D+00       22      148       22      220  S
     15      1   2.3756722723011928D-01 7.1D-09 0.0D+00 3.5D-09 0.0D+00       22      131       22      220  S
     15      1   2.3853718027602569D-01 7.5D-09 0.0D+00 8.4D-10 0.0D+00       21      142       21      210  S
     15      1   2.3853718609234226D-01 7.5D-09 0.0D+00 9.4D-08 0.0D+00       24      147       24      240  S
     15      1   2.3853718056813250D-01 7.5D-09 0.0D+00 4.3D-08 0.0D+00       24      162       24      240  S
     15      1   2.3853718141495855D-01 7.5D-09 0.0D+00 1.1D-09 0.0D+00       22      176       22      220  S
     15      1   2.3853718027538662D-01 7.5D-09 0.0D+00 8.9D-08 0.0D+00       24      171       25      242  S
     15      1   2.3853718444925986D-01 7.5D-09 0.0D+00 3.0D-09 0.0D+00       22      156       22      220  S
     15      1   2.3853718444776892D-01 7.5D-09 0.0D+00 4.4D-08 0.0D+00       23      181       24      231  S
     15      1   2.3755952551927684D-01 8.1D-09 0.0D+00 7.0D-08 0.0D+00       23      173       23      230  S
     15      1   2.3853718141433661D-01 7.5D-09 0.0D+00 3.0D-09 0.0D+00       22      136       22      220  S
