      9   0.00    0.00    0.00   2.6444113225030902D-01 6.3D-09 0.0D+00 1.7D-07 0.0D+00       24      148       24      240     559     361     764     361     388   0.59     2    0      1  BR
      9      1   2.9553427800476917D-01 6.5D-09 0.0D+00 1.0D-09 0.0D+00       22      124       22      220  S
      9      1   2.6444113225217170D-01 6.3D-09 0.0D+00 3.4D-09 0.0D+00       22      124       22      220  S
      9      1   2.6444113225225602D-01 6.3D-09 0.0D+00 1.9D-09 0.0D+00       22      128       22      220  S
      9      1   2.6444113225031074D-01 6.3D-09 0.0D+00 1.7D-07 0.0D+00       24      150       24      240  S
      9      1   2.6444113225030247D-01 6.3D-09 0.0D+00 1.6D-07 0.0D+00       22      143       22      220  S
      9      1   2.9553427800555393D-01 6.5D-09 0.0D+00 2.8D-09 0.0D+00       21      130       21      210  S
      9      1   2.6444113225053811D-01 6.3D-09 0.0D+00 1.7D-07 0.0D+00       24      150       24      240  S
      9      1   2.6444113224876298D-01 6.3D-09 0.0D+00 3.3D-07 0.0D+00       23      147       23      230  S
      9      1   2.6444113225251842D-01 6.3D-09 0.0D+00 8.2D-09 0.0D+00       22      137       22      220  S
      9      1   2.6444113225179638D-01 6.3D-09 0.0D+00 4.9D-09 0.0D+00       20      122       20      200  S
      9      1   2.6444113225156107D-01 6.3D-09 0.0D+00 5.9D-09 0.0D+00       21      130       21      210  S
      9      1   2.6444113225068622D-01 6.3D-09 0.0D+00 1.4D-07 0.0D+00       22      154       22      220  S
      9      1   2.6444113225292382D-01 6.3D-09 0.0D+00 9.8D-10 0.0D+00       22      145       22      220  S
      9      1   2.6444113225127824D-01 6.3D-09 0.0D+00 7.5D-08 0.0D+00       23      141       23      230  S
      9      1   2.6444113225177213D-01 6.3D-09 0.0D+00 1.4D-09 0.0D+00       20      122       20      200  S
      9      1   2.6444113224900956D-01 6.3D-09 0.0D+00 3.2D-07 0.0D+00       24      151       24      240  S
      9      1   2.6444113225090676D-01 6.3D-09 0.0D+00 1.2D-07 0.0D+00       24      146       24      240  S
      9      1   2.6444113225033117D-01 6.3D-09 0.0D+00 1.4D-07 0.0D+00       23      141       23      230  S
      9      1   2.6444113225218463D-01 6.3D-09 0.0D+00 9.8D-09 0.0D+00       22      132       22      220  S
      9      1   2.6444113225217397D-01 6.3D-09 0.0D+00 2.3D-09 0.0D+00       22      133       22      220  S
      9      1   2.6444113225279470D-01 6.3D-09 0.0D+00 3.5D-09 0.0D+00       22      129       22      220  S
      9      1   2.6444113224973814D-01 6.3D-09 0.0D+00 2.4D-07 0.0D+00       23      147       23      230  S
      9      1   2.6444113225038313D-01 6.3D-09 0.0D+00 1.7D-07 0.0D+00       22      150       22      220  S
      9      1   2.6444113224800025D-01 6.3D-09 0.0D+00 3.3D-07 0.0D+00       22      133       22      220  S
      9      1   2.6444113225237431D-01 6.3D-09 0.0D+00 1.5D-09 0.0D+00       22      127       22      220  S
      9      1   2.6444113225191296D-01 6.3D-09 0.0D+00 5.5D-09 0.0D+00       20      118       20      200  S
      9      1   2.6444113225258764D-01 6.3D-09 0.0D+00 1.6D-09 0.0D+00       22      142       22      220  S
      9      1   2.6444113225081378D-01 6.3D-09 0.0D+00 1.7D-07 0.0D+00       24      146       24      240  S
      9      1   2.6444113224867200D-01 6.3D-09 0.0D+00 3.4D-07 0.0D+00       22      140       22      220  S
      9      1   2.6444113225184784D-01 6.3D-09 0.0D+00 6.0D-09 0.0D+00       20      122       20      200  S
      9      1   2.6444113225249960D-01 6.3D-09 0.0D+00 2.2D-08 0.0D+00       23      155       23      230  S
      9      1   2.6444113225210819D-01 6.3D-09 0.0D+00 1.7D-09 0.0D+00       20      127       20      200  S
      9      1   2.6444113224884480D-01 6.3D-09 0.0D+00 3.2D-07 0.0D+00       23      149       23      230  S
      9      1   2.6444113225180799D-01 6.3D-09 0.0D+00 9.9D-09 0.0D+00       21      134       21      210  S
      9      1   2.6444113225121690D-01 6.3D-09 0.0D+00 1.5D-07 0.0D+00       24      168       24      240  S
      9      1   2.6444113225245514D-01 6.3D-09 0.0D+00 9.1D-09 0.0D+00       20      121       20      200  S
      9      1   2.6444113225211446D-01 6.3D-09 0.0D+00 1.9D-09 0.0D+00       20      122       20      200  S
      9      1   2.6444113224887011D-01 6.3D-09 0.0D+00 3.4D-07 0.0D+00       22      140       22      220  S
      9      1   2.6444113225287330D-01 6.3D-09 0.0D+00 2.8D-09 0.0D+00       22      150       22      220  S
      9      1   2.6444113225277721D-01 6.3D-09 0.0D+00 8.5D-09 0.0D+00       22      130       22      220  S
      9      1   2.6444113225241483D-01 6.3D-09 0.0D+00 1.8D-09 0.0D+00       22      139       22      220  S
      9      1   2.6444113225229537D-01 6.3D-09 0.0D+00 6.0D-09 0.0D+00       22      129       22      220  S
      9      1   2.6444113225192212D-01 6.3D-09 0.0D+00 3.8D-09 0.0D+00       20      121       20      200  S
      9      1   2.6444113224973081D-01 6.3D-09 0.0D+00 2.5D-07 0.0D+00       24      166       24      240  S
      9      1   2.6444113225217747D-01 6.3D-09 0.0D+00 4.8D-09 0.0D+00       22      138       22      220  S
      9      1   2.6444113225204369D-01 6.3D-09 0.0D+00 7.9D-10 0.0D+00       22      131       22      220  S
      9      1   2.6444113225226545D-01 6.3D-09 0.0D+00 2.4D-09 0.0D+00       22      125       22      220  S
      9      1   2.6444113225214855D-01 6.3D-09 0.0D+00 3.9D-09 0.0D+00       22      120       22      220  S
      9      1   2.6444113224905808D-01 6.3D-09 0.0D+00 2.9D-07 0.0D+00       22      151       22      220  S
      9      1   2.6444113225234184D-01 6.3D-09 0.0D+00 1.9D-08 0.0D+00       24      156       24      240  S
      9      1   2.6444113224913535D-01 6.3D-09 0.0D+00 3.3D-07 0.0D+00       23      146       23      230  S
      9      1   2.6444113225292987D-01 6.3D-09 0.0D+00 5.2D-09 0.0D+00       22      146       22      220  S
      9      1   2.6444113224902638D-01 6.3D-09 0.0D+00 3.1D-07 0.0D+00       23      155       23      230  S
      9      1   2.6444113225111326D-01 6.3D-09 0.0D+00 1.0D-07 0.0D+00       24      150       24      240  S
      9      1   2.6444113225248778D-01 6.3D-09 0.0D+00 9.9D-09 0.0D+00       20      123       20      200  S
      9      1   2.6444113225197308D-01 6.3D-09 0.0D+00 5.5D-08 0.0D+00       24      172       24      240  S
      9      1   2.6444113225187793D-01 6.3D-09 0.0D+00 1.0D-08 0.0D+00       20      118       20      200  S
      9      1   2.6444113225229859D-01 6.3D-09 0.0D+00 2.2D-09 0.0D+00       22      134       22      220  S
      9      1   2.6444113225230331D-01 6.3D-09 0.0D+00 5.1D-09 0.0D+00       22      130       22      220  S
      9      1   2.6444113225176469D-01 6.3D-09 0.0D+00 3.7D-08 0.0D+00       24      154       24      240  S
      9      1   2.6444113224855809D-01 6.3D-09 0.0D+00 3.3D-07 0.0D+00       21      139       21      210  S
      9      1   2.6444113224925841D-01 6.3D-09 0.0D+00 3.4D-07 0.0D+00       23      140       23      230  S
      9      1   2.6444113225237498D-01 6.3D-09 0.0D+00 1.1D-09 0.0D+00       22      141       22      220  S
      9      1   2.6444113225273008D-01 6.3D-09 0.0D+00 6.6D-09 0.0D+00       22      139       22      220  S
      9      1   2.6444113225050253D-01 6.3D-09 0.0D+00 1.2D-07 0.0D+00       21      149       21      210  S
      9      1   2.6444113225241772D-01 6.3D-09 0.0D+00 1.9D-09 0.0D+00       22      133       22      220  S
      9      1   2.6444113225237448D-01 6.3D-09 0.0D+00 1.7D-09 0.0D+00       20      119       20      200  S
      9      1   2.6444113225152160D-01 6.3D-09 0.0D+00 8.5D-09 0.0D+00       21      127       21      210  S
      9      1   2.6444113225285409D-01 6.3D-09 0.0D+00 1.3D-08 0.0D+00       23      137       23      230  S
      9      1   2.6444113225248544D-01 6.3D-09 0.0D+00 9.8D-09 0.0D+00       22      134       22      220  S
      9      1   2.6444113225288463D-01 6.3D-09 0.0D+00 1.7D-08 0.0D+00       24      156       24      240  S
      9      1   2.6444113225277760D-01 6.3D-09 0.0D+00 5.7D-09 0.0D+00       22      137       22      220  S
      9      1   2.6444113225191440D-01 6.3D-09 0.0D+00 5.5D-09 0.0D+00       20      122       20      200  S
      9      1   2.6444113225227656D-01 6.3D-09 0.0D+00 1.8D-08 0.0D+00       24      159       24      240  S
      9      1   2.6444113225159854D-01 6.3D-09 0.0D+00 4.9D-08 0.0D+00       23      143       23      230  S
      9      1   2.6444113225209637D-01 6.3D-09 0.0D+00 2.0D-09 0.0D+00       22      123       22      220  S
      9      1   2.6444113225244281D-01 6.3D-09 0.0D+00 7.3D-10 0.0D+00       22      157       22      220  S
      9      1   2.6444113225218524D-01 6.3D-09 0.0D+00 2.0D-09 0.0D+00       22      124       22      220  S
      9      1   2.6444113225079247D-01 6.3D-09 0.0D+00 1.2D-07 0.0D+00       24      144       24      240  S
      9      1   2.9553427793615433D-01 6.5D-09 0.0D+00 1.5D-09 0.0D+00       21      126       21      210  S
      9      1   2.6444113225283300D-01 6.3D-09 0.0D+00 3.5D-09 0.0D+00       22      135       22      220  S
      9      1   2.6444113225171978D-01 6.3D-09 0.0D+00 1.3D-09 0.0D+00       20      130       20      200  S
      9      1   2.6444113225198884D-01 6.3D-09 0.0D+00 4.3D-09 0.0D+00       20      117       20      200  S
      9      1   2.6444113225050975D-01 6.3D-09 0.0D+00 1.6D-07 0.0D+00       23      148       23      230  S
      9      1   2.6444113225098881D-01 6.3D-09 0.0D+00 8.6D-08 0.0D+00       22      148       22      220  S
      9      1   2.6444113225280091D-01 6.3D-09 0.0D+00 8.0D-09 0.0D+00       22      140       22      220  S
      9      1   2.6444113224920679D-01 6.3D-09 0.0D+00 3.4D-07 0.0D+00       24      164       24      240  S
      9      1   2.6444113225163834D-01 6.3D-09 0.0D+00 7.4D-08 0.0D+00       23      146       23      230  S
      9      1   2.6444113225219301D-01 6.3D-09 0.0D+00 3.2D-09 0.0D+00       22      146       22      220  S
      9      1   2.6444113225225407D-01 6.3D-09 0.0D+00 4.3D-09 0.0D+00       22      136       22      220  S
      9      1   2.6444113225219912D-01 6.3D-09 0.0D+00 9.0D-09 0.0D+00       22      125       22      220  S
      9      1   2.6444113225232824D-01 6.3D-09 0.0D+00 2.1D-09 0.0D+00       22      128       22      220  S
      9      1   2.6444113225220506D-01 6.3D-09 0.0D+00 9.5D-09 0.0D+00       22      123       22      220  S
      9      1   4.1811807934736323D-01 8.0D-09 0.0D+00 6.5D-08 0.0D+00       22      161       23      222  S
      9      1   2.6444113225041882D-01 6.3D-09 0.0D+00 1.2D-07 0.0D+00       21      137       21      210  S
      9      1   2.6444113225213695D-01 6.3D-09 0.0D+00 1.2D-09 0.0D+00       22      128       22      220  S
      9      1   2.6444113225242949D-01 6.3D-09 0.0D+00 3.5D-09 0.0D+00       22      141       22      220  S
      9      1   2.6444113225293597D-01 6.3D-09 0.0D+00 6.2D-09 0.0D+00       22      138       22      220  S
      9      1   2.6444113225224969D-01 6.3D-09 0.0D+00 7.2D-09 0.0D+00       22      137       22      220  S
