      7      1   3.9130773151609788D-01 1.0D-08 0.0D+00 7.6D-08 0.0D+00       23      146       23      230  S
      7      1   4.1811807935379836D-01 8.0D-09 0.0D+00 2.3D-09 0.0D+00       21      126       21      210  S
      7      1   4.1808808586059859D-01 8.0D-09 0.0D+00 3.2D-10 0.0D+00       21      144       21      210  S
      7      1   4.5061498089316804D-01 7.2D-09 0.0D+00 1.5D-10 0.0D+00       21      145       21      210  S
      7      1   4.1811807935449141D-01 8.0D-09 0.0D+00 7.3D-10 0.0D+00       21      136       21      210  S
      7      1   3.9028844368855609D-01 6.3D-09 0.0D+00 5.4D-10 0.0D+00       21      147       21      210  S
      7      1   3.9028843753804021D-01 6.3D-09 0.0D+00 6.2D-08 0.0D+00       22      146       22      220  S
      7      1   3.9028843754037501D-01 6.3D-09 0.0D+00 6.9D-09 0.0D+00       22      158       22      220  S
      7      1   3.9028844369043175D-01 6.3D-09 0.0D+00 5.6D-08 0.0D+00       22      143       22      220  S
      7      1   4.1808808585941787D-01 8.0D-09 0.0D+00 8.4D-09 0.0D+00       21      151       21      210  S
      7      1   3.9028844368843257D-01 6.3D-09 0.0D+00 2.3D-11 0.0D+00       21      148       21      210  S
      7      1   4.1811807935031747D-01 8.0D-09 0.0D+00 5.0D-10 0.0D+00       23      150       23      230  S
      7      1   3.9028843754171794D-01 6.3D-09 0.0D+00 3.1D-08 0.0D+00       23      156       23      230  S
      7      1   3.9130773150842169D-01 1.0D-08 0.0D+00 7.6D-08 0.0D+00       23      175       23      230  S
      7      1   4.1703834755505659D-01 8.0D-09 0.0D+00 6.8D-11 0.0D+00       23      140       23      230  S
      7      1   3.9028844368718196D-01 6.3D-09 0.0D+00 4.1D-08 0.0D+00       22      132       23      221  S
      7      1   3.9002436930055884D-01 6.3D-09 0.0D+00 7.0D-09 0.0D+00       22      164       22      220  S
      7      1   4.1917008507002590D-01 8.0D-09 0.0D+00 3.2D-09 0.0D+00       21      146       21      210  S
      7      1   4.1703834755304259D-01 8.0D-09 0.0D+00 7.1D-08 0.0D+00       22      137       22      220  S
      7      1   4.1808808586425183D-01 8.0D-09 0.0D+00 1.1D-09 0.0D+00       21      141       21      210  S
      7      1   4.1811807934895184D-01 8.0D-09 0.0D+00 6.8D-08 0.0D+00       22      152       22      220  S
      7      1   3.9028844368687821D-01 6.3D-09 0.0D+00 5.8D-08 0.0D+00       22      142       22      220  S
      7      1   3.9028844368632309D-01 6.3D-09 0.0D+00 6.7D-08 0.0D+00       24      183       24      240  S
      7      1   4.1703834755442321D-01 8.0D-09 0.0D+00 1.3D-09 0.0D+00       21      154       21      210  S
      7      1   4.1811807934891165D-01 8.0D-09 0.0D+00 2.2D-09 0.0D+00       21      128       21      210  S
      7      1   3.9002436929678991D-01 6.3D-09 0.0D+00 6.0D-08 0.0D+00       23      157       23      230  S
      7      1   4.1808808586438029D-01 8.0D-09 0.0D+00 2.9D-09 0.0D+00       21      145       21      210  S
      7      1   3.9028843754019577D-01 6.3D-09 0.0D+00 4.6D-09 0.0D+00       22      156       22      220  S
      7      1   3.9028843753838832D-01 6.3D-09 0.0D+00 7.2D-08 0.0D+00       23      170       24      231  S
      7      1   3.9130773151773940D-01 1.0D-08 0.0D+00 7.6D-08 0.0D+00       23      156       24      231  S
      7      1   3.9028844368883137D-01 6.3D-09 0.0D+00 6.3D-09 0.0D+00       21      158       21      210  S
      7      1   4.1811807935206019D-01 8.0D-09 0.0D+00 5.9D-08 0.0D+00       22      150       22      220  S
      7      1   3.9028843754043907D-01 6.3D-09 0.0D+00 7.9D-09 0.0D+00       22      147       22      220  S
      7      1   3.9028844368855453D-01 6.3D-09 0.0D+00 5.1D-09 0.0D+00       21      143       21      210  S
      7      1   3.9028844368942844D-01 6.3D-09 0.0D+00 2.6D-10 0.0D+00       22      157       22      220  S
      7      1   4.1917008507383746D-01 8.0D-09 0.0D+00 3.1D-08 0.0D+00       24      166       24      240  S
      7      1   4.1703834755421026D-01 8.0D-09 0.0D+00 1.4D-09 0.0D+00       21      131       21      210  S
      7      1   4.1917008506928366D-01 8.0D-09 0.0D+00 2.6D-09 0.0D+00       21      130       21      210  S
      7      1   3.9130773150830689D-01 1.0D-08 0.0D+00 7.6D-08 0.0D+00       23      156       23      230  S
      7      1   3.9130773151685161D-01 1.0D-08 0.0D+00 7.6D-08 0.0D+00       22      158       22      220  S
      7      1   4.1808808585849999D-01 8.0D-09 0.0D+00 3.3D-08 0.0D+00       22      148       23      222  S
      7      1   3.9002436929820622D-01 6.3D-09 0.0D+00 1.4D-09 0.0D+00       21      137       21      210  S
      7      1   4.1811807935539413D-01 8.0D-09 0.0D+00 6.4D-09 0.0D+00       23      158       23      230  S
      7      1   3.9028844368873239D-01 6.3D-09 0.0D+00 7.1D-10 0.0D+00       21      138       21      210  S
      7      1   3.9028844368829646D-01 6.3D-09 0.0D+00 3.9D-09 0.0D+00       21      144       21      210  S
      7      1   3.9028844369098342D-01 6.3D-09 0.0D+00 3.7D-09 0.0D+00       21      153       21      210  S
      7      1   3.9130773151182902D-01 1.0D-08 0.0D+00 7.6D-08 0.0D+00       23      143       24      231  S
      7      1   4.1917008506674702D-01 8.0D-09 0.0D+00 6.3D-08 0.0D+00       22      139       22      220  S
      7      1   3.9028844369169535D-01 6.3D-09 0.0D+00 4.8D-11 0.0D+00       22      160       22      220  S
      7      1   3.9130773150981962D-01 1.0D-08 0.0D+00 7.6D-08 0.0D+00       22      130       22      220  S
      7      1   3.9028843754034770D-01 6.3D-09 0.0D+00 2.7D-09 0.0D+00       21      159       21      210  S
      7      1   4.1703834755421298D-01 8.0D-09 0.0D+00 9.7D-10 0.0D+00       21      142       21      210  S
      7      1   4.1811807935438866D-01 8.0D-09 0.0D+00 3.3D-08 0.0D+00       24      166       24      240  S
      7      1   4.1811807934976636D-01 8.0D-09 0.0D+00 5.0D-10 0.0D+00       21      163       21      210  S
      7      1   4.5109727968055091D-01 7.2D-09 0.0D+00 1.1D-09 0.0D+00       22      158       22      220  S
      7      1   3.9028843754090986D-01 6.3D-09 0.0D+00 2.8D-09 0.0D+00       21      155       21      210  S
      7      1   3.9028843753876152D-01 6.3D-09 0.0D+00 6.0D-08 0.0D+00       23      171       23      230  S
      7      1   3.9130773150954007D-01 1.0D-08 0.0D+00 7.6D-08 0.0D+00       21      122       21      210  S
      7      1   3.9130773150834408D-01 1.0D-08 0.0D+00 7.6D-08 0.0D+00       24      170       25      241  S
      7      1   4.1917008507175602D-01 8.0D-09 0.0D+00 1.4D-09 0.0D+00       23      161       23      230  S
      7      1   4.1808808585868623D-01 8.0D-09 0.0D+00 2.9D-09 0.0D+00       21      128       21      210  S
      7      1   3.9002436929680162D-01 6.3D-09 0.0D+00 5.3D-09 0.0D+00       21      133       21      210  S
      7      1   4.4984455239558624D-01 7.2D-09 0.0D+00 2.9D-10 0.0D+00       21      132       21      210  S
      7      1   3.9002436929783396D-01 6.3D-09 0.0D+00 4.6D-08 0.0D+00       24      175       25      241  S
      7      1   4.1808808586534246D-01 8.0D-09 0.0D+00 2.3D-08 0.0D+00       22      153       22      220  S
      7      1   4.1917008507355824D-01 8.0D-09 0.0D+00 1.6D-09 0.0D+00       21      148       21      210  S
      7      1   3.9028843754228104D-01 6.3D-09 0.0D+00 4.5D-09 0.0D+00       21      137       21      210  S
      7      1   3.9028844368972121D-01 6.3D-09 0.0D+00 2.1D-09 0.0D+00       23      151       23      230  S
      7      1   4.1917008507074016D-01 8.0D-09 0.0D+00 7.1D-10 0.0D+00       22      146       22      220  S
      7      1   3.9028844368868926D-01 6.3D-09 0.0D+00 4.4D-09 0.0D+00       22      139       22      220  S
      7      1   4.1811807944942508D-01 8.0D-09 0.0D+00 1.0D-08 0.0D+00       22      152       23      221  S
      7      1   4.1703834755349672D-01 8.0D-09 0.0D+00 6.1D-08 0.0D+00       22      176       22      220  S
      7      1   4.1811807935203021D-01 8.0D-09 0.0D+00 4.0D-09 0.0D+00       23      147       23      230  S
      7      1   3.9028843754310416D-01 6.3D-09 0.0D+00 4.1D-10 0.0D+00       21      140       21      210  S
      7      1   4.1703834755395802D-01 8.0D-09 0.0D+00 5.2D-10 0.0D+00       21      120       21      210  S
      7      1   3.9002436929659839D-01 6.3D-09 0.0D+00 6.7D-09 0.0D+00       23      161       23      230  S
      7      1   3.9028844368841653D-01 6.3D-09 0.0D+00 1.3D-08 0.0D+00       22      136       22      220  S
      7      1   4.1811807935429385D-01 8.0D-09 0.0D+00 1.3D-09 0.0D+00       21      125       21      210  S
      7      1   4.1811807934997181D-01 8.0D-09 0.0D+00 6.1D-10 0.0D+00       21      136       21      210  S
      7      1   4.1811807935110817D-01 8.0D-09 0.0D+00 5.3D-09 0.0D+00       23      140       23      230  S
      7      1   4.1808808586004775D-01 8.0D-09 0.0D+00 3.0D-10 0.0D+00       21      137       21      210  S
      7      1   4.1703834755114316D-01 8.0D-09 0.0D+00 5.3D-08 0.0D+00       22      130       23      221  S
      7      1   4.1808808586056390D-01 8.0D-09 0.0D+00 5.1D-08 0.0D+00       22      146       22      220  S
      7      1   3.9028843754197418D-01 6.3D-09 0.0D+00 2.8D-08 0.0D+00       22      131       22      220  S
      7      1   4.1811807935009743D-01 8.0D-09 0.0D+00 4.8D-10 0.0D+00       23      139       23      230  S
      7      1   3.9028844368789256D-01 6.3D-09 0.0D+00 3.0D-08 0.0D+00       23      156       24      232  S
      7      1   4.1808808585832474D-01 8.0D-09 0.0D+00 4.9D-09 0.0D+00       21      139       21      210  S
      7      1   4.5109727967820074D-01 7.2D-09 0.0D+00 7.1D-08 0.0D+00       22      161       23      222  S
      7      1   3.9028844369183568D-01 6.3D-09 0.0D+00 1.1D-09 0.0D+00       22      141       22      220  S
      7      1   4.1808808585989549D-01 8.0D-09 0.0D+00 9.2D-10 0.0D+00       21      132       21      210  S
      7      1   3.9130773150826920D-01 1.0D-08 0.0D+00 7.6D-08 0.0D+00       23      149       23      230  S
      7      1   3.9028844368862964D-01 6.3D-09 0.0D+00 6.8D-09 0.0D+00       21      132       21      210  S
      7      1   3.9028843753984022D-01 6.3D-09 0.0D+00 3.7D-08 0.0D+00       23      183       23      230  S
      7      1   3.9002436929903073D-01 6.3D-09 0.0D+00 2.9D-08 0.0D+00       22      139       22      220  S
      7      1   3.9002436929723489D-01 6.3D-09 0.0D+00 1.5D-08 0.0D+00       23      163       23      230  S
      7      1   3.9028844368923182D-01 6.3D-09 0.0D+00 6.6D-08 0.0D+00       22      147       22      220  S
      7      1   4.1917008506671116D-01 8.0D-09 0.0D+00 6.7D-08 0.0D+00       22      158       23      221  S
      7      1   4.1703834755145525D-01 8.0D-09 0.0D+00 4.7D-08 0.0D+00       22      170       23      221  S
      7      1   3.9130773150852638D-01 1.0D-08 0.0D+00 7.6D-08 0.0D+00       23      176       23      230  S
      7      1   4.1703834755385821D-01 8.0D-09 0.0D+00 2.4D-09 0.0D+00       21      157       21      210  S
      7      1   3.9028843753987452D-01 6.3D-09 0.0D+00 1.7D-09 0.0D+00       21      128       21      210  S
      7      1   3.9130773151828796D-01 1.0D-08 0.0D+00 7.6D-08 0.0D+00       22      141       22      220  S
      7      1   4.1917008507454101D-01 8.0D-09 0.0D+00 1.7D-09 0.0D+00       21      147       21      210  S
      7      1   4.1811807934921918D-01 8.0D-09 0.0D+00 4.3D-09 0.0D+00       21      129       21      210  S
      7      1   3.9130773150970882D-01 1.0D-08 0.0D+00 7.6D-08 0.0D+00       21      134       21      210  S
      7      1   3.9002436929690326D-01 6.3D-09 0.0D+00 1.1D-09 0.0D+00       21      145       21      210  S
      7      1   3.9002436929827389D-01 6.3D-09 0.0D+00 5.6D-08 0.0D+00       23      162       24      231  S
      7      1   3.9002436929732504D-01 6.3D-09 0.0D+00 6.7D-08 0.0D+00       22      147       22      220  S
      7      1   4.1811807935358763D-01 8.0D-09 0.0D+00 1.1D-09 0.0D+00       23      165       23      230  S
      7      1   4.1808808585803620D-01 8.0D-09 0.0D+00 2.6D-09 0.0D+00       21      117       21      210  S
      7      1   4.1703834755555497D-01 8.0D-09 0.0D+00 7.3D-10 0.0D+00       23      156       23      230  S
      7      1   4.1917008507009978D-01 8.0D-09 0.0D+00 7.4D-09 0.0D+00       21      144       21      210  S
      7      1   3.9028844368907017D-01 6.3D-09 0.0D+00 4.6D-09 0.0D+00       22      129       22      220  S
      7      1   4.1808808585975515D-01 8.0D-09 0.0D+00 1.7D-09 0.0D+00       21      120       21      210  S
      7      1   4.1703834755410030D-01 8.0D-09 0.0D+00 5.8D-08 0.0D+00       24      168       24      240  S
      7      1   3.9028843753862275D-01 6.3D-09 0.0D+00 4.3D-08 0.0D+00       22      153       22      220  S
      7      1   3.9130773150993087D-01 1.0D-08 0.0D+00 7.6D-08 0.0D+00       21      121       21      210  S
      7      1   4.1811807934808237D-01 8.0D-09 0.0D+00 5.1D-08 0.0D+00       24      167       24      240  S
      7      1   4.1917008506804793D-01 8.0D-09 0.0D+00 3.4D-08 0.0D+00       22      152       22      220  S
      7      1   3.9028843754086295D-01 6.3D-09 0.0D+00 4.6D-09 0.0D+00       21      146       21      210  S
      7      1   3.9028843754327142D-01 6.3D-09 0.0D+00 3.6D-09 0.0D+00       22      160       22      220  S
      7      1   3.9002436929512896D-01 6.3D-09 0.0D+00 5.9D-08 0.0D+00       22      151       22      220  S
      7      1   3.9130773151035331D-01 1.0D-08 0.0D+00 7.6D-08 0.0D+00       21      150       21      210  S
      7      1   4.1811807935043943D-01 8.0D-09 0.0D+00 2.9D-09 0.0D+00       21      139       21      210  S
      7      1   3.9002436929696827D-01 6.3D-09 0.0D+00 5.3D-09 0.0D+00       21      129       21      210  S
      7      1   3.9028844368920440D-01 6.3D-09 0.0D+00 1.1D-09 0.0D+00       22      165       22      220  S
      7      1   3.9002436929565082D-01 6.3D-09 0.0D+00 5.4D-08 0.0D+00       22      154       22      220  S
      7      1   3.9028844368850951D-01 6.3D-09 0.0D+00 3.0D-09 0.0D+00       21      146       21      210  S
      7      1   3.9002436929860124D-01 6.3D-09 0.0D+00 6.5D-09 0.0D+00       22      147       22      220  S
      7      1   3.9028844369032251D-01 6.3D-09 0.0D+00 2.5D-09 0.0D+00       22      157       22      220  S
      7      1   4.1703834755146413D-01 8.0D-09 0.0D+00 6.7D-08 0.0D+00       22      165       22      220  S
      7      1   3.9028844368918136D-01 6.3D-09 0.0D+00 1.1D-08 0.0D+00       22      156       23      221  S
      7      1   4.5109725557404062D-01 7.2D-09 0.0D+00 5.3D-08 0.0D+00       22      132       22      220  S
      7      1   4.1917008507047726D-01 8.0D-09 0.0D+00 3.3D-08 0.0D+00       22      154       22      220  S
      7      1   3.9130773150975423D-01 1.0D-08 0.0D+00 7.6D-08 0.0D+00       24      180       25      242  S
      7      1   4.1811807935405942D-01 8.0D-09 0.0D+00 2.6D-08 0.0D+00       23      153       23      230  S
      7      1   3.9028844369192223D-01 6.3D-09 0.0D+00 2.4D-09 0.0D+00       21      148       21      210  S
      7      1   3.9028844368804450D-01 6.3D-09 0.0D+00 6.4D-08 0.0D+00       23      162       24      232  S
      7      1   4.1917008506976255D-01 8.0D-09 0.0D+00 1.4D-09 0.0D+00       21      156       21      210  S
      7      1   3.9002436929667245D-01 6.3D-09 0.0D+00 2.8D-09 0.0D+00       23      162       23      230  S
      7      1   4.1917008507179937D-01 8.0D-09 0.0D+00 1.0D-09 0.0D+00       21      172       21      210  S
      7      1   3.9002436929519918D-01 6.3D-09 0.0D+00 3.0D-08 0.0D+00       24      179       25      241  S
      7      1   4.1811807934944600D-01 8.0D-09 0.0D+00 3.4D-08 0.0D+00       24      180       24      240  S
      7      1   4.1811807934817091D-01 8.0D-09 0.0D+00 3.3D-08 0.0D+00       22      142       22      220  S
      7      1   3.9028844368685756D-01 6.3D-09 0.0D+00 6.7D-08 0.0D+00       22      136       22      220  S
      7      1   4.1811807935005024D-01 8.0D-09 0.0D+00 3.8D-09 0.0D+00       21      144       21      210  S
      7      1   4.1811807935560502D-01 8.0D-09 0.0D+00 3.4D-09 0.0D+00       21      135       21      210  S
      7      1   4.1811807935402490D-01 8.0D-09 0.0D+00 1.1D-09 0.0D+00       23      159       23      230  S
      7      1   4.1811807935013257D-01 8.0D-09 0.0D+00 2.6D-09 0.0D+00       23      161       23      230  S
      7      1   4.1703834755124031D-01 8.0D-09 0.0D+00 5.3D-08 0.0D+00       22      140       22      220  S
      7      1   3.9130773151040071D-01 1.0D-08 0.0D+00 7.6D-08 0.0D+00       23      144       23      230  S
      7      1   3.9130773151016496D-01 1.0D-08 0.0D+00 7.6D-08 0.0D+00       24      152       25      242  S
      7      1   3.9130773150993287D-01 1.0D-08 0.0D+00 7.6D-08 0.0D+00       22      155       23      222  S
      7      1   3.9002436929501594D-01 6.3D-09 0.0D+00 2.9D-08 0.0D+00       24      172       24      240  S
      7      1   3.9002436929707623D-01 6.3D-09 0.0D+00 4.1D-09 0.0D+00       21      146       21      210  S
      7      1   4.1808808586149043D-01 8.0D-09 0.0D+00 5.8D-08 0.0D+00       22      139       23      222  S
      7      1   3.9002436929915602D-01 6.3D-09 0.0D+00 6.2D-09 0.0D+00       21      136       21      210  S
      7      1   3.9002436929668693D-01 6.3D-09 0.0D+00 7.5D-10 0.0D+00       23      155       23      230  S
      7      1   4.1808808585871082D-01 8.0D-09 0.0D+00 3.5D-09 0.0D+00       21      131       21      210  S
      7      1   3.9002436930047102D-01 6.3D-09 0.0D+00 7.1D-09 0.0D+00       21      150       21      210  S
      7      1   3.9002436929996454D-01 6.3D-09 0.0D+00 1.1D-09 0.0D+00       22      142       22      220  S
      7      1   3.9002436930067047D-01 6.3D-09 0.0D+00 2.3D-09 0.0D+00       21      156       21      210  S
      7      1   3.9028844369025800D-01 6.3D-09 0.0D+00 4.9D-09 0.0D+00       22      149       22      220  S
      7      1   3.9028844369134352D-01 6.3D-09 0.0D+00 1.1D-09 0.0D+00       21      148       21      210  S
      7      1   4.1703834755497732D-01 8.0D-09 0.0D+00 1.3D-09 0.0D+00       23      143       23      230  S
      7      1   3.9002436929822581D-01 6.3D-09 0.0D+00 7.3D-11 0.0D+00       22      160       22      220  S
      7      1   3.9002436929630296D-01 6.3D-09 0.0D+00 6.0D-09 0.0D+00       23      162       23      230  S
      7      1   4.1811807934625478D-01 8.0D-09 0.0D+00 7.3D-08 0.0D+00       22      145       22      220  S
      7      1   3.9028844368994736D-01 6.3D-09 0.0D+00 9.2D-09 0.0D+00       21      149       21      210  S
      7      1   3.9002436929651824D-01 6.3D-09 0.0D+00 7.7D-10 0.0D+00       23      170       23      230  S
      7      1   4.1808808586565044D-01 8.0D-09 0.0D+00 1.6D-09 0.0D+00       21      143       21      210  S
      7      1   3.9002436929744744D-01 6.3D-09 0.0D+00 4.4D-10 0.0D+00       23      145       23      230  S
      7      1   4.1811807935280593D-01 8.0D-09 0.0D+00 4.9D-08 0.0D+00       24      151       25      241  S
      7      1   4.1811807934901118D-01 8.0D-09 0.0D+00 3.2D-08 0.0D+00       24      170       24      240  S
      7      1   3.9028843754255754D-01 6.3D-09 0.0D+00 7.5D-10 0.0D+00       21      135       21      210  S
      7      1   4.1808808585682034D-01 8.0D-09 0.0D+00 3.3D-08 0.0D+00       22      167       23      221  S
      7      1   3.9028844369114146D-01 6.3D-09 0.0D+00 3.0D-09 0.0D+00       22      150       22      220  S
      7      1   4.1808808585834856D-01 8.0D-09 0.0D+00 1.5D-09 0.0D+00       21      133       21      210  S
      7      1   3.9130773151090054D-01 1.0D-08 0.0D+00 7.6D-08 0.0D+00       23      177       23      230  S
      7      1   3.9028844368994314D-01 6.3D-09 0.0D+00 3.2D-09 0.0D+00       21      145       21      210  S
      7      1   4.1808808585923996D-01 8.0D-09 0.0D+00 1.2D-09 0.0D+00       21      155       21      210  S
      7      1   4.4984457575905562D-01 7.2D-09 0.0D+00 8.6D-10 0.0D+00       21      149       21      210  S
      7      1   3.9028843753885240D-01 6.3D-09 0.0D+00 4.4D-08 0.0D+00       23      149       24      231  S
      7      1   4.1703834755456431D-01 8.0D-09 0.0D+00 6.7D-08 0.0D+00       22      145       22      220  S
      7      1   3.9028844368842291D-01 6.3D-09 0.0D+00 3.2D-08 0.0D+00       23      159       23      230  S
      7      1   4.1703834755769265D-01 8.0D-09 0.0D+00 5.6D-09 0.0D+00       21      129       21      210  S
      7      1   4.5109727968124969D-01 7.2D-09 0.0D+00 6.8D-08 0.0D+00       22      134       22      220  S
      7      1   4.1808808586043805D-01 8.0D-09 0.0D+00 5.5D-10 0.0D+00       21      134       21      210  S
      7      1   3.9002436929809847D-01 6.3D-09 0.0D+00 8.2D-09 0.0D+00       21      163       21      210  S
      7      1   3.9028843754047171D-01 6.3D-09 0.0D+00 1.8D-10 0.0D+00       22      146       22      220  S
      7      1   3.9002436929961670D-01 6.3D-09 0.0D+00 2.6D-09 0.0D+00       22      147       22      220  S
      7      1   3.9002436929864182D-01 6.3D-09 0.0D+00 3.4D-08 0.0D+00       24      174       24      240  S
      7      1   4.1808808586310298D-01 8.0D-09 0.0D+00 2.0D-10 0.0D+00       21      135       21      210  S
      7      1   3.9002436929856671D-01 6.3D-09 0.0D+00 3.9D-10 0.0D+00       22      136       22      220  S
      7      1   4.1808808586319246D-01 8.0D-09 0.0D+00 1.2D-09 0.0D+00       21      155       21      210  S
      7      1   4.1808808585639073D-01 8.0D-09 0.0D+00 6.7D-08 0.0D+00       22      144       23      221  S
      7      1   3.9028843754049064D-01 6.3D-09 0.0D+00 3.1D-09 0.0D+00       22      148       22      220  S
      7      1   4.1811807934927148D-01 8.0D-09 0.0D+00 1.8D-11 0.0D+00       21      134       21      210  S
      7      1   3.9028844369094973D-01 6.3D-09 0.0D+00 3.0D-08 0.0D+00       22      160       23      221  S
      7      1   3.9002436929445394D-01 6.3D-09 0.0D+00 6.1D-08 0.0D+00       24      174       24      240  S
      7      1   4.1808808585968343D-01 8.0D-09 0.0D+00 3.7D-09 0.0D+00       21      128       21      210  S
      7      1   3.9130773151284959D-01 1.0D-08 0.0D+00 7.6D-08 0.0D+00       22      148       22      220  S
      7      1   4.1703834755209490D-01 8.0D-09 0.0D+00 5.1D-08 0.0D+00       22      147       23      222  S
      7      1   4.1703834755932800D-01 8.0D-09 0.0D+00 2.1D-09 0.0D+00       21      151       21      210  S
      7      1   3.9002436929541462D-01 6.3D-09 0.0D+00 5.8D-08 0.0D+00       23      165       24      231  S
      7      1   4.1917008506965869D-01 8.0D-09 0.0D+00 2.7D-09 0.0D+00       21      131       21      210  S
      7      1   4.1917008506985176D-01 8.0D-09 0.0D+00 4.1D-09 0.0D+00       21      133       21      210  S
      7      1   4.1811807935083856D-01 8.0D-09 0.0D+00 3.4D-09 0.0D+00       22      169       22      220  S
      7      1   4.1808808585959933D-01 8.0D-09 0.0D+00 1.1D-09 0.0D+00       21      141       21      210  S
      7      1   3.9028844369185611D-01 6.3D-09 0.0D+00 6.0D-10 0.0D+00       21      149       21      210  S
      7      1   4.1808808585828300D-01 8.0D-09 0.0D+00 5.4D-09 0.0D+00       21      122       21      210  S
      7      1   3.9028844368840271D-01 6.3D-09 0.0D+00 7.4D-10 0.0D+00       21      155       21      210  S
      7      1   3.9002436929685624D-01 6.3D-09 0.0D+00 4.8D-09 0.0D+00       21      144       21      210  S
      7      1   3.9028843754075215D-01 6.3D-09 0.0D+00 3.7D-09 0.0D+00       22      150       22      220  S
      7      1   3.9130773151038489D-01 1.0D-08 0.0D+00 7.6D-08 0.0D+00       23      166       23      230  S
      7      1   3.9028843754311360D-01 6.3D-09 0.0D+00 4.0D-09 0.0D+00       21      148       21      210  S
      7      1   4.1808808585698992D-01 8.0D-09 0.0D+00 7.0D-08 0.0D+00       22      145       23      222  S
      7      1   3.9028843753910780D-01 6.3D-09 0.0D+00 3.1D-08 0.0D+00       22      178       23      222  S
      7      1   3.9130773151408493D-01 1.0D-08 0.0D+00 7.6D-08 0.0D+00       23      162       23      230  S
      7      1   3.9002436929718237D-01 6.3D-09 0.0D+00 1.3D-09 0.0D+00       22      133       22      220  S
      7      1   3.9002436929667073D-01 6.3D-09 0.0D+00 2.5D-09 0.0D+00       23      156       23      230  S
      7      1   3.9028844369129534D-01 6.3D-09 0.0D+00 2.7D-09 0.0D+00       21      152       21      210  S
      7      1   3.9130773152045262D-01 1.0D-08 0.0D+00 7.6D-08 0.0D+00       21      127       21      210  S
      7      1   3.9002436929432316D-01 6.3D-09 0.0D+00 6.4D-08 0.0D+00       24      179       24      240  S
      7      1   3.9002436929994122D-01 6.3D-09 0.0D+00 2.0D-09 0.0D+00       22      150       22      220  S
      7      1   4.1808808586276391D-01 8.0D-09 0.0D+00 5.1D-08 0.0D+00       22      146       22      220  S
      7      1   3.9130773151151915D-01 1.0D-08 0.0D+00 7.6D-08 0.0D+00       22      173       22      220  S
      7      1   4.1811807934876732D-01 8.0D-09 0.0D+00 2.4D-08 0.0D+00       24      161       24      240  S
      7      1   3.9028844369204096D-01 6.3D-09 0.0D+00 1.2D-09 0.0D+00       22      150       22      220  S
      7      1   3.9130773151778681D-01 1.0D-08 0.0D+00 7.6D-08 0.0D+00       23      166       23      230  S
      7      1   4.1703834755065672D-01 8.0D-09 0.0D+00 6.6D-08 0.0D+00       22      137       22      220  S
      7      1   3.9028843754109022D-01 6.3D-09 0.0D+00 1.3D-09 0.0D+00       22      166       22      220  S
      7      1   3.9002436929498374D-01 6.3D-09 0.0D+00 6.6D-08 0.0D+00       22      144       22      220  S
      7      1   3.9130773150829179D-01 1.0D-08 0.0D+00 7.6D-08 0.0D+00       23      183       23      230  S
      7      1   4.1811807935025874D-01 8.0D-09 0.0D+00 1.5D-10 0.0D+00       22      153       22      220  S
      7      1   3.9028843754158993D-01 6.3D-09 0.0D+00 6.2D-09 0.0D+00       22      136       22      220  S
      7      1   4.1811807935291223D-01 8.0D-09 0.0D+00 1.7D-09 0.0D+00       21      133       21      210  S
      7      1   4.1703834755892522D-01 8.0D-09 0.0D+00 2.7D-09 0.0D+00       23      188       23      230  S
      7      1   3.9028844369205146D-01 6.3D-09 0.0D+00 4.1D-09 0.0D+00       21      147       21      210  S
      7      1   3.9028844368926524D-01 6.3D-09 0.0D+00 2.5D-09 0.0D+00       21      139       21      210  S
      7      1   3.9028844368753418D-01 6.3D-09 0.0D+00 4.5D-08 0.0D+00       22      161       23      221  S
      7      1   4.1811807934733636D-01 8.0D-09 0.0D+00 6.8D-08 0.0D+00       24      139       24      240  S
      7      1   3.9028844369151489D-01 6.3D-09 0.0D+00 1.4D-09 0.0D+00       21      125       21      210  S
      7      1   3.9028844368852506D-01 6.3D-09 0.0D+00 2.6D-09 0.0D+00       21      127       21      210  S
      7      1   3.9002436929843304D-01 6.3D-09 0.0D+00 5.1D-09 0.0D+00       21      133       21      210  S
      7      1   4.1703834755882258D-01 8.0D-09 0.0D+00 1.6D-10 0.0D+00       23      154       23      230  S
      7      1   3.9130773151049908D-01 1.0D-08 0.0D+00 7.6D-08 0.0D+00       22      165       22      220  S
      7      1   4.1917008506855358D-01 8.0D-09 0.0D+00 2.0D-08 0.0D+00       22      131       22      220  S
      7      1   4.5061498089135477D-01 7.2D-09 0.0D+00 3.2D-08 0.0D+00       22      140       23      222  S
      7      1   4.1811807935019990D-01 8.0D-09 0.0D+00 2.7D-09 0.0D+00       21      134       21      210  S
      7      1   3.9130773151462145D-01 1.0D-08 0.0D+00 7.6D-08 0.0D+00       23      142       23      230  S
      7      1   3.9130773150985038D-01 1.0D-08 0.0D+00 7.6D-08 0.0D+00       21      114       21      210  S
      7      1   3.9028844368700349D-01 6.3D-09 0.0D+00 5.7D-08 0.0D+00       22      144       22      220  S
      7      1   3.9028843753929682D-01 6.3D-09 0.0D+00 2.8D-08 0.0D+00       23      165       23      230  S
      7      1   4.1703834755791641D-01 8.0D-09 0.0D+00 2.5D-09 0.0D+00       22      168       22      220  S
      7      1   3.9002436929750028D-01 6.3D-09 0.0D+00 1.3D-08 0.0D+00       22      153       22      220  S
      7      1   3.9130773151264353D-01 1.0D-08 0.0D+00 7.6D-08 0.0D+00       23      168       23      230  S
      7      1   3.9002436929735351D-01 6.3D-09 0.0D+00 2.2D-08 0.0D+00       23      140       23      230  S
      7      1   3.9130773150982739D-01 1.0D-08 0.0D+00 7.6D-08 0.0D+00       21      115       21      210  S
      7      1   3.9028844368656856D-01 6.3D-09 0.0D+00 6.6D-08 0.0D+00       22      152       23      221  S
      7      1   4.1808808585981133D-01 8.0D-09 0.0D+00 2.3D-09 0.0D+00       21      123       21      210  S
      7      1   4.5109727967832475D-01 7.2D-09 0.0D+00 6.8D-08 0.0D+00       22      160       22      220  S
      7      1   4.4936095879811200D-01 7.2D-09 0.0D+00 8.2D-10 0.0D+00       21      150       21      210  S
      7      1   4.1811807935152923D-01 8.0D-09 0.0D+00 2.3D-11 0.0D+00       23      146       23      230  S
      7      1   3.9130773151468823D-01 1.0D-08 0.0D+00 7.6D-08 0.0D+00       22      166       22      220  S
      7      1   3.9002436929851192D-01 6.3D-09 0.0D+00 5.5D-10 0.0D+00       21      138       21      210  S
      7      1   4.1811807935449441D-01 8.0D-09 0.0D+00 2.1D-09 0.0D+00       21      133       21      210  S
      7      1   4.1811807934970108D-01 8.0D-09 0.0D+00 6.9D-10 0.0D+00       21      125       21      210  S
      7      1   3.9028843753980541D-01 6.3D-09 0.0D+00 1.0D-09 0.0D+00       21      132       21      210  S
      7      1   3.9002436929760526D-01 6.3D-09 0.0D+00 4.5D-09 0.0D+00       22      161       22      220  S
      7      1   4.1811807934645517D-01 8.0D-09 0.0D+00 5.9D-08 0.0D+00       22      160       23      221  S
      7      1   3.9002436929803247D-01 6.3D-09 0.0D+00 3.9D-09 0.0D+00       22      158       22      220  S
      7      1   3.9002436929695378D-01 6.3D-09 0.0D+00 6.5D-08 0.0D+00       22      140       22      220  S
      7      1   4.1811807935510897D-01 8.0D-09 0.0D+00 1.6D-10 0.0D+00       21      118       21      210  S
      7      1   3.9028843754182496D-01 6.3D-09 0.0D+00 6.1D-08 0.0D+00       23      154       23      230  S
      7      1   4.1808808586322804D-01 8.0D-09 0.0D+00 1.2D-08 0.0D+00       22      143       22      220  S
      7      1   3.9130773150833853D-01 1.0D-08 0.0D+00 7.6D-08 0.0D+00       24      173       24      240  S
      7      1   3.9002436930047296D-01 6.3D-09 0.0D+00 1.7D-09 0.0D+00       22      161       22      220  S
      7      1   3.9130773139029351D-01 1.0D-08 0.0D+00 7.6D-08 0.0D+00       21      123       21      210  S
      7      1   3.9002436929547529D-01 6.3D-09 0.0D+00 6.4D-08 0.0D+00       22      149       23      221  S
      7      1   4.1703834755839975D-01 8.0D-09 0.0D+00 5.1D-08 0.0D+00       24      205       25      241  S
      7      1   3.9002436929742040D-01 6.3D-09 0.0D+00 5.0D-10 0.0D+00       22      165       22      220  S
      7      1   3.9028844368967136D-01 6.3D-09 0.0D+00 2.6D-09 0.0D+00       22      144       22      220  S
      7      1   4.1917008507038933D-01 8.0D-09 0.0D+00 3.3D-09 0.0D+00       22      153       22      220  S
      7      1   4.4984457575473002D-01 7.2D-09 0.0D+00 9.2D-10 0.0D+00       21      140       21      210  S
      7      1   3.9028844369000359D-01 6.3D-09 0.0D+00 6.5D-09 0.0D+00       21      141       21      210  S
      7      1   3.9002436929670770D-01 6.3D-09 0.0D+00 1.0D-10 0.0D+00       21      131       21      210  S
      7      1   3.9028843754296760D-01 6.3D-09 0.0D+00 6.2D-10 0.0D+00       22      150       22      220  S
      7      1   4.1703834755365266D-01 8.0D-09 0.0D+00 1.6D-09 0.0D+00       21      134       21      210  S
      7      1   3.9028844368960963D-01 6.3D-09 0.0D+00 4.5D-09 0.0D+00       22      147       22      220  S
      7      1   4.1808808585585283D-01 8.0D-09 0.0D+00 6.8D-08 0.0D+00       22      150       22      220  S
      7      1   3.9028844369023152D-01 6.3D-09 0.0D+00 1.7D-10 0.0D+00       22      152       22      220  S
      7      1   4.1703834755504265D-01 8.0D-09 0.0D+00 4.3D-10 0.0D+00       21      132       21      210  S
      7      1   4.1703834756064173D-01 8.0D-09 0.0D+00 1.9D-09 0.0D+00       23      133       23      230  S
      7      1   4.1811807935600098D-01 8.0D-09 0.0D+00 5.4D-09 0.0D+00       23      144       23      230  S
      7      1   3.9130773150900272D-01 1.0D-08 0.0D+00 7.6D-08 0.0D+00       23      162       23      230  S
      7      1   3.9130773151009252D-01 1.0D-08 0.0D+00 7.6D-08 0.0D+00       21      156       21      210  S
      7      1   3.9028843754266412D-01 6.3D-09 0.0D+00 2.6D-08 0.0D+00       23      165       23      230  S
      7      1   3.9130773151092418D-01 1.0D-08 0.0D+00 7.6D-08 0.0D+00       22      149       22      220  S
      7      1   3.9002436929721562D-01 6.3D-09 0.0D+00 5.9D-09 0.0D+00       22      146       22      220  S
