     13      1   2.3853718141453525D-01 7.5D-09 0.0D+00 2.0D-09 0.0D+00       22      174       22      220  S
     13      1   2.3853717835066440D-01 7.5D-09 0.0D+00 5.0D-09 0.0D+00       22      147       22      220  S
     13      1   2.3853718056004705D-01 7.5D-09 0.0D+00 9.2D-08 0.0D+00       24      185       25      242  S
     13      1   2.3755952551182066D-01 8.1D-09 0.0D+00 3.5D-09 0.0D+00       22      142       22      220  S
     13      1   2.3756722723087340D-01 7.1D-09 0.0D+00 1.4D-12 0.0D+00       22      138       22      220  S
     13      1   2.3756722722941398D-01 7.1D-09 0.0D+00 3.0D-08 0.0D+00       24      151       25      242  S
     13      1   2.3853718141481456D-01 7.5D-09 0.0D+00 2.6D-09 0.0D+00       23      145       23      230  S
     13      1   2.3853718027604551D-01 7.5D-09 0.0D+00 6.0D-10 0.0D+00       22      142       22      220  S
     13      1   2.3853718444921510D-01 7.5D-09 0.0D+00 4.6D-09 0.0D+00       21      138       21      210  S
     13      1   2.3853718141984670D-01 7.5D-09 0.0D+00 9.5D-10 0.0D+00       22      183       22      220  S
     13      1   2.3853718027677914D-01 7.5D-09 0.0D+00 4.3D-09 0.0D+00       22      142       22      220  S
     13      1   2.3756722723076446D-01 7.1D-09 0.0D+00 7.2D-10 0.0D+00       21      151       21      210  S
     13      1   2.3853718444884001D-01 7.5D-09 0.0D+00 2.9D-09 0.0D+00       22      164       22      220  S
     13      1   2.3756722722949289D-01 7.1D-09 0.0D+00 3.0D-08 0.0D+00       23      162       23      230  S
     13      1   2.3853718056341952D-01 7.5D-09 0.0D+00 3.2D-09 0.0D+00       22      126       22      220  S
     13      1   2.3755952551578388D-01 8.1D-09 0.0D+00 2.8D-11 0.0D+00       22      189       22      220  S
     13      1   2.3756722723236112D-01 7.1D-09 0.0D+00 1.4D-08 0.0D+00       23      173       23      230  S
     13      1   2.3853718444921335D-01 7.5D-09 0.0D+00 5.4D-10 0.0D+00       22      160       22      220  S
     13      1   2.3755952551920440D-01 8.1D-09 0.0D+00 4.1D-10 0.0D+00       22      186       22      220  S
     13      1   2.3756722723422993D-01 7.1D-09 0.0D+00 2.1D-10 0.0D+00       22      153       22      220  S
     13      1   2.3853717792719115D-01 7.5D-09 0.0D+00 6.3D-11 0.0D+00       22      149       22      220  S
     13      1   2.3853718027968096D-01 7.5D-09 0.0D+00 3.8D-10 0.0D+00       22      176       22      220  S
     13      1   2.3756722723106946D-01 7.1D-09 0.0D+00 3.3D-11 0.0D+00       23      142       23      230  S
     13      1   2.3756722998576812D-01 7.1D-09 0.0D+00 3.2D-09 0.0D+00       23      191       23      230  S
     13      1   2.3853718027608889D-01 7.5D-09 0.0D+00 1.3D-09 0.0D+00       22      140       22      220  S
     13      1   2.3756722723352566D-01 7.1D-09 0.0D+00 2.9D-08 0.0D+00       23      141       24      232  S
     13      1   2.3853718056216344D-01 7.5D-09 0.0D+00 4.2D-08 0.0D+00       23      150       24      231  S
     13      1   2.3853718056463452D-01 7.5D-09 0.0D+00 4.1D-08 0.0D+00       22      148       22      220  S
     13      1   2.3853718444770411D-01 7.5D-09 0.0D+00 1.4D-09 0.0D+00       22      145       22      220  S
     13      1   2.3853717792524745D-01 7.5D-09 0.0D+00 2.5D-08 0.0D+00       23      162       23      230  S
     13      1   2.3756722723022369D-01 7.1D-09 0.0D+00 1.0D-09 0.0D+00       22      137       22      220  S
     13      1   2.3853718027581183D-01 7.5D-09 0.0D+00 5.6D-11 0.0D+00       22      159       22      220  S
     13      1   2.3755952551552564D-01 8.1D-09 0.0D+00 6.6D-08 0.0D+00       25      180       25      250  S
     13      1   2.3756722723166193D-01 7.1D-09 0.0D+00 1.3D-08 0.0D+00       24      215       24      240  S
     13      1   2.3853718445168340D-01 7.5D-09 0.0D+00 1.2D-09 0.0D+00       22      200       22      220  S
     13      1   2.3756722722872525D-01 7.1D-09 0.0D+00 6.1D-08 0.0D+00       23      178       23      230  S
     13      1   2.3853718141531188D-01 7.5D-09 0.0D+00 9.0D-08 0.0D+00       23      192       24      231  S
     13      1   2.3853717835087357D-01 7.5D-09 0.0D+00 1.2D-10 0.0D+00       23      135       23      230  S
     13      1   2.3853718027594387D-01 7.5D-09 0.0D+00 1.3D-10 0.0D+00       22      175       22      220  S
     13      1   2.3853717835150107D-01 7.5D-09 0.0D+00 3.2D-09 0.0D+00       22      172       22      220  S
     13      1   2.3853718027922038D-01 7.5D-09 0.0D+00 6.4D-09 0.0D+00       22      137       22      220  S
     13      1   2.3756722723100129D-01 7.1D-09 0.0D+00 4.2D-09 0.0D+00       22      145       22      220  S
     13      1   2.5245889351123607D-01 7.9D-09 0.0D+00 6.0D-09 0.0D+00       22      160       22      220  S
     13      1   2.3756722998520288D-01 7.1D-09 0.0D+00 4.1D-09 0.0D+00       23      148       23      230  S
     13      1   2.3853718027617668D-01 7.5D-09 0.0D+00 1.9D-09 0.0D+00       23      156       23      230  S
     13      1   2.5525536869637960D-01 7.6D-09 0.0D+00 5.6D-09 0.0D+00       21      161       21      210  S
     13      1   2.3853718027593446D-01 7.5D-09 0.0D+00 5.5D-10 0.0D+00       22      145       22      220  S
     13      1   2.3756722723361265D-01 7.1D-09 0.0D+00 3.2D-09 0.0D+00       22      167       22      220  S
     13      1   2.3755952551574278D-01 8.1D-09 0.0D+00 6.5D-10 0.0D+00       21      127       21      210  S
     13      1   2.3853718142334063D-01 7.5D-09 0.0D+00 3.8D-08 0.0D+00       24      166       24      240  S
     13      1   2.3756722722921178D-01 7.1D-09 0.0D+00 2.7D-08 0.0D+00       23      145       23      230  S
     13      1   2.3853718027242193D-01 7.5D-09 0.0D+00 9.1D-08 0.0D+00       24      147       25      241  S
     13      1   2.3756722723016271D-01 7.1D-09 0.0D+00 1.9D-09 0.0D+00       22      144       22      220  S
     13      1   2.3853718027608536D-01 7.5D-09 0.0D+00 2.4D-10 0.0D+00       21      132       21      210  S
     13      1   2.3853717835012886D-01 7.5D-09 0.0D+00 2.8D-08 0.0D+00       24      178       24      240  S
     13      1   2.3853717835365937D-01 7.5D-09 0.0D+00 3.4D-09 0.0D+00       22      137       22      220  S
     13      1   2.3853718027246412D-01 7.5D-09 0.0D+00 7.7D-08 0.0D+00       23      158       23      230  S
     13      1   2.3853718445378347D-01 7.5D-09 0.0D+00 2.1D-09 0.0D+00       22      159       22      220  S
     13      1   2.3853718028157303D-01 7.5D-09 0.0D+00 1.4D-09 0.0D+00       23      136       23      230  S
     13      1   2.3756722723035001D-01 7.1D-09 0.0D+00 1.3D-09 0.0D+00       23      131       23      230  S
     13      1   2.3797046979679440D-01 1.0D-06 0.0D+00 3.1D-02 0.0D+00       24      115       25      250  S
     13      1   2.3756722995838500D-01 7.1D-09 0.0D+00 1.6D-09 0.0D+00       22      156       22      220  S
     13      1   2.3853717835459665D-01 7.5D-09 0.0D+00 1.3D-09 0.0D+00       22      139       22      220  S
     13      1   2.3756722723043022D-01 7.1D-09 0.0D+00 5.9D-10 0.0D+00       22      137       22      220  S
     13      1   2.3756722723100326D-01 7.1D-09 0.0D+00 3.8D-09 0.0D+00       22      146       22      220  S
     13      1   2.3853717793128712D-01 7.5D-09 0.0D+00 8.7D-10 0.0D+00       22      148       22      220  S
     13      1   2.3756722723004980D-01 7.1D-09 0.0D+00 4.0D-09 0.0D+00       22      133       22      220  S
     13      1   2.3853718141478272D-01 7.5D-09 0.0D+00 5.7D-10 0.0D+00       23      146       23      230  S
     13      1   2.3853718027585316D-01 7.5D-09 0.0D+00 4.9D-09 0.0D+00       22      140       22      220  S
     13      1   2.3853718141530897D-01 7.5D-09 0.0D+00 1.9D-10 0.0D+00       23      172       23      230  S
     13      1   2.3853718056245851D-01 7.5D-09 0.0D+00 4.1D-08 0.0D+00       24      175       25      242  S
     13      1   2.3756722722846890D-01 7.1D-09 0.0D+00 5.1D-08 0.0D+00       22      137       23      222  S
     13      1   2.3755952551447856D-01 8.1D-09 0.0D+00 2.6D-09 0.0D+00       21      128       21      210  S
     13      1   2.3756722722714232D-01 7.1D-09 0.0D+00 5.9D-08 0.0D+00       23      137       23      230  S
     13      1   2.3853717830499563D-01 7.5D-09 0.0D+00 2.5D-09 0.0D+00       22      145       22      220  S
     13      1   2.3756722727966573D-01 7.1D-09 0.0D+00 5.9D-08 0.0D+00       24      161       24      240  S
     13      1   2.3853718027930509D-01 7.5D-09 0.0D+00 6.7D-08 0.0D+00       24      185       24      240  S
     13      1   2.3853718056409495D-01 7.5D-09 0.0D+00 4.6D-09 0.0D+00       22      165       22      220  S
     13      1   2.3853717834674365D-01 7.5D-09 0.0D+00 8.8D-08 0.0D+00       23      165       24      232  S
     13      1   2.3853718444985328D-01 7.5D-09 0.0D+00 1.1D-10 0.0D+00       23      162       23      230  S
     13      1   2.3853717835132665D-01 7.5D-09 0.0D+00 7.6D-10 0.0D+00       23      131       23      230  S
     13      1   2.3853718027549564D-01 7.5D-09 0.0D+00 1.5D-09 0.0D+00       22      149       22      220  S
     13      1   2.3756722723351040D-01 7.1D-09 0.0D+00 3.1D-10 0.0D+00       23      137       23      230  S
     13      1   2.3853718441665006D-01 7.5D-09 0.0D+00 9.0D-08 0.0D+00       23      148       23      230  S
     13      1   2.3853718056402901D-01 7.5D-09 0.0D+00 2.8D-09 0.0D+00       22      162       22      220  S
     13      1   2.3853717835599361D-01 7.5D-09 0.0D+00 1.9D-09 0.0D+00       22      135       22      220  S
     13      1   2.3756722998720384D-01 7.1D-09 0.0D+00 5.8D-08 0.0D+00       23      160       23      230  S
     13      1   2.3853718445371178D-01 7.5D-09 0.0D+00 2.5D-09 0.0D+00       22      158       22      220  S
     13      1   2.3853718055977971D-01 7.5D-09 0.0D+00 9.4D-08 0.0D+00       23      144       24      231  S
     13      1   2.3853718141127148D-01 7.5D-09 0.0D+00 1.3D-10 0.0D+00       22      148       22      220  S
     13      1   2.3853718056837675D-01 7.5D-09 0.0D+00 1.6D-09 0.0D+00       22      147       22      220  S
     13      1   2.3756722723233767D-01 7.1D-09 0.0D+00 6.3D-08 0.0D+00       24      162       24      240  S
     13      1   2.3853718056427581D-01 7.5D-09 0.0D+00 1.7D-09 0.0D+00       22      163       22      220  S
     13      1   2.3756722723011714D-01 7.1D-09 0.0D+00 1.7D-08 0.0D+00       23      151       23      230  S
     13      1   2.3756722998828397D-01 7.1D-09 0.0D+00 5.3D-10 0.0D+00       22      151       22      220  S
     13      1   2.3853718444551122D-01 7.5D-09 0.0D+00 2.1D-08 0.0D+00       24      179       24      240  S
     13      1   2.3756722998599447D-01 7.1D-09 0.0D+00 1.1D-09 0.0D+00       22      153       22      220  S
     13      1   2.3853718434848167D-01 7.5D-09 0.0D+00 9.2D-08 0.0D+00       24      153       24      240  S
     13      1   2.3853718028032325D-01 7.5D-09 0.0D+00 1.3D-09 0.0D+00       22      135       22      220  S
     13      1   2.3853717835296021D-01 7.5D-09 0.0D+00 2.1D-09 0.0D+00       22      165       22      220  S
     13      1   2.3756722723241136D-01 7.1D-09 0.0D+00 5.3D-08 0.0D+00       23      165       24      232  S
     13      1   2.3853718056435441D-01 7.5D-09 0.0D+00 3.0D-08 0.0D+00       23      170       23      230  S
     13      1   2.3853718444577604D-01 7.5D-09 0.0D+00 8.7D-08 0.0D+00       23      170       23      230  S
     13      1   2.3853718027789947D-01 7.5D-09 0.0D+00 1.8D-09 0.0D+00       22      137       22      220  S
     13      1   2.3853717835277352D-01 7.5D-09 0.0D+00 4.5D-08 0.0D+00       23      144       23      230  S
     13      1   2.3853718028047072D-01 7.5D-09 0.0D+00 1.3D-09 0.0D+00       22      151       22      220  S
     13      1   2.3853718141545108D-01 7.5D-09 0.0D+00 8.7D-08 0.0D+00       23      170       23      230  S
     13      1   2.3853718445016789D-01 7.5D-09 0.0D+00 4.2D-08 0.0D+00       23      198       24      231  S
     13      1   2.3756722998502122D-01 7.1D-09 0.0D+00 3.6D-08 0.0D+00       24      170       24      240  S
     13      1   2.3853718056587983D-01 7.5D-09 0.0D+00 4.6D-09 0.0D+00       22      148       22      220  S
     13      1   2.6444113225219978D-01 6.3D-09 0.0D+00 1.4D-08 0.0D+00       24      175       24      240  S
     13      1   2.3853718056276454D-01 7.5D-09 0.0D+00 4.0D-08 0.0D+00       22      145       22      220  S
     13      1   2.3853718027606949D-01 7.5D-09 0.0D+00 2.1D-09 0.0D+00       22      144       22      220  S
     13      1   2.3853717477929934D-01 7.5D-09 0.0D+00 7.9D-09 0.0D+00       21      149       21      210  S
     13      1   2.3853718056381962D-01 7.5D-09 0.0D+00 1.5D-09 0.0D+00       22      141       22      220  S
     13      1   2.3853717835095831D-01 7.5D-09 0.0D+00 1.4D-09 0.0D+00       22      154       22      220  S
     13      1   2.3756722722952731D-01 7.1D-09 0.0D+00 5.2D-09 0.0D+00       22      162       22      220  S
     13      1   2.3853717835595858D-01 7.5D-09 0.0D+00 3.7D-11 0.0D+00       22      153       22      220  S
     13      1   2.3853718027399987D-01 7.5D-09 0.0D+00 4.2D-08 0.0D+00       23      154       23      230  S
     13      1   2.3853718445283484D-01 7.5D-09 0.0D+00 1.5D-09 0.0D+00       22      199       22      220  S
     13      1   2.3853718445349154D-01 7.5D-09 0.0D+00 5.4D-10 0.0D+00       22      172       22      220  S
     13      1   2.3756722723040019D-01 7.1D-09 0.0D+00 1.8D-09 0.0D+00       22      165       22      220  S
     13      1   2.3853718027558771D-01 7.5D-09 0.0D+00 2.5D-09 0.0D+00       22      147       22      220  S
     13      1   2.3853718444941052D-01 7.5D-09 0.0D+00 5.6D-09 0.0D+00       23      148       23      230  S
     13      1   2.3756722998631524D-01 7.1D-09 0.0D+00 9.1D-10 0.0D+00       22      147       22      220  S
     13      1   2.3853717835063212D-01 7.5D-09 0.0D+00 1.6D-10 0.0D+00       22      168       22      220  S
     13      1   2.3756722723041915D-01 7.1D-09 0.0D+00 1.7D-09 0.0D+00       22      172       22      220  S
     13      1   2.3853718141428087D-01 7.5D-09 0.0D+00 8.3D-08 0.0D+00       22      136       22      220  S
     13      1   2.3756722722946672D-01 7.1D-09 0.0D+00 4.2D-08 0.0D+00       23      157       23      230  S
     13      1   2.3853718055985088D-01 7.5D-09 0.0D+00 9.1D-08 0.0D+00       23      158       23      230  S
     13      1   2.3756722723044141D-01 7.1D-09 0.0D+00 1.3D-09 0.0D+00       23      132       23      230  S
     13      1   2.3756722723071463D-01 7.1D-09 0.0D+00 1.5D-08 0.0D+00       22      153       22      220  S
     13      1   2.3853718056212292D-01 7.5D-09 0.0D+00 3.6D-08 0.0D+00       24      160       24      240  S
     13      1   2.3853718141414521D-01 7.5D-09 0.0D+00 7.3D-10 0.0D+00       22      153       22      220  S
     13      1   2.3853718139696031D-01 7.5D-09 0.0D+00 2.5D-09 0.0D+00       23      152       23      230  S
     13      1   2.3853718138058710D-01 7.5D-09 0.0D+00 3.3D-09 0.0D+00       22      189       22      220  S
     13      1   2.3853717834912361D-01 7.5D-09 0.0D+00 8.8D-08 0.0D+00       23      163       23      230  S
     13      1   2.3853718027650761D-01 7.5D-09 0.0D+00 1.8D-09 0.0D+00       23      183       23      230  S
     13      1   2.3853718056031220D-01 7.5D-09 0.0D+00 9.0D-08 0.0D+00       24      162       24      240  S
     13      1   2.3853718027436913D-01 7.5D-09 0.0D+00 9.0D-08 0.0D+00       23      158       23      230  S
     13      1   2.3853717792712689D-01 7.5D-09 0.0D+00 7.1D-10 0.0D+00       22      131       22      220  S
     13      1   2.3853718444522465D-01 7.5D-09 0.0D+00 8.2D-08 0.0D+00       23      188       24      231  S
     13      1   2.3853718444815039D-01 7.5D-09 0.0D+00 4.2D-08 0.0D+00       24      190       24      240  S
     13      1   2.3853717792635082D-01 7.5D-09 0.0D+00 2.5D-09 0.0D+00       22      131       22      220  S
     13      1   2.9532900366603865D-01 5.7D-07 0.0D+00 4.6D-01 0.0D+00       24      128       25      250  S
     13      1   2.3853717834821497D-01 7.5D-09 0.0D+00 6.8D-08 0.0D+00       24      157       24      240  S
     13      1   2.3853718056343720D-01 7.5D-09 0.0D+00 1.3D-09 0.0D+00       22      136       22      220  S
     13      1   2.3756722723235318D-01 7.1D-09 0.0D+00 2.2D-08 0.0D+00       24      143       24      240  S
     13      1   2.3756722723352813D-01 7.1D-09 0.0D+00 1.2D-09 0.0D+00       23      164       23      230  S
     13      1   2.3756722722724646D-01 7.1D-09 0.0D+00 1.6D-10 0.0D+00       23      164       23      230  S
     13      1   2.3853718141429225D-01 7.5D-09 0.0D+00 1.7D-09 0.0D+00       23      148       23      230  S
     13      1   2.3853718444753813D-01 7.5D-09 0.0D+00 2.3D-09 0.0D+00       22      157       22      220  S
     13      1   2.3755952551292361D-01 8.1D-09 0.0D+00 1.3D-09 0.0D+00       22      163       22      220  S
     13      1   2.3853718056885007D-01 7.5D-09 0.0D+00 2.3D-10 0.0D+00       22      170       22      220  S
     13      1   2.5281211767605993D-01 7.6D-09 0.0D+00 1.8D-06 0.0D+00       23      168       23      230  S
     13      1   2.3853717835078969D-01 7.5D-09 0.0D+00 2.0D-09 0.0D+00       22      143       22      220  S
     13      1   2.3853717835053759D-01 7.5D-09 0.0D+00 3.7D-10 0.0D+00       22      131       22      220  S
     13      1   2.3756722723127147D-01 7.1D-09 0.0D+00 2.4D-09 0.0D+00       23      134       23      230  S
     13      1   2.3853718444983402D-01 7.5D-09 0.0D+00 1.7D-09 0.0D+00       22      157       22      220  S
     13      1   2.3853717835547342D-01 7.5D-09 0.0D+00 3.5D-09 0.0D+00       22      163       22      220  S
     13      1   2.3756722723245974D-01 7.1D-09 0.0D+00 4.4D-08 0.0D+00       23      178       24      232  S
     13      1   2.3756722995655769D-01 7.1D-09 0.0D+00 2.7D-09 0.0D+00       22      138       22      220  S
     13      1   2.3853718141518157D-01 7.5D-09 0.0D+00 8.7D-10 0.0D+00       22      160       22      220  S
     13      1   2.3853718028096824D-01 7.5D-09 0.0D+00 5.0D-09 0.0D+00       22      136       22      220  S
     13      1   2.3853717835673333D-01 7.5D-09 0.0D+00 9.8D-10 0.0D+00       23      180       23      230  S
     13      1   2.3853718027676613D-01 7.5D-09 0.0D+00 1.5D-09 0.0D+00       22      157       22      220  S
     13      1   2.3853718141530528D-01 7.5D-09 0.0D+00 1.9D-09 0.0D+00       23      180       23      230  S
     13      1   2.3853718027662596D-01 7.5D-09 0.0D+00 3.0D-09 0.0D+00       22      155       22      220  S
     13      1   2.3756722723033868D-01 7.1D-09 0.0D+00 1.9D-09 0.0D+00       22      149       22      220  S
     13      1   2.3853718056396736D-01 7.5D-09 0.0D+00 1.1D-09 0.0D+00       22      153       22      220  S
     13      1   2.3756722723167642D-01 7.1D-09 0.0D+00 4.5D-08 0.0D+00       24      180       24      240  S
     13      1   2.3853718056192813D-01 7.5D-09 0.0D+00 4.1D-08 0.0D+00       23      158       23      230  S
     13      1   2.3756722721930468D-01 7.1D-09 0.0D+00 4.4D-09 0.0D+00       21      169       21      210  S
     13      1   2.3853718120843490D-01 7.5D-09 0.0D+00 1.6D-08 0.0D+00       23      168       23      230  S
     13      1   2.3853718444284761D-01 7.5D-09 0.0D+00 8.8D-08 0.0D+00       24      176       25      241  S
     13      1   2.3853718444695449D-01 7.5D-09 0.0D+00 7.5D-08 0.0D+00       23      178       24      231  S
     13      1   2.3853718027374626D-01 7.5D-09 0.0D+00 8.9D-08 0.0D+00       24      155       24      240  S
     13      1   2.3853717834680258D-01 7.5D-09 0.0D+00 8.7D-08 0.0D+00       23      146       23      230  S
     13      1   2.3756722998328009D-01 7.1D-09 0.0D+00 5.9D-08 0.0D+00       24      179       24      240  S
     13      1   2.3756722723281828D-01 7.1D-09 0.0D+00 1.8D-09 0.0D+00       22      133       22      220  S
     13      1   2.3853718056842629D-01 7.5D-09 0.0D+00 6.3D-10 0.0D+00       21      117       21      210  S
     13      1   2.3853718056131709D-01 7.5D-09 0.0D+00 6.8D-08 0.0D+00       24      163       25      241  S
     13      1   2.3853718056645346D-01 7.5D-09 0.0D+00 6.4D-09 0.0D+00       22      186       22      220  S
     13      1   2.3853717792674151D-01 7.5D-09 0.0D+00 4.4D-09 0.0D+00       22      154       22      220  S
     13      1   2.3853718027598816D-01 7.5D-09 0.0D+00 3.8D-09 0.0D+00       22      150       22      220  S
     13      1   2.3853718056101014D-01 7.5D-09 0.0D+00 7.0D-08 0.0D+00       23      149       24      231  S
     13      1   2.3755952551646553D-01 8.1D-09 0.0D+00 6.3D-08 0.0D+00       24      176       25      242  S
     13      1   2.3853718442339947D-01 7.5D-09 0.0D+00 1.5D-09 0.0D+00       21      155       21      210  S
     13      1   2.3853718126612361D-01 7.5D-09 0.0D+00 8.2D-08 0.0D+00       24      154       25      241  S
     13      1   2.3756722722856422D-01 7.1D-09 0.0D+00 6.0D-08 0.0D+00       23      161       24      231  S
     13      1   2.3756722723022519D-01 7.1D-09 0.0D+00 1.8D-09 0.0D+00       22      152       22      220  S
     13      1   2.3756722998324614D-01 7.1D-09 0.0D+00 4.6D-08 0.0D+00       23      162       23      230  S
     13      1   2.3853718444819277D-01 7.5D-09 0.0D+00 3.8D-08 0.0D+00       23      150       24      231  S
     13      1   2.3853717792739856D-01 7.5D-09 0.0D+00 4.0D-09 0.0D+00       22      150       22      220  S
     13      1   2.3853718141376640D-01 7.5D-09 0.0D+00 4.5D-09 0.0D+00       22      196       22      220  S
     13      1   2.3853718444947752D-01 7.5D-09 0.0D+00 5.8D-08 0.0D+00       23      183       23      230  S
     13      1   2.3853718428178713D-01 7.5D-09 0.0D+00 1.3D-09 0.0D+00       22      148       22      220  S
     13      1   2.3853717835100691D-01 7.5D-09 0.0D+00 3.8D-09 0.0D+00       22      155       22      220  S
     13      1   2.3853718027656481D-01 7.5D-09 0.0D+00 7.4D-09 0.0D+00       22      146       22      220  S
     13      1   2.3853717792332435D-01 7.5D-09 0.0D+00 7.0D-08 0.0D+00       23      132       23      230  S
     13      1   2.3756722998480173D-01 7.1D-09 0.0D+00 3.2D-09 0.0D+00       22      188       22      220  S
     13      1   2.3853718141725963D-01 7.5D-09 0.0D+00 4.5D-08 0.0D+00       23      154       24      232  S
     13      1   2.3755952551448090D-01 8.1D-09 0.0D+00 1.3D-09 0.0D+00       22      163       22      220  S
     13      1   2.3853718444913360D-01 7.5D-09 0.0D+00 6.9D-10 0.0D+00       23      166       23      230  S
     13      1   2.3853717835109478D-01 7.5D-09 0.0D+00 1.1D-10 0.0D+00       22      150       22      220  S
     13      1   2.3756722723059279D-01 7.1D-09 0.0D+00 5.1D-10 0.0D+00       22      145       22      220  S
     13      1   2.3755952551336032D-01 8.1D-09 0.0D+00 5.3D-08 0.0D+00       22      166       23      221  S
     13      1   2.3853718027604151D-01 7.5D-09 0.0D+00 2.0D-09 0.0D+00       22      143       22      220  S
     13      1   2.3853718056821049D-01 7.5D-09 0.0D+00 4.3D-09 0.0D+00       22      140       22      220  S
     13      1   2.3853718027841977D-01 7.5D-09 0.0D+00 2.1D-09 0.0D+00       22      150       22      220  S
     13      1   2.3853718056483572D-01 7.5D-09 0.0D+00 1.0D-08 0.0D+00       24      152       24      240  S
     13      1   2.3853718027959439D-01 7.5D-09 0.0D+00 1.8D-09 0.0D+00       22      143       22      220  S
     13      1   2.3853718141400260D-01 7.5D-09 0.0D+00 3.2D-08 0.0D+00       22      186       22      220  S
     13      1   2.3853718028177634D-01 7.5D-09 0.0D+00 4.3D-09 0.0D+00       23      148       23      230  S
     13      1   2.3853717835234761D-01 7.5D-09 0.0D+00 1.3D-09 0.0D+00       22      134       22      220  S
     13      1   2.3853717835359092D-01 7.5D-09 0.0D+00 3.9D-09 0.0D+00       22      158       22      220  S
     13      1   2.3853718444765759D-01 7.5D-09 0.0D+00 4.1D-08 0.0D+00       24      175       25      241  S
     13      1   2.3756722723367407D-01 7.1D-09 0.0D+00 1.8D-09 0.0D+00       23      140       23      230  S
     13      1   2.3853718056270873D-01 7.5D-09 0.0D+00 4.4D-08 0.0D+00       23      177       23      230  S
     13      1   2.3853718056886886D-01 7.5D-09 0.0D+00 3.5D-10 0.0D+00       23      144       23      230  S
     13      1   2.3853718027251308D-01 7.5D-09 0.0D+00 9.1D-08 0.0D+00       23      157       23      230  S
     13      1   2.3756722998488414D-01 7.1D-09 0.0D+00 5.8D-08 0.0D+00       24      171       24      240  S
     13      1   2.3756722722836537D-01 7.1D-09 0.0D+00 6.1D-08 0.0D+00       22      130       22      220  S
     13      1   2.3853718027641344D-01 7.5D-09 0.0D+00 1.4D-09 0.0D+00       23      137       23      230  S
     13      1   2.4987979109864972D-01 7.3D-09 0.0D+00 3.7D-10 0.0D+00       22      154       22      220  S
     13      1   2.3853718140960131D-01 7.5D-09 0.0D+00 8.9D-09 0.0D+00       23      140       23      230  S
     13      1   2.3853718141285685D-01 7.5D-09 0.0D+00 7.9D-08 0.0D+00       23      179       23      230  S
     13      1   2.3853717836239993D-01 7.5D-09 0.0D+00 3.1D-09 0.0D+00       22      151       22      220  S
     13      1   2.3853718027256154D-01 7.5D-09 0.0D+00 9.4D-08 0.0D+00       23      153       24      231  S
     13      1   2.3756722722924639D-01 7.1D-09 0.0D+00 2.8D-08 0.0D+00       23      126       23      230  S
     13      1   2.3756722998433297D-01 7.1D-09 0.0D+00 3.1D-08 0.0D+00       24      177       24      240  S
     13      1   2.3756722723081541D-01 7.1D-09 0.0D+00 4.6D-08 0.0D+00       23      145       24      232  S
     13      1   2.3853717793172008D-01 7.5D-09 0.0D+00 1.3D-09 0.0D+00       22      154       22      220  S
     13      1   2.3853717835145610D-01 7.5D-09 0.0D+00 1.3D-09 0.0D+00       22      156       22      220  S
     13      1   2.3853717835388710D-01 7.5D-09 0.0D+00 3.3D-08 0.0D+00       23      147       23      230  S
     13      1   2.3853717792633217D-01 7.5D-09 0.0D+00 1.4D-09 0.0D+00       22      128       22      220  S
     13      1   2.3853718027617166D-01 7.5D-09 0.0D+00 2.8D-09 0.0D+00       22      170       22      220  S
     13      1   2.3853718448814951D-01 7.5D-09 0.0D+00 4.3D-07 0.0D+00       24      200       24      240  S
     13      1   2.6007548654523771D-01 4.2D-07 0.0D+00 5.9D-01 0.0D+00       22      118       23      230  S
     13      1   2.3756722723197435D-01 7.1D-09 0.0D+00 6.0D-08 0.0D+00       23      155       23      230  S
     13      1   2.3755952551843548D-01 8.1D-09 0.0D+00 6.9D-08 0.0D+00       23      144       23      230  S
     13      1   2.3853718141358937D-01 7.5D-09 0.0D+00 9.2D-06 0.0D+00       22      144       23      223  S
     13      1   2.3755952551560144D-01 8.1D-09 0.0D+00 1.7D-10 0.0D+00       21      147       21      210  S
     13      1   2.3853718056848519D-01 7.5D-09 0.0D+00 1.3D-09 0.0D+00       22      182       22      220  S
     13      1   2.3756722723353454D-01 7.1D-09 0.0D+00 3.0D-10 0.0D+00       22      175       22      220  S
     13      1   2.3755952551288917D-01 8.1D-09 0.0D+00 4.8D-08 0.0D+00       23      176       24      231  S
     13      1   2.3853718444815855D-01 7.5D-09 0.0D+00 4.2D-08 0.0D+00       24      143       24      240  S
     13      1   2.3756722723039414D-01 7.1D-09 0.0D+00 2.0D-09 0.0D+00       22      153       22      220  S
     13      1   2.3756722998835195D-01 7.1D-09 0.0D+00 4.6D-09 0.0D+00       23      147       23      230  S
     13      1   2.3756722723025028D-01 7.1D-09 0.0D+00 3.8D-09 0.0D+00       22      147       22      220  S
     13      1   2.3756722998406055D-01 7.1D-09 0.0D+00 5.7D-08 0.0D+00       23      172       24      232  S
     13      1   2.3853718141438698D-01 7.5D-09 0.0D+00 1.8D-09 0.0D+00       22      167       22      220  S
     13      1   2.3853718444731586D-01 7.5D-09 0.0D+00 3.9D-08 0.0D+00       23      165       23      230  S
     13      1   2.3813581538635401D-01 5.5D-07 0.0D+00 8.0D-03 0.0D+00       25      140       26      260  S
     13      1   2.3756722723157794D-01 7.1D-09 0.0D+00 1.2D-09 0.0D+00       23      145       23      230  S
     13      1   2.3756722761533677D-01 7.1D-09 0.0D+00 3.1D-08 0.0D+00       24      127       24      240  S
     13      1   2.3756722723037130D-01 7.1D-09 0.0D+00 5.2D-09 0.0D+00       22      143       22      220  S
     13      1   2.5007525676770431D-01 7.3D-09 0.0D+00 7.7D-08 0.0D+00       24      193       24      240  S
     13      1   2.3853718027557591D-01 7.5D-09 0.0D+00 8.6D-09 0.0D+00       21      113       21      210  S
     13      1   2.3853718028070850D-01 7.5D-09 0.0D+00 1.6D-09 0.0D+00       22      154       22      220  S
     13      1   2.3756722722974072D-01 7.1D-09 0.0D+00 1.8D-08 0.0D+00       23      160       23      230  S
     13      1   2.3853718027857693D-01 7.5D-09 0.0D+00 6.8D-09 0.0D+00       22      145       22      220  S
     13      1   2.3853717793221013D-01 7.5D-09 0.0D+00 3.5D-09 0.0D+00       22      144       22      220  S
     13      1   2.3853718445058988D-01 7.5D-09 0.0D+00 2.8D-09 0.0D+00       22      164       22      220  S
     13      1   2.3756722998273924D-01 7.1D-09 0.0D+00 6.1D-08 0.0D+00       23      170       23      230  S
     13      1   2.3853718444500274D-01 7.5D-09 0.0D+00 8.0D-08 0.0D+00       23      187       24      231  S
     13      1   2.3853718027641940D-01 7.5D-09 0.0D+00 4.1D-08 0.0D+00       23      159       24      231  S
     13      1   2.3755952551733903D-01 8.1D-09 0.0D+00 1.8D-09 0.0D+00       21      133       21      210  S
     13      1   2.3756722723001958D-01 7.1D-09 0.0D+00 2.5D-08 0.0D+00       23      165       23      230  S
     13      1   2.3853718444658115D-01 7.5D-09 0.0D+00 5.9D-08 0.0D+00       23      187       23      230  S
     13      1   2.3853718055984885D-01 7.5D-09 0.0D+00 9.3D-08 0.0D+00       23      130       23      230  S
     13      1   2.3853718027247645D-01 7.5D-09 0.0D+00 8.5D-08 0.0D+00       23      169       24      232  S
     13      1   2.3853717835075797D-01 7.5D-09 0.0D+00 1.5D-11 0.0D+00       22      158       22      220  S
     13      1   2.3853718445444527D-01 7.5D-09 0.0D+00 5.4D-10 0.0D+00       21      126       21      210  S
     13      1   2.6444366506654959D-01 6.9D-09 0.0D+00 1.7D-07 0.0D+00       22      166       22      220  S
     13      1   2.3853717835108698D-01 7.5D-09 0.0D+00 1.4D-09 0.0D+00       22      144       22      220  S
     13      1   2.3853717835351682D-01 7.5D-09 0.0D+00 4.7D-10 0.0D+00       22      145       22      220  S
     13      1   2.3853718445125582D-01 7.5D-09 0.0D+00 9.4D-08 0.0D+00       24      167       24      240  S
     13      1   2.3853717792707008D-01 7.5D-09 0.0D+00 7.9D-10 0.0D+00       22      136       22      220  S
     13      1   2.3853717834920635D-01 7.5D-09 0.0D+00 4.4D-08 0.0D+00       23      162       23      230  S
     13      1   2.3853717793055501D-01 7.5D-09 0.0D+00 1.8D-09 0.0D+00       21      141       21      210  S
     13      1   2.3853718120801368D-01 7.5D-09 0.0D+00 8.5D-08 0.0D+00       22      162       22      220  S
     13      1   2.3853717835516097D-01 7.5D-09 0.0D+00 3.6D-09 0.0D+00       22      148       22      220  S
     13      1   2.3756722723345422D-01 7.1D-09 0.0D+00 5.9D-10 0.0D+00       22      155       22      220  S
     13      1   2.3756722723151916D-01 7.1D-09 0.0D+00 6.1D-10 0.0D+00       22      145       22      220  S
     13      1   2.3755952551263843D-01 8.1D-09 0.0D+00 3.5D-08 0.0D+00       23      182       24      231  S
     13      1   2.3853718056002077D-01 7.5D-09 0.0D+00 9.3D-08 0.0D+00       23      163       24      231  S
     13      1   2.3756722723019949D-01 7.1D-09 0.0D+00 6.0D-10 0.0D+00       22      155       22      220  S
     13      1   2.3853718056125228D-01 7.5D-09 0.0D+00 3.9D-08 0.0D+00       24      167       25      242  S
     13      1   2.3853718056385914D-01 7.5D-09 0.0D+00 2.5D-09 0.0D+00       22      125       22      220  S
     13      1   2.3853718056416315D-01 7.5D-09 0.0D+00 3.6D-08 0.0D+00       23      161       24      231  S
     13      1   2.3756722998570756D-01 7.1D-09 0.0D+00 2.2D-09 0.0D+00       22      153       22      220  S
     13      1   2.3853717792711776D-01 7.5D-09 0.0D+00 7.2D-10 0.0D+00       23      142       23      230  S
     13      1   2.3853718027703552D-01 7.5D-09 0.0D+00 9.9D-10 0.0D+00       22      152       22      220  S
     13      1   2.3853717834776841D-01 7.5D-09 0.0D+00 9.4D-08 0.0D+00       24      159       24      240  S
     13      1   2.3853717835106802D-01 7.5D-09 0.0D+00 1.8D-09 0.0D+00       23      147       23      230  S
     13      1   2.3853718027659843D-01 7.5D-09 0.0D+00 6.8D-10 0.0D+00       22      132       22      220  S
     13      1   2.3853718027599041D-01 7.5D-09 0.0D+00 1.6D-08 0.0D+00       24      163       25      241  S
     13      1   2.3853718444933933D-01 7.5D-09 0.0D+00 1.3D-09 0.0D+00       22      138       22      220  S
     13      1   2.3756722723340234D-01 7.1D-09 0.0D+00 9.1D-10 0.0D+00       22      126       22      220  S
