     11      1   2.3853717792495621D-01 7.5D-09 0.0D+00 9.0D-08 0.0D+00       24      152       24      240  S
     11      1   2.3853717792978221D-01 7.5D-09 0.0D+00 3.5D-09 0.0D+00       21      126       21      210  S
     11      1   2.3853717792493176D-01 7.5D-09 0.0D+00 1.1D-09 0.0D+00       22      148       22      220  S
     11      1   2.3853717792516035D-01 7.5D-09 0.0D+00 2.1D-09 0.0D+00       22      125       22      220  S
     11      1   2.3853717792822207D-01 7.5D-09 0.0D+00 8.1D-08 0.0D+00       24      144       24      240  S
     11      1   2.3853717792530510D-01 7.5D-09 0.0D+00 4.2D-08 0.0D+00       24      152       25      241  S
     11      1   2.3853717792737600D-01 7.5D-09 0.0D+00 7.0D-09 0.0D+00       22      145       22      220  S
     11      1   2.3853717792577697D-01 7.5D-09 0.0D+00 9.0D-08 0.0D+00       23      155       23      230  S
     11      1   2.3853717792451803D-01 7.5D-09 0.0D+00 3.1D-08 0.0D+00       22      144       22      220  S
     11      1   2.3853717792571091D-01 7.5D-09 0.0D+00 1.9D-10 0.0D+00       22      127       22      220  S
     11      1   2.3853717792296955D-01 7.5D-09 0.0D+00 4.4D-08 0.0D+00       23      145       23      230  S
     11      1   2.3853717792912868D-01 7.5D-09 0.0D+00 3.1D-08 0.0D+00       24      173       25      241  S
     11      1   2.3853717792249618D-01 7.5D-09 0.0D+00 9.0D-08 0.0D+00       23      144       23      230  S
     11      1   2.3853717792915966D-01 7.5D-09 0.0D+00 4.3D-09 0.0D+00       22      134       22      220  S
     11      1   2.3853717792306620D-01 7.5D-09 0.0D+00 8.2D-08 0.0D+00       24      139       24      240  S
     11      1   2.3853717792481682D-01 7.5D-09 0.0D+00 4.4D-08 0.0D+00       23      145       23      230  S
     11      1   2.3853717792618509D-01 7.5D-09 0.0D+00 3.5D-09 0.0D+00       23      129       23      230  S
     11      1   2.3853717792343038D-01 7.5D-09 0.0D+00 2.9D-08 0.0D+00       23      143       23      230  S
     11      1   2.3853717792601334D-01 7.5D-09 0.0D+00 2.7D-09 0.0D+00       21      144       21      210  S
     11      1   2.3853717792727097D-01 7.5D-09 0.0D+00 1.2D-11 0.0D+00       23      132       23      230  S
     11      1   2.3853717792700160D-01 7.5D-09 0.0D+00 1.1D-09 0.0D+00       22      142       22      220  S
     11      1   2.3853717792577156D-01 7.5D-09 0.0D+00 4.2D-08 0.0D+00       23      145       24      232  S
     11      1   2.3853717792613241D-01 7.5D-09 0.0D+00 1.2D-08 0.0D+00       23      170       23      230  S
     11      1   2.3853717792663628D-01 7.5D-09 0.0D+00 1.4D-09 0.0D+00       22      142       22      220  S
     11      1   2.3853717792648721D-01 7.5D-09 0.0D+00 2.9D-09 0.0D+00       22      161       22      220  S
     11      1   2.3853717792584364D-01 7.5D-09 0.0D+00 5.2D-10 0.0D+00       22      131       22      220  S
     11      1   2.3853717792534029D-01 7.5D-09 0.0D+00 4.3D-09 0.0D+00       22      134       22      220  S
     11      1   2.3853717792773321D-01 7.5D-09 0.0D+00 9.2D-08 0.0D+00       23      142       24      231  S
     11      1   2.3853717792979828D-01 7.5D-09 0.0D+00 2.8D-10 0.0D+00       23      146       23      230  S
     11      1   2.3853717792783991D-01 7.5D-09 0.0D+00 8.2D-08 0.0D+00       23      179       24      231  S
     11      1   2.3853717792229628D-01 7.5D-09 0.0D+00 8.9D-08 0.0D+00       23      138       23      230  S
     11      1   2.3853717792568646D-01 7.5D-09 0.0D+00 8.6D-10 0.0D+00       22      120       22      220  S
     11      1   2.3853717792553406D-01 7.5D-09 0.0D+00 1.4D-09 0.0D+00       22      132       22      220  S
     11      1   2.3853717793187781D-01 7.5D-09 0.0D+00 5.6D-09 0.0D+00       22      156       22      220  S
     11      1   2.3853717792601725D-01 7.5D-09 0.0D+00 1.2D-09 0.0D+00       22      117       22      220  S
     11      1   2.3853717792695342D-01 7.5D-09 0.0D+00 1.2D-09 0.0D+00       22      134       22      220  S
     11      1   2.3853717792617735D-01 7.5D-09 0.0D+00 2.1D-10 0.0D+00       22      126       22      220  S
     11      1   2.3853717792689699D-01 7.5D-09 0.0D+00 6.3D-10 0.0D+00       23      137       23      230  S
     11      1   2.3853717792898227D-01 7.5D-09 0.0D+00 2.3D-09 0.0D+00       22      139       22      220  S
     11      1   2.9553427800404436D-01 6.5D-09 0.0D+00 4.6D-09 0.0D+00       21      214       21      210  S
     11      1   2.3853717792663987D-01 7.5D-09 0.0D+00 4.3D-10 0.0D+00       22      127       22      220  S
     11      1   2.3853717792449966D-01 7.5D-09 0.0D+00 3.2D-08 0.0D+00       23      168       23      230  S
     11      1   2.3853717792736998D-01 7.5D-09 0.0D+00 1.5D-09 0.0D+00       23      133       23      230  S
     11      1   2.3853717792651713D-01 7.5D-09 0.0D+00 2.9D-09 0.0D+00       23      141       23      230  S
     11      1   2.3853717792300019D-01 7.5D-09 0.0D+00 7.9D-08 0.0D+00       24      139       24      240  S
     11      1   2.3853717792625909D-01 7.5D-09 0.0D+00 2.8D-10 0.0D+00       23      138       23      230  S
     11      1   2.3853717792609397D-01 7.5D-09 0.0D+00 7.6D-11 0.0D+00       23      130       23      230  S
     11      1   2.3853717792536261D-01 7.5D-09 0.0D+00 7.8D-08 0.0D+00       22      142       22      220  S
     11      1   2.3853717792749654D-01 7.5D-09 0.0D+00 1.1D-09 0.0D+00       22      149       22      220  S
     11      1   2.3853717792585111D-01 7.5D-09 0.0D+00 6.6D-10 0.0D+00       21      142       21      210  S
     11      1   2.3853717792657111D-01 7.5D-09 0.0D+00 4.9D-10 0.0D+00       22      158       22      220  S
     11      1   2.3853717792677781D-01 7.5D-09 0.0D+00 6.8D-08 0.0D+00       23      146       23      230  S
     11      1   2.3853717792632984D-01 7.5D-09 0.0D+00 1.0D-09 0.0D+00       23      128       23      230  S
     11      1   2.3853717792668250D-01 7.5D-09 0.0D+00 6.1D-10 0.0D+00       23      130       23      230  S
     11      1   2.3853717792630272D-01 7.5D-09 0.0D+00 2.1D-09 0.0D+00       22      121       22      220  S
     11      1   2.3853717792885154D-01 7.5D-09 0.0D+00 7.1D-10 0.0D+00       23      129       23      230  S
     11      1   2.3853717792670212D-01 7.5D-09 0.0D+00 1.1D-09 0.0D+00       22      137       22      220  S
     11      1   2.3853717792488685D-01 7.5D-09 0.0D+00 9.1D-08 0.0D+00       24      160       24      240  S
     11      1   2.3853717792840781D-01 7.5D-09 0.0D+00 4.6D-08 0.0D+00       23      142       23      230  S
     11      1   2.3853717793135273D-01 7.5D-09 0.0D+00 4.9D-10 0.0D+00       23      133       23      230  S
     11      1   2.3853717792671258D-01 7.5D-09 0.0D+00 4.3D-10 0.0D+00       22      122       22      220  S
     11      1   2.3853717792736251D-01 7.5D-09 0.0D+00 1.1D-09 0.0D+00       22      154       22      220  S
     11      1   2.3853717792977822D-01 7.5D-09 0.0D+00 3.3D-08 0.0D+00       23      155       23      230  S
     11      1   2.5513802687775466D-01 7.6D-09 0.0D+00 5.1D-07 0.0D+00       24      166       24      240  S
     11      1   2.3853717792612075D-01 7.5D-09 0.0D+00 1.1D-09 0.0D+00       22      120       22      220  S
     11      1   2.3853717792637164D-01 7.5D-09 0.0D+00 1.3D-09 0.0D+00       22      143       22      220  S
     11      1   2.3853717793163928D-01 7.5D-09 0.0D+00 1.4D-09 0.0D+00       21      138       21      210  S
     11      1   2.3853717793143014D-01 7.5D-09 0.0D+00 2.0D-09 0.0D+00       22      131       22      220  S
     11      1   2.3853717792397494D-01 7.5D-09 0.0D+00 5.0D-08 0.0D+00       23      140       23      230  S
     11      1   2.3853717792846077D-01 7.5D-09 0.0D+00 4.2D-09 0.0D+00       23      138       23      230  S
     11      1   2.3853717792489168D-01 7.5D-09 0.0D+00 4.5D-08 0.0D+00       24      167       25      241  S
     11      1   2.3853717793219803D-01 7.5D-09 0.0D+00 4.2D-09 0.0D+00       21      148       21      210  S
     11      1   2.3853717792686577D-01 7.5D-09 0.0D+00 1.6D-09 0.0D+00       23      124       23      230  S
     11      1   2.5513811054205798D-01 7.6D-09 0.0D+00 7.5D-09 0.0D+00       22      151       22      220  S
     11      1   2.3853717792693496D-01 7.5D-09 0.0D+00 1.2D-09 0.0D+00       22      144       22      220  S
     11      1   2.3853717792730680D-01 7.5D-09 0.0D+00 8.6D-10 0.0D+00       22      138       22      220  S
     11      1   2.3853717792468632D-01 7.5D-09 0.0D+00 6.4D-08 0.0D+00       24      149       24      240  S
     11      1   2.3853717792648715D-01 7.5D-09 0.0D+00 3.8D-09 0.0D+00       22      126       22      220  S
     11      1   2.3853717792705131D-01 7.5D-09 0.0D+00 9.9D-11 0.0D+00       22      130       22      220  S
     11      1   2.3853717793165247D-01 7.5D-09 0.0D+00 1.6D-09 0.0D+00       22      149       22      220  S
     11      1   2.3853717793071244D-01 7.5D-09 0.0D+00 1.8D-10 0.0D+00       23      151       23      230  S
     11      1   2.3853717792713480D-01 7.5D-09 0.0D+00 2.5D-09 0.0D+00       23      145       23      230  S
     11      1   2.3853717792269249D-01 7.5D-09 0.0D+00 8.4D-08 0.0D+00       23      137       23      230  S
     11      1   2.3853717792653106D-01 7.5D-09 0.0D+00 2.7D-09 0.0D+00       21      143       21      210  S
     11      1   2.3853717792672560D-01 7.5D-09 0.0D+00 4.3D-09 0.0D+00       23      141       23      230  S
     11      1   2.3853717792975562D-01 7.5D-09 0.0D+00 3.8D-10 0.0D+00       22      125       22      220  S
     11      1   2.3853717792777240D-01 7.5D-09 0.0D+00 3.3D-10 0.0D+00       23      143       23      230  S
     11      1   2.3853717792568713D-01 7.5D-09 0.0D+00 3.0D-08 0.0D+00       23      182       23      230  S
     11      1   2.3853717792639600D-01 7.5D-09 0.0D+00 4.5D-09 0.0D+00       22      144       22      220  S
     11      1   2.3853717792506637D-01 7.5D-09 0.0D+00 4.4D-08 0.0D+00       24      163       24      240  S
     11      1   2.3853717793115217D-01 7.5D-09 0.0D+00 2.7D-09 0.0D+00       21      134       21      210  S
     11      1   2.3853717792673959D-01 7.5D-09 0.0D+00 5.6D-10 0.0D+00       21      124       21      210  S
     11      1   2.3853717792669460D-01 7.5D-09 0.0D+00 6.9D-08 0.0D+00       23      143       23      230  S
     11      1   2.3853717792228682D-01 7.5D-09 0.0D+00 9.4D-08 0.0D+00       23      119       23      230  S
     11      1   2.3853717792688159D-01 7.5D-09 0.0D+00 1.7D-09 0.0D+00       23      149       23      230  S
     11      1   2.3853717792770396D-01 7.5D-09 0.0D+00 4.2D-09 0.0D+00       23      143       23      230  S
     11      1   2.3853717792972265D-01 7.5D-09 0.0D+00 2.6D-09 0.0D+00       22      150       22      220  S
     11      1   2.3853717792587226D-01 7.5D-09 0.0D+00 8.0D-08 0.0D+00       23      145       24      231  S
     11      1   2.3853717792508483D-01 7.5D-09 0.0D+00 1.4D-08 0.0D+00       23      138       23      230  S
     11      1   2.3853717792662879D-01 7.5D-09 0.0D+00 1.2D-09 0.0D+00       23      133       23      230  S
     11      1   2.3853717793088997D-01 7.5D-09 0.0D+00 8.9D-10 0.0D+00       22      125       22      220  S
     11      1   2.3853717792741852D-01 7.5D-09 0.0D+00 2.7D-09 0.0D+00       23      141       23      230  S
     11      1   2.3853717792483109D-01 7.5D-09 0.0D+00 4.4D-08 0.0D+00       24      144       24      240  S
     11      1   2.3853717792378676D-01 7.5D-09 0.0D+00 5.9D-08 0.0D+00       23      152       24      231  S
     11      1   2.3853717792601312D-01 7.5D-09 0.0D+00 1.7D-09 0.0D+00       22      118       22      220  S
     11      1   2.3853717792985099D-01 7.5D-09 0.0D+00 4.1D-08 0.0D+00       23      154       23      230  S
     11      1   2.3853717792646245D-01 7.5D-09 0.0D+00 2.8D-09 0.0D+00       23      137       23      230  S
     11      1   2.3853717792551543D-01 7.5D-09 0.0D+00 1.6D-08 0.0D+00       24      137       24      240  S
     11      1   2.3853717792470788D-01 7.5D-09 0.0D+00 9.0D-08 0.0D+00       23      138       23      230  S
     11      1   2.3853717792325596D-01 7.5D-09 0.0D+00 9.1D-08 0.0D+00       22      139       22      220  S
     11      1   2.3853717793152765D-01 7.5D-09 0.0D+00 2.4D-09 0.0D+00       23      152       23      230  S
     11      1   2.3853717792455850D-01 7.5D-09 0.0D+00 4.5D-08 0.0D+00       22      139       23      221  S
     11      1   2.3853717792766183D-01 7.5D-09 0.0D+00 3.8D-09 0.0D+00       22      160       22      220  S
     11      1   2.3853717792822127D-01 7.5D-09 0.0D+00 1.2D-09 0.0D+00       23      170       23      230  S
     11      1   2.3853717792330670D-01 7.5D-09 0.0D+00 8.9D-08 0.0D+00       22      152       22      220  S
     11      1   2.5590854204569191D-01 7.3D-09 0.0D+00 1.9D-07 0.0D+00       22      144       22      220  S
     11      1   2.3853717792738685D-01 7.5D-09 0.0D+00 2.0D-09 0.0D+00       23      139       23      230  S
     11      1   2.3853717792298565D-01 7.5D-09 0.0D+00 8.6D-08 0.0D+00       24      139       25      241  S
     11      1   2.3853717792722312D-01 7.5D-09 0.0D+00 8.0D-08 0.0D+00       23      153       23      230  S
     11      1   2.3853717792641238D-01 7.5D-09 0.0D+00 3.9D-10 0.0D+00       23      132       23      230  S
     11      1   2.3853717792656820D-01 7.5D-09 0.0D+00 1.9D-09 0.0D+00       22      161       22      220  S
     11      1   2.3853717792302198D-01 7.5D-09 0.0D+00 3.4D-08 0.0D+00       23      146       23      230  S
     11      1   2.3853717792822801D-01 7.5D-09 0.0D+00 9.1D-08 0.0D+00       23      145       23      230  S
     11      1   2.3853717792658505D-01 7.5D-09 0.0D+00 8.1D-10 0.0D+00       22      125       22      220  S
     11      1   2.3853717792340498D-01 7.5D-09 0.0D+00 9.1D-08 0.0D+00       22      175       23      221  S
     11      1   2.3853717793159593D-01 7.5D-09 0.0D+00 6.3D-10 0.0D+00       22      136       22      220  S
     11      1   2.3853717792134149D-01 7.5D-09 0.0D+00 9.0D-08 0.0D+00       23      154       23      230  S
     11      1   2.3853717792788745D-01 7.5D-09 0.0D+00 8.6D-10 0.0D+00       21      123       21      210  S
     11      1   2.5513802688129333D-01 7.6D-09 0.0D+00 2.5D-07 0.0D+00       24      157       24      240  S
     11      1   2.3853717792870410D-01 7.5D-09 0.0D+00 2.4D-09 0.0D+00       22      115       22      220  S
     11      1   2.3853717792575824D-01 7.5D-09 0.0D+00 9.2D-08 0.0D+00       24      162       24      240  S
     11      1   2.3853717792378662D-01 7.5D-09 0.0D+00 4.6D-08 0.0D+00       22      129       22      220  S
     11      1   2.3853717792854462D-01 7.5D-09 0.0D+00 2.0D-09 0.0D+00       23      143       23      230  S
     11      1   2.3853717792350654D-01 7.5D-09 0.0D+00 8.6D-08 0.0D+00       24      160       25      241  S
     11      1   2.3853717792339457D-01 7.5D-09 0.0D+00 7.3D-08 0.0D+00       24      133       24      240  S
     11      1   2.3853717792623119D-01 7.5D-09 0.0D+00 2.1D-08 0.0D+00       23      180       24      232  S
     11      1   2.3853717792729742D-01 7.5D-09 0.0D+00 1.3D-09 0.0D+00       23      124       23      230  S
     11      1   2.3853717792624624D-01 7.5D-09 0.0D+00 1.4D-09 0.0D+00       22      129       22      220  S
     11      1   2.3853717792773454D-01 7.5D-09 0.0D+00 1.8D-09 0.0D+00       23      154       23      230  S
     11      1   2.3853717792846071D-01 7.5D-09 0.0D+00 5.0D-10 0.0D+00       22      145       22      220  S
     11      1   2.3853717792460485D-01 7.5D-09 0.0D+00 2.9D-08 0.0D+00       22      140       22      220  S
     11      1   2.3853717792679516D-01 7.5D-09 0.0D+00 5.2D-10 0.0D+00       23      137       23      230  S
     11      1   2.3853717792790155D-01 7.5D-09 0.0D+00 9.0D-08 0.0D+00       24      150       24      240  S
     11      1   2.3853717792877657D-01 7.5D-09 0.0D+00 2.8D-09 0.0D+00       22      133       22      220  S
     11      1   2.3853717792741891D-01 7.5D-09 0.0D+00 1.3D-09 0.0D+00       23      139       23      230  S
     11      1   2.3853717792643356D-01 7.5D-09 0.0D+00 2.4D-10 0.0D+00       21      126       21      210  S
     11      1   2.3853717792882065D-01 7.5D-09 0.0D+00 2.0D-09 0.0D+00       22      158       22      220  S
     11      1   2.3853717792825582D-01 7.5D-09 0.0D+00 2.9D-09 0.0D+00       23      137       23      230  S
     11      1   2.3853717792518661D-01 7.5D-09 0.0D+00 1.4D-09 0.0D+00       22      155       22      220  S
     11      1   2.3853717792441290D-01 7.5D-09 0.0D+00 8.9D-08 0.0D+00       24      145       25      242  S
     11      1   2.3853717792534110D-01 7.5D-09 0.0D+00 9.2D-08 0.0D+00       24      152       25      241  S
     11      1   2.3853717792669041D-01 7.5D-09 0.0D+00 9.0D-08 0.0D+00       24      144       24      240  S
     11      1   2.3853717792721105D-01 7.5D-09 0.0D+00 4.5D-10 0.0D+00       23      158       23      230  S
     11      1   2.3853717792472426D-01 7.5D-09 0.0D+00 3.3D-10 0.0D+00       22      124       22      220  S
     11      1   2.3853717792606427D-01 7.5D-09 0.0D+00 1.5D-09 0.0D+00       22      124       22      220  S
     11      1   2.3853717793262669D-01 7.5D-09 0.0D+00 2.3D-09 0.0D+00       23      148       23      230  S
     11      1   2.3853717793202764D-01 7.5D-09 0.0D+00 1.8D-10 0.0D+00       21      140       21      210  S
     11      1   2.3853717793263876D-01 7.5D-09 0.0D+00 2.1D-12 0.0D+00       23      144       23      230  S
     11      1   2.3853717792451137D-01 7.5D-09 0.0D+00 4.4D-08 0.0D+00       24      148       25      241  S
     11      1   2.5590854204817759D-01 7.3D-09 0.0D+00 1.0D-10 0.0D+00       22      139       22      220  S
     11      1   2.3853717792339332D-01 7.5D-09 0.0D+00 8.7D-08 0.0D+00       23      142       24      232  S
     11      1   2.3853717792285464D-01 7.5D-09 0.0D+00 9.2D-08 0.0D+00       24      134       24      240  S
     11      1   2.3853717792661955D-01 7.5D-09 0.0D+00 4.5D-09 0.0D+00       23      130       23      230  S
     11      1   2.3853717792866186D-01 7.5D-09 0.0D+00 4.0D-10 0.0D+00       22      144       22      220  S
     11      1   2.3853717792345525D-01 7.5D-09 0.0D+00 9.1D-08 0.0D+00       23      131       23      230  S
     11      1   2.3853717792601253D-01 7.5D-09 0.0D+00 2.1D-09 0.0D+00       21      116       21      210  S
     11      1   2.3853717792804804D-01 7.5D-09 0.0D+00 8.6D-09 0.0D+00       23      153       23      230  S
     11      1   2.3853717792965848D-01 7.5D-09 0.0D+00 1.1D-09 0.0D+00       22      141       22      220  S
     11      1   2.3853717792338441D-01 7.5D-09 0.0D+00 9.2D-08 0.0D+00       23      134       23      230  S
     11      1   2.3853717792633608D-01 7.5D-09 0.0D+00 1.5D-10 0.0D+00       23      153       23      230  S
     11      1   2.3853717792542140D-01 7.5D-09 0.0D+00 6.8D-08 0.0D+00       22      146       22      220  S
     11      1   2.3853717792641760D-01 7.5D-09 0.0D+00 2.0D-09 0.0D+00       22      132       22      220  S
     11      1   2.3853717792641591D-01 7.5D-09 0.0D+00 8.2D-12 0.0D+00       23      127       23      230  S
     11      1   2.3853717792531637D-01 7.5D-09 0.0D+00 8.8D-08 0.0D+00       22      137       22      220  S
     11      1   2.6444313497952626D-01 6.9D-09 0.0D+00 1.6D-08 0.0D+00       23      197       23      230  S
     11      1   2.3853717793138884D-01 7.5D-09 0.0D+00 2.4D-10 0.0D+00       22      150       22      220  S
     11      1   2.3853717792740278D-01 7.5D-09 0.0D+00 2.0D-09 0.0D+00       23      130       23      230  S
     11      1   2.3853717792618456D-01 7.5D-09 0.0D+00 1.0D-09 0.0D+00       22      151       22      220  S
     11      1   2.5513811054184593D-01 7.6D-09 0.0D+00 7.7D-09 0.0D+00       22      137       22      220  S
     11      1   2.3853717792716564D-01 7.5D-09 0.0D+00 8.4D-08 0.0D+00       23      128       23      230  S
     11      1   2.3853717793023504D-01 7.5D-09 0.0D+00 1.4D-09 0.0D+00       22      135       22      220  S
     11      1   2.3853717792421120D-01 7.5D-09 0.0D+00 8.7D-08 0.0D+00       23      156       24      231  S
     11      1   2.5565475417076300D-01 7.5D-09 0.0D+00 4.1D-09 0.0D+00       22      147       22      220  S
     11      1   2.3853717792960635D-01 7.5D-09 0.0D+00 4.2D-08 0.0D+00       23      160       24      232  S
     11      1   2.3853717792407364D-01 7.5D-09 0.0D+00 3.0D-08 0.0D+00       23      180       23      230  S
     11      1   2.3853717792712528D-01 7.5D-09 0.0D+00 4.4D-08 0.0D+00       24      130       24      240  S
     11      1   2.3853717792462997D-01 7.5D-09 0.0D+00 6.6D-08 0.0D+00       23      152       23      230  S
     11      1   2.3853717792435813D-01 7.5D-09 0.0D+00 5.6D-08 0.0D+00       23      145       23      230  S
     11      1   2.5565475417082428D-01 7.5D-09 0.0D+00 5.9D-10 0.0D+00       22      156       22      220  S
     11      1   2.3853717792524784D-01 7.5D-09 0.0D+00 3.8D-08 0.0D+00       22      162       23      222  S
     11      1   2.3853717792540866D-01 7.5D-09 0.0D+00 8.8D-09 0.0D+00       22      127       22      220  S
     11      1   2.3853717792463833D-01 7.5D-09 0.0D+00 7.9D-08 0.0D+00       22      154       23      221  S
     11      1   2.3853717792701470D-01 7.5D-09 0.0D+00 6.9D-10 0.0D+00       23      125       23      230  S
     11      1   2.3853717793159937D-01 7.5D-09 0.0D+00 3.2D-09 0.0D+00       22      119       22      220  S
     11      1   2.3853717793144572D-01 7.5D-09 0.0D+00 1.5D-09 0.0D+00       23      135       23      230  S
     11      1   2.3853717792445592D-01 7.5D-09 0.0D+00 3.6D-08 0.0D+00       23      139       23      230  S
     11      1   2.3853717792641121D-01 7.5D-09 0.0D+00 3.7D-09 0.0D+00       22      126       22      220  S
     11      1   2.3853717793097964D-01 7.5D-09 0.0D+00 2.0D-08 0.0D+00       23      143       23      230  S
     11      1   2.3853717792590148D-01 7.5D-09 0.0D+00 3.0D-09 0.0D+00       22      127       22      220  S
     11      1   2.3853717792586920D-01 7.5D-09 0.0D+00 3.1D-10 0.0D+00       22      123       22      220  S
     11      1   2.3853717792634163D-01 7.5D-09 0.0D+00 1.7D-09 0.0D+00       23      130       23      230  S
     11      1   2.3853717792497572D-01 7.5D-09 0.0D+00 4.4D-08 0.0D+00       24      161       25      241  S
     11      1   2.3853717792581072D-01 7.5D-09 0.0D+00 9.2D-08 0.0D+00       23      164       24      231  S
     11      1   2.3853717792601686D-01 7.5D-09 0.0D+00 5.2D-09 0.0D+00       22      132       22      220  S
     11      1   2.3853717792323537D-01 7.5D-09 0.0D+00 6.5D-08 0.0D+00       22      148       22      220  S
     11      1   2.3853717792572832D-01 7.5D-09 0.0D+00 4.3D-08 0.0D+00       24      150       24      240  S
     11      1   2.5525536869676924D-01 7.6D-09 0.0D+00 5.0D-09 0.0D+00       22      129       22      220  S
     11      1   2.3853717792280504D-01 7.5D-09 0.0D+00 9.2D-08 0.0D+00       22      152       22      220  S
     11      1   2.3853717792502202D-01 7.5D-09 0.0D+00 5.1D-10 0.0D+00       22      146       22      220  S
     11      1   2.3853717792562076D-01 7.5D-09 0.0D+00 4.4D-09 0.0D+00       22      131       22      220  S
     11      1   2.3853717792774895D-01 7.5D-09 0.0D+00 9.8D-10 0.0D+00       23      145       23      230  S
     11      1   2.3853717792619869D-01 7.5D-09 0.0D+00 1.5D-10 0.0D+00       22      121       22      220  S
     11      1   2.3853717792597054D-01 7.5D-09 0.0D+00 9.6D-11 0.0D+00       22      144       22      220  S
     11      1   2.3853717792670726D-01 7.5D-09 0.0D+00 1.4D-09 0.0D+00       22      136       22      220  S
     11      1   2.3853717792677570D-01 7.5D-09 0.0D+00 2.9D-10 0.0D+00       22      128       22      220  S
     11      1   2.3853717792819545D-01 7.5D-09 0.0D+00 2.8D-09 0.0D+00       21      128       21      210  S
     11      1   2.3853717792604714D-01 7.5D-09 0.0D+00 3.5D-09 0.0D+00       22      137       22      220  S
     11      1   2.3853717792481613D-01 7.5D-09 0.0D+00 4.2D-09 0.0D+00       22      137       22      220  S
     11      1   2.3853717792301413D-01 7.5D-09 0.0D+00 8.8D-08 0.0D+00       23      133       23      230  S
     11      1   2.3853717792714876D-01 7.5D-09 0.0D+00 5.0D-09 0.0D+00       22      160       22      220  S
     11      1   2.3853717792585338D-01 7.5D-09 0.0D+00 5.6D-10 0.0D+00       22      138       22      220  S
     11      1   2.3853717792232043D-01 7.5D-09 0.0D+00 9.2D-08 0.0D+00       22      126       22      220  S
     11      1   2.3853717792260129D-01 7.5D-09 0.0D+00 8.9D-08 0.0D+00       23      158       23      230  S
     11      1   2.3853717792254880D-01 7.5D-09 0.0D+00 8.1D-08 0.0D+00       23      149       24      232  S
     11      1   2.5525536869775334D-01 7.6D-09 0.0D+00 2.8D-09 0.0D+00       20      159       20      200  S
     11      1   2.3853717792582402D-01 7.5D-09 0.0D+00 8.5D-08 0.0D+00       23      145       23      230  S
     11      1   2.3853717792620563D-01 7.5D-09 0.0D+00 4.5D-08 0.0D+00       24      158       24      240  S
     11      1   2.3853717792649776D-01 7.5D-09 0.0D+00 2.0D-09 0.0D+00       22      133       22      220  S
     11      1   2.3853717792641055D-01 7.5D-09 0.0D+00 6.1D-10 0.0D+00       22      120       22      220  S
     11      1   2.3853717792465409D-01 7.5D-09 0.0D+00 6.6D-08 0.0D+00       24      146       24      240  S
     11      1   2.5513811054236984D-01 7.6D-09 0.0D+00 2.0D-09 0.0D+00       22      141       22      220  S
     11      1   2.3853717792398607D-01 7.5D-09 0.0D+00 8.9D-08 0.0D+00       23      171       23      230  S
     11      1   2.3853717792606452D-01 7.5D-09 0.0D+00 4.4D-09 0.0D+00       22      130       22      220  S
     11      1   2.3853717792429113D-01 7.5D-09 0.0D+00 6.6D-08 0.0D+00       24      148       24      240  S
     11      1   2.3853717792586290D-01 7.5D-09 0.0D+00 6.2D-09 0.0D+00       22      129       22      220  S
     11      1   2.3853717792276044D-01 7.5D-09 0.0D+00 8.0D-08 0.0D+00       22      144       22      220  S
     11      1   2.3853717792582885D-01 7.5D-09 0.0D+00 1.9D-09 0.0D+00       22      117       22      220  S
     11      1   2.3853717792651805D-01 7.5D-09 0.0D+00 2.2D-09 0.0D+00       23      120       23      230  S
     11      1   2.3853717792663487D-01 7.5D-09 0.0D+00 2.0D-09 0.0D+00       23      132       23      230  S
     11      1   2.5590854204800068D-01 7.3D-09 0.0D+00 4.4D-09 0.0D+00       21      137       21      210  S
     11      1   2.3853717792228141D-01 7.5D-09 0.0D+00 9.1D-08 0.0D+00       22      117       22      220  S
     11      1   2.3853717792767970D-01 7.5D-09 0.0D+00 3.8D-09 0.0D+00       22      142       22      220  S
     11      1   2.3853717792699050D-01 7.5D-09 0.0D+00 1.9D-09 0.0D+00       23      142       23      230  S
     11      1   2.3853717793200324D-01 7.5D-09 0.0D+00 4.3D-10 0.0D+00       23      150       23      230  S
     11      1   2.3853717792723841D-01 7.5D-09 0.0D+00 5.4D-10 0.0D+00       21      148       21      210  S
     11      1   2.3853717792478812D-01 7.5D-09 0.0D+00 6.1D-10 0.0D+00       22      121       22      220  S
     11      1   2.5513811054172547D-01 7.6D-09 0.0D+00 5.4D-10 0.0D+00       22      130       22      220  S
     11      1   2.3853717792297152D-01 7.5D-09 0.0D+00 7.0D-08 0.0D+00       23      134       24      231  S
     11      1   2.3853717792554263D-01 7.5D-09 0.0D+00 2.3D-08 0.0D+00       24      138       25      241  S
     11      1   2.3853717792245774D-01 7.5D-09 0.0D+00 7.9D-08 0.0D+00       23      144       24      231  S
     11      1   2.3853717792347365D-01 7.5D-09 0.0D+00 6.2D-08 0.0D+00       22      146       23      222  S
     11      1   2.3853717793115267D-01 7.5D-09 0.0D+00 2.2D-09 0.0D+00       22      125       22      220  S
     11      1   2.3853717792399648D-01 7.5D-09 0.0D+00 4.1D-08 0.0D+00       22      155       22      220  S
     11      1   2.3853717792362319D-01 7.5D-09 0.0D+00 8.0D-08 0.0D+00       23      157       24      232  S
     11      1   2.3853717792722856D-01 7.5D-09 0.0D+00 1.2D-09 0.0D+00       23      179       23      230  S
     11      1   2.3853717792475931D-01 7.5D-09 0.0D+00 2.1D-09 0.0D+00       22      135       22      220  S
     11      1   2.3853717792595544D-01 7.5D-09 0.0D+00 4.3D-09 0.0D+00       22      118       22      220  S
     11      1   2.3853717792674983D-01 7.5D-09 0.0D+00 1.2D-10 0.0D+00       23      135       23      230  S
     11      1   2.3853717793001880D-01 7.5D-09 0.0D+00 2.3D-09 0.0D+00       21      137       21      210  S
     11      1   2.3853717792662002D-01 7.5D-09 0.0D+00 1.4D-11 0.0D+00       23      138       23      230  S
     11      1   2.5513802688440268D-01 7.6D-09 0.0D+00 1.8D-09 0.0D+00       22      150       22      220  S
     11      1   2.3853717792623017D-01 7.5D-09 0.0D+00 1.3D-09 0.0D+00       21      139       21      210  S
     11      1   2.3853717793083928D-01 7.5D-09 0.0D+00 2.6D-10 0.0D+00       22      121       22      220  S
     11      1   2.3853717793109128D-01 7.5D-09 0.0D+00 1.2D-09 0.0D+00       23      152       23      230  S
     11      1   2.3853717792609852D-01 7.5D-09 0.0D+00 1.4D-10 0.0D+00       23      132       23      230  S
     11      1   2.3853717792458343D-01 7.5D-09 0.0D+00 7.0D-08 0.0D+00       24      159       25      241  S
     11      1   2.3853717792750403D-01 7.5D-09 0.0D+00 1.5D-08 0.0D+00       23      140       23      230  S
     11      1   2.3853717792242951D-01 7.5D-09 0.0D+00 8.7D-08 0.0D+00       23      127       24      231  S
     11      1   2.6403265797879050D-01 6.3D-09 0.0D+00 2.2D-09 0.0D+00       22      160       22      220  S
     11      1   2.3853717792598975D-01 7.5D-09 0.0D+00 1.5D-09 0.0D+00       22      128       22      220  S
     11      1   2.3853717793118590D-01 7.5D-09 0.0D+00 1.7D-09 0.0D+00       21      132       21      210  S
     11      1   2.5513811054191221D-01 7.6D-09 0.0D+00 4.6D-09 0.0D+00       22      145       22      220  S
     11      1   2.3853717792722473D-01 7.5D-09 0.0D+00 9.8D-10 0.0D+00       23      122       23      230  S
     11      1   2.3853717792692783D-01 7.5D-09 0.0D+00 3.8D-09 0.0D+00       21      149       21      210  S
     11      1   2.6430314276144484D-01 6.1D-09 0.0D+00 2.1D-08 0.0D+00       21      164       22      213  S
     11      1   2.3853717792343335D-01 7.5D-09 0.0D+00 8.6D-08 0.0D+00       22      151       22      220  S
     11      1   2.3853717792659207D-01 7.5D-09 0.0D+00 7.5D-10 0.0D+00       23      138       23      230  S
     11      1   2.6444366506755385D-01 6.9D-09 0.0D+00 1.6D-07 0.0D+00       24      166       24      240  S
     11      1   2.3853717792356577D-01 7.5D-09 0.0D+00 6.7D-08 0.0D+00       23      161       24      231  S
     11      1   2.3853717792638679D-01 7.5D-09 0.0D+00 7.1D-10 0.0D+00       22      145       22      220  S
     11      1   2.3853717792799520D-01 7.5D-09 0.0D+00 8.6D-08 0.0D+00       23      142       24      231  S
     11      1   2.3853717792593312D-01 7.5D-09 0.0D+00 2.2D-09 0.0D+00       23      136       23      230  S
     11      1   2.5565475416842059D-01 7.5D-09 0.0D+00 1.3D-07 0.0D+00       24      154       24      240  S
     11      1   2.3853717792638021D-01 7.5D-09 0.0D+00 2.2D-09 0.0D+00       23      142       23      230  S
     11      1   2.3853717792846274D-01 7.5D-09 0.0D+00 5.0D-10 0.0D+00       22      122       22      220  S
     11      1   2.3853717792663096D-01 7.5D-09 0.0D+00 4.1D-10 0.0D+00       23      137       23      230  S
     11      1   2.3853717792585988D-01 7.5D-09 0.0D+00 2.1D-09 0.0D+00       22      140       22      220  S
     11      1   2.5513802688056914D-01 7.6D-09 0.0D+00 3.4D-07 0.0D+00       24      170       24      240  S
     11      1   2.3853717792634946D-01 7.5D-09 0.0D+00 1.9D-09 0.0D+00       23      151       23      230  S
     11      1   2.3853717792629839D-01 7.5D-09 0.0D+00 2.4D-09 0.0D+00       22      131       22      220  S
     11      1   2.3853717792645929D-01 7.5D-09 0.0D+00 1.8D-09 0.0D+00       23      148       23      230  S
     11      1   2.3853717792385776D-01 7.5D-09 0.0D+00 4.1D-08 0.0D+00       22      132       22      220  S
     11      1   2.3853717792685258D-01 7.5D-09 0.0D+00 2.0D-10 0.0D+00       23      141       23      230  S
     11      1   2.3853717792598958D-01 7.5D-09 0.0D+00 3.5D-09 0.0D+00       22      122       22      220  S
     11      1   2.3853717793109608D-01 7.5D-09 0.0D+00 2.3D-09 0.0D+00       23      170       23      230  S
     11      1   2.3853717792703633D-01 7.5D-09 0.0D+00 4.3D-09 0.0D+00       22      146       22      220  S
     11      1   2.3853717792268844D-01 7.5D-09 0.0D+00 9.1D-08 0.0D+00       23      134       24      231  S
     11      1   2.3853717793187593D-01 7.5D-09 0.0D+00 3.6D-09 0.0D+00       22      141       22      220  S
     11      1   2.3853717792677348D-01 7.5D-09 0.0D+00 1.3D-09 0.0D+00       22      145       22      220  S
     11      1   2.3853717792504897D-01 7.5D-09 0.0D+00 3.2D-08 0.0D+00       24      154       24      240  S
