      3      1   5.2828515760777617D-01 9.2D-09 0.0D+00 4.2D-09 0.0D+00       20      100       20      200  S
      3      1   5.2829240861550097D-01 6.9D-09 0.0D+00 3.6D-09 0.0D+00       23      107       23      230  S
      3      1   5.2829240861445614D-01 6.9D-09 0.0D+00 1.7D-09 0.0D+00       21      110       21      210  S
      3      1   5.2829330398509700D-01 6.6D-09 0.0D+00 2.5D-11 0.0D+00       21      114       21      210  S
      3      1   5.2828330716338945D-01 9.9D-09 0.0D+00 2.2D-09 0.0D+00       20      106       20      200  S
      3      1   5.2828641266820942D-01 8.8D-09 0.0D+00 4.1D-09 0.0D+00       20       99       20      200  S
      3      1   5.2829240861448157D-01 6.9D-09 0.0D+00 1.5D-10 0.0D+00       21      111       21      210  S
      3      1   5.2828740453419099D-01 8.4D-09 0.0D+00 4.4D-09 0.0D+00       20       99       20      200  S
      3      1   5.2829240861450688D-01 6.9D-09 0.0D+00 4.2D-09 0.0D+00       21      113       21      210  S
      3      1   5.2829289671331758D-01 6.7D-09 0.0D+00 6.7D-11 0.0D+00       21      117       21      210  S
      3      1   5.2828596004976802D-01 8.9D-09 0.0D+00 5.3D-09 0.0D+00       20       99       20      200  S
      3      1   5.2829240861439797D-01 6.9D-09 0.0D+00 4.7D-09 0.0D+00       21      111       21      210  S
      3      1   5.2829240861432369D-01 6.9D-09 0.0D+00 1.4D-09 0.0D+00       21      111       21      210  S
      3      1   5.2829240861452775D-01 6.9D-09 0.0D+00 1.5D-09 0.0D+00       21      112       21      210  S
      3      1   5.2829240861431626D-01 6.9D-09 0.0D+00 5.2D-09 0.0D+00       21      110       21      210  S
      3      1   5.2829240861439752D-01 6.9D-09 0.0D+00 3.9D-09 0.0D+00       21      111       21      210  S
      3      1   5.2828447737875561D-01 9.5D-09 0.0D+00 1.5D-09 0.0D+00       20      108       20      200  S
      3      1   5.2829240861436799D-01 6.9D-09 0.0D+00 4.6D-09 0.0D+00       21      110       21      210  S
      3      1   5.2829240861443383D-01 6.9D-09 0.0D+00 1.2D-09 0.0D+00       21      113       21      210  S
      3      1   5.2829240861449822D-01 6.9D-09 0.0D+00 1.2D-09 0.0D+00       21      113       21      210  S
      3      1   5.2829240861433391D-01 6.9D-09 0.0D+00 3.5D-09 0.0D+00       21      110       21      210  S
      3      1   5.2829240861451587D-01 6.9D-09 0.0D+00 1.5D-10 0.0D+00       21      113       21      210  S
      3      1   5.2829240861447457D-01 6.9D-09 0.0D+00 1.8D-09 0.0D+00       21      112       21      210  S
      3      1   5.2828667034820787D-01 8.7D-09 0.0D+00 1.9D-09 0.0D+00       20       98       20      200  S
      3      1   5.2829240861445381D-01 6.9D-09 0.0D+00 1.8D-09 0.0D+00       21      112       21      210  S
      3      1   5.2829240861425608D-01 6.9D-09 0.0D+00 1.0D-09 0.0D+00       21      112       21      210  S
      3      1   5.2829240861426408D-01 6.9D-09 0.0D+00 2.4D-09 0.0D+00       21      114       21      210  S
      3      1   5.2829240861436533D-01 6.9D-09 0.0D+00 1.6D-09 0.0D+00       21      114       21      210  S
      3      1   5.2828411382201579D-01 9.6D-09 0.0D+00 3.3D-09 0.0D+00       20      111       20      200  S
      3      1   5.2829240861425086D-01 6.9D-09 0.0D+00 4.6D-09 0.0D+00       21      113       21      210  S
      3      1   5.2829240861435323D-01 6.9D-09 0.0D+00 5.9D-10 0.0D+00       21      112       21      210  S
      3      1   5.2829240861449189D-01 6.9D-09 0.0D+00 6.5D-10 0.0D+00       21      112       21      210  S
      3      1   5.2828410425425842D-01 9.6D-09 0.0D+00 1.0D-10 0.0D+00       20      112       20      200  S
      3      1   5.2829240861545235D-01 6.9D-09 0.0D+00 1.2D-09 0.0D+00       23      108       23      230  S
      3      1   5.2829255533608066D-01 6.8D-09 0.0D+00 3.7D-09 0.0D+00       21      111       21      203  S
      3      1   5.2828312571076563D-01 9.9D-09 0.0D+00 3.1D-09 0.0D+00       20      108       20      200  S
      3      1   5.2828734331551674D-01 8.5D-09 0.0D+00 7.1D-09 0.0D+00       20       98       20      200  S
      3      1   5.2829240861445759D-01 6.9D-09 0.0D+00 1.6D-09 0.0D+00       21      112       21      210  S
      3      1   5.2829359496403350D-01 6.5D-09 0.0D+00 1.3D-09 0.0D+00       21      111       21      210  S
      3      1   5.2828658480194757D-01 8.7D-09 0.0D+00 4.0D-10 0.0D+00       20       98       20      200  S
      3      1   5.2829240861439020D-01 6.9D-09 0.0D+00 1.7D-09 0.0D+00       21      113       21      210  S
      3      1   5.2829289813942282D-01 6.7D-09 0.0D+00 2.0D-10 0.0D+00       21      114       21      210  S
      3      1   5.2829240861428239D-01 6.9D-09 0.0D+00 5.5D-10 0.0D+00       21      114       21      210  S
      3      1   5.2829382997415009D-01 6.4D-09 0.0D+00 3.4D-10 0.0D+00       21      122       21      210  S
      3      1   5.2829397083697738D-01 6.4D-09 0.0D+00 1.2D-09 0.0D+00       21      110       21      210  S
      3      1   5.2829410991071235D-01 6.3D-09 0.0D+00 1.1D-09 0.0D+00       21      110       21      210  S
      3      1   5.2829240861433902D-01 6.9D-09 0.0D+00 1.4D-09 0.0D+00       21      112       21      210  S
      3      1   5.2829240861439075D-01 6.9D-09 0.0D+00 1.6D-09 0.0D+00       21      112       21      210  S
      3      1   5.2828323574733460D-01 9.9D-09 0.0D+00 3.1D-09 0.0D+00       20      109       20      200  S
      3      1   5.2828340279884289D-01 9.8D-09 0.0D+00 4.9D-09 0.0D+00       20      107       20      200  S
      3      1   5.2828356782586039D-01 9.8D-09 0.0D+00 2.7D-09 0.0D+00       20      109       20      200  S
      3      1   5.2828373087119440D-01 9.7D-09 0.0D+00 7.3D-09 0.0D+00       20      108       20      200  S
      3      1   5.2828389197585934D-01 9.7D-09 0.0D+00 3.5D-09 0.0D+00       20      105       20      200  S
      3      1   5.2828405118044708D-01 9.6D-09 0.0D+00 8.5D-10 0.0D+00       20      104       20      200  S
      3      1   5.2829349930234748D-01 6.5D-09 0.0D+00 4.8D-09 0.0D+00       21      114       21      210  S
      3      1   5.2828649868125332D-01 8.8D-09 0.0D+00 4.2D-09 0.0D+00       20       97       20      200  S
      3      1   5.2829240861447990D-01 6.9D-09 0.0D+00 7.9D-10 0.0D+00       21      111       21      210  S
      3      1   5.2828466975615174D-01 9.4D-09 0.0D+00 1.9D-09 0.0D+00       20      101       20      200  S
      3      1   5.2828482002052268D-01 9.3D-09 0.0D+00 1.4D-09 0.0D+00       20      101       20      200  S
      3      1   5.2829240861442939D-01 6.9D-09 0.0D+00 9.9D-10 0.0D+00       21      112       21      210  S
      3      1   5.2829240861435356D-01 6.9D-09 0.0D+00 2.3D-09 0.0D+00       21      112       21      210  S
      3      1   5.2829240861432214D-01 6.9D-09 0.0D+00 4.7D-09 0.0D+00       21      110       21      210  S
      3      1   5.2829240861448268D-01 6.9D-09 0.0D+00 2.0D-09 0.0D+00       21      111       21      210  S
      3      1   5.2829240861423754D-01 6.9D-09 0.0D+00 6.0D-11 0.0D+00       21      111       21      210  S
      3      1   5.2829240861438975D-01 6.9D-09 0.0D+00 1.7D-09 0.0D+00       21      112       21      210  S
      3      1   5.2829240861448357D-01 6.9D-09 0.0D+00 2.4D-09 0.0D+00       21      112       21      210  S
      3      1   5.2829240861433768D-01 6.9D-09 0.0D+00 1.1D-09 0.0D+00       21      111       21      210  S
      3      1   5.2828732794759858D-01 8.5D-09 0.0D+00 2.6D-09 0.0D+00       20       98       20      200  S
      3      1   5.2828705420847966D-01 8.6D-09 0.0D+00 5.3D-09 0.0D+00       20       99       20      200  S
      3      1   5.2828494670851933D-01 9.3D-09 0.0D+00 2.1D-09 0.0D+00       20      102       20      200  S
      3      1   5.2829240861433591D-01 6.9D-09 0.0D+00 2.6D-09 0.0D+00       21      112       21      210  S
      3      1   5.2829240861434990D-01 6.9D-09 0.0D+00 6.1D-10 0.0D+00       21      111       21      210  S
      3      1   5.2828676075688019D-01 8.7D-09 0.0D+00 1.8D-09 0.0D+00       20       98       20      200  S
      3      1   5.2829380203985910D-01 6.4D-09 0.0D+00 3.9D-09 0.0D+00       21      119       21      210  S
      3      1   5.2828701565348535D-01 8.6D-09 0.0D+00 8.2D-09 0.0D+00       20       99       20      200  S
      3      1   5.2828714121347120D-01 8.5D-09 0.0D+00 4.4D-09 0.0D+00       20       98       20      200  S
      3      1   5.2829240861452698D-01 6.9D-09 0.0D+00 3.3D-09 0.0D+00       21      112       21      210  S
      3      1   5.2829240861442983D-01 6.9D-09 0.0D+00 1.0D-09 0.0D+00       21      113       21      210  S
      3      1   5.2829335070281924D-01 6.6D-09 0.0D+00 4.8D-11 0.0D+00       21      111       21      210  S
      3      1   5.2828763135738288D-01 8.4D-09 0.0D+00 1.1D-09 0.0D+00       20       99       20      200  S
      3      1   5.2828775097063285D-01 8.3D-09 0.0D+00 1.0D-09 0.0D+00       20       99       20      200  S
      3      1   5.2829240861424198D-01 6.9D-09 0.0D+00 6.2D-09 0.0D+00       21      111       21      210  S
      3      1   5.2829240861428906D-01 6.9D-09 0.0D+00 7.2D-10 0.0D+00       21      111       21      210  S
      3      1   5.2829240861451865D-01 6.9D-09 0.0D+00 4.9D-09 0.0D+00       21      112       21      210  S
      3      1   5.2829240861563742D-01 6.9D-09 0.0D+00 2.5D-10 0.0D+00       23      110       23      230  S
      3      1   5.2828318236111971D-01 9.9D-09 0.0D+00 3.2D-09 0.0D+00       20      110       20      200  S
      3      1   5.2828509406529289D-01 9.2D-09 0.0D+00 2.8D-09 0.0D+00       20      100       20      200  S
      3      1   5.2829268831887488D-01 6.8D-09 0.0D+00 1.8D-09 0.0D+00       21      112       21      210  S
      3      1   5.2829240861440629D-01 6.9D-09 0.0D+00 9.9D-10 0.0D+00       21      113       21      210  S
      3      1   5.2829240861443028D-01 6.9D-09 0.0D+00 1.1D-09 0.0D+00       21      112       21      210  S
      3      1   5.2829240861445992D-01 6.9D-09 0.0D+00 3.3D-09 0.0D+00       21      113       21      210  S
      3      1   5.2829240861435800D-01 6.9D-09 0.0D+00 2.8D-09 0.0D+00       21      113       21      210  S
      3      1   5.2829240861449867D-01 6.9D-09 0.0D+00 2.7D-09 0.0D+00       21      113       21      210  S
      3      1   5.2829240861434312D-01 6.9D-09 0.0D+00 2.8D-09 0.0D+00       21      114       21      210  S
      3      1   5.2829414172902112D-01 6.3D-09 0.0D+00 3.6D-09 0.0D+00       21      111       21      210  S
      3      1   5.2828582666824841D-01 9.0D-09 0.0D+00 2.0D-09 0.0D+00       20      100       20      200  S
      3      1   5.2828597376787123D-01 8.9D-09 0.0D+00 2.8D-09 0.0D+00       20       97       20      200  S
      3      1   5.2829240861431281D-01 6.9D-09 0.0D+00 2.0D-09 0.0D+00       21      112       21      210  S
      3      1   5.2829240861445048D-01 6.9D-09 0.0D+00 1.7D-09 0.0D+00       21      113       21      210  S
      3      1   5.2829240861429227D-01 6.9D-09 0.0D+00 1.7D-09 0.0D+00       21      111       21      210  S
      3      1   5.2829240861422022D-01 6.9D-09 0.0D+00 1.6D-09 0.0D+00       21      112       21      210  S
      3      1   5.2829240861448545D-01 6.9D-09 0.0D+00 9.4D-10 0.0D+00       21      112       21      210  S
      3      1   5.2828502573446467D-01 9.3D-09 0.0D+00 6.3D-10 0.0D+00       20      105       20      200  S
      3      1   5.2829240861430127D-01 6.9D-09 0.0D+00 3.1D-09 0.0D+00       21      112       21      210  S
      3      1   5.2829240861435212D-01 6.9D-09 0.0D+00 2.6D-09 0.0D+00       21      113       21      210  S
      3      1   5.2829240861433613D-01 6.9D-09 0.0D+00 7.6D-10 0.0D+00       21      113       21      210  S
      3      1   5.2828307187200996D-01 1.0D-08 0.0D+00 4.1D-09 0.0D+00       20      108       20      200  S
      3      1   5.2828615458724582D-01 8.9D-09 0.0D+00 5.4D-09 0.0D+00       20       97       20      200  S
      3      1   5.2829240861442817D-01 6.9D-09 0.0D+00 2.6D-09 0.0D+00       21      112       21      210  S
      3      1   5.2828452323458397D-01 9.4D-09 0.0D+00 2.2D-09 0.0D+00       20      102       20      200  S
      3      1   5.2829240861435833D-01 6.9D-09 0.0D+00 7.3D-10 0.0D+00       21      111       21      210  S
      3      1   5.2829240861430671D-01 6.9D-09 0.0D+00 1.4D-09 0.0D+00       21      112       21      210  S
      3      1   5.2829240861441618D-01 6.9D-09 0.0D+00 6.6D-10 0.0D+00       21      113       21      210  S
      3      1   5.2829240861429794D-01 6.9D-09 0.0D+00 3.5D-09 0.0D+00       21      111       21      210  S
      3      1   5.2829240861436488D-01 6.9D-09 0.0D+00 2.5D-10 0.0D+00       21      115       21      210  S
      3      1   5.2829240861428872D-01 6.9D-09 0.0D+00 3.4D-09 0.0D+00       21      111       21      210  S
      3      1   5.2829260304071513D-01 6.8D-09 0.0D+00 1.1D-09 0.0D+00       21      112       21      203  S
      3      1   5.2828740819821285D-01 8.4D-09 0.0D+00 3.1D-09 0.0D+00       20       99       20      200  S
      3      1   5.2828670172605241D-01 8.7D-09 0.0D+00 2.7D-09 0.0D+00       20       99       20      200  S
      3      1   5.2828614831769771D-01 8.9D-09 0.0D+00 3.0D-09 0.0D+00       20       98       20      200  S
      3      1   5.2829240861422699D-01 6.9D-09 0.0D+00 3.5D-09 0.0D+00       21      111       21      210  S
      3      1   5.2829240861434901D-01 6.9D-09 0.0D+00 4.5D-10 0.0D+00       21      112       21      210  S
      3      1   5.2828531364813847D-01 9.2D-09 0.0D+00 9.3D-10 0.0D+00       20       97       20      200  S
      3      1   5.2829240861443660D-01 6.9D-09 0.0D+00 7.8D-09 0.0D+00       21      112       21      210  S
      3      1   5.2828634186072210D-01 8.8D-09 0.0D+00 1.1D-09 0.0D+00       20       99       20      200  S
      3      1   5.2828492619129797D-01 9.3D-09 0.0D+00 2.3D-09 0.0D+00       20      102       20      200  S
      3      1   5.2828764135292339D-01 8.4D-09 0.0D+00 2.9D-09 0.0D+00       20       99       20      200  S
      3      1   5.2829240861444116D-01 6.9D-09 0.0D+00 9.7D-10 0.0D+00       21      114       21      210  S
      3      1   5.2829250076325496D-01 6.8D-09 0.0D+00 1.0D-09 0.0D+00       21      115       21      210  S
      3      1   5.2829265936699354D-01 6.8D-09 0.0D+00 1.4D-09 0.0D+00       21      112       21      210  S
      3      1   5.2829240861419091D-01 6.9D-09 0.0D+00 2.8D-09 0.0D+00       21      113       21      210  S
      3      1   5.2828772792865986D-01 8.3D-09 0.0D+00 7.7D-10 0.0D+00       20      101       20      200  S
      3      1   5.2829240861415006D-01 6.9D-09 0.0D+00 5.3D-09 0.0D+00       21      111       21      210  S
      3      1   5.2829240861561300D-01 6.9D-09 0.0D+00 5.5D-10 0.0D+00       23      109       23      230  S
      3      1   5.2829342041754179D-01 6.5D-09 0.0D+00 2.1D-09 0.0D+00       21      112       21      210  S
      3      1   5.2828605922024752D-01 8.9D-09 0.0D+00 2.7D-09 0.0D+00       20      100       20      200  S
      3      1   5.2829371083453169D-01 6.5D-09 0.0D+00 3.5D-09 0.0D+00       21      110       21      210  S
      3      1   5.2829240861432947D-01 6.9D-09 0.0D+00 3.6D-09 0.0D+00       21      111       21      210  S
      3      1   5.2828521864467182D-01 9.2D-09 0.0D+00 1.6D-10 0.0D+00       20       99       20      200  S
      3      1   5.2829240861436366D-01 6.9D-09 0.0D+00 1.8D-09 0.0D+00       21      112       21      210  S
      3      1   5.2829365891595448D-01 6.5D-09 0.0D+00 3.0D-09 0.0D+00       21      108       21      210  S
      3      1   5.2829281911119386D-01 6.7D-09 0.0D+00 2.1D-09 0.0D+00       21      113       21      210  S
      3      1   5.2829240861422777D-01 6.9D-09 0.0D+00 3.8D-11 0.0D+00       21      111       21      210  S
      3      1   5.2828343002902922D-01 9.8D-09 0.0D+00 5.0D-09 0.0D+00       20      109       20      200  S
      3      1   5.2829240861435978D-01 6.9D-09 0.0D+00 4.2D-09 0.0D+00       21      115       21      210  S
      3      1   5.2828375745167910D-01 9.7D-09 0.0D+00 4.3D-09 0.0D+00       20      109       20      200  S
      3      1   5.2829240861439331D-01 6.9D-09 0.0D+00 1.3D-09 0.0D+00       21      113       21      210  S
      3      1   5.2829379366188911D-01 6.4D-09 0.0D+00 2.6D-09 0.0D+00       21      119       21      210  S
      3      1   5.2828676421698995D-01 8.7D-09 0.0D+00 1.8D-09 0.0D+00       20      100       20      200  S
      3      1   5.2829240861457383D-01 6.9D-09 0.0D+00 4.2D-09 0.0D+00       21      112       21      210  S
      3      1   5.2828599258265585D-01 8.9D-09 0.0D+00 1.1D-09 0.0D+00       20       98       20      200  S
      3      1   5.2828469454206739D-01 9.4D-09 0.0D+00 3.1D-09 0.0D+00       20      105       20      200  S
      3      1   5.2829420383909320D-01 6.3D-09 0.0D+00 1.6D-09 0.0D+00       21      109       21      210  S
      3      1   5.2828597136477562D-01 8.9D-09 0.0D+00 4.3D-09 0.0D+00       20       98       20      200  S
      3      1   5.2828418273299060D-01 9.6D-09 0.0D+00 4.2D-09 0.0D+00       20      103       20      200  S
      3      1   5.2829240861443438D-01 6.9D-09 0.0D+00 2.3D-09 0.0D+00       21      113       21      210  S
      3      1   5.2829240861429227D-01 6.9D-09 0.0D+00 1.8D-10 0.0D+00       21      114       21      210  S
      3      1   5.2828421833175809D-01 9.6D-09 0.0D+00 4.6D-09 0.0D+00       20      106       20      200  S
      3      1   5.2828702391680471D-01 8.6D-09 0.0D+00 3.5D-09 0.0D+00       20      101       20      200  S
      3      1   5.2828584922152366D-01 9.0D-09 0.0D+00 3.3D-09 0.0D+00       20       99       20      200  S
      3      1   5.2828598665150006D-01 8.9D-09 0.0D+00 4.8D-09 0.0D+00       20       97       20      200  S
      3      1   5.2828612264143726D-01 8.9D-09 0.0D+00 4.4D-09 0.0D+00       20       99       20      200  S
      3      1   5.2828496285674542D-01 9.3D-09 0.0D+00 3.2D-09 0.0D+00       20      101       20      200  S
      3      1   5.2829240861438509D-01 6.9D-09 0.0D+00 3.5D-10 0.0D+00       21      114       21      210  S
      3      1   5.2828397341037381D-01 9.6D-09 0.0D+00 4.2D-09 0.0D+00       20      107       20      200  S
      3      1   5.2828665270571262D-01 8.7D-09 0.0D+00 4.4D-09 0.0D+00       20      100       20      200  S
      3      1   5.2828678187308209D-01 8.7D-09 0.0D+00 4.7D-09 0.0D+00       20       99       20      200  S
      3      1   5.2828690974742787D-01 8.6D-09 0.0D+00 2.9D-09 0.0D+00       20       99       20      200  S
      3      1   5.2828662704857865D-01 8.7D-09 0.0D+00 2.2D-10 0.0D+00       20       99       20      200  S
      3      1   5.2828716170813561D-01 8.5D-09 0.0D+00 4.8D-09 0.0D+00       20      100       20      200  S
      3      1   5.2828317228594368D-01 9.9D-09 0.0D+00 4.0D-09 0.0D+00       20      108       20      200  S
      3      1   5.2829240861439752D-01 6.9D-09 0.0D+00 1.9D-09 0.0D+00       21      113       21      210  S
      3      1   5.2828352315743488D-01 9.8D-09 0.0D+00 3.6D-09 0.0D+00       20      109       20      200  S
      3      1   5.2828765107265641D-01 8.4D-09 0.0D+00 4.1D-09 0.0D+00       20       99       20      200  S
      3      1   5.2828777049913467D-01 8.3D-09 0.0D+00 2.7D-09 0.0D+00       20      101       20      200  S
      3      1   5.2829240861424021D-01 6.9D-09 0.0D+00 1.3D-09 0.0D+00       21      115       21      210  S
      3      1   5.2829240861559812D-01 6.9D-09 0.0D+00 3.7D-09 0.0D+00       23      107       23      230  S
      3      1   5.2829240861441906D-01 6.9D-09 0.0D+00 1.1D-09 0.0D+00       21      112       21      210  S
      3      1   5.2829240861423410D-01 6.9D-09 0.0D+00 3.2D-09 0.0D+00       21      112       21      210  S
      3      1   5.2829240861432081D-01 6.9D-09 0.0D+00 1.6D-09 0.0D+00       21      112       21      210  S
      3      1   5.2828405460226524D-01 9.6D-09 0.0D+00 1.2D-09 0.0D+00       20      106       20      200  S
      3      1   5.2828693862760923D-01 8.6D-09 0.0D+00 2.7D-09 0.0D+00       20       98       20      200  S
      3      1   5.2829240861544169D-01 6.9D-09 0.0D+00 3.1D-09 0.0D+00       23      107       23      230  S
      3      1   5.2828629884884459D-01 8.8D-09 0.0D+00 1.9D-09 0.0D+00       20       98       20      200  S
      3      1   5.2829240861428806D-01 6.9D-09 0.0D+00 1.2D-09 0.0D+00       21      111       21      210  S
      3      1   5.2828657168354620D-01 8.7D-09 0.0D+00 1.1D-09 0.0D+00       20       99       20      200  S
      3      1   5.2829240861422411D-01 6.9D-09 0.0D+00 7.1D-09 0.0D+00       21      112       21      210  S
      3      1   5.2829240861438242D-01 6.9D-09 0.0D+00 1.7D-09 0.0D+00       21      113       21      210  S
      3      1   5.2829240861453219D-01 6.9D-09 0.0D+00 3.7D-09 0.0D+00       21      111       21      210  S
      3      1   5.2828334923566189D-01 9.9D-09 0.0D+00 7.8D-09 0.0D+00       20      111       20      200  S
      3      1   5.2829240861450943D-01 6.9D-09 0.0D+00 1.4D-09 0.0D+00       21      114       21      210  S
      3      1   5.2829240861447047D-01 6.9D-09 0.0D+00 3.4D-09 0.0D+00       21      112       21      210  S
      3      1   5.2829240861448568D-01 6.9D-09 0.0D+00 4.6D-10 0.0D+00       21      112       21      210  S
      3      1   5.2829284015559763D-01 6.7D-09 0.0D+00 5.2D-10 0.0D+00       21      111       21      210  S
      3      1   5.2828462299737111D-01 9.4D-09 0.0D+00 4.6D-09 0.0D+00       20      100       20      200  S
      3      1   5.2829240861428672D-01 6.9D-09 0.0D+00 3.0D-10 0.0D+00       21      112       21      210  S
      3      1   5.2829240861443483D-01 6.9D-09 0.0D+00 2.9D-09 0.0D+00       21      111       21      210  S
      3      1   5.2829240861449211D-01 6.9D-09 0.0D+00 1.1D-09 0.0D+00       21      113       21      210  S
      3      1   5.2829240861448690D-01 6.9D-09 0.0D+00 1.1D-09 0.0D+00       21      113       21      210  S
      3      1   5.2829240861442250D-01 6.9D-09 0.0D+00 8.8D-10 0.0D+00       21      112       21      210  S
      3      1   5.2829240861444138D-01 6.9D-09 0.0D+00 3.2D-09 0.0D+00       21      112       21      210  S
      3      1   5.2829240861441640D-01 6.9D-09 0.0D+00 8.4D-10 0.0D+00       21      114       21      210  S
      3      1   5.2828635370969435D-01 8.8D-09 0.0D+00 8.2D-09 0.0D+00       20       98       20      200  S
      3      1   5.2829240861443694D-01 6.9D-09 0.0D+00 4.6D-09 0.0D+00       21      112       21      210  S
      3      1   5.2829240861435478D-01 6.9D-09 0.0D+00 2.7D-09 0.0D+00       21      112       21      210  S
      3      1   5.2829240861447879D-01 6.9D-09 0.0D+00 4.1D-09 0.0D+00       21      113       21      210  S
      3      1   5.2829240861432170D-01 6.9D-09 0.0D+00 2.7D-09 0.0D+00       21      112       21      210  S
      3      1   5.2829351390936086D-01 6.5D-09 0.0D+00 1.2D-10 0.0D+00       21      108       21      210  S
      3      1   5.2828304706336238D-01 1.0D-08 0.0D+00 6.0D-08 0.0D+00       21      112       21      210  S
      3      1   5.2828718913358541D-01 8.5D-09 0.0D+00 2.0D-09 0.0D+00       20       97       20      200  S
      3      1   5.2829240861454452D-01 6.9D-09 0.0D+00 3.7D-09 0.0D+00       21      112       21      210  S
      3      1   5.2829341297795951D-01 6.5D-09 0.0D+00 1.8D-09 0.0D+00       21      110       21      210  S
      3      1   5.2828642111064794D-01 8.8D-09 0.0D+00 1.8D-09 0.0D+00       20       99       20      200  S
      3      1   5.2829240861439741D-01 6.9D-09 0.0D+00 1.6D-09 0.0D+00       21      112       21      210  S
      3      1   5.2829240861423210D-01 6.9D-09 0.0D+00 4.6D-10 0.0D+00       21      112       21      210  S
      3      1   5.2829240861423266D-01 6.9D-09 0.0D+00 2.0D-09 0.0D+00       21      111       21      210  S
      3      1   5.2829240861438498D-01 6.9D-09 0.0D+00 1.7D-09 0.0D+00       21      113       21      210  S
      3      1   5.2829240861442106D-01 6.9D-09 0.0D+00 4.5D-09 0.0D+00       21      111       21      210  S
      3      1   5.2828473309143431D-01 9.4D-09 0.0D+00 1.3D-09 0.0D+00       20      102       20      200  S
      3      1   5.2829240861447657D-01 6.9D-09 0.0D+00 1.9D-10 0.0D+00       21      111       21      210  S
      3      1   5.2829240861439719D-01 6.9D-09 0.0D+00 4.9D-11 0.0D+00       21      113       21      210  S
      3      1   5.2829240861441162D-01 6.9D-09 0.0D+00 5.4D-09 0.0D+00       21      114       21      210  S
      3      1   5.2829252695448148D-01 6.8D-09 0.0D+00 4.1D-09 0.0D+00       21      111       21      203  S
      3      1   5.2829268519336725D-01 6.8D-09 0.0D+00 1.8D-09 0.0D+00       21      113       21      210  S
      3      1   5.2828585358450564D-01 9.0D-09 0.0D+00 1.1D-09 0.0D+00       20       98       20      200  S
      3      1   5.2828710700830062D-01 8.5D-09 0.0D+00 9.7D-09 0.0D+00       20      100       20      200  S
      3      1   5.2829314697139096D-01 6.6D-09 0.0D+00 2.6D-09 0.0D+00       21      112       21      210  S
      3      1   5.2829329675418135D-01 6.6D-09 0.0D+00 1.1D-09 0.0D+00       21      112       21      210  S
      3      1   5.2829344454568306D-01 6.5D-09 0.0D+00 1.5D-10 0.0D+00       21      109       21      210  S
      3      1   5.2829359039204415D-01 6.5D-09 0.0D+00 1.3D-09 0.0D+00       21      110       21      210  S
      3      1   5.2829373433724369D-01 6.5D-09 0.0D+00 2.9D-10 0.0D+00       21      112       21      210  S
      3      1   5.2829387642478476D-01 6.4D-09 0.0D+00 6.0D-09 0.0D+00       21      120       21      210  S
      3      1   5.2829240861568705D-01 6.9D-09 0.0D+00 2.2D-09 0.0D+00       23      107       23      230  S
      3      1   5.2829240861441007D-01 6.9D-09 0.0D+00 5.0D-10 0.0D+00       21      113       21      210  S
      3      1   5.2828463380937762D-01 9.4D-09 0.0D+00 6.6D-09 0.0D+00       20      103       20      200  S
      3      1   5.2828312238708586D-01 9.9D-09 0.0D+00 4.6D-10 0.0D+00       20      107       20      200  S
      3      1   5.2828329082264847D-01 9.9D-09 0.0D+00 6.8D-09 0.0D+00       20      106       20      200  S
      3      1   5.2829240861430893D-01 6.9D-09 0.0D+00 4.9D-09 0.0D+00       21      114       21      210  S
      3      1   5.2828775775285719D-01 8.3D-09 0.0D+00 2.2D-09 0.0D+00       20      100       20      200  S
      3      1   5.2829240861438642D-01 6.9D-09 0.0D+00 1.6D-09 0.0D+00       21      112       21      210  S
      3      1   5.2828692543141520D-01 8.6D-09 0.0D+00 6.0D-09 0.0D+00       20       99       20      200  S
      3      1   5.2829240861427951D-01 6.9D-09 0.0D+00 4.5D-10 0.0D+00       21      113       21      210  S
      3      1   5.2829240861431503D-01 6.9D-09 0.0D+00 1.7D-09 0.0D+00       21      112       21      210  S
      3      1   5.2829240861442295D-01 6.9D-09 0.0D+00 7.0D-10 0.0D+00       21      111       21      210  S
      3      1   5.2828624606075802D-01 8.8D-09 0.0D+00 5.9D-09 0.0D+00       20       99       20      200  S
      3      1   5.2828559698364685D-01 9.1D-09 0.0D+00 1.8D-09 0.0D+00       20       99       20      200  S
      3      1   5.2829240861427973D-01 6.9D-09 0.0D+00 6.5D-10 0.0D+00       21      114       21      210  S
      3      1   5.2828541783435290D-01 9.1D-09 0.0D+00 1.4D-09 0.0D+00       20       98       20      200  S
      3      1   5.2828345538827859D-01 9.8D-09 0.0D+00 6.4D-09 0.0D+00       20      109       20      200  S
      3      1   5.2829240861445970D-01 6.9D-09 0.0D+00 3.4D-09 0.0D+00       21      111       21      210  S
      3      1   5.2828545142117656D-01 9.1D-09 0.0D+00 2.0D-09 0.0D+00       20      100       20      200  S
      3      1   5.2829240861430460D-01 6.9D-09 0.0D+00 5.2D-11 0.0D+00       21      110       21      210  S
      3      1   5.2828573322901751D-01 9.0D-09 0.0D+00 3.4D-09 0.0D+00       20       99       20      200  S
      3      1   5.2828587188333698D-01 9.0D-09 0.0D+00 1.3D-09 0.0D+00       20      100       20      200  S
      3      1   5.2828497043724854D-01 9.3D-09 0.0D+00 2.1D-09 0.0D+00       20      104       20      200  S
      3      1   5.2828400208416693D-01 9.6D-09 0.0D+00 4.4D-09 0.0D+00       20      108       20      200  S
      3      1   5.2829398883188872D-01 6.4D-09 0.0D+00 1.3D-09 0.0D+00       21      113       21      210  S
      3      1   5.2828641213528038D-01 8.8D-09 0.0D+00 3.2D-09 0.0D+00       20       99       20      200  S
      3   0.00    0.00    0.00   5.2828300791818661D-01 1.0D-08 0.0D+00 1.2D-09 0.0D+00       20      106       20      200     161     295     330     295     306   0.45     0    0    459  BR
      3      1   5.2828667400067564D-01 8.7D-09 0.0D+00 6.2D-09 0.0D+00       20       98       20      200  S
      3      1   5.2828680295416330D-01 8.7D-09 0.0D+00 4.4D-09 0.0D+00       20       99       20      200  S
      3      1   5.2828693061873577D-01 8.6D-09 0.0D+00 5.8D-09 0.0D+00       20       98       20      200  S
      3      1   5.2828586345741568D-01 9.0D-09 0.0D+00 4.0D-09 0.0D+00       20       99       20      200  S
      3      1   5.2829240861437932D-01 6.9D-09 0.0D+00 3.3D-09 0.0D+00       21      113       21      210  S
      3      1   5.2828618702897590D-01 8.9D-09 0.0D+00 2.4D-09 0.0D+00       20       99       20      200  S
      3      1   5.2829240861440652D-01 6.9D-09 0.0D+00 1.3D-09 0.0D+00       21      112       21      210  S
      3      1   5.2829240861439997D-01 6.9D-09 0.0D+00 3.1D-10 0.0D+00       21      111       21      210  S
      3      1   5.2828767075697103D-01 8.4D-09 0.0D+00 6.2D-09 0.0D+00       20       99       20      200  S
      3      1   5.2829240861434201D-01 6.9D-09 0.0D+00 3.0D-09 0.0D+00       21      113       21      210  S
      3      1   5.2829240861559024D-01 6.9D-09 0.0D+00 1.9D-09 0.0D+00       23      109       23      230  S
      3      1   5.2828695945374804D-01 8.6D-09 0.0D+00 6.3D-10 0.0D+00       20       98       20      200  S
      3      1   5.2829285151431116D-01 6.7D-09 0.0D+00 4.7D-09 0.0D+00       21      113       21      210  S
      3      1   5.2828373669959194D-01 9.7D-09 0.0D+00 1.0D-09 0.0D+00       20      108       20      200  S
      3      1   5.2828659165436709D-01 8.7D-09 0.0D+00 2.3D-09 0.0D+00       20      100       20      200  S
      3      1   5.2829240861445648D-01 6.9D-09 0.0D+00 3.0D-09 0.0D+00       21      112       21      210  S
      3      1   5.2829240861433990D-01 6.9D-09 0.0D+00 2.7D-09 0.0D+00       21      111       21      210  S
      3      1   5.2829240861547599D-01 6.9D-09 0.0D+00 2.3D-09 0.0D+00       23      108       23      230  S
      3      1   5.2829240861445848D-01 6.9D-09 0.0D+00 1.7D-09 0.0D+00       21      111       21      210  S
      3      1   5.2829240861430515D-01 6.9D-09 0.0D+00 2.1D-10 0.0D+00       21      111       21      210  S
      3      1   5.2828438234292985D-01 9.5D-09 0.0D+00 1.7D-10 0.0D+00       20      103       20      200  S
      3      1   5.2829240861431459D-01 6.9D-09 0.0D+00 2.9D-09 0.0D+00       21      113       21      210  S
      3      1   5.2829240861440530D-01 6.9D-09 0.0D+00 1.8D-09 0.0D+00       21      113       21      210  S
      3      1   5.2828433144735598D-01 9.5D-09 0.0D+00 4.4D-09 0.0D+00       20      119       20      200  S
      3      1   5.2829240861435400D-01 6.9D-09 0.0D+00 2.4D-09 0.0D+00       21      113       21      210  S
      3      1   5.2828744574508302D-01 8.4D-09 0.0D+00 2.0D-09 0.0D+00       20       98       20      200  S
      3      1   5.2829240861442128D-01 6.9D-09 0.0D+00 1.0D-09 0.0D+00       21      111       21      210  S
      3      1   5.2829240861576776D-01 6.9D-09 0.0D+00 3.8D-09 0.0D+00       23      108       23      230  S
      3      1   5.2828520519622857D-01 9.2D-09 0.0D+00 6.1D-10 0.0D+00       20      100       20      200  S
      3      1   5.2828436383523647D-01 9.5D-09 0.0D+00 1.7D-09 0.0D+00       20      103       20      200  S
      3      1   5.2828677310073335D-01 8.7D-09 0.0D+00 2.3D-09 0.0D+00       20       99       20      200  S
      3      1   5.2829240861416160D-01 6.9D-09 0.0D+00 3.4D-09 0.0D+00       21      113       21      210  S
      3      1   5.2829240861437443D-01 6.9D-09 0.0D+00 2.3D-09 0.0D+00       21      113       21      210  S
      3      1   5.2829240861440419D-01 6.9D-09 0.0D+00 3.6D-09 0.0D+00       21      112       21      210  S
      3      1   5.2829240861433602D-01 6.9D-09 0.0D+00 2.4D-09 0.0D+00       21      113       21      210  S
      3      1   5.2829240861418436D-01 6.9D-09 0.0D+00 4.6D-09 0.0D+00       21      110       21      210  S
      3      1   5.2828408862087850D-01 9.6D-09 0.0D+00 8.2D-09 0.0D+00       20      110       20      200  S
      3      1   5.2828650342178995D-01 8.8D-09 0.0D+00 3.5D-09 0.0D+00       20       99       20      200  S
      3      1   5.2829240861442550D-01 6.9D-09 0.0D+00 5.5D-09 0.0D+00       21      113       21      210  S
      3      1   5.2829240861446014D-01 6.9D-09 0.0D+00 3.8D-09 0.0D+00       21      111       21      210  S
      3      1   5.2829240861438487D-01 6.9D-09 0.0D+00 5.2D-09 0.0D+00       21      112       21      210  S
