     13      1   2.3756722722903398D-01 7.1D-09 0.0D+00 2.5D-08 0.0D+00       23      129       23      230  S
     13      1   2.3755952551455134D-01 8.1D-09 0.0D+00 2.0D-09 0.0D+00       22      150       22      220  S
     13      1   2.3853718056612219D-01 7.5D-09 0.0D+00 1.6D-09 0.0D+00       22      150       22      220  S
     13      1   2.3853717835027735D-01 7.5D-09 0.0D+00 1.6D-09 0.0D+00       22      130       22      220  S
     13      1   2.3756722998506652D-01 7.1D-09 0.0D+00 2.3D-09 0.0D+00       22      154       22      220  S
     13      1   2.3853718027220627D-01 7.5D-09 0.0D+00 9.1D-08 0.0D+00       24      147       24      240  S
     13      1   2.3853718027562978D-01 7.5D-09 0.0D+00 1.2D-09 0.0D+00       22      149       22      220  S
     13      1   2.3853717835471147D-01 7.5D-09 0.0D+00 3.1D-09 0.0D+00       22      144       22      220  S
     13      1   2.3756722723005680D-01 7.1D-09 0.0D+00 5.8D-09 0.0D+00       22      159       22      220  S
     13      1   2.3853717835290550D-01 7.5D-09 0.0D+00 3.0D-09 0.0D+00       22      161       22      220  S
     13      1   2.3853718056351594D-01 7.5D-09 0.0D+00 1.2D-09 0.0D+00       22      139       22      220  S
     13      1   2.3853718056368067D-01 7.5D-09 0.0D+00 2.8D-09 0.0D+00       22      162       22      220  S
     13      1   2.3853718445245967D-01 7.5D-09 0.0D+00 2.2D-09 0.0D+00       22      170       22      220  S
     13      1   2.3756722998551610D-01 7.1D-09 0.0D+00 4.9D-09 0.0D+00       23      178       23      230  S
     13      1   2.3756722723380994D-01 7.1D-09 0.0D+00 4.4D-09 0.0D+00       23      148       23      230  S
     13      1   2.3853717835029542D-01 7.5D-09 0.0D+00 3.4D-09 0.0D+00       21      133       21      210  S
     13      1   2.3755952551216011D-01 8.1D-09 0.0D+00 1.1D-09 0.0D+00       23      177       23      230  S
     13      1   2.3756722998607535D-01 7.1D-09 0.0D+00 5.3D-08 0.0D+00       23      216       23      230  S
     13      1   2.3853718027401341D-01 7.5D-09 0.0D+00 3.8D-08 0.0D+00       22      172       23      222  S
     13      1   2.3853718445116165D-01 7.5D-09 0.0D+00 6.6D-10 0.0D+00       22      187       22      220  S
     13      1   2.3853718153917278D-01 7.5D-09 0.0D+00 5.1D-08 0.0D+00       24      192       24      240  S
     13      1   2.3853718056857307D-01 7.5D-09 0.0D+00 2.0D-09 0.0D+00       22      145       22      220  S
     13      1   2.3756722722936027D-01 7.1D-09 0.0D+00 5.9D-08 0.0D+00       24      173       24      240  S
     13      1   2.3853717835103599D-01 7.5D-09 0.0D+00 1.4D-09 0.0D+00       22      129       22      220  S
     13      1   2.3853718056494849D-01 7.5D-09 0.0D+00 1.2D-09 0.0D+00       23      152       23      230  S
     13      1   2.3853717835380278D-01 7.5D-09 0.0D+00 8.2D-08 0.0D+00       23      191       24      232  S
     13      1   2.3755952551582799D-01 8.1D-09 0.0D+00 2.0D-09 0.0D+00       23      162       23      230  S
     13      1   2.3853717835327778D-01 7.5D-09 0.0D+00 2.8D-08 0.0D+00       23      163       23      230  S
     13      1   2.3853718027227280D-01 7.5D-09 0.0D+00 9.3D-08 0.0D+00       23      152       24      231  S
     13      1   2.3853718056278256D-01 7.5D-09 0.0D+00 4.5D-08 0.0D+00       23      150       23      230  S
     13      1   2.3853717792554735D-01 7.5D-09 0.0D+00 2.1D-08 0.0D+00       23      151       23      230  S
     13      1   2.3853718027436832D-01 7.5D-09 0.0D+00 4.2D-08 0.0D+00       23      146       23      230  S
     13      1   2.3755952551553758D-01 8.1D-09 0.0D+00 1.4D-09 0.0D+00       22      128       22      220  S
     13      1   2.3756722723299803D-01 7.1D-09 0.0D+00 2.3D-09 0.0D+00       22      145       22      220  S
     13      1   2.3853718056335210D-01 7.5D-09 0.0D+00 1.3D-09 0.0D+00       22      145       22      220  S
     13      1   2.3853717835425109D-01 7.5D-09 0.0D+00 2.6D-08 0.0D+00       23      155       24      232  S
     13      1   2.3853718141518426D-01 7.5D-09 0.0D+00 4.9D-09 0.0D+00       23      138       23      230  S
     13      1   2.3853718054690326D-01 7.5D-09 0.0D+00 4.2D-11 0.0D+00       22      139       22      220  S
     13      1   2.3853718028024698D-01 7.5D-09 0.0D+00 5.4D-09 0.0D+00       22      184       22      220  S
     13      1   2.3853717792803539D-01 7.5D-09 0.0D+00 9.2D-08 0.0D+00       23      146       23      230  S
     13      1   2.3853718056388631D-01 7.5D-09 0.0D+00 4.5D-09 0.0D+00       23      125       23      230  S
     13      1   2.3756722722898463D-01 7.1D-09 0.0D+00 4.6D-08 0.0D+00       24      155       25      242  S
     13      1   2.3853718027467327D-01 7.5D-09 0.0D+00 1.9D-09 0.0D+00       22      147       22      220  S
     13      1   2.3755952548680481D-01 8.1D-09 0.0D+00 1.7D-10 0.0D+00       23      160       23      230  S
     13      1   2.3853718028169377D-01 7.5D-09 0.0D+00 9.8D-10 0.0D+00       22      139       22      220  S
     13      1   2.3853718027760393D-01 7.5D-09 0.0D+00 2.5D-09 0.0D+00       22      135       22      220  S
     13      1   2.3853718444605645D-01 7.5D-09 0.0D+00 6.0D-08 0.0D+00       23      168       23      230  S
     13      1   2.3853718141228364D-01 7.5D-09 0.0D+00 9.2D-08 0.0D+00       24      204       25      241  S
     13      1   2.3853717835327143D-01 7.5D-09 0.0D+00 2.1D-08 0.0D+00       23      163       24      232  S
     13      1   2.3755952551381623D-01 8.1D-09 0.0D+00 1.8D-09 0.0D+00       22      148       22      220  S
     13      1   2.3853718445664818D-01 7.5D-09 0.0D+00 1.5D-09 0.0D+00       22      167       22      220  S
     13      1   2.3853717835642474D-01 7.5D-09 0.0D+00 4.9D-09 0.0D+00       23      143       23      230  S
     13      1   2.3756722998651722D-01 7.1D-09 0.0D+00 5.7D-08 0.0D+00       23      183       23      230  S
     13      1   2.3755952551528187D-01 8.1D-09 0.0D+00 2.1D-09 0.0D+00       23      171       23      230  S
     13      1   2.3756722723411794D-01 7.1D-09 0.0D+00 2.4D-09 0.0D+00       22      167       22      220  S
     13      1   2.3853717792628490D-01 7.5D-09 0.0D+00 4.5D-08 0.0D+00       23      146       23      230  S
     13      1   2.3853718141783431D-01 7.5D-09 0.0D+00 2.3D-09 0.0D+00       23      186       23      230  S
     13      1   2.3853718056329445D-01 7.5D-09 0.0D+00 1.0D-09 0.0D+00       22      142       22      220  S
     13      1   2.3853717792304213D-01 7.5D-09 0.0D+00 9.0D-08 0.0D+00       23      140       23      230  S
     13      1   2.3756722722878121D-01 7.1D-09 0.0D+00 5.9D-08 0.0D+00       24      152       25      242  S
     13      1   2.3853718444918376D-01 7.5D-09 0.0D+00 3.4D-09 0.0D+00       22      147       22      220  S
     13      1   2.3853718027682688D-01 7.5D-09 0.0D+00 6.7D-10 0.0D+00       22      161       22      220  S
     13      1   2.3756722722922599D-01 7.1D-09 0.0D+00 5.4D-08 0.0D+00       23      160       24      232  S
     13      1   2.3853717792898518D-01 7.5D-09 0.0D+00 1.4D-09 0.0D+00       22      145       22      220  S
     13      1   2.3853718141356034D-01 7.5D-09 0.0D+00 2.1D-08 0.0D+00       23      179       24      231  S
     13      1   2.3853718027228288D-01 7.5D-09 0.0D+00 8.9D-08 0.0D+00       23      174       23      230  S
     13      1   2.3755952552109491D-01 8.1D-09 0.0D+00 1.2D-09 0.0D+00       21      147       21      210  S
     13      1   2.3756722723023069D-01 7.1D-09 0.0D+00 2.1D-09 0.0D+00       23      125       23      230  S
     13      1   2.3853718445316377D-01 7.5D-09 0.0D+00 4.6D-09 0.0D+00       23      160       23      230  S
     13      1   2.3756722723106219D-01 7.1D-09 0.0D+00 3.1D-08 0.0D+00       23      147       23      230  S
     13      1   2.3756722999016433D-01 7.1D-09 0.0D+00 8.6D-10 0.0D+00       23      156       23      230  S
     13      1   2.3756722723327028D-01 7.1D-09 0.0D+00 5.4D-10 0.0D+00       22      150       22      220  S
     13      1   2.3756722722852222D-01 7.1D-09 0.0D+00 4.9D-08 0.0D+00       23      158       24      232  S
     13      1   2.3853718445118324D-01 7.5D-09 0.0D+00 3.4D-11 0.0D+00       22      163       22      220  S
     13      1   2.3853717835088611D-01 7.5D-09 0.0D+00 6.3D-10 0.0D+00       22      140       22      220  S
     13      1   2.3853718056586809D-01 7.5D-09 0.0D+00 6.6D-10 0.0D+00       22      167       22      220  S
     13      1   2.3755952551733223D-01 8.1D-09 0.0D+00 2.4D-10 0.0D+00       23      193       23      230  S
     13      1   2.3755952551792675D-01 8.1D-09 0.0D+00 5.2D-08 0.0D+00       23      207       24      232  S
     13      1   2.3853717792743317D-01 7.5D-09 0.0D+00 2.9D-09 0.0D+00       22      149       22      220  S
     13      1   2.3756722723016976D-01 7.1D-09 0.0D+00 9.7D-10 0.0D+00       22      150       22      220  S
     13      1   2.3853718027213042D-01 7.5D-09 0.0D+00 9.1D-08 0.0D+00       23      142       23      230  S
     13      1   2.3756722998787252D-01 7.1D-09 0.0D+00 2.9D-08 0.0D+00       24      160       24      240  S
     13      1   2.3756722722933299D-01 7.1D-09 0.0D+00 1.4D-08 0.0D+00       23      156       24      232  S
     13      1   2.3853717792712939D-01 7.5D-09 0.0D+00 2.8D-10 0.0D+00       22      145       22      220  S
     13      1   2.3756722723349200D-01 7.1D-09 0.0D+00 4.6D-10 0.0D+00       22      170       22      220  S
     13      1   2.3756722723402551D-01 7.1D-09 0.0D+00 6.3D-09 0.0D+00       23      147       23      230  S
     13      1   2.3756722998357432D-01 7.1D-09 0.0D+00 5.4D-08 0.0D+00       22      169       22      220  S
     13      1   2.3853717835558572D-01 7.5D-09 0.0D+00 4.2D-09 0.0D+00       21      134       21      210  S
     13      1   2.3756722723009077D-01 7.1D-09 0.0D+00 1.9D-09 0.0D+00       22      138       22      220  S
     13      1   2.3755952551159717D-01 8.1D-09 0.0D+00 2.2D-09 0.0D+00       22      158       22      220  S
     13      1   2.3853718056444653D-01 7.5D-09 0.0D+00 3.1D-09 0.0D+00       22      151       22      220  S
     13      1   2.3853717835061641D-01 7.5D-09 0.0D+00 3.2D-08 0.0D+00       24      212       25      242  S
     13      1   2.3756722723042631D-01 7.1D-09 0.0D+00 1.8D-09 0.0D+00       22      153       22      220  S
     13      1   2.3853717835099406D-01 7.5D-09 0.0D+00 1.5D-10 0.0D+00       23      157       23      230  S
     13      1   2.3853718442040206D-01 7.5D-09 0.0D+00 2.2D-09 0.0D+00       22      183       22      220  S
     13      1   2.3853718028047327D-01 7.5D-09 0.0D+00 1.4D-08 0.0D+00       23      167       24      232  S
     13      1   2.3853717792406162D-01 7.5D-09 0.0D+00 6.8D-08 0.0D+00       23      164       23      230  S
     13      1   2.3853717792541329D-01 7.5D-09 0.0D+00 9.2D-08 0.0D+00       23      149       23      230  S
     13      1   2.3853717792643980D-01 7.5D-09 0.0D+00 4.2D-09 0.0D+00       22      147       22      220  S
     13      1   2.3853718027293119D-01 7.5D-09 0.0D+00 8.7D-08 0.0D+00       23      159       24      231  S
