      3   0.00    0.00    0.00   5.2828303327716675D-01 1.0D-08 0.0D+00 6.0D-08 0.0D+00       21      110       21      210     167     309     345     309     320   0.38     0    0      1  BR
      3      1   5.2829240861445681D-01 6.9D-09 0.0D+00 2.0D-09 0.0D+00       21      112       21      210  S
      3      1   5.2828661618989969D-01 8.7D-09 0.0D+00 6.2D-09 0.0D+00       20       98       20      200  S
      3      1   5.2829240861559490D-01 6.9D-09 0.0D+00 6.4D-10 0.0D+00       23      109       23      230  S
      3      1   5.2828395941112305D-01 9.6D-09 0.0D+00 3.3D-09 0.0D+00       20      107       20      200  S
      3      1   5.2829240861425752D-01 6.9D-09 0.0D+00 2.3D-09 0.0D+00       21      112       21      210  S
      3      1   5.2829270026566388D-01 6.8D-09 0.0D+00 9.9D-10 0.0D+00       21      113       21      210  S
      3      1   5.2829272324653365D-01 6.8D-09 0.0D+00 3.5D-10 0.0D+00       21      114       21      210  S
      3      1   5.2828688804668822D-01 8.6D-09 0.0D+00 3.7D-09 0.0D+00       20      100       20      200  S
      3      1   5.2829240861444793D-01 6.9D-09 0.0D+00 3.2D-09 0.0D+00       21      111       21      210  S
      3      1   5.2829240861434945D-01 6.9D-09 0.0D+00 6.9D-10 0.0D+00       21      112       21      210  S
      3      1   5.2829240861435067D-01 6.9D-09 0.0D+00 8.6D-10 0.0D+00       21      112       21      210  S
      3      1   5.2829240861554927D-01 6.9D-09 0.0D+00 2.3D-09 0.0D+00       23      108       23      230  S
      3      1   5.2829240861444215D-01 6.9D-09 0.0D+00 1.4D-09 0.0D+00       21      113       21      210  S
      3      1   5.2829240861442173D-01 6.9D-09 0.0D+00 4.4D-09 0.0D+00       21      115       21      210  S
      3      1   5.2829319436218047D-01 6.6D-09 0.0D+00 1.0D-09 0.0D+00       21      113       21      210  S
      3      1   5.2828470732623023D-01 9.4D-09 0.0D+00 2.5D-09 0.0D+00       20      102       20      200  S
      3      1   5.2828352841976767D-01 9.8D-09 0.0D+00 3.2D-09 0.0D+00       20      108       20      200  S
      3      1   5.2829240861424887D-01 6.9D-09 0.0D+00 1.9D-10 0.0D+00       21      115       21      210  S
      3      1   5.2829240861454962D-01 6.9D-09 0.0D+00 1.8D-09 0.0D+00       21      115       21      210  S
      3      1   5.2829240861429805D-01 6.9D-09 0.0D+00 3.6D-09 0.0D+00       21      112       21      210  S
      3      1   5.2828621827290267D-01 8.9D-09 0.0D+00 4.8D-09 0.0D+00       20       98       20      200  S
      3      1   5.2828773112125393D-01 8.3D-09 0.0D+00 1.8D-09 0.0D+00       20       98       20      200  S
      3      1   5.2829240861435600D-01 6.9D-09 0.0D+00 4.9D-10 0.0D+00       21      115       21      210  S
      3      1   5.2828538821868198D-01 9.1D-09 0.0D+00 3.7D-09 0.0D+00       20       98       20      200  S
      3      1   5.2829240861427151D-01 6.9D-09 0.0D+00 2.3D-09 0.0D+00       21      112       21      210  S
      3      1   5.2829240861448945D-01 6.9D-09 0.0D+00 3.7D-09 0.0D+00       21      111       21      210  S
      3      1   5.2829240861447002D-01 6.9D-09 0.0D+00 2.3D-09 0.0D+00       21      114       21      210  S
      3      1   5.2829240861447280D-01 6.9D-09 0.0D+00 3.8D-09 0.0D+00       21      111       21      210  S
      3      1   5.2829240861443438D-01 6.9D-09 0.0D+00 1.1D-09 0.0D+00       21      112       21      210  S
      3      1   5.2828355298366481D-01 9.8D-09 0.0D+00 2.3D-09 0.0D+00       20      108       20      200  S
      3      1   5.2828540161695048D-01 9.1D-09 0.0D+00 3.2D-09 0.0D+00       20       98       20      200  S
      3      1   5.2829240861438254D-01 6.9D-09 0.0D+00 4.8D-09 0.0D+00       21      113       21      210  S
      3      1   5.2829395984637451D-01 6.4D-09 0.0D+00 3.8D-09 0.0D+00       21      111       21      210  S
      3      1   5.2829240861441129D-01 6.9D-09 0.0D+00 3.0D-09 0.0D+00       21      111       21      210  S
      3      1   5.2828595933809730D-01 8.9D-09 0.0D+00 1.8D-09 0.0D+00       20       98       20      200  S
      3      1   5.2829240861429316D-01 6.9D-09 0.0D+00 1.9D-09 0.0D+00       21      111       21      210  S
      3      1   5.2829240861444826D-01 6.9D-09 0.0D+00 9.1D-10 0.0D+00       21      113       21      210  S
      3      1   5.2828344072035482D-01 9.8D-09 0.0D+00 5.4D-10 0.0D+00       20      110       20      200  S
      3      1   5.2829240861458404D-01 6.9D-09 0.0D+00 3.0D-09 0.0D+00       21      111       21      210  S
      3      1   5.2829240861446847D-01 6.9D-09 0.0D+00 1.7D-09 0.0D+00       21      114       21      210  S
      3      1   5.2829240861426119D-01 6.9D-09 0.0D+00 1.3D-09 0.0D+00       21      111       21      210  S
      3      1   5.2829240861433058D-01 6.9D-09 0.0D+00 3.1D-09 0.0D+00       21      111       21      210  S
      3      1   5.2828440109252361D-01 9.5D-09 0.0D+00 5.7D-10 0.0D+00       20      108       20      200  S
      3      1   5.2829240861436810D-01 6.9D-09 0.0D+00 3.2D-10 0.0D+00       21      114       21      210  S
      3      1   5.2828765048740878D-01 8.4D-09 0.0D+00 4.2D-10 0.0D+00       20      100       20      200  S
      3      1   5.2828344455789811D-01 9.8D-09 0.0D+00 1.4D-10 0.0D+00       20      112       20      200  S
      3      1   5.2828757528549863D-01 8.4D-09 0.0D+00 2.0D-09 0.0D+00       20      100       20      200  S
      3      1   5.2829273901194629D-01 6.8D-09 0.0D+00 8.3D-10 0.0D+00       21      113       21      210  S
      3      1   5.2829289431949988D-01 6.7D-09 0.0D+00 3.4D-10 0.0D+00       21      114       21      210  S
      3      1   5.2829308669286124D-01 6.6D-09 0.0D+00 1.2D-09 0.0D+00       21      109       21      210  S
      3      1   5.2829319862220658D-01 6.6D-09 0.0D+00 4.7D-11 0.0D+00       21      114       21      210  S
      3      1   5.2828617319001547D-01 8.9D-09 0.0D+00 5.4D-10 0.0D+00       20       99       20      200  S
      3      1   5.2828492318340192D-01 9.3D-09 0.0D+00 1.7D-09 0.0D+00       20      103       20      200  S
      3      1   5.2829240861431792D-01 6.9D-09 0.0D+00 1.3D-10 0.0D+00       21      113       21      210  S
      3      1   5.2829240861421767D-01 6.9D-09 0.0D+00 6.7D-09 0.0D+00       21      115       21      210  S
      3      1   5.2828519860678280D-01 9.2D-09 0.0D+00 1.0D-09 0.0D+00       20       99       20      200  S
      3      1   5.2829240861442917D-01 6.9D-09 0.0D+00 7.7D-10 0.0D+00       21      112       21      210  S
      3      1   5.2829240861432414D-01 6.9D-09 0.0D+00 4.8D-09 0.0D+00       21      112       21      210  S
      3      1   5.2828429929918419D-01 9.5D-09 0.0D+00 7.1D-09 0.0D+00       20      122       20      200  S
      3      1   5.2829240861430982D-01 6.9D-09 0.0D+00 1.7D-10 0.0D+00       21      114       21      210  S
      3      1   5.2829240861432059D-01 6.9D-09 0.0D+00 1.5D-09 0.0D+00       21      113       21      210  S
      3      1   5.2829240861432314D-01 6.9D-09 0.0D+00 2.8D-09 0.0D+00       21      111       21      210  S
      3      1   5.2829240861451532D-01 6.9D-09 0.0D+00 8.0D-10 0.0D+00       21      112       21      210  S
      3      1   5.2829240861427074D-01 6.9D-09 0.0D+00 2.6D-09 0.0D+00       21      112       21      210  S
      3      1   5.2828399911440871D-01 9.6D-09 0.0D+00 2.8D-09 0.0D+00       20      108       20      200  S
      3      1   5.2828415706435339D-01 9.6D-09 0.0D+00 6.5D-10 0.0D+00       20      104       20      200  S
      3      1   5.2829240861440441D-01 6.9D-09 0.0D+00 5.4D-09 0.0D+00       21      112       21      210  S
      3      1   5.2829288605971669D-01 6.7D-09 0.0D+00 4.7D-09 0.0D+00       21      116       21      210  S
      3      1   5.2828595058672201D-01 8.9D-09 0.0D+00 5.7D-09 0.0D+00       20       98       20      200  S
      3      1   5.2828477087012216D-01 9.4D-09 0.0D+00 3.2D-09 0.0D+00       20      104       20      200  S
      3      1   5.2828492000050553D-01 9.3D-09 0.0D+00 4.8D-09 0.0D+00       20      102       20      200  S
      3      1   5.2828506747004977D-01 9.3D-09 0.0D+00 1.5D-09 0.0D+00       20      100       20      200  S
      3      1   5.2828521331066092D-01 9.2D-09 0.0D+00 1.1D-10 0.0D+00       20      101       20      200  S
      3      1   5.2828535755394268D-01 9.2D-09 0.0D+00 5.5D-10 0.0D+00       20       98       20      200  S
      3      1   5.2828550023012222D-01 9.1D-09 0.0D+00 6.6D-09 0.0D+00       20       99       20      200  S
      3      1   5.2829240861554883D-01 6.9D-09 0.0D+00 2.2D-09 0.0D+00       23      108       23      230  S
      3      1   5.2829240861433135D-01 6.9D-09 0.0D+00 4.1D-09 0.0D+00       21      110       21      210  S
      3      1   5.2829240861442417D-01 6.9D-09 0.0D+00 2.7D-09 0.0D+00       21      110       21      210  S
      3      1   5.2828605584362420D-01 8.9D-09 0.0D+00 1.3D-09 0.0D+00       20       99       20      200  S
      3      1   5.2828619111177455D-01 8.9D-09 0.0D+00 2.9D-09 0.0D+00       20       99       20      200  S
      3      1   5.2828619154773371D-01 8.9D-09 0.0D+00 2.7D-09 0.0D+00       20      100       20      200  S
      3      1   5.2829240861547433D-01 6.9D-09 0.0D+00 2.7D-09 0.0D+00       23      109       23      230  S
      3      1   5.2829240861437810D-01 6.9D-09 0.0D+00 3.4D-10 0.0D+00       21      111       21      210  S
      3      1   5.2828679104636589D-01 8.7D-09 0.0D+00 9.5D-10 0.0D+00       20       98       20      200  S
      3      1   5.2828586011584466D-01 9.0D-09 0.0D+00 7.0D-09 0.0D+00       20      100       20      200  S
      3      1   5.2828648308823234D-01 8.8D-09 0.0D+00 7.9D-10 0.0D+00       20       98       20      200  S
      3      1   5.2828442334074843D-01 9.5D-09 0.0D+00 3.9D-09 0.0D+00       20      104       20      200  S
      3      1   5.2829240861425286D-01 6.9D-09 0.0D+00 4.9D-09 0.0D+00       21      111       21      210  S
      3      1   5.2828692561732238D-01 8.6D-09 0.0D+00 2.8D-09 0.0D+00       20      101       20      200  S
      3      1   5.2829321821344355D-01 6.6D-09 0.0D+00 5.7D-10 0.0D+00       21      112       21      210  S
      3      1   5.2828748765147582D-01 8.4D-09 0.0D+00 1.0D-09 0.0D+00       20       99       20      200  S
      3      1   5.2829240861450488D-01 6.9D-09 0.0D+00 2.6D-09 0.0D+00       21      111       21      210  S
      3      1   5.2829240861432791D-01 6.9D-09 0.0D+00 1.4D-09 0.0D+00       21      115       21      210  S
      3      1   5.2829240861439675D-01 6.9D-09 0.0D+00 1.0D-09 0.0D+00       21      111       21      210  S
      3      1   5.2829240861426718D-01 6.9D-09 0.0D+00 7.8D-10 0.0D+00       21      113       21      210  S
      3      1   5.2829240861445881D-01 6.9D-09 0.0D+00 3.4D-09 0.0D+00       21      112       21      210  S
      3      1   5.2829240861443394D-01 6.9D-09 0.0D+00 2.9D-10 0.0D+00       21      111       21      210  S
      3      1   5.2828391607982994D-01 9.7D-09 0.0D+00 2.6D-09 0.0D+00       20      101       20      200  S
      3      1   5.2829240861430637D-01 6.9D-09 0.0D+00 2.3D-10 0.0D+00       21      111       21      210  S
