     15   0.00    0.00    0.00   2.3853718141561087D-01 7.5D-09 0.0D+00 4.1D-08 0.0D+00       23      195       23      230    1091     396    1298     396     425   0.71     0    0      1  BR
     15      1   2.3853718056736450D-01 7.5D-09 0.0D+00 4.2D-08 0.0D+00       24      150       24      240  S
     15   0.00    0.00    0.00   2.3756722998406749D-01 7.1D-09 0.0D+00 5.4D-08 0.0D+00       24      179       24      240    1358     369    1535     369     419   0.73     2    0      3  BR
     15      1   2.3756722998757901D-01 7.1D-09 0.0D+00 3.2D-09 0.0D+00       23      173       23      230  S
     15      1   2.3756722998663202D-01 7.1D-09 0.0D+00 8.3D-09 0.0D+00       22      216       22      220  S
     15      1   2.3853718445184932D-01 7.5D-09 0.0D+00 9.3D-08 0.0D+00       23      152       24      231  S
     15      1   2.3756722998556881D-01 7.1D-09 0.0D+00 2.9D-09 0.0D+00       22      169       22      220  S
     15   0.00    0.00    0.00   2.3755952551555420D-01 8.1D-09 0.0D+00 9.0D-10 0.0D+00       22      141       22      220     608     345     806     345     361   0.64     0    0      8  BR
     15      1   2.3755952551537549D-01 8.1D-09 0.0D+00 4.4D-09 0.0D+00       22      127       22      220  S
     15   0.00    0.00    0.00   2.3752415437258020D-01 8.1D-09 0.0D+00 8.7D-10 0.0D+00       21      167       21      210    1069     340    1258     340     377   0.70     0    0     10  BR
     15      1   2.3853717835320121D-01 7.5D-09 0.0D+00 9.2D-08 0.0D+00       23      177       23      230  S
     15      1   2.3756722998475918D-01 7.1D-09 0.0D+00 2.4D-08 0.0D+00       24      189       24      240  S
     15      1   2.3853718141533070D-01 7.5D-09 0.0D+00 4.5D-08 0.0D+00       23      166       23      230  S
     15      1   2.3853718444935079D-01 7.5D-09 0.0D+00 2.7D-10 0.0D+00       22      144       22      220  S
     15      1   2.3853718445064409D-01 7.5D-09 0.0D+00 2.0D-09 0.0D+00       22      151       22      220  S
     15      1   2.3853718444963351D-01 7.5D-09 0.0D+00 4.6D-09 0.0D+00       22      147       22      220  S
     15      1   2.3755952551842829D-01 8.1D-09 0.0D+00 3.0D-08 0.0D+00       23      150       23      230  S
     15      1   2.3853718141475719D-01 7.5D-09 0.0D+00 2.0D-08 0.0D+00       24      161       25      242  S
     15   0.00    0.00    0.00   2.3667383620072471D-01 6.6D-09 0.0D+00 6.0D-10 0.0D+00       23      168       23      230    1056     377    1258     377     398   0.73     0    0     19  BR
     15      1   2.3853718110149413D-01 7.5D-09 0.0D+00 1.4D-09 0.0D+00       22      161       22      220  S
     15      1   2.3853718056653539D-01 7.5D-09 0.0D+00 3.4D-08 0.0D+00       24      159       24      240  S
     15      1   2.3853717835368915D-01 7.5D-09 0.0D+00 5.3D-10 0.0D+00       22      189       22      220  S
     15      1   2.3756722998697638D-01 7.1D-09 0.0D+00 1.7D-09 0.0D+00       22      149       22      220  S
     15      1   2.3853718109861088D-01 7.5D-09 0.0D+00 2.9D-08 0.0D+00       23      159       23      230  S
     15      1   2.3756722998903199D-01 7.1D-09 0.0D+00 2.8D-08 0.0D+00       23      178       23      230  S
     15      1   2.3853718444712330D-01 7.5D-09 0.0D+00 8.4D-08 0.0D+00       24      193       24      240  S
     15      1   2.3637222519219800D-01 4.7D-07 0.0D+00 4.2D-03 0.0D+00       24      132       25      250  S
     15      1   2.3667383623474672D-01 6.6D-09 0.0D+00 1.2D-09 0.0D+00       22      155       22      220  S
     15      1   2.3853718110052902D-01 7.5D-09 0.0D+00 1.4D-09 0.0D+00       23      157       23      230  S
     15      1   2.3853718445295416D-01 7.5D-09 0.0D+00 1.8D-08 0.0D+00       23      162       23      230  S
     15      1   2.3756722998550908D-01 7.1D-09 0.0D+00 2.4D-09 0.0D+00       22      146       22      220  S
     15      1   2.3756722723036605D-01 7.1D-09 0.0D+00 3.0D-08 0.0D+00       24      155       24      240  S
     15      1   2.3853718141589578D-01 7.5D-09 0.0D+00 6.2D-08 0.0D+00       23      158       23      230  S
     15      1   2.3755952551315770D-01 8.1D-09 0.0D+00 5.0D-08 0.0D+00       23      158       23      230  S
     15      1   2.3755952551676071D-01 8.1D-09 0.0D+00 6.3D-10 0.0D+00       22      158       22      220  S
     15      1   2.3755952551776663D-01 8.1D-09 0.0D+00 1.7D-06 0.0D+00       23      198       24      232  S
     15      1   2.3853718444748623D-01 7.5D-09 0.0D+00 4.2D-08 0.0D+00       23      163       23      230  S
     15      1   2.3755952551511222D-01 8.1D-09 0.0D+00 6.7D-08 0.0D+00       23      155       24      231  S
     15      1   2.3756722723088541D-01 7.1D-09 0.0D+00 2.7D-09 0.0D+00       23      166       23      230  S
     15      1   2.3752415651623995D-01 8.1D-09 0.0D+00 3.5D-08 0.0D+00       23      156       23      230  S
     15      1   2.3853718110576672D-01 7.5D-09 0.0D+00 1.7D-09 0.0D+00       22      136       22      220  S
     15      1   2.3755952551623871D-01 8.1D-09 0.0D+00 1.7D-09 0.0D+00       22      133       22      220  S
     15      1   2.3853718445300232D-01 7.5D-09 0.0D+00 3.5D-08 0.0D+00       23      168       24      231  S
     15      1   2.3853718110139135D-01 7.5D-09 0.0D+00 3.4D-09 0.0D+00       23      146       23      230  S
     15      1   2.3853718444892549D-01 7.5D-09 0.0D+00 1.7D-09 0.0D+00       22      151       22      220  S
     15      1   2.3752415436821719D-01 8.1D-09 0.0D+00 1.2D-09 0.0D+00       23      147       23      230  S
     15      1   2.3853718141419852D-01 7.5D-09 0.0D+00 2.7D-09 0.0D+00       22      166       22      220  S
     15      1   2.3756722998582117D-01 7.1D-09 0.0D+00 5.2D-09 0.0D+00       22      152       22      220  S
     15      1   2.3853718141310518D-01 7.5D-09 0.0D+00 7.4D-08 0.0D+00       24      171       24      240  S
     15      1   2.3853718141460545D-01 7.5D-09 0.0D+00 1.4D-10 0.0D+00       22      155       22      220  S
     15      1   2.3853718445080876D-01 7.5D-09 0.0D+00 4.4D-09 0.0D+00       22      154       22      220  S
     15      1   2.3755953947624464D-01 8.1D-09 0.0D+00 5.1D-08 0.0D+00       24      167       25      242  S
     15      1   2.3755952551962306D-01 8.1D-09 0.0D+00 7.7D-10 0.0D+00       22      157       22      220  S
     15      1   2.3756722723071755D-01 7.1D-09 0.0D+00 2.5D-10 0.0D+00       23      180       23      230  S
     15      1   2.3752415437079871D-01 8.1D-09 0.0D+00 1.4D-09 0.0D+00       22      156       22      220  S
     15      1   2.3755952552068230D-01 8.1D-09 0.0D+00 1.3D-09 0.0D+00       22      150       22      220  S
     15      1   2.3756722999037891D-01 7.1D-09 0.0D+00 8.8D-10 0.0D+00       22      141       22      220  S
     15      1   2.3853717834930832D-01 7.5D-09 0.0D+00 5.0D-08 0.0D+00       24      145       24      240  S
     15      1   2.3755952551546422D-01 8.1D-09 0.0D+00 1.3D-09 0.0D+00       22      158       22      220  S
     15      1   2.3756722722912402D-01 7.1D-09 0.0D+00 5.8D-08 0.0D+00       23      166       24      232  S
     15      1   2.3755952551308107D-01 8.1D-09 0.0D+00 8.1D-08 0.0D+00       23      178       24      232  S
     15      1   2.3756722998401619D-01 7.1D-09 0.0D+00 5.7D-08 0.0D+00       23      166       23      230  S
     15      1   2.3756722998393559D-01 7.1D-09 0.0D+00 6.0D-08 0.0D+00       23      145       23      230  S
     15      1   2.3755952551232015D-01 8.1D-09 0.0D+00 6.0D-08 0.0D+00       24      182       24      240  S
     15      1   2.3755952551815726D-01 8.1D-09 0.0D+00 1.2D-10 0.0D+00       22      167       22      220  S
     15      1   2.3756722998742838D-01 7.1D-09 0.0D+00 4.5D-08 0.0D+00       23      145       23      230  S
     15      1   2.3755952551820217D-01 8.1D-09 0.0D+00 2.8D-09 0.0D+00       22      135       22      220  S
     15      1   2.3752415436562432D-01 8.1D-09 0.0D+00 1.2D-09 0.0D+00       22      131       22      220  S
     15      1   2.3756722723153026D-01 7.1D-09 0.0D+00 2.2D-10 0.0D+00       23      187       23      230  S
     15      1   2.3755952551726031D-01 8.1D-09 0.0D+00 1.8D-09 0.0D+00       22      187       22      220  S
     15      1   2.3752415436296179D-01 8.1D-09 0.0D+00 6.8D-08 0.0D+00       23      157       23      230  S
     15      1   2.3853718109906219D-01 7.5D-09 0.0D+00 1.9D-09 0.0D+00       22      153       22      220  S
     15      1   2.3853718141416635D-01 7.5D-09 0.0D+00 1.9D-09 0.0D+00       22      148       22      220  S
     15      1   2.3756722998402618D-01 7.1D-09 0.0D+00 5.5D-08 0.0D+00       23      157       23      230  S
     15      1   2.3853718141408711D-01 7.5D-09 0.0D+00 1.2D-09 0.0D+00       22      157       22      220  S
     15      1   2.3755952551663143D-01 8.1D-09 0.0D+00 1.7D-09 0.0D+00       22      168       22      220  S
     15      1   2.3853718141926666D-01 7.5D-09 0.0D+00 1.8D-09 0.0D+00       23      157       23      230  S
     15      1   2.3853718444776498D-01 7.5D-09 0.0D+00 3.2D-08 0.0D+00       23      154       23      230  S
     15      1   2.3752415436937938D-01 8.1D-09 0.0D+00 6.1D-08 0.0D+00       23      175       23      230  S
     15      1   2.3853718141556329D-01 7.5D-09 0.0D+00 8.0D-08 0.0D+00       23      178       24      232  S
     15      1   2.3853718141209415D-01 7.5D-09 0.0D+00 4.4D-08 0.0D+00       23      167       23      230  S
     15      1   2.3752415436708016D-01 8.1D-09 0.0D+00 2.7D-08 0.0D+00       23      171       23      230  S
     15      1   2.3756722998854457D-01 7.1D-09 0.0D+00 2.8D-08 0.0D+00       23      161       23      230  S
     15      1   2.3667383624130700D-01 6.6D-09 0.0D+00 1.1D-09 0.0D+00       21      163       21      210  S
     15      1   2.3756722998783106D-01 7.1D-09 0.0D+00 6.1D-08 0.0D+00       23      173       23      230  S
     15      1   2.3755952551954868D-01 8.1D-09 0.0D+00 4.7D-10 0.0D+00       22      170       22      220  S
     15      1   2.3755952552214724D-01 8.1D-09 0.0D+00 8.5D-10 0.0D+00       22      153       22      220  S
     15      1   2.3853718056311426D-01 7.5D-09 0.0D+00 8.7D-08 0.0D+00       23      199       24      232  S
     15      1   2.3667383623938545D-01 6.6D-09 0.0D+00 2.0D-09 0.0D+00       23      145       23      230  S
     15      1   2.3853718141762892D-01 7.5D-09 0.0D+00 6.4D-08 0.0D+00       23      180       24      231  S
     15      1   2.3756722998390989D-01 7.1D-09 0.0D+00 6.1D-08 0.0D+00       23      141       24      232  S
     15      1   2.3853718141993246D-01 7.5D-09 0.0D+00 1.4D-09 0.0D+00       23      174       23      230  S
     15      1   2.3853718056402448D-01 7.5D-09 0.0D+00 2.2D-10 0.0D+00       22      148       22      220  S
     15      1   2.3853718444868863D-01 7.5D-09 0.0D+00 4.4D-08 0.0D+00       23      180       24      231  S
     15      1   2.3853718056772771D-01 7.5D-09 0.0D+00 4.5D-08 0.0D+00       23      174       24      232  S
     15      1   2.3853718444966243D-01 7.5D-09 0.0D+00 4.3D-08 0.0D+00       23      174       23      230  S
     15      1   2.3755952551234480D-01 8.1D-09 0.0D+00 5.5D-08 0.0D+00       23      141       23      230  S
     15      1   2.3853718444930871D-01 7.5D-09 0.0D+00 8.5D-08 0.0D+00       23      163       24      231  S
     15      1   2.3853718141592631D-01 7.5D-09 0.0D+00 1.1D-11 0.0D+00       22      152       22      220  S
     15      1   2.3853717835189031D-01 7.5D-09 0.0D+00 8.2D-08 0.0D+00       24      196       25      242  S
