     13   0.00    0.00    0.00   2.3853717835331997D-01 7.5D-09 0.0D+00 3.9D-09 0.0D+00       22      159       22      220    1030     341    1218     341     379   0.68     0    0      1  BR
     13      1   2.3853718056602607D-01 7.5D-09 0.0D+00 3.2D-09 0.0D+00       22      164       22      220  S
     13   0.00    0.00    0.00   2.3756722722897006D-01 7.1D-09 0.0D+00 4.2D-08 0.0D+00       23      152       24      232     681     356     881     356     384   0.60     1    0      3  BR
     13      1   2.3756722723360393D-01 7.1D-09 0.0D+00 1.1D-09 0.0D+00       22      155       22      220  S
     13      1   2.3756722998746344D-01 7.1D-09 0.0D+00 9.8D-11 0.0D+00       23      162       23      230  S
     13      1   2.3853718141514532D-01 7.5D-09 0.0D+00 2.3D-09 0.0D+00       23      158       23      230  S
     13      1   2.3756722722930818D-01 7.1D-09 0.0D+00 2.8D-08 0.0D+00       23      143       23      230  S
     13      1   2.3756722723078746D-01 7.1D-09 0.0D+00 1.7D-09 0.0D+00       22      134       22      220  S
     13      1   2.3853718027494761D-01 7.5D-09 0.0D+00 8.2D-10 0.0D+00       22      150       22      220  S
     13      1   2.3853718056229994D-01 7.5D-09 0.0D+00 1.8D-08 0.0D+00       23      163       23      230  S
     13      1   2.3756722998731652D-01 7.1D-09 0.0D+00 3.3D-09 0.0D+00       23      166       23      230  S
     13      1   2.3853718445052932D-01 7.5D-09 0.0D+00 5.7D-09 0.0D+00       23      152       23      230  S
     13      1   2.3853718055988873D-01 7.5D-09 0.0D+00 8.7D-08 0.0D+00       23      139       23      230  S
     13      1   2.3853718027581070D-01 7.5D-09 0.0D+00 3.7D-09 0.0D+00       22      151       22      220  S
     13      1   2.3853718444871252D-01 7.5D-09 0.0D+00 5.7D-08 0.0D+00       24      198       24      240  S
     13      1   2.3853718444933561D-01 7.5D-09 0.0D+00 8.0D-08 0.0D+00       23      197       23      230  S
     13      1   2.3853718027616103D-01 7.5D-09 0.0D+00 1.5D-09 0.0D+00       22      166       22      220  S
     13      1   2.3853717792433851D-01 7.5D-09 0.0D+00 9.3D-08 0.0D+00       23      152       24      231  S
     13      1   2.3853718444917638D-01 7.5D-09 0.0D+00 2.8D-09 0.0D+00       22      156       22      220  S
     13      1   2.3853718445508074D-01 7.5D-09 0.0D+00 3.9D-09 0.0D+00       22      154       22      220  S
     13      1   2.3853718443951025D-01 7.5D-09 0.0D+00 2.3D-09 0.0D+00       22      160       22      220  S
     13      1   2.3853717834852273D-01 7.5D-09 0.0D+00 4.3D-08 0.0D+00       23      158       23      230  S
     13      1   2.3756722723399701D-01 7.1D-09 0.0D+00 6.2D-09 0.0D+00       22      144       22      220  S
     13      1   2.3853717834831253D-01 7.5D-09 0.0D+00 6.8D-08 0.0D+00       24      155       24      240  S
     13      1   2.3853717835497754D-01 7.5D-09 0.0D+00 2.1D-09 0.0D+00       22      153       22      220  S
     13      1   2.3853718056496750D-01 7.5D-09 0.0D+00 6.9D-10 0.0D+00       23      164       23      230  S
     13      1   2.3853718445115851D-01 7.5D-09 0.0D+00 3.7D-09 0.0D+00       22      168       22      220  S
     13      1   2.3853717793116880D-01 7.5D-09 0.0D+00 2.2D-08 0.0D+00       23      160       24      231  S
     13      1   2.3853718141152205D-01 7.5D-09 0.0D+00 6.3D-08 0.0D+00       24      183       25      242  S
     13      1   2.3853717793049939D-01 7.5D-09 0.0D+00 2.7D-09 0.0D+00       22      154       22      220  S
     13      1   2.3756722722846477D-01 7.1D-09 0.0D+00 5.6D-08 0.0D+00       23      165       23      230  S
     13      1   2.3756722723007404D-01 7.1D-09 0.0D+00 8.6D-10 0.0D+00       22      142       22      220  S
     13      1   2.3853717835007471D-01 7.5D-09 0.0D+00 1.2D-09 0.0D+00       22      190       22      220  S
     13      1   2.3853718027816478D-01 7.5D-09 0.0D+00 7.8D-09 0.0D+00       23      186       23      230  S
     13      1   2.3756722723024959D-01 7.1D-09 0.0D+00 6.3D-11 0.0D+00       22      135       22      220  S
     13      1   2.3756722723047718D-01 7.1D-09 0.0D+00 6.4D-11 0.0D+00       23      164       23      230  S
     13   0.00    0.00    0.00   2.3755952551596585D-01 8.1D-09 0.0D+00 1.1D-09 0.0D+00       22      148       22      220     907     315    1075     315     368   0.66     0    0     37  BR
     13      1   2.3756722723281098D-01 7.1D-09 0.0D+00 3.0D-08 0.0D+00       23      162       23      230  S
     13      1   2.3756722723363025D-01 7.1D-09 0.0D+00 1.2D-09 0.0D+00       22      142       22      220  S
     13      1   2.5513802688563020D-01 7.6D-09 0.0D+00 8.9D-09 0.0D+00       22      142       22      220  S
     13      1   2.3853717835175003D-01 7.5D-09 0.0D+00 1.6D-09 0.0D+00       23      153       23      230  S
     13      1   2.3853717792500448D-01 7.5D-09 0.0D+00 3.5D-08 0.0D+00       23      166       24      231  S
     13      1   2.3853718027797730D-01 7.5D-09 0.0D+00 1.2D-09 0.0D+00       22      136       22      220  S
     13      1   2.3853718138248434D-01 7.5D-09 0.0D+00 1.3D-07 0.0D+00       22      204       22      220  S
     13      1   2.3853718056530721D-01 7.5D-09 0.0D+00 2.2D-08 0.0D+00       23      145       23      230  S
     13      1   2.3853718056341511D-01 7.5D-09 0.0D+00 1.9D-09 0.0D+00       23      145       23      230  S
     13      1   2.3853718445185149D-01 7.5D-09 0.0D+00 3.8D-07 0.0D+00       24      206       24      240  S
     13      1   2.3853718444913422D-01 7.5D-09 0.0D+00 2.2D-09 0.0D+00       23      168       23      230  S
     13      1   2.3853718027628532D-01 7.5D-09 0.0D+00 1.7D-09 0.0D+00       23      153       23      230  S
     13      1   2.3853718056015755D-01 7.5D-09 0.0D+00 8.8D-08 0.0D+00       23      145       24      232  S
     13      1   2.3853718027856477D-01 7.5D-09 0.0D+00 4.6D-10 0.0D+00       22      158       22      220  S
     13   0.00    0.00    0.00   2.3667383620807464D-01 6.6D-09 0.0D+00 3.1D-08 0.0D+00       24      160       24      240     712     377     925     377     400   0.66     0    0     52  BR
     13      1   2.3853718027873219D-01 7.5D-09 0.0D+00 5.4D-10 0.0D+00       23      166       23      230  S
     13      1   2.3756722998856708D-01 7.1D-09 0.0D+00 1.3D-08 0.0D+00       23      150       23      230  S
     13      1   2.3853718056878703D-01 7.5D-09 0.0D+00 4.1D-09 0.0D+00       22      156       22      220  S
     13      1   2.3756722761607046D-01 7.1D-09 0.0D+00 5.7D-08 0.0D+00       23      170       23      230  S
     13      1   2.3853717792639181D-01 7.5D-09 0.0D+00 6.1D-10 0.0D+00       22      123       22      220  S
     13      1   2.3821721438378812D-01 3.7D-07 0.0D+00 2.5D-03 0.0D+00       27      139       28      280  S
     13      1   2.3853718027302870D-01 7.5D-09 0.0D+00 7.0D-08 0.0D+00       23      130       23      230  S
     13      1   2.3853717792326323D-01 7.5D-09 0.0D+00 8.9D-08 0.0D+00       23      147       23      230  S
     13      1   2.3756722998679008D-01 7.1D-09 0.0D+00 3.3D-09 0.0D+00       22      165       22      220  S
     13      1   2.3756722723203272D-01 7.1D-09 0.0D+00 1.6D-09 0.0D+00       23      150       23      230  S
     13      1   2.3853718141120639D-01 7.5D-09 0.0D+00 8.7D-08 0.0D+00       24      159       24      240  S
     13      1   2.3755952551279755D-01 8.1D-09 0.0D+00 7.0D-08 0.0D+00       24      171       25      241  S
     13      1   2.3813553154749187D-01 5.5D-07 0.0D+00 8.0D-03 0.0D+00       26      150       27      270  S
     13      1   2.3756722722970824D-01 7.1D-09 0.0D+00 2.0D-08 0.0D+00       23      159       23      230  S
     13      1   2.3853717792673254D-01 7.5D-09 0.0D+00 2.9D-10 0.0D+00       22      141       22      220  S
     13      1   2.3756722723076659D-01 7.1D-09 0.0D+00 3.8D-09 0.0D+00       22      159       22      220  S
     13      1   2.3756722723147033D-01 7.1D-09 0.0D+00 5.8D-08 0.0D+00       23      168       24      231  S
     13      1   2.3755952551533710D-01 8.1D-09 0.0D+00 2.3D-10 0.0D+00       22      165       22      220  S
     13      1   2.3756711146098655D-01 7.2D-09 0.0D+00 2.2D-08 0.0D+00       23      179       24      233  S
     13      1   2.3853717834680135D-01 7.5D-09 0.0D+00 9.2D-08 0.0D+00       23      157       23      230  S
     13      1   2.3853718141876903D-01 7.5D-09 0.0D+00 4.3D-09 0.0D+00       23      139       23      230  S
     13      1   2.3853718138026572D-01 7.5D-09 0.0D+00 3.8D-09 0.0D+00       22      151       22      220  S
     13      1   2.3853718027566589D-01 7.5D-09 0.0D+00 2.4D-09 0.0D+00       22      144       22      220  S
     13      1   2.3755952551520182D-01 8.1D-09 0.0D+00 2.8D-09 0.0D+00       23      154       23      230  S
     13      1   2.3756722998204249D-01 7.1D-09 0.0D+00 2.0D-08 0.0D+00       24      187       24      240  S
     13      1   2.3853718056438541D-01 7.5D-09 0.0D+00 4.3D-09 0.0D+00       22      157       22      220  S
     13      1   2.3756722723238075D-01 7.1D-09 0.0D+00 5.9D-08 0.0D+00       23      188       24      232  S
     13      1   2.3853717792680970D-01 7.5D-09 0.0D+00 6.7D-11 0.0D+00       22      152       22      220  S
     13      1   2.3853718442080410D-01 7.5D-09 0.0D+00 6.8D-08 0.0D+00       23      165       23      230  S
     13      1   2.3756722723180054D-01 7.1D-09 0.0D+00 3.6D-09 0.0D+00       22      129       22      220  S
     13      1   2.3853717835104357D-01 7.5D-09 0.0D+00 4.6D-09 0.0D+00       23      137       23      230  S
     13      1   2.3756722723147161D-01 7.1D-09 0.0D+00 4.2D-09 0.0D+00       22      128       22      220  S
     13      1   2.3853718141062397D-01 7.5D-09 0.0D+00 1.0D-10 0.0D+00       22      162       22      220  S
     13      1   2.3756722998525009D-01 7.1D-09 0.0D+00 4.6D-09 0.0D+00       22      161       22      220  S
     13      1   2.3853718444625621D-01 7.5D-09 0.0D+00 8.9D-08 0.0D+00       23      189       23      230  S
     13      1   2.3853718056378526D-01 7.5D-09 0.0D+00 1.9D-09 0.0D+00       22      124       22      220  S
     13      1   2.3853717792489496D-01 7.5D-09 0.0D+00 3.9D-08 0.0D+00       23      163       24      232  S
     13      1   2.3853718130092111D-01 7.5D-09 0.0D+00 3.2D-08 0.0D+00       24      169       25      241  S
     13      1   2.3755952551962309D-01 8.1D-09 0.0D+00 1.5D-09 0.0D+00       22      176       22      220  S
     13      1   2.3853717792470899D-01 7.5D-09 0.0D+00 3.5D-08 0.0D+00       24      156       24      240  S
     13      1   2.3853718444992342D-01 7.5D-09 0.0D+00 9.5D-08 0.0D+00       23      181       24      232  S
     13      1   2.3853718140922486D-01 7.5D-09 0.0D+00 8.8D-08 0.0D+00       23      158       23      230  S
     13      1   2.3853718056430218D-01 7.5D-09 0.0D+00 4.7D-08 0.0D+00       24      152       24      240  S
     13      1   2.3755952551581383D-01 8.1D-09 0.0D+00 2.0D-09 0.0D+00       22      133       22      220  S
     13      1   2.3853718027587792D-01 7.5D-09 0.0D+00 6.4D-10 0.0D+00       22      152       22      220  S
     13      1   2.3853718056482673D-01 7.5D-09 0.0D+00 2.8D-09 0.0D+00       21      122       21      210  S
     13      1   2.3755952551596018D-01 8.1D-09 0.0D+00 6.6D-08 0.0D+00       24      173       24      240  S
     13      1   2.3756722998091265D-01 7.1D-09 0.0D+00 5.9D-08 0.0D+00       23      152       24      232  S
