      7      1   4.1808808586498114D-01 8.0D-09 0.0D+00 1.6D-10 0.0D+00       21      135       21      210  S
      7      1   3.9002436929857720D-01 6.3D-09 0.0D+00 6.4D-09 0.0D+00       21      159       21      210  S
      7      1   3.9028843754044545D-01 6.3D-09 0.0D+00 4.3D-09 0.0D+00       22      162       22      220  S
      7      1   4.1811807935494705D-01 8.0D-09 0.0D+00 4.4D-10 0.0D+00       21      150       21      210  S
      7      1   3.9028843753974146D-01 6.3D-09 0.0D+00 9.0D-10 0.0D+00       21      143       21      210  S
      7      1   3.9130773151601578D-01 1.0D-08 0.0D+00 7.6D-08 0.0D+00       24      168       24      240  S
      7      1   3.9028843754079440D-01 6.3D-09 0.0D+00 1.8D-09 0.0D+00       22      125       22      220  S
      7      1   3.9028844368921306D-01 6.3D-09 0.0D+00 4.2D-10 0.0D+00       22      140       22      220  S
      7      1   3.9028844368954152D-01 6.3D-09 0.0D+00 8.8D-10 0.0D+00       22      148       22      220  S
      7      1   3.9130773151110643D-01 1.0D-08 0.0D+00 7.6D-08 0.0D+00       22      170       22      220  S
      7      1   4.1811807935127476D-01 8.0D-09 0.0D+00 2.9D-09 0.0D+00       23      162       23      230  S
      7      1   4.1703834755284402D-01 8.0D-09 0.0D+00 4.6D-08 0.0D+00       24      158       25      242  S
      7      1   3.9028844368918775D-01 6.3D-09 0.0D+00 8.4D-10 0.0D+00       21      148       21      210  S
      7      1   4.1811807935406808D-01 8.0D-09 0.0D+00 5.0D-08 0.0D+00       24      182       25      241  S
      7      1   3.9002436929663914D-01 6.3D-09 0.0D+00 8.0D-10 0.0D+00       23      154       23      230  S
      7      1   3.9028844368739807D-01 6.3D-09 0.0D+00 3.0D-08 0.0D+00       22      145       22      220  S
      7      1   3.9028844369045546D-01 6.3D-09 0.0D+00 1.6D-09 0.0D+00       22      145       22      220  S
      7      1   3.9130773151092463D-01 1.0D-08 0.0D+00 7.6D-08 0.0D+00       21      132       21      210  S
      7      1   4.1917008507244108D-01 8.0D-09 0.0D+00 3.6D-09 0.0D+00       21      135       21      210  S
      7      1   4.1703834755514835D-01 8.0D-09 0.0D+00 4.6D-09 0.0D+00       23      140       23      230  S
      7      1   4.1917008507370535D-01 8.0D-09 0.0D+00 3.4D-08 0.0D+00       23      145       23      230  S
      7      1   3.9028843753983095D-01 6.3D-09 0.0D+00 5.7D-08 0.0D+00       22      169       22      220  S
      7      1   3.9002436929680773D-01 6.3D-09 0.0D+00 3.2D-09 0.0D+00       21      137       21      210  S
      7      1   4.1917008506705894D-01 8.0D-09 0.0D+00 5.1D-08 0.0D+00       22      152       22      220  S
      7      1   4.1811807934648598D-01 8.0D-09 0.0D+00 6.7D-08 0.0D+00       22      149       22      220  S
      7      1   3.9002436929745399D-01 6.3D-09 0.0D+00 1.4D-08 0.0D+00       22      151       22      220  S
      7      1   3.9002436929600931D-01 6.3D-09 0.0D+00 4.6D-08 0.0D+00       22      162       22      220  S
      7      1   3.9002436929722223D-01 6.3D-09 0.0D+00 6.9D-10 0.0D+00       22      156       22      220  S
      7      1   4.1917008506837727D-01 8.0D-09 0.0D+00 2.7D-08 0.0D+00       22      149       22      220  S
      7      1   4.1808808586282026D-01 8.0D-09 0.0D+00 6.0D-08 0.0D+00       22      170       22      220  S
      7      1   4.1917008507416892D-01 8.0D-09 0.0D+00 3.0D-09 0.0D+00       21      144       21      210  S
      7      1   3.9130773150821047D-01 1.0D-08 0.0D+00 7.6D-08 0.0D+00       23      138       23      230  S
      7      1   4.1703834755267971D-01 8.0D-09 0.0D+00 7.1D-08 0.0D+00       24      131       24      240  S
      7      1   3.9002436929546291D-01 6.3D-09 0.0D+00 3.9D-08 0.0D+00       24      174       25      241  S
      7      1   3.9130773151161885D-01 1.0D-08 0.0D+00 7.6D-08 0.0D+00       23      171       23      230  S
      7      1   3.9130773151111425D-01 1.0D-08 0.0D+00 7.6D-08 0.0D+00       22      127       22      220  S
      7      1   4.1811807934962003D-01 8.0D-09 0.0D+00 5.1D-09 0.0D+00       21      142       21      210  S
      7      1   3.9130773151162362D-01 1.0D-08 0.0D+00 7.6D-08 0.0D+00       22      152       22      220  S
      7      1   4.1808808585850465D-01 8.0D-09 0.0D+00 4.1D-08 0.0D+00       22      161       23      221  S
      7      1   4.1917008507473641D-01 8.0D-09 0.0D+00 4.5D-09 0.0D+00       21      158       21      210  S
      7      1   3.9002436929736961D-01 6.3D-09 0.0D+00 7.6D-09 0.0D+00       23      156       23      230  S
      7      1   3.9002436930073947D-01 6.3D-09 0.0D+00 8.3D-09 0.0D+00       22      163       22      220  S
      7      1   4.1811807935354223D-01 8.0D-09 0.0D+00 1.7D-09 0.0D+00       23      152       23      230  S
      7      1   4.1917008507054548D-01 8.0D-09 0.0D+00 4.3D-09 0.0D+00       22      143       22      220  S
      7      1   4.1811807934724865D-01 8.0D-09 0.0D+00 7.1D-08 0.0D+00       22      162       22      220  S
      7      1   3.9130773151730047D-01 1.0D-08 0.0D+00 7.6D-08 0.0D+00       22      137       22      220  S
      7      1   4.1703834755615232D-01 8.0D-09 0.0D+00 5.9D-10 0.0D+00       21      140       21      210  S
      7      1   3.9130773150883114D-01 1.0D-08 0.0D+00 7.6D-08 0.0D+00       23      149       23      230  S
      7      1   4.1811807934950435D-01 8.0D-09 0.0D+00 4.0D-09 0.0D+00       21      120       21      210  S
      7      1   3.9028843754067338D-01 6.3D-09 0.0D+00 5.7D-09 0.0D+00       22      165       22      220  S
      7      1   3.9130773151100784D-01 1.0D-08 0.0D+00 7.6D-08 0.0D+00       23      174       24      231  S
      7      1   3.9028843753951403D-01 6.3D-09 0.0D+00 2.6D-08 0.0D+00       22      138       23      221  S
      7      1   4.1917008507073195D-01 8.0D-09 0.0D+00 8.6D-10 0.0D+00       22      160       22      220  S
      7      1   4.1917008507095344D-01 8.0D-09 0.0D+00 7.3D-08 0.0D+00       22      139       22      220  S
      7      1   3.9028844368742877D-01 6.3D-09 0.0D+00 4.8D-08 0.0D+00       23      143       23      230  S
      7      1   3.9028844369033411D-01 6.3D-09 0.0D+00 6.3D-09 0.0D+00       21      158       21      210  S
      7      1   3.9028843754025117D-01 6.3D-09 0.0D+00 5.8D-09 0.0D+00       21      133       21      210  S
      7      1   4.1811807934683026D-01 8.0D-09 0.0D+00 6.9D-08 0.0D+00       24      157       24      240  S
      7      1   4.1917008507007664D-01 8.0D-09 0.0D+00 1.3D-09 0.0D+00       21      148       21      210  S
      7      1   3.9028844368713100D-01 6.3D-09 0.0D+00 5.3D-08 0.0D+00       22      134       22      220  S
      7      1   4.1808808585956836D-01 8.0D-09 0.0D+00 2.1D-09 0.0D+00       21      118       21      210  S
      7      1   3.9028844368648830D-01 6.3D-09 0.0D+00 6.4D-08 0.0D+00       22      137       22      220  S
      7      1   4.1703834755534724D-01 8.0D-09 0.0D+00 5.4D-09 0.0D+00       23      139       23      230  S
      7      1   4.1703834755392488D-01 8.0D-09 0.0D+00 5.7D-10 0.0D+00       21      132       21      210  S
      7      1   4.1811807935291856D-01 8.0D-09 0.0D+00 1.4D-11 0.0D+00       23      150       23      230  S
      7      1   3.9028844368633897D-01 6.3D-09 0.0D+00 6.5D-08 0.0D+00       22      157       23      221  S
      7      1   4.1703834755499614D-01 8.0D-09 0.0D+00 3.3D-09 0.0D+00       21      140       21      210  S
      7      1   3.9002436929486189D-01 6.3D-09 0.0D+00 5.6D-08 0.0D+00       22      146       23      221  S
      7      1   3.9002436930030887D-01 6.3D-09 0.0D+00 6.6D-09 0.0D+00       22      134       22      220  S
      7      1   3.9028843753829906D-01 6.3D-09 0.0D+00 5.6D-08 0.0D+00       22      154       23      221  S
      7      1   3.9028844368856053D-01 6.3D-09 0.0D+00 5.9D-08 0.0D+00       22      162       23      221  S
      7      1   3.9002436929766476D-01 6.3D-09 0.0D+00 8.7D-10 0.0D+00       23      162       23      230  S
      7      1   4.1917008506967746D-01 8.0D-09 0.0D+00 1.1D-09 0.0D+00       21      131       21      210  S
      7      1   4.1811807935049605D-01 8.0D-09 0.0D+00 3.0D-09 0.0D+00       22      150       22      220  S
      7      1   3.9130773151775888D-01 1.0D-08 0.0D+00 7.6D-08 0.0D+00       22      134       22      220  S
      7      1   3.9028843754032033D-01 6.3D-09 0.0D+00 3.6D-09 0.0D+00       22      147       22      220  S
      7      1   3.9028844369213128D-01 6.3D-09 0.0D+00 4.9D-09 0.0D+00       22      142       22      220  S
      7      1   3.9028844368838722D-01 6.3D-09 0.0D+00 1.2D-09 0.0D+00       21      156       21      210  S
      7      1   3.9028843754104947D-01 6.3D-09 0.0D+00 5.0D-08 0.0D+00       22      162       23      222  S
      7      1   3.9002436929474155D-01 6.3D-09 0.0D+00 6.5D-08 0.0D+00       22      158       23      222  S
      7      1   3.9028843753972975D-01 6.3D-09 0.0D+00 5.9D-08 0.0D+00       22      145       22      220  S
      7      1   3.9002436929891637D-01 6.3D-09 0.0D+00 6.8D-08 0.0D+00       23      151       23      230  S
      7      1   3.9130773150894521D-01 1.0D-08 0.0D+00 7.6D-08 0.0D+00       23      160       23      230  S
      7      1   4.1703834755412378D-01 8.0D-09 0.0D+00 1.4D-09 0.0D+00       21      127       21      210  S
      7      1   3.9130773151147180D-01 1.0D-08 0.0D+00 7.6D-08 0.0D+00       23      160       23      230  S
      7      1   3.9002436929662332D-01 6.3D-09 0.0D+00 1.9D-09 0.0D+00       23      174       23      230  S
      7      1   3.9002436930012302D-01 6.3D-09 0.0D+00 1.3D-09 0.0D+00       21      137       21      210  S
      7      1   3.9130773151747084D-01 1.0D-08 0.0D+00 7.6D-08 0.0D+00       23      172       23      230  S
      7      1   4.1917008507714665D-01 8.0D-09 0.0D+00 7.2D-09 0.0D+00       22      172       22      220  S
      7      1   4.1703834755546448D-01 8.0D-09 0.0D+00 1.6D-09 0.0D+00       23      166       23      230  S
      7      1   4.1808808585865559D-01 8.0D-09 0.0D+00 2.0D-09 0.0D+00       21      134       21      210  S
      7      1   3.9028843753909520D-01 6.3D-09 0.0D+00 3.0D-08 0.0D+00       22      143       22      220  S
      7      1   4.1703834755504104D-01 8.0D-09 0.0D+00 6.5D-10 0.0D+00       21      148       21      210  S
      7      1   4.1808808585917129D-01 8.0D-09 0.0D+00 2.6D-10 0.0D+00       21      154       21      210  S
      7      1   3.9028844368704008D-01 6.3D-09 0.0D+00 4.6D-08 0.0D+00       22      134       22      220  S
      7      1   3.9002436929868273D-01 6.3D-09 0.0D+00 1.1D-09 0.0D+00       23      164       23      230  S
      7      1   3.9028843754327780D-01 6.3D-09 0.0D+00 5.5D-09 0.0D+00       21      152       21      210  S
      7      1   4.1703834755368546D-01 8.0D-09 0.0D+00 3.4D-08 0.0D+00       24      174       25      241  S
      7      1   3.9130773151096315D-01 1.0D-08 0.0D+00 7.6D-08 0.0D+00       21      125       21      210  S
      7      1   3.9130773151357745D-01 1.0D-08 0.0D+00 7.6D-08 0.0D+00       22      148       22      220  S
