     19      1   1.8409914831199597D-01 7.3D-09 0.0D+00 1.1D-09 0.0D+00       21      201       21      210  S
     19      1   1.8114245060884582D-01 8.1D-09 0.0D+00 7.2D-09 0.0D+00       21      185       21      210  S
     19      1   2.3853718610152808D-01 7.5D-09 0.0D+00 8.9D-08 0.0D+00       23      176       23      230  S
     19      1   1.8114245060888190D-01 8.1D-09 0.0D+00 3.4D-09 0.0D+00       21      170       21      210  S
     19      1   2.3756722998651669D-01 7.1D-09 0.0D+00 4.3D-08 0.0D+00       24      189       24      240  S
     19      1   1.8114245060448952D-01 8.1D-09 0.0D+00 4.7D-07 0.0D+00       22      182       22      220  S
     19      1   2.3755953949358974D-01 8.1D-09 0.0D+00 1.5D-09 0.0D+00       22      184       22      220  S
     19      1   1.8114245060908424D-01 8.1D-09 0.0D+00 5.4D-09 0.0D+00       22      252       22      220  S
     19      1   1.8114245060917986D-01 8.1D-09 0.0D+00 1.8D-08 0.0D+00       23      225       23      230  S
     19      1   1.8114245060915166D-01 8.1D-09 0.0D+00 3.3D-09 0.0D+00       22      198       22      220  S
     19      1   1.8114245060504597D-01 8.1D-09 0.0D+00 4.6D-07 0.0D+00       23      210       23      230  S
     19      1   1.8102644120472358D-01 4.2D-07 0.0D+00 1.5D-01 0.0D+00       26      177       27      270  S
     19      1   2.3667383624574861D-01 6.6D-09 0.0D+00 3.3D-09 0.0D+00       22      167       22      220  S
     19      1   1.8114245066422763D-01 8.1D-09 0.0D+00 4.2D-10 0.0D+00       22      182       22      220  S
     19      1   1.8114245060954220D-01 8.1D-09 0.0D+00 2.8D-09 0.0D+00       22      176       22      220  S
     19      1   2.3853718610537958D-01 7.5D-09 0.0D+00 3.1D-08 0.0D+00       23      179       23      230  S
     19      1   1.8114245060645215D-01 8.1D-09 0.0D+00 2.9D-07 0.0D+00       23      207       23      230  S
     19      1   1.8114245060772508D-01 8.1D-09 0.0D+00 1.7D-07 0.0D+00       23      218       23      230  S
     19      1   1.8114245060965489D-01 8.1D-09 0.0D+00 8.5D-09 0.0D+00       22      195       22      220  S
     19      1   2.3752416867632609D-01 8.1D-09 0.0D+00 7.3D-11 0.0D+00       23      164       23      230  S
     19      1   1.8114245060772019D-01 8.1D-09 0.0D+00 1.8D-07 0.0D+00       24      218       24      240  S
     19      1   1.8114245060931428D-01 8.1D-09 0.0D+00 4.5D-09 0.0D+00       22      210       22      220  S
     19      1   1.8114245060963016D-01 8.1D-09 0.0D+00 7.8D-09 0.0D+00       22      184       22      220  S
     19      1   2.3667383624904018D-01 6.6D-09 0.0D+00 8.6D-10 0.0D+00       22      159       22      220  S
     19      1   2.3853718445539054D-01 7.5D-09 0.0D+00 1.1D-09 0.0D+00       22      170       22      220  S
     19      1   1.8114245060964534D-01 8.1D-09 0.0D+00 1.4D-09 0.0D+00       22      248       22      220  S
     19      1   2.3752416870295626D-01 8.1D-09 0.0D+00 3.4D-08 0.0D+00       24      184       24      240  S
     19      1   1.8114245060915360D-01 8.1D-09 0.0D+00 9.1D-10 0.0D+00       22      185       22      220  S
     19      1   1.8114245060918405D-01 8.1D-09 0.0D+00 2.1D-09 0.0D+00       22      188       22      220  S
     19      1   1.8114245060952436D-01 8.1D-09 0.0D+00 1.3D-10 0.0D+00       22      208       22      220  S
     19      1   2.3667383624683738D-01 6.6D-09 0.0D+00 4.7D-08 0.0D+00       23      170       23      230  S
     19      1   2.3667383624412539D-01 6.6D-09 0.0D+00 4.3D-09 0.0D+00       22      130       22      220  S
     19      1   1.8114245060912662D-01 8.1D-09 0.0D+00 3.5D-09 0.0D+00       22      167       22      220  S
     19      1   1.8282684976288519D-01 6.8D-09 0.0D+00 2.8D-07 0.0D+00       22      180       22      220  S
     19      1   1.8114245060634390D-01 8.1D-09 0.0D+00 3.4D-07 0.0D+00       23      196       23      230  S
     19      1   2.3667383624504618D-01 6.6D-09 0.0D+00 5.9D-10 0.0D+00       22      171       22      220  S
     19      1   1.8114245060902953D-01 8.1D-09 0.0D+00 3.4D-09 0.0D+00       22      180       22      220  S
     19      1   1.8114245060515022D-01 8.1D-09 0.0D+00 4.6D-07 0.0D+00       23      218       23      230  S
     19      1   1.8114245060602766D-01 8.1D-09 0.0D+00 3.4D-07 0.0D+00       24      252       24      240  S
     19      1   2.3853718610660990D-01 7.5D-09 0.0D+00 1.9D-09 0.0D+00       22      154       22      220  S
     19      1   2.3755953949130201D-01 8.1D-09 0.0D+00 6.4D-10 0.0D+00       22      175       22      220  S
     19      1   1.8114245060957845D-01 8.1D-09 0.0D+00 2.8D-09 0.0D+00       22      222       22      220  S
     19      1   2.3752416867742215D-01 8.1D-09 0.0D+00 3.0D-10 0.0D+00       23      172       23      230  S
     19      1   2.2010867975862766D-01 7.8D-09 0.0D+00 2.2D-08 0.0D+00       23      203       23      230  S
     19      1   2.3755953949733324D-01 8.1D-09 0.0D+00 9.6D-10 0.0D+00       22      148       22      220  S
     19      1   1.8114245110839652D-01 8.1D-09 0.0D+00 4.1D-09 0.0D+00       21      219       21      210  S
     19      1   2.3853718610580593D-01 7.5D-09 0.0D+00 1.2D-09 0.0D+00       22      179       22      220  S
     19      1   1.8114245060915157D-01 8.1D-09 0.0D+00 3.9D-09 0.0D+00       22      218       22      220  S
     19      1   1.8114245060912942D-01 8.1D-09 0.0D+00 3.3D-10 0.0D+00       22      195       22      220  S
     19      1   2.3755953948911404D-01 8.1D-09 0.0D+00 5.8D-08 0.0D+00       23      166       23      230  S
     19      1   1.8114245061937517D-01 8.1D-09 0.0D+00 4.5D-07 0.0D+00       23      206       23      230  S
     19      1   1.8114245060935866D-01 8.1D-09 0.0D+00 1.1D-08 0.0D+00       22      232       22      220  S
     19      1   1.8114245060481243D-01 8.1D-09 0.0D+00 4.7D-07 0.0D+00       23      237       23      230  S
     19      1   2.3667383624801763D-01 6.6D-09 0.0D+00 1.4D-09 0.0D+00       22      172       22      220  S
     19      1   1.8114245060879017D-01 8.1D-09 0.0D+00 1.0D-09 0.0D+00       21      195       21      210  S
     19      1   2.2206533869706838D-01 7.1D-09 0.0D+00 8.5D-09 0.0D+00       21      160       21      210  S
     19      1   2.3853718610779007D-01 7.5D-09 0.0D+00 7.0D-09 0.0D+00       22      189       22      220  S
     19      1   2.3752415436607532D-01 8.1D-09 0.0D+00 6.4D-11 0.0D+00       23      149       23      230  S
     19      1   2.3755952552427087D-01 8.1D-09 0.0D+00 2.6D-09 0.0D+00       22      160       22      220  S
     19      1   2.3752416867634585D-01 8.1D-09 0.0D+00 1.3D-09 0.0D+00       23      170       23      230  S
     19      1   1.8114245060678583D-01 8.1D-09 0.0D+00 2.2D-07 0.0D+00       23      199       23      230  S
     19      1   1.8114245060925366D-01 8.1D-09 0.0D+00 2.6D-09 0.0D+00       22      195       22      220  S
     19      1   2.3755953948728772D-01 8.1D-09 0.0D+00 7.0D-08 0.0D+00       23      172       23      230  S
     19      1   2.3667383624672869D-01 6.6D-09 0.0D+00 1.6D-08 0.0D+00       23      146       23      230  S
     19      1   1.8312049409444739D-01 6.9D-09 0.0D+00 5.9D-08 0.0D+00       23      196       23      230  S
     19      1   2.3752416867316470D-01 8.1D-09 0.0D+00 5.2D-08 0.0D+00       23      167       24      232  S
     19      1   2.3756722998695812D-01 7.1D-09 0.0D+00 4.9D-10 0.0D+00       22      174       22      220  S
     19      1   2.0414057008235958D-01 8.4D-09 0.0D+00 3.8D-09 0.0D+00       22      204       22      220  S
     19      1   2.3755952551711385D-01 8.1D-09 0.0D+00 1.4D-08 0.0D+00       24      171       24      240  S
     19      1   1.8114245060912876D-01 8.1D-09 0.0D+00 1.1D-09 0.0D+00       22      184       22      220  S
     19      1   1.8114245060521419D-01 8.1D-09 0.0D+00 4.0D-07 0.0D+00       22      194       22      220  S
     19      1   2.3752416867528181D-01 8.1D-09 0.0D+00 3.5D-08 0.0D+00       24      188       25      242  S
     19      1   1.8114245060892381D-01 8.1D-09 0.0D+00 4.7D-09 0.0D+00       22      169       22      220  S
     19      1   2.3671722386674449D-01 1.5D-06 0.0D+00 9.0D-02 0.0D+00       23      129       24      240  S
     19      1   1.8114245060831083D-01 8.1D-09 0.0D+00 9.6D-08 0.0D+00       22      209       22      220  S
     19      1   2.3752416867128417D-01 8.1D-09 0.0D+00 7.0D-08 0.0D+00       23      167       23      230  S
     19      1   2.3755953948364128D-01 8.1D-09 0.0D+00 1.2D-09 0.0D+00       23      165       23      230  S
     19      1   1.8114245060932388D-01 8.1D-09 0.0D+00 7.7D-09 0.0D+00       22      184       22      220  S
     19      1   2.3853718610485813D-01 7.5D-09 0.0D+00 4.3D-08 0.0D+00       24      162       24      240  S
     19      1   2.3752416867378165D-01 8.1D-09 0.0D+00 3.4D-08 0.0D+00       23      205       23      230  S
     19      1   2.3755952551437520D-01 8.1D-09 0.0D+00 5.1D-08 0.0D+00       23      186       24      232  S
     19      1   1.8114245024567463D-01 8.1D-09 0.0D+00 2.2D-08 0.0D+00       22      234       22      220  S
     19      1   2.3752416867937612D-01 8.1D-09 0.0D+00 2.8D-10 0.0D+00       22      174       22      220  S
     19      1   2.3853718141173039D-01 7.5D-09 0.0D+00 7.8D-08 0.0D+00       23      171       24      231  S
     19      1   2.3667383624446461D-01 6.6D-09 0.0D+00 4.6D-09 0.0D+00       22      173       22      220  S
     19      1   1.8114245060586548D-01 8.1D-09 0.0D+00 3.6D-07 0.0D+00       23      211       23      230  S
     19      1   2.3756722998514890D-01 7.1D-09 0.0D+00 2.8D-08 0.0D+00       23      166       24      232  S
     19      1   1.8114245060814790D-01 8.1D-09 0.0D+00 1.3D-07 0.0D+00       24      231       24      240  S
     19      1   2.3752416867155762D-01 8.1D-09 0.0D+00 5.2D-08 0.0D+00       23      148       23      230  S
     19      1   2.3667383624247212D-01 6.6D-09 0.0D+00 6.6D-08 0.0D+00       23      186       24      231  S
     19      1   2.3752416867632453D-01 8.1D-09 0.0D+00 1.8D-09 0.0D+00       23      167       23      230  S
     19      1   2.1623128473147346D-01 9.1D-09 0.0D+00 2.7D-09 0.0D+00       21      208       21      210  S
     19      1   2.3752416867634696D-01 8.1D-09 0.0D+00 4.5D-10 0.0D+00       22      154       22      220  S
     19      1   1.8114245060919545D-01 8.1D-09 0.0D+00 5.3D-09 0.0D+00       22      197       22      220  S
     19      1   1.8114245060522036D-01 8.1D-09 0.0D+00 4.4D-07 0.0D+00       24      247       24      240  S
     19      1   1.8114245060486858D-01 8.1D-09 0.0D+00 4.6D-07 0.0D+00       23      198       23      230  S
     19      1   1.8114245060961665D-01 8.1D-09 0.0D+00 2.4D-09 0.0D+00       22      208       22      220  S
     19      1   2.3853718610855371D-01 7.5D-09 0.0D+00 1.8D-09 0.0D+00       22      140       22      220  S
     19      1   2.3667383624758337D-01 6.6D-09 0.0D+00 1.1D-09 0.0D+00       22      125       22      220  S
     19      1   1.8114245060927384D-01 8.1D-09 0.0D+00 5.3D-09 0.0D+00       22      196       22      220  S
     19      1   2.3752416867707762D-01 8.1D-09 0.0D+00 3.3D-08 0.0D+00       24      144       24      240  S
     19      1   2.3752416867157450D-01 8.1D-09 0.0D+00 6.3D-08 0.0D+00       23      183       23      230  S
     19      1   2.3853718445225294D-01 7.5D-09 0.0D+00 1.1D-09 0.0D+00       23      161       23      230  S
     19      1   1.8114245060932027D-01 8.1D-09 0.0D+00 7.8D-09 0.0D+00       22      227       22      220  S
     19      1   2.0429491119549262D-01 8.4D-09 0.0D+00 1.4D-09 0.0D+00       22      198       22      220  S
     19      1   2.3853718610413838D-01 7.5D-09 0.0D+00 4.3D-08 0.0D+00       23      168       23      230  S
     19      1   2.3853718609769692D-01 7.5D-09 0.0D+00 3.1D-08 0.0D+00       24      176       24      240  S
     19      1   2.3853718141691202D-01 7.5D-09 0.0D+00 2.7D-09 0.0D+00       23      153       23      230  S
     19      1   1.8114245060617709D-01 8.1D-09 0.0D+00 3.7D-07 0.0D+00       24      215       24      240  S
     19      1   2.3752416867668172D-01 8.1D-09 0.0D+00 1.4D-09 0.0D+00       23      189       23      230  S
     19      1   1.8114245060613407D-01 8.1D-09 0.0D+00 3.3D-07 0.0D+00       23      208       23      230  S
     19      1   1.8114245060698878D-01 8.1D-09 0.0D+00 2.2D-07 0.0D+00       23      192       23      230  S
     19      1   2.3853718610272551D-01 7.5D-09 0.0D+00 3.9D-08 0.0D+00       23      169       24      232  S
     19      1   1.8114245052607428D-01 8.1D-09 0.0D+00 4.7D-07 0.0D+00       23      214       23      230  S
     19      1   2.3853718445139360D-01 7.5D-09 0.0D+00 1.3D-09 0.0D+00       22      172       22      220  S
     19      1   2.3853718611171679D-01 7.5D-09 0.0D+00 1.3D-09 0.0D+00       22      164       22      220  S
     19      1   1.9358732499934098D-01 5.9D-09 0.0D+00 9.8D-09 0.0D+00       21      190       21      210  S
     19      1   2.3853718611046279D-01 7.5D-09 0.0D+00 6.3D-09 0.0D+00       22      161       22      220  S
     19      1   2.3755953948993982D-01 8.1D-09 0.0D+00 4.0D-08 0.0D+00       22      181       23      221  S
     19      1   2.3755953949266209D-01 8.1D-09 0.0D+00 1.4D-09 0.0D+00       23      160       23      230  S
     19      1   1.8449954199999991D-01 8.1D-09 0.0D+00 1.6D-07 0.0D+00       22      215       22      220  S
     19      1   2.3667383624259353D-01 6.6D-09 0.0D+00 5.9D-08 0.0D+00       23      172       24      231  S
     19      1   2.3667383624343097D-01 6.6D-09 0.0D+00 6.5D-08 0.0D+00       23      157       23      230  S
     19      1   1.8112865843666701D-01 3.6D-07 0.0D+00 1.5D-02 0.0D+00       23      195       24      240  S
     19      1   2.3755953949186176D-01 8.1D-09 0.0D+00 2.6D-09 0.0D+00       22      147       22      220  S
     19      1   1.8114245060902956D-01 8.1D-09 0.0D+00 3.2D-09 0.0D+00       22      161       22      220  S
     19      1   2.3667383623788374D-01 6.6D-09 0.0D+00 1.4D-09 0.0D+00       22      167       22      220  S
     19      1   1.8114245060914910D-01 8.1D-09 0.0D+00 6.0D-09 0.0D+00       22      163       22      220  S
     19      1   2.6303057928929008D-01 3.3D-09 0.0D+00 3.3D+06 0.0D+00       23      129       24      240  S
     19      1   2.3853718610546684D-01 7.5D-09 0.0D+00 4.5D-08 0.0D+00       24      197       24      240  S
     19      1   2.3667383624571295D-01 6.6D-09 0.0D+00 1.0D-09 0.0D+00       22      153       22      220  S
     19      1   2.3667383624354002D-01 6.6D-09 0.0D+00 6.8D-08 0.0D+00       23      160       23      230  S
     19      1   2.3853718610091912D-01 7.5D-09 0.0D+00 8.6D-08 0.0D+00       23      179       24      232  S
     19      1   1.8114245060912257D-01 8.1D-09 0.0D+00 2.2D-08 0.0D+00       24      272       24      240  S
     19      1   2.3853718610889046D-01 7.5D-09 0.0D+00 9.1D-10 0.0D+00       22      148       22      220  S
     19      1   1.9399903414957073D-01 6.1D-09 0.0D+00 3.2D-07 0.0D+00       22      207       22      220  S
     19      1   1.8114245060735290D-01 8.1D-09 0.0D+00 2.0D-07 0.0D+00       23      236       23      230  S
     19      1   2.3853718444981767D-01 7.5D-09 0.0D+00 1.7D-09 0.0D+00       22      159       22      220  S
     19      1   1.8114245060744619D-01 8.1D-09 0.0D+00 1.9D-07 0.0D+00       23      199       23      230  S
     19      1   1.8114245060919426D-01 8.1D-09 0.0D+00 2.1D-08 0.0D+00       23      236       23      230  S
     19      1   1.8114245060922032D-01 8.1D-09 0.0D+00 1.8D-09 0.0D+00       22      184       22      220  S
     19      1   2.3752416868089701D-01 8.1D-09 0.0D+00 2.0D-09 0.0D+00       22      174       22      220  S
     19      1   1.8114245060600803D-01 8.1D-09 0.0D+00 3.4D-07 0.0D+00       24      219       24      240  S
     19      1   2.3752416867892345D-01 8.1D-09 0.0D+00 1.2D-09 0.0D+00       22      150       22      220  S
     19      1   2.3752416867819959D-01 8.1D-09 0.0D+00 2.3D-08 0.0D+00       23      186       23      230  S
     19      1   1.8114245060962972D-01 8.1D-09 0.0D+00 3.6D-09 0.0D+00       22      215       22      220  S
     19      1   2.3853718610677338D-01 7.5D-09 0.0D+00 1.9D-09 0.0D+00       22      159       22      220  S
     19      1   1.8114245060499784D-01 8.1D-09 0.0D+00 4.6D-07 0.0D+00       23      208       23      230  S
     19      1   2.3667383624795774D-01 6.6D-09 0.0D+00 6.2D-10 0.0D+00       22      154       22      220  S
     19      1   1.8114245060617468D-01 8.1D-09 0.0D+00 2.9D-07 0.0D+00       22      188       22      220  S
     19      1   2.3752416867415396D-01 8.1D-09 0.0D+00 1.6D-08 0.0D+00       23      167       23      230  S
     19      1   2.3752416867324191D-01 8.1D-09 0.0D+00 1.2D-08 0.0D+00       23      157       23      230  S
     19      1   1.8114245060927656D-01 8.1D-09 0.0D+00 1.4D-08 0.0D+00       23      224       23      230  S
     19      1   1.8104705170119989D-01 4.2D-07 0.0D+00 2.4D-02 0.0D+00       25      215       26      260  S
     19      1   1.8114245060924994D-01 8.1D-09 0.0D+00 4.8D-09 0.0D+00       22      229       22      220  S
     19      1   1.8114245060592840D-01 8.1D-09 0.0D+00 3.4D-07 0.0D+00       23      179       23      230  S
     19      1   1.8114245060910655D-01 8.1D-09 0.0D+00 7.0D-09 0.0D+00       22      182       22      220  S
     19      1   1.8114245060531661D-01 8.1D-09 0.0D+00 4.1D-07 0.0D+00       23      221       23      230  S
     19      1   2.3853718610283192D-01 7.5D-09 0.0D+00 8.8D-08 0.0D+00       24      168       25      241  S
     19      1   1.8114245060695655D-01 8.1D-09 0.0D+00 2.2D-07 0.0D+00       23      218       23      230  S
     19      1   1.8114245060918138D-01 8.1D-09 0.0D+00 1.2D-09 0.0D+00       22      201       22      220  S
     19      1   2.3755952551607565D-01 8.1D-09 0.0D+00 1.2D-09 0.0D+00       22      143       22      220  S
     19      1   1.8114245060955605D-01 8.1D-09 0.0D+00 2.2D-09 0.0D+00       22      182       22      220  S
     19      1   1.8114245060712503D-01 8.1D-09 0.0D+00 2.3D-07 0.0D+00       22      218       22      220  S
     19      1   1.8114245060953604D-01 8.1D-09 0.0D+00 7.5D-09 0.0D+00       22      218       22      220  S
     19      1   2.3752416868203208D-01 8.1D-09 0.0D+00 8.6D-10 0.0D+00       23      169       23      230  S
     19      1   1.8114245060781839D-01 8.1D-09 0.0D+00 1.4D-07 0.0D+00       23      197       23      230  S
     19      1   2.3853718610235428D-01 7.5D-09 0.0D+00 8.5D-08 0.0D+00       23      198       24      232  S
     19      1   2.3667383624809804D-01 6.6D-09 0.0D+00 6.9D-10 0.0D+00       22      160       22      220  S
     19      1   2.3667383624769675D-01 6.6D-09 0.0D+00 3.4D-09 0.0D+00       22      152       22      220  S
     19      1   2.3752416867598000D-01 8.1D-09 0.0D+00 2.1D-09 0.0D+00       23      142       23      230  S
     19      1   2.3667383624383215D-01 6.6D-09 0.0D+00 6.8D-08 0.0D+00       24      160       25      241  S
     19      1   2.3755952551636922D-01 8.1D-09 0.0D+00 1.8D-09 0.0D+00       22      154       22      220  S
     19      1   1.8343471368803241D-01 8.2D-09 0.0D+00 1.0D-08 0.0D+00       22      199       22      220  S
     19      1   1.8114245060906975D-01 8.1D-09 0.0D+00 3.6D-09 0.0D+00       22      233       22      220  S
     19      1   2.3667383624446375D-01 6.6D-09 0.0D+00 3.2D-08 0.0D+00       23      172       23      230  S
     19      1   1.9433260276597344D-01 6.1D-09 0.0D+00 2.6D-09 0.0D+00       21      170       21      210  S
     19      1   2.3752416867945247D-01 8.1D-09 0.0D+00 2.0D-09 0.0D+00       22      167       22      220  S
     19      1   2.1525748354009314D-01 9.0D-09 0.0D+00 9.4D-09 0.0D+00       21      168       21      210  S
     19      1   1.8114245060913875D-01 8.1D-09 0.0D+00 9.4D-09 0.0D+00       21      221       21      210  S
     19      1   1.8114245080653502D-01 8.1D-09 0.0D+00 3.0D-09 0.0D+00       21      187       21      210  S
     19      1   1.8114245060470086D-01 8.1D-09 0.0D+00 4.7D-07 0.0D+00       23      225       23      230  S
     19      1   1.8114245060919526D-01 8.1D-09 0.0D+00 9.4D-09 0.0D+00       22      200       22      220  S
     19      1   1.8114245060768469D-01 8.1D-09 0.0D+00 1.9D-07 0.0D+00       23      191       23      230  S
     19      1   1.8114245060708573D-01 8.1D-09 0.0D+00 2.3D-07 0.0D+00       24      267       24      240  S
     19      1   2.3755952551291751D-01 8.1D-09 0.0D+00 6.3D-08 0.0D+00       23      175       23      230  S
     19      1   2.3755953949267930D-01 8.1D-09 0.0D+00 6.0D-10 0.0D+00       22      163       22      220  S
     19      1   2.3752416867898379D-01 8.1D-09 0.0D+00 2.4D-08 0.0D+00       23      147       23      230  S
     19      1   2.3752415436508670D-01 8.1D-09 0.0D+00 3.0D-09 0.0D+00       22      161       22      220  S
     19      1   2.3667383624509186D-01 6.6D-09 0.0D+00 1.1D-09 0.0D+00       22      149       22      220  S
     19      1   2.3853718610778366D-01 7.5D-09 0.0D+00 3.3D-09 0.0D+00       22      156       22      220  S
     19      1   1.8114245060943643D-01 8.1D-09 0.0D+00 5.7D-09 0.0D+00       22      206       22      220  S
     19      1   2.1602229950395876D-01 3.6D-07 0.0D+00 5.3D-03 0.0D+00       25      161       26      260  S
     19      1   1.8114245060716094D-01 8.1D-09 0.0D+00 2.1D-07 0.0D+00       23      223       23      230  S
     19      1   1.8114245060924905D-01 8.1D-09 0.0D+00 1.8D-09 0.0D+00       22      175       22      220  S
     19      1   1.8114245060530518D-01 8.1D-09 0.0D+00 4.6D-07 0.0D+00       24      244       24      240  S
     19      1   2.3853718609151200D-01 7.5D-09 0.0D+00 8.9D-09 0.0D+00       23      186       23      230  S
     19      1   1.8114245060928949D-01 8.1D-09 0.0D+00 3.8D-09 0.0D+00       22      188       22      220  S
     19      1   1.8114245060920142D-01 8.1D-09 0.0D+00 5.8D-09 0.0D+00       22      168       22      220  S
     19      1   2.3667383624864136D-01 6.6D-09 0.0D+00 2.5D-09 0.0D+00       22      162       22      220  S
     19      1   1.8114245060230127D-01 8.1D-09 0.0D+00 4.0D-07 0.0D+00       23      212       23      230  S
     19      1   2.3755953949564401D-01 8.1D-09 0.0D+00 1.7D-09 0.0D+00       22      169       22      220  S
     19      1   2.3667383624764263D-01 6.6D-09 0.0D+00 3.4D-08 0.0D+00       23      181       24      232  S
     19      1   2.0429491135854660D-01 8.4D-09 0.0D+00 2.4D-09 0.0D+00       22      162       22      220  S
     19      1   1.8114245060498219D-01 8.1D-09 0.0D+00 4.4D-07 0.0D+00       23      191       23      230  S
     19      1   2.3752416867531811D-01 8.1D-09 0.0D+00 6.2D-08 0.0D+00       24      165       24      240  S
     19      1   1.8114245060734649D-01 8.1D-09 0.0D+00 1.7D-07 0.0D+00       23      196       23      230  S
     19      1   2.0495155926731531D-01 8.2D-09 0.0D+00 7.8D-09 0.0D+00       21      141       21      210  S
     19      1   2.3667383624533836D-01 6.6D-09 0.0D+00 3.2D-08 0.0D+00       24      169       24      240  S
     19      1   2.0429491135812464D-01 8.4D-09 0.0D+00 1.1D-08 0.0D+00       23      205       23      230  S
     19      1   2.3752416867485401D-01 8.1D-09 0.0D+00 1.3D-09 0.0D+00       22      181       22      220  S
     19      1   2.3853718445116240D-01 7.5D-09 0.0D+00 3.7D-09 0.0D+00       23      190       23      230  S
     19      1   1.8101945545647602D-01 4.2D-07 0.0D+00 6.8D-02 0.0D+00       26      172       27      270  S
     19      1   1.8114245060777048D-01 8.1D-09 0.0D+00 1.1D-07 0.0D+00       22      199       22      220  S
     19      1   2.3755953949077324D-01 8.1D-09 0.0D+00 6.4D-08 0.0D+00       23      169       24      231  S
     19      1   1.8114245060910752D-01 8.1D-09 0.0D+00 2.8D-09 0.0D+00       22      169       22      220  S
     19      1   1.8114245060818215D-01 8.1D-09 0.0D+00 9.5D-08 0.0D+00       24      237       24      240  S
     19      1   2.3756722998633059D-01 7.1D-09 0.0D+00 1.2D-09 0.0D+00       22      169       22      220  S
     19      1   1.8114245060918377D-01 8.1D-09 0.0D+00 8.7D-09 0.0D+00       22      214       22      220  S
     19      1   2.3667383624419672D-01 6.6D-09 0.0D+00 6.0D-08 0.0D+00       24      200       25      242  S
     19      1   1.9367416842435967D-01 6.0D-09 0.0D+00 4.6D-09 0.0D+00       21      171       21      210  S
     19      1   1.8114245060906539D-01 8.1D-09 0.0D+00 9.6D-09 0.0D+00       22      204       22      220  S
     19      1   1.8114245060927797D-01 8.1D-09 0.0D+00 2.4D-09 0.0D+00       22      208       22      220  S
     19      1   1.8114245060906101D-01 8.1D-09 0.0D+00 1.1D-08 0.0D+00       23      182       23      230  S
     19      1   1.8114245060930220D-01 8.1D-09 0.0D+00 3.0D-09 0.0D+00       22      208       22      220  S
     19      1   2.3853718141457417D-01 7.5D-09 0.0D+00 6.9D-10 0.0D+00       22      171       22      220  S
     19      1   1.8114245060517592D-01 8.1D-09 0.0D+00 4.6D-07 0.0D+00       24      247       24      240  S
     19      1   1.8275014874907033D-01 6.9D-09 0.0D+00 7.5D-09 0.0D+00       22      221       22      220  S
     19      1   2.3853718610619565D-01 7.5D-09 0.0D+00 1.5D-09 0.0D+00       22      152       22      220  S
     19      1   2.3752415436525048D-01 8.1D-09 0.0D+00 2.7D-10 0.0D+00       22      160       22      220  S
     19      1   1.8114245060929129D-01 8.1D-09 0.0D+00 1.6D-08 0.0D+00       23      199       23      230  S
     19      1   1.8114245060782774D-01 8.1D-09 0.0D+00 1.4D-07 0.0D+00       24      205       24      240  S
     19      1   2.3752416867931656D-01 8.1D-09 0.0D+00 5.2D-08 0.0D+00       24      198       25      241  S
     19      1   2.3755953949001873D-01 8.1D-09 0.0D+00 1.6D-08 0.0D+00       23      215       23      230  S
     19      1   1.8114245060913689D-01 8.1D-09 0.0D+00 6.2D-09 0.0D+00       22      192       22      220  S
     19      1   2.3667383624820043D-01 6.6D-09 0.0D+00 4.7D-10 0.0D+00       22      154       22      220  S
     19      1   1.8114245060679429D-01 8.1D-09 0.0D+00 2.3D-07 0.0D+00       23      206       23      230  S
     19      1   2.3853718056359821D-01 7.5D-09 0.0D+00 5.4D-11 0.0D+00       22      168       22      220  S
     19      1   1.8114245060773396D-01 8.1D-09 0.0D+00 1.9D-07 0.0D+00       23      187       23      230  S
     19      1   2.3752416867385304D-01 8.1D-09 0.0D+00 5.5D-08 0.0D+00       24      178       24      240  S
     19      1   1.8114245060917164D-01 8.1D-09 0.0D+00 7.8D-09 0.0D+00       22      200       22      220  S
     19      1   2.3853718141640190D-01 7.5D-09 0.0D+00 6.3D-10 0.0D+00       22      152       22      220  S
     19      1   2.3755953948949676D-01 8.1D-09 0.0D+00 5.2D-08 0.0D+00       23      173       23      230  S
     19      1   2.3667383624969307D-01 6.6D-09 0.0D+00 4.8D-09 0.0D+00       22      164       22      220  S
     19      1   2.3667383624351190D-01 6.6D-09 0.0D+00 3.5D-08 0.0D+00       23      171       24      231  S
     19      1   2.3755953949754077D-01 8.1D-09 0.0D+00 7.5D-10 0.0D+00       22      167       22      220  S
     19      1   2.3853718610237590D-01 7.5D-09 0.0D+00 8.6D-08 0.0D+00       24      196       24      240  S
     19      1   2.3752416868138487D-01 8.1D-09 0.0D+00 1.8D-08 0.0D+00       24      181       24      240  S
     19      1   2.3667383624316662D-01 6.6D-09 0.0D+00 6.8D-08 0.0D+00       23      161       24      232  S
     19      1   2.3756722998606000D-01 7.1D-09 0.0D+00 1.3D-09 0.0D+00       22      176       22      220  S
     19      1   1.8114245060949466D-01 8.1D-09 0.0D+00 6.1D-09 0.0D+00       22      214       22      220  S
     19      1   1.8114245081269228D-01 8.1D-09 0.0D+00 4.7D-07 0.0D+00       24      234       24      240  S
     19      1   1.8114245060484827D-01 8.1D-09 0.0D+00 4.7D-07 0.0D+00       23      215       23      230  S
     19      1   1.8114245060916895D-01 8.1D-09 0.0D+00 1.2D-10 0.0D+00       22      221       22      220  S
     19      1   2.3667383624513155D-01 6.6D-09 0.0D+00 7.0D-08 0.0D+00       23      179       24      232  S
     19      1   2.3667383624418176D-01 6.6D-09 0.0D+00 2.1D-09 0.0D+00       22      159       22      220  S
     19      1   2.3756722998460622D-01 7.1D-09 0.0D+00 5.8D-08 0.0D+00       23      155       23      230  S
     19      1   1.8114245060899450D-01 8.1D-09 0.0D+00 1.2D-08 0.0D+00       24      222       24      240  S
     19      1   1.8114245060513776D-01 8.1D-09 0.0D+00 4.4D-07 0.0D+00       23      210       23      230  S
     19      1   1.8114245060743003D-01 8.1D-09 0.0D+00 2.0D-07 0.0D+00       23      233       23      230  S
     19      1   2.3755952551439594D-01 8.1D-09 0.0D+00 7.0D-08 0.0D+00       22      147       22      220  S
     19      1   1.8114245060338224D-01 8.1D-09 0.0D+00 6.4D-09 0.0D+00       22      210       22      220  S
     19      1   2.3853718610450622D-01 7.5D-09 0.0D+00 4.1D-08 0.0D+00       24      181       25      241  S
     19      1   1.8114245060586717D-01 8.1D-09 0.0D+00 3.5D-07 0.0D+00       24      234       24      240  S
     19      1   1.8114245060951775D-01 8.1D-09 0.0D+00 6.8D-10 0.0D+00       22      204       22      220  S
     19      1   2.3755952551596443D-01 8.1D-09 0.0D+00 1.3D-08 0.0D+00       23      155       23      230  S
     19      1   2.3755953949008032D-01 8.1D-09 0.0D+00 1.4D-09 0.0D+00       22      143       22      220  S
     19      1   2.3853718611070648D-01 7.5D-09 0.0D+00 9.6D-11 0.0D+00       22      160       22      220  S
     19      1   2.3712486859061149D-01 4.3D-07 0.0D+00 2.6D-02 0.0D+00       27      172       28      280  S
     19      1   2.3752416867424417D-01 8.1D-09 0.0D+00 7.1D-08 0.0D+00       24      175       24      240  S
     19      1   2.3752416867657933D-01 8.1D-09 0.0D+00 1.7D-09 0.0D+00       22      151       22      220  S
     19      1   2.3755952551628046D-01 8.1D-09 0.0D+00 3.1D-10 0.0D+00       22      162       22      220  S
     19      1   1.8114245060962531D-01 8.1D-09 0.0D+00 4.5D-09 0.0D+00       22      199       22      220  S
     19      1   1.8114245061166245D-01 8.1D-09 0.0D+00 6.8D-09 0.0D+00       22      201       22      220  S
     19      1   2.3853718610522751D-01 7.5D-09 0.0D+00 2.1D-08 0.0D+00       24      181       24      240  S
     19      1   2.3853718610489835D-01 7.5D-09 0.0D+00 3.8D-10 0.0D+00       22      148       22      220  S
     19      1   2.3752416867583981D-01 8.1D-09 0.0D+00 2.3D-10 0.0D+00       22      160       22      220  S
     19      1   2.3853718141730915D-01 7.5D-09 0.0D+00 7.5D-09 0.0D+00       22      171       22      220  S
     19      1   1.8114245060775880D-01 8.1D-09 0.0D+00 1.5D-07 0.0D+00       23      214       23      230  S
     19      1   2.3755953949384781D-01 8.1D-09 0.0D+00 6.8D-08 0.0D+00       24      217       25      241  S
     19      1   1.8114245060910694D-01 8.1D-09 0.0D+00 2.8D-09 0.0D+00       22      223       22      220  S
     19      1   1.8114245060619719D-01 8.1D-09 0.0D+00 3.8D-07 0.0D+00       23      238       23      230  S
     19      1   1.8114245060948517D-01 8.1D-09 0.0D+00 3.9D-09 0.0D+00       22      218       22      220  S
     19      1   1.8114245060522047D-01 8.1D-09 0.0D+00 4.6D-07 0.0D+00       24      223       24      240  S
     19      1   2.3639635497891451D-01 4.0D-07 0.0D+00 4.9D-03 0.0D+00       25      140       26      260  S
     19      1   2.3755953949315661D-01 8.1D-09 0.0D+00 2.3D-09 0.0D+00       22      188       22      220  S
     19      1   2.3667383624706270D-01 6.6D-09 0.0D+00 1.5D-08 0.0D+00       23      205       23      230  S
     19      1   2.3752416867541634D-01 8.1D-09 0.0D+00 4.8D-09 0.0D+00       22      156       22      220  S
     19      1   1.8114245060700251D-01 8.1D-09 0.0D+00 2.0D-07 0.0D+00       24      241       24      240  S
     19      1   2.3667383624793037D-01 6.6D-09 0.0D+00 6.3D-10 0.0D+00       22      153       22      220  S
     19      1   1.8114245060940931D-01 8.1D-09 0.0D+00 2.3D-07 0.0D+00       24      253       24      240  S
     19      1   1.8114245060504974D-01 8.1D-09 0.0D+00 4.4D-07 0.0D+00       24      234       24      240  S
     19      1   2.3853718611199459D-01 7.5D-09 0.0D+00 4.0D-09 0.0D+00       22      172       22      220  S
     19      1   2.3853718610695526D-01 7.5D-09 0.0D+00 6.5D-10 0.0D+00       22      147       22      220  S
     19      1   2.3667383594393651D-01 6.6D-09 0.0D+00 2.1D-10 0.0D+00       23      162       23      230  S
     19      1   2.3853718610768374D-01 7.5D-09 0.0D+00 1.4D-10 0.0D+00       22      178       22      220  S
     19      1   2.3853718610593450D-01 7.5D-09 0.0D+00 5.9D-10 0.0D+00       22      148       22      220  S
     19      1   1.8114245060918618D-01 8.1D-09 0.0D+00 3.7D-09 0.0D+00       22      218       22      220  S
     19      1   2.3752416867849860D-01 8.1D-09 0.0D+00 2.4D-08 0.0D+00       24      164       24      240  S
     19      1   2.3756722998609461D-01 7.1D-09 0.0D+00 1.0D-09 0.0D+00       22      178       22      220  S
