      5      1   4.5109725557694746D-01 7.2D-09 0.0D+00 3.7D-09 0.0D+00       23      146       23      230  S
      5      1   4.5109725557614982D-01 7.2D-09 0.0D+00 9.1D-10 0.0D+00       21      110       21      210  S
      5      1   4.5109725558076669D-01 7.2D-09 0.0D+00 3.4D-10 0.0D+00       21      118       21      210  S
      5      1   5.2829240861279136D-01 6.9D-09 0.0D+00 6.8D-08 0.0D+00       22      151       22      220  S
      5      1   4.5109725557592234D-01 7.2D-09 0.0D+00 7.0D-11 0.0D+00       21      108       21      210  S
      5      1   4.4984455239548060D-01 7.2D-09 0.0D+00 2.2D-09 0.0D+00       21      111       21      210  S
      5      1   4.4984455239586962D-01 7.2D-09 0.0D+00 4.2D-10 0.0D+00       21      112       21      210  S
      5      1   4.5109725557503483D-01 7.2D-09 0.0D+00 6.0D-08 0.0D+00       22      119       23      221  S
      5      1   4.4984455239671484D-01 7.2D-09 0.0D+00 5.2D-11 0.0D+00       21      115       21      210  S
      5      1   4.4984455239727672D-01 7.2D-09 0.0D+00 4.6D-08 0.0D+00       22      125       22      220  S
      5      1   4.4984455240131438D-01 7.2D-09 0.0D+00 3.3D-10 0.0D+00       21      117       21      210  S
      5      1   4.5109725557877306D-01 7.2D-09 0.0D+00 3.1D-09 0.0D+00       21      110       21      210  S
      5      1   4.4984455239461285D-01 7.2D-09 0.0D+00 2.9D-08 0.0D+00       22      118       23      222  S
      5      1   4.5109725558089103D-01 7.2D-09 0.0D+00 7.0D-08 0.0D+00       22      120       22      220  S
      5      1   4.5109725557799096D-01 7.2D-09 0.0D+00 2.1D-09 0.0D+00       23      150       23      230  S
      5      1   4.5109725557636277D-01 7.2D-09 0.0D+00 2.0D-09 0.0D+00       21      110       21      210  S
      5      1   4.5109725557467761D-01 7.2D-09 0.0D+00 7.1D-08 0.0D+00       22      125       22      220  S
      5      1   4.4984455240168869D-01 7.2D-09 0.0D+00 7.6D-11 0.0D+00       21      117       21      210  S
      5      1   4.4984455239584514D-01 7.2D-09 0.0D+00 7.8D-09 0.0D+00       21      105       21      210  S
      5      1   4.4984455239584259D-01 7.2D-09 0.0D+00 1.7D-09 0.0D+00       21      108       21      210  S
      5      1   4.5109725557983971D-01 7.2D-09 0.0D+00 7.0D-08 0.0D+00       22      118       22      220  S
      5      1   4.4984455240285243D-01 7.2D-09 0.0D+00 4.4D-09 0.0D+00       21      121       21      210  S
      5      1   4.4984455239656518D-01 7.2D-09 0.0D+00 3.3D-09 0.0D+00       21      115       21      210  S
      5      1   4.5109725557916563D-01 7.2D-09 0.0D+00 2.8D-10 0.0D+00       21      113       21      210  S
      5      1   4.4984455239315430D-01 7.2D-09 0.0D+00 6.7D-08 0.0D+00       22      119       22      220  S
      5      1   4.4984455240248694D-01 7.2D-09 0.0D+00 5.3D-10 0.0D+00       23      143       23      230  S
      5      1   4.4984455240032734D-01 7.2D-09 0.0D+00 1.1D-10 0.0D+00       21      122       21      210  S
      5      1   4.4984455239994714D-01 7.2D-09 0.0D+00 6.6D-09 0.0D+00       21      122       21      210  S
      5      1   4.4984455240033966D-01 7.2D-09 0.0D+00 9.1D-10 0.0D+00       21      113       21      210  S
      5      1   4.5109725557385277D-01 7.2D-09 0.0D+00 5.2D-08 0.0D+00       22      114       22      220  S
      5      1   4.4984455239579374D-01 7.2D-09 0.0D+00 3.2D-09 0.0D+00       21      104       21      210  S
      5      1   4.4984455239557125D-01 7.2D-09 0.0D+00 3.0D-08 0.0D+00       22      126       22      220  S
      5      1   4.5109725557746888D-01 7.2D-09 0.0D+00 1.7D-09 0.0D+00       23      140       23      230  S
      5      1   4.5109725557874325D-01 7.2D-09 0.0D+00 2.2D-09 0.0D+00       23      138       23      230  S
      5      1   4.4984455239434407D-01 7.2D-09 0.0D+00 3.3D-08 0.0D+00       22      115       22      220  S
      5      1   4.4984455240608884D-01 7.2D-09 0.0D+00 6.1D-09 0.0D+00       21      124       21      210  S
      5      1   4.4984455239849236D-01 7.2D-09 0.0D+00 6.3D-08 0.0D+00       22      124       22      220  S
      5      1   4.5109725558442443D-01 7.2D-09 0.0D+00 1.3D-09 0.0D+00       21      129       21      210  S
      5      1   4.4984455240241433D-01 7.2D-09 0.0D+00 3.3D-08 0.0D+00       22      126       22      220  S
      5      1   4.5109725557463060D-01 7.2D-09 0.0D+00 6.4D-08 0.0D+00       22      114       22      220  S
      5      1   4.4984455239414423D-01 7.2D-09 0.0D+00 7.4D-08 0.0D+00       22      119       22      220  S
      5      1   4.4984455239569637D-01 7.2D-09 0.0D+00 3.7D-09 0.0D+00       21      112       21      210  S
      5      1   4.4984455239821441D-01 7.2D-09 0.0D+00 6.7D-08 0.0D+00       22      128       22      220  S
      5      1   4.5109725558206826D-01 7.2D-09 0.0D+00 3.2D-08 0.0D+00       22      130       23      222  S
      5      1   4.4984455240298499D-01 7.2D-09 0.0D+00 1.4D-09 0.0D+00       21      112       21      210  S
      5      1   4.4984455239568860D-01 7.2D-09 0.0D+00 6.9D-08 0.0D+00       22      131       22      220  S
      5      1   4.4984455239561472D-01 7.2D-09 0.0D+00 3.3D-09 0.0D+00       23      148       23      230  S
      5      1   4.5109725557592034D-01 7.2D-09 0.0D+00 3.8D-09 0.0D+00       21      103       21      210  S
      5      1   4.4984455239774163D-01 7.2D-09 0.0D+00 5.9D-08 0.0D+00       22      128       22      220  S
      5      1   4.4984455239988291D-01 7.2D-09 0.0D+00 1.2D-09 0.0D+00       23      139       23      230  S
      5      1   4.4984455239332083D-01 7.2D-09 0.0D+00 4.4D-08 0.0D+00       24      152       25      242  S
      5      1   4.4984455239689247D-01 7.2D-09 0.0D+00 3.1D-09 0.0D+00       21      111       21      210  S
      5      1   4.4984455239617477D-01 7.2D-09 0.0D+00 1.5D-09 0.0D+00       21      116       21      210  S
      5      1   4.4984455240059862D-01 7.2D-09 0.0D+00 8.7D-10 0.0D+00       21      122       21      210  S
      5      1   4.5109725557664698D-01 7.2D-09 0.0D+00 2.9D-09 0.0D+00       21      111       21      210  S
      5      1   4.4984455239874732D-01 7.2D-09 0.0D+00 5.7D-08 0.0D+00       22      133       23      222  S
      5      1   4.4984455239337018D-01 7.2D-09 0.0D+00 6.6D-08 0.0D+00       22      118       22      220  S
      5      1   4.4984455239571758D-01 7.2D-09 0.0D+00 6.0D-09 0.0D+00       21      106       21      210  S
      5      1   4.4984455239344717D-01 7.2D-09 0.0D+00 6.1D-08 0.0D+00       22      117       22      220  S
      5      1   4.4984455239715199D-01 7.2D-09 0.0D+00 6.8D-08 0.0D+00       24      146       24      240  S
      5      1   4.5109725557692371D-01 7.2D-09 0.0D+00 6.8D-08 0.0D+00       22      117       22      220  S
      5      1   4.5109725558063096D-01 7.2D-09 0.0D+00 7.0D-08 0.0D+00       22      122       23      221  S
      5      1   4.5109725557770119D-01 7.2D-09 0.0D+00 6.8D-08 0.0D+00       22      126       22      220  S
      5      1   4.5109725557614527D-01 7.2D-09 0.0D+00 1.9D-09 0.0D+00       21      120       21      210  S
      5      1   4.5109725557761476D-01 7.2D-09 0.0D+00 1.4D-09 0.0D+00       21      116       21      210  S
      5      1   4.4984455239888943D-01 7.2D-09 0.0D+00 5.6D-09 0.0D+00       21      117       21      210  S
      5      1   4.5109725557578922D-01 7.2D-09 0.0D+00 1.3D-09 0.0D+00       23      129       23      230  S
      5      1   4.4984455239736926D-01 7.2D-09 0.0D+00 2.9D-09 0.0D+00       23      143       23      230  S
      5      1   4.4984455239383975D-01 7.2D-09 0.0D+00 7.0D-08 0.0D+00       24      157       25      242  S
      5      1   4.5109725557542563D-01 7.2D-09 0.0D+00 4.9D-08 0.0D+00       22      121       23      222  S
      5      1   4.5109725558149943D-01 7.2D-09 0.0D+00 2.8D-08 0.0D+00       22      127       23      221  S
      5      1   4.5109725557825731D-01 7.2D-09 0.0D+00 6.5D-08 0.0D+00       22      127       23      222  S
      5      1   4.4984455239386961D-01 7.2D-09 0.0D+00 6.8D-08 0.0D+00       23      134       23      230  S
      5      1   4.4984455240042753D-01 7.2D-09 0.0D+00 5.6D-09 0.0D+00       21      116       21      210  S
      5      1   4.4984455239502108D-01 7.2D-09 0.0D+00 5.1D-08 0.0D+00       22      121       22      220  S
      5      1   4.5109725557854624D-01 7.2D-09 0.0D+00 6.2D-08 0.0D+00       22      125       22      220  S
      5      1   4.4984455239822818D-01 7.2D-09 0.0D+00 3.0D-08 0.0D+00       22      129       23      222  S
      5      1   4.5109725558020564D-01 7.2D-09 0.0D+00 2.4D-09 0.0D+00       21      117       21      210  S
      5      1   4.5109725557610497D-01 7.2D-09 0.0D+00 3.5D-09 0.0D+00       21      106       21      210  S
      5      1   4.5109725557509145D-01 7.2D-09 0.0D+00 3.0D-08 0.0D+00       22      125       23      221  S
      5      1   4.4984455239504262D-01 7.2D-09 0.0D+00 3.2D-08 0.0D+00       22      120       22      220  S
      5      1   4.5109725558023350D-01 7.2D-09 0.0D+00 8.2D-10 0.0D+00       21      121       21      210  S
      5      1   4.5109725557767377D-01 7.2D-09 0.0D+00 2.5D-09 0.0D+00       21      112       21      210  S
      5      1   4.5109725557445318D-01 7.2D-09 0.0D+00 6.6D-08 0.0D+00       22      115       22      220  S
      5      1   4.4984455239570453D-01 7.2D-09 0.0D+00 1.4D-10 0.0D+00       21      107       21      210  S
      5      1   4.5109725557675134D-01 7.2D-09 0.0D+00 7.0D-10 0.0D+00       21      107       21      210  S
      5      1   4.4984455239594773D-01 7.2D-09 0.0D+00 1.4D-09 0.0D+00       21      111       21      210  S
      5      1   4.4984455239586013D-01 7.2D-09 0.0D+00 1.7D-09 0.0D+00       21      119       21      210  S
      5      1   4.4984455239674170D-01 7.2D-09 0.0D+00 6.6D-08 0.0D+00       22      115       22      220  S
      5      1   4.5109725557811015D-01 7.2D-09 0.0D+00 1.5D-09 0.0D+00       21      109       21      210  S
      5      1   4.4984455239572008D-01 7.2D-09 0.0D+00 2.2D-09 0.0D+00       21      116       21      210  S
      5      1   4.4984455239456123D-01 7.2D-09 0.0D+00 2.8D-08 0.0D+00       22      116       22      220  S
      5      1   4.5109725557343350D-01 7.2D-09 0.0D+00 6.7D-08 0.0D+00       22      115       23      221  S
      5      1   4.5109725557470526D-01 7.2D-09 0.0D+00 6.9D-08 0.0D+00       22      115       22      220  S
      5      1   4.5109725558034380D-01 7.2D-09 0.0D+00 1.1D-09 0.0D+00       21      106       21      210  S
      5      1   4.5109725557937441D-01 7.2D-09 0.0D+00 7.1D-08 0.0D+00       22      117       22      220  S
      5      1   4.5109725557824720D-01 7.2D-09 0.0D+00 2.5D-09 0.0D+00       21      112       21      210  S
      5      1   4.5109725558061647D-01 7.2D-09 0.0D+00 5.4D-10 0.0D+00       23      143       23      230  S
      5      1   4.5109725558189440D-01 7.2D-09 0.0D+00 1.8D-09 0.0D+00       23      136       23      230  S
      5      1   4.5109725558078612D-01 7.2D-09 0.0D+00 1.1D-09 0.0D+00       21      116       21      210  S
      5      1   4.4984455239906496D-01 7.2D-09 0.0D+00 6.9D-08 0.0D+00       22      125       22      220  S
      5      1   4.4984455240040289D-01 7.2D-09 0.0D+00 6.7D-08 0.0D+00       22      128       22      220  S
      5      1   4.5109725558479419D-01 7.2D-09 0.0D+00 2.1D-09 0.0D+00       21      114       21      210  S
      5      1   4.5109725558085989D-01 7.2D-09 0.0D+00 1.2D-09 0.0D+00       21      115       21      210  S
      5      1   4.5109725557739250D-01 7.2D-09 0.0D+00 2.6D-10 0.0D+00       21      115       21      210  S
      5      1   4.5109725557751940D-01 7.2D-09 0.0D+00 3.3D-10 0.0D+00       21      112       21      210  S
      5      1   4.4984455240203791D-01 7.2D-09 0.0D+00 1.4D-09 0.0D+00       21      124       21      210  S
      5      1   4.4984455240178695D-01 7.2D-09 0.0D+00 3.5D-09 0.0D+00       23      155       23      230  S
      5      1   4.4984455239610627D-01 7.2D-09 0.0D+00 1.8D-10 0.0D+00       21      115       21      210  S
      5      1   4.4984455239771554D-01 7.2D-09 0.0D+00 4.5D-08 0.0D+00       24      162       25      242  S
      5      1   4.4984455239531734D-01 7.2D-09 0.0D+00 5.8D-08 0.0D+00       22      128       23      221  S
      5      1   4.5109725558064745D-01 7.2D-09 0.0D+00 7.3D-10 0.0D+00       21      119       21      210  S
      5      1   4.5109725558095026D-01 7.2D-09 0.0D+00 5.9D-08 0.0D+00       22      132       23      221  S
      5      1   4.4984455240424065D-01 7.2D-09 0.0D+00 6.6D-08 0.0D+00       22      141       23      221  S
      5      1   4.4984455240126325D-01 7.2D-09 0.0D+00 3.9D-09 0.0D+00       21      113       21      210  S
      5      1   4.4984455239521842D-01 7.2D-09 0.0D+00 3.2D-08 0.0D+00       24      155       24      240  S
      5      1   4.4984455239697069D-01 7.2D-09 0.0D+00 9.3D-09 0.0D+00       21      127       21      210  S
      5      1   4.4984455239564880D-01 7.2D-09 0.0D+00 3.7D-09 0.0D+00       21      105       21      210  S
      5      1   4.5109725558197011D-01 7.2D-09 0.0D+00 2.4D-09 0.0D+00       21      118       21      210  S
      5      1   4.4984455239359694D-01 7.2D-09 0.0D+00 6.2D-08 0.0D+00       22      125       22      220  S
      5      1   4.5109725557951863D-01 7.2D-09 0.0D+00 5.6D-08 0.0D+00       22      120       23      222  S
      5      1   4.4984455240217958D-01 7.2D-09 0.0D+00 3.2D-09 0.0D+00       21      117       21      210  S
      5      1   4.5109725557590419D-01 7.2D-09 0.0D+00 1.1D-10 0.0D+00       21       99       21      210  S
      5      1   4.4984455239358112D-01 7.2D-09 0.0D+00 6.6D-08 0.0D+00       22      135       23      222  S
      5      1   4.4984455239686061D-01 7.2D-09 0.0D+00 3.3D-09 0.0D+00       21      114       21      210  S
      5      1   4.4984455239941207D-01 7.2D-09 0.0D+00 9.7D-09 0.0D+00       23      153       23      230  S
      5      1   4.5109725557598246D-01 7.2D-09 0.0D+00 3.0D-09 0.0D+00       21      102       21      210  S
      5      1   4.4984455240087950D-01 7.2D-09 0.0D+00 2.9D-09 0.0D+00       21      120       21      210  S
      5      1   4.5109725557639663D-01 7.2D-09 0.0D+00 9.1D-10 0.0D+00       21      110       21      210  S
      5      1   4.5109725557632546D-01 7.2D-09 0.0D+00 4.0D-09 0.0D+00       21      109       21      210  S
      5      1   4.4984455239679561D-01 7.2D-09 0.0D+00 2.6D-08 0.0D+00       22      127       22      220  S
      5      1   4.5109725558203551D-01 7.2D-09 0.0D+00 4.4D-10 0.0D+00       21      115       21      210  S
      5      1   4.5109725558071440D-01 7.2D-09 0.0D+00 1.2D-09 0.0D+00       21      108       21      210  S
      5      1   4.5109725557724278D-01 7.2D-09 0.0D+00 7.2D-08 0.0D+00       22      116       23      221  S
      5      1   4.5109725557633423D-01 7.2D-09 0.0D+00 3.0D-09 0.0D+00       21      106       21      210  S
      5      1   4.4984455240302901D-01 7.2D-09 0.0D+00 3.8D-08 0.0D+00       22      132       22      220  S
      5      1   4.4984455239709242D-01 7.2D-09 0.0D+00 1.9D-09 0.0D+00       21      109       21      210  S
      5      1   4.4984455240482912D-01 7.2D-09 0.0D+00 8.3D-10 0.0D+00       21      121       21      210  S
      5      1   4.4984455240007570D-01 7.2D-09 0.0D+00 3.7D-09 0.0D+00       21      115       21      210  S
      5      1   4.4984455239523652D-01 7.2D-09 0.0D+00 3.3D-08 0.0D+00       22      126       23      221  S
      5      1   4.5109725557422725D-01 7.2D-09 0.0D+00 5.0D-08 0.0D+00       24      142       25      242  S
      5      1   4.5109725558244246D-01 7.2D-09 0.0D+00 2.9D-09 0.0D+00       21      105       21      210  S
      5      1   4.4984455239919102D-01 7.2D-09 0.0D+00 2.6D-08 0.0D+00       22      130       22      220  S
      5      1   4.4984455239434762D-01 7.2D-09 0.0D+00 3.2D-08 0.0D+00       22      114       22      220  S
      5      1   4.4984455240153520D-01 7.2D-09 0.0D+00 6.0D-10 0.0D+00       21      123       21      210  S
      5      1   4.5109725557916036D-01 7.2D-09 0.0D+00 3.1D-08 0.0D+00       22      117       23      222  S
      5      1   4.5109725558170966D-01 7.2D-09 0.0D+00 4.8D-09 0.0D+00       21      114       21      210  S
      5      1   4.4984455239693805D-01 7.2D-09 0.0D+00 4.3D-08 0.0D+00       22      127       22      220  S
      5      1   4.4984455239611665D-01 7.2D-09 0.0D+00 2.5D-08 0.0D+00       22      129       22      220  S
      5      1   4.4984455239612620D-01 7.2D-09 0.0D+00 1.3D-08 0.0D+00       22      131       23      221  S
      5      1   4.5109725557590497D-01 7.2D-09 0.0D+00 1.1D-09 0.0D+00       21      106       21      210  S
      5      1   4.5109725557819880D-01 7.2D-09 0.0D+00 6.5D-08 0.0D+00       22      125       22      220  S
      5      1   4.5109725557720082D-01 7.2D-09 0.0D+00 3.6D-09 0.0D+00       21      111       21      210  S
      5      1   4.5109725557599012D-01 7.2D-09 0.0D+00 1.7D-08 0.0D+00       24      139       24      240  S
      5      1   4.4984455239923632D-01 7.2D-09 0.0D+00 3.0D-08 0.0D+00       22      133       23      222  S
      5      1   4.5109725557413433D-01 7.2D-09 0.0D+00 5.8D-08 0.0D+00       24      144       25      241  S
      5      1   4.5109725557639868D-01 7.2D-09 0.0D+00 1.4D-09 0.0D+00       21      111       21      210  S
      5      1   4.4984455239637927D-01 7.2D-09 0.0D+00 5.8D-08 0.0D+00       22      131       22      220  S
      5      1   4.5109725557665475D-01 7.2D-09 0.0D+00 1.6D-08 0.0D+00       22      120       22      220  S
      5      1   4.5109725557607760D-01 7.2D-09 0.0D+00 9.3D-12 0.0D+00       21      101       21      210  S
      5      1   4.5109725558700570D-01 7.2D-09 0.0D+00 1.2D-09 0.0D+00       21      117       21      210  S
      5      1   4.4984455239895099D-01 7.2D-09 0.0D+00 5.0D-08 0.0D+00       22      127       22      220  S
      5      1   4.5109725558163960D-01 7.2D-09 0.0D+00 3.4D-09 0.0D+00       21      108       21      210  S
      5      1   4.4984455239686810D-01 7.2D-09 0.0D+00 7.6D-09 0.0D+00       23      147       23      230  S
      5      1   4.5109725558009062D-01 7.2D-09 0.0D+00 6.9D-10 0.0D+00       21      105       21      210  S
      5      1   4.5109725557614966D-01 7.2D-09 0.0D+00 3.8D-09 0.0D+00       23      138       23      230  S
      5      1   4.4984455240211246D-01 7.2D-09 0.0D+00 1.4D-09 0.0D+00       21      113       21      210  S
      5      1   4.5109725557686647D-01 7.2D-09 0.0D+00 4.7D-09 0.0D+00       21      113       21      210  S
      5      1   4.5109725557607505D-01 7.2D-09 0.0D+00 4.8D-09 0.0D+00       23      130       23      230  S
      5      1   4.4984455239618243D-01 7.2D-09 0.0D+00 2.5D-10 0.0D+00       21      116       21      210  S
      5      1   4.5109725557612251D-01 7.2D-09 0.0D+00 9.6D-10 0.0D+00       21      105       21      210  S
      5      1   4.5109725558074226D-01 7.2D-09 0.0D+00 4.6D-09 0.0D+00       21      107       21      210  S
      5      1   4.4984455240272875D-01 7.2D-09 0.0D+00 1.2D-10 0.0D+00       23      153       23      230  S
      5      1   4.4984455239522780D-01 7.2D-09 0.0D+00 3.2D-08 0.0D+00       22      126       23      221  S
      5      1   5.2829242934877463D-01 6.8D-09 0.0D+00 1.7D-09 0.0D+00       21      139       21      210  S
      5      1   4.4984455240043147D-01 7.2D-09 0.0D+00 6.1D-09 0.0D+00       21      116       21      210  S
      5      1   4.5109725557388120D-01 7.2D-09 0.0D+00 6.0D-08 0.0D+00       22      118       23      222  S
      5      1   4.4984455239573345D-01 7.2D-09 0.0D+00 1.6D-10 0.0D+00       21      114       21      210  S
      5      1   4.5109725557513508D-01 7.2D-09 0.0D+00 5.7D-08 0.0D+00       22      121       22      220  S
      5      1   4.4984455240167115D-01 7.2D-09 0.0D+00 6.2D-08 0.0D+00       22      133       22      220  S
      5      1   4.5109725558516928D-01 7.2D-09 0.0D+00 1.3D-08 0.0D+00       22      134       23      222  S
      5      1   4.5109725557667391D-01 7.2D-09 0.0D+00 2.3D-09 0.0D+00       21      118       21      210  S
      5      1   4.4984455239712318D-01 7.2D-09 0.0D+00 3.2D-08 0.0D+00       24      179       25      242  S
      5      1   4.4984455240321397D-01 7.2D-09 0.0D+00 4.1D-09 0.0D+00       21      122       21      210  S
      5      1   4.5109725557564839D-01 7.2D-09 0.0D+00 2.7D-09 0.0D+00       23      130       23      230  S
      5      1   4.5109725558091862D-01 7.2D-09 0.0D+00 2.8D-08 0.0D+00       22      127       23      222  S
      5      1   4.4984455239935955D-01 7.2D-09 0.0D+00 5.1D-08 0.0D+00       22      132       23      222  S
      5      1   4.5109725557934355D-01 7.2D-09 0.0D+00 2.1D-09 0.0D+00       21      120       21      210  S
      5      1   4.4984455239825172D-01 7.2D-09 0.0D+00 5.6D-08 0.0D+00       22      130       23      222  S
      5      1   4.4984455239326399D-01 7.2D-09 0.0D+00 6.5D-08 0.0D+00       22      115       23      221  S
      5      1   4.5109725557350117D-01 7.2D-09 0.0D+00 7.4D-08 0.0D+00       22      107       22      220  S
      5      1   4.5109725558673930D-01 7.2D-09 0.0D+00 9.3D-10 0.0D+00       21      111       21      210  S
      5      1   4.4984455240267446D-01 7.2D-09 0.0D+00 2.8D-09 0.0D+00       21      118       21      210  S
      5      1   4.5109725557810343D-01 7.2D-09 0.0D+00 1.1D-09 0.0D+00       21      116       21      210  S
      5      1   4.5109725557595376D-01 7.2D-09 0.0D+00 1.6D-10 0.0D+00       21      107       21      210  S
      5      1   4.4984455239660298D-01 7.2D-09 0.0D+00 1.0D-09 0.0D+00       21      112       21      210  S
      5      1   4.4984455239577331D-01 7.2D-09 0.0D+00 7.0D-09 0.0D+00       23      148       23      230  S
      5      1   4.5109725558507513D-01 7.2D-09 0.0D+00 3.4D-09 0.0D+00       21      113       21      210  S
      5      1   4.4984455239597942D-01 7.2D-09 0.0D+00 3.4D-09 0.0D+00       21      109       21      210  S
      5      1   4.4984455239783921D-01 7.2D-09 0.0D+00 1.3D-09 0.0D+00       21      109       21      210  S
      5      1   4.4984455239729448D-01 7.2D-09 0.0D+00 6.0D-09 0.0D+00       21      118       21      210  S
      5      1   4.4984455239723764D-01 7.2D-09 0.0D+00 4.6D-09 0.0D+00       21      116       21      210  S
      5      1   4.5109725557626690D-01 7.2D-09 0.0D+00 2.2D-09 0.0D+00       21      102       21      210  S
      5      1   4.5109725557448094D-01 7.2D-09 0.0D+00 7.2D-08 0.0D+00       22      117       22      220  S
      5      1   4.4984455239770138D-01 7.2D-09 0.0D+00 1.6D-09 0.0D+00       21      109       21      210  S
      5      1   4.5109725558396152D-01 7.2D-09 0.0D+00 4.9D-08 0.0D+00       22      129       23      222  S
      5      1   4.5109725557631514D-01 7.2D-09 0.0D+00 4.3D-10 0.0D+00       21      108       21      210  S
      5      1   4.5109725557759833D-01 7.2D-09 0.0D+00 4.5D-08 0.0D+00       22      133       23      221  S
      5      1   4.4984455240270999D-01 7.2D-09 0.0D+00 8.4D-10 0.0D+00       21      121       21      210  S
      5      1   4.5109725558019176D-01 7.2D-09 0.0D+00 9.2D-09 0.0D+00       21      117       21      210  S
      5      1   4.5109725558021524D-01 7.2D-09 0.0D+00 2.1D-08 0.0D+00       22      130       22      220  S
      5      1   4.5109725557488456D-01 7.2D-09 0.0D+00 6.8D-08 0.0D+00       22      123       23      221  S
      5      1   4.4984455239586035D-01 7.2D-09 0.0D+00 6.3D-09 0.0D+00       21      118       21      210  S
      5      1   4.4984455239514543D-01 7.2D-09 0.0D+00 8.8D-10 0.0D+00       23      148       23      230  S
      5      1   4.4984455240012045D-01 7.2D-09 0.0D+00 9.3D-11 0.0D+00       21      110       21      210  S
      5      1   4.4984455239874455D-01 7.2D-09 0.0D+00 3.1D-08 0.0D+00       22      117       22      220  S
      5      1   4.4984455240150317D-01 7.2D-09 0.0D+00 6.6D-08 0.0D+00       22      132       22      220  S
      5      1   4.5109725558141961D-01 7.2D-09 0.0D+00 1.5D-09 0.0D+00       21      107       21      210  S
      5      1   4.5109725557648350D-01 7.2D-09 0.0D+00 4.4D-09 0.0D+00       21      111       21      210  S
      5      1   4.5109725557688485D-01 7.2D-09 0.0D+00 1.9D-09 0.0D+00       21      110       21      210  S
      5      1   4.4984455239926080D-01 7.2D-09 0.0D+00 7.4D-08 0.0D+00       22      120       22      220  S
      5      1   4.5109725558207653D-01 7.2D-09 0.0D+00 2.9D-09 0.0D+00       21      112       21      210  S
      5      1   4.5109725557824443D-01 7.2D-09 0.0D+00 7.1D-08 0.0D+00       22      122       23      221  S
      5      1   4.4984455240051846D-01 7.2D-09 0.0D+00 3.3D-08 0.0D+00       24      174       25      241  S
      5      1   4.4984455240283866D-01 7.2D-09 0.0D+00 1.4D-10 0.0D+00       21      123       21      210  S
      5      1   4.4984455239941262D-01 7.2D-09 0.0D+00 8.2D-10 0.0D+00       21      124       21      210  S
      5      1   4.4984455240020171D-01 7.2D-09 0.0D+00 1.0D-09 0.0D+00       23      145       23      230  S
      5      1   4.4984455239535193D-01 7.2D-09 0.0D+00 6.9D-08 0.0D+00       22      122       22      220  S
      5      1   4.4984455239552817D-01 7.2D-09 0.0D+00 2.5D-08 0.0D+00       22      123       23      222  S
      5      1   4.4984455240523102D-01 7.2D-09 0.0D+00 4.8D-10 0.0D+00       21      121       21      210  S
      5      1   4.4984455240113630D-01 7.2D-09 0.0D+00 2.3D-09 0.0D+00       23      152       23      230  S
      5      1   4.4984455240023580D-01 7.2D-09 0.0D+00 3.3D-08 0.0D+00       24      163       25      242  S
      5      1   4.5109725558044289D-01 7.2D-09 0.0D+00 9.6D-11 0.0D+00       21      108       21      210  S
      5      1   4.4984455240213317D-01 7.2D-09 0.0D+00 1.3D-09 0.0D+00       21      111       21      210  S
      5      1   4.5109725557651276D-01 7.2D-09 0.0D+00 2.9D-09 0.0D+00       23      134       23      230  S
      5      1   4.5109725558136099D-01 7.2D-09 0.0D+00 6.2D-10 0.0D+00       23      139       23      230  S
      5      1   4.5109725557641756D-01 7.2D-09 0.0D+00 7.7D-10 0.0D+00       21      106       21      210  S
      5      1   4.4984455239692156D-01 7.2D-09 0.0D+00 3.6D-09 0.0D+00       21      114       21      210  S
      5      1   4.4984455239581289D-01 7.2D-09 0.0D+00 6.8D-08 0.0D+00       22      120       22      220  S
      5      1   4.4984455240643506D-01 7.2D-09 0.0D+00 4.8D-09 0.0D+00       21      110       21      210  S
      5      1   4.4984455239639409D-01 7.2D-09 0.0D+00 2.9D-11 0.0D+00       21      108       21      210  S
      5      1   4.4984455239983889D-01 7.2D-09 0.0D+00 3.4D-09 0.0D+00       21      112       21      210  S
      5      1   4.4984455239697502D-01 7.2D-09 0.0D+00 7.2D-09 0.0D+00       21      107       21      210  S
      5      1   4.5109725558112218D-01 7.2D-09 0.0D+00 6.5D-09 0.0D+00       21      114       21      210  S
      5      1   4.5109725557641273D-01 7.2D-09 0.0D+00 3.0D-09 0.0D+00       21      105       21      210  S
      5      1   4.4984455239562643D-01 7.2D-09 0.0D+00 3.1D-08 0.0D+00       22      126       23      221  S
      5      1   4.4984455239528637D-01 7.2D-09 0.0D+00 1.7D-09 0.0D+00       23      142       23      230  S
      5      1   4.5109725557947106D-01 7.2D-09 0.0D+00 3.1D-08 0.0D+00       22      118       22      220  S
      5      1   4.5109725558581487D-01 7.2D-09 0.0D+00 3.9D-09 0.0D+00       21      115       21      210  S
      5      1   4.4984455239606913D-01 7.2D-09 0.0D+00 1.8D-09 0.0D+00       21      117       21      210  S
      5      1   4.5109725557746710D-01 7.2D-09 0.0D+00 3.1D-09 0.0D+00       21      112       21      210  S
      5      1   4.5109725557376601D-01 7.2D-09 0.0D+00 7.0D-08 0.0D+00       22      122       22      220  S
      5      1   4.5109725557677016D-01 7.2D-09 0.0D+00 2.2D-09 0.0D+00       21      110       21      210  S
      5      1   4.4984455240175203D-01 7.2D-09 0.0D+00 7.1D-09 0.0D+00       21      119       21      210  S
      5      1   4.4984455239435928D-01 7.2D-09 0.0D+00 2.6D-08 0.0D+00       24      156       24      240  S
      5      1   4.4984455239446941D-01 7.2D-09 0.0D+00 6.7D-08 0.0D+00       22      126       23      221  S
      5      1   4.4984455239753790D-01 7.2D-09 0.0D+00 1.3D-08 0.0D+00       22      133       23      222  S
      5      1   4.4984455239959314D-01 7.2D-09 0.0D+00 1.4D-08 0.0D+00       22      122       23      221  S
      5      1   4.5109725557606051D-01 7.2D-09 0.0D+00 1.3D-09 0.0D+00       21      111       21      210  S
      5      1   4.4984455240026805D-01 7.2D-09 0.0D+00 1.1D-09 0.0D+00       21      120       21      210  S
      5      1   4.4984455239647220D-01 7.2D-09 0.0D+00 5.6D-09 0.0D+00       21      108       21      210  S
      5      1   4.4984455239892790D-01 7.2D-09 0.0D+00 5.8D-08 0.0D+00       22      138       23      222  S
      5      1   4.4984455239829896D-01 7.2D-09 0.0D+00 7.7D-10 0.0D+00       21      115       21      210  S
      5      1   4.5109725557703673D-01 7.2D-09 0.0D+00 3.8D-09 0.0D+00       23      136       23      230  S
      5      1   4.5109725557553859D-01 7.2D-09 0.0D+00 6.8D-10 0.0D+00       23      133       23      230  S
      5      1   4.5109725557723146D-01 7.2D-09 0.0D+00 1.6D-09 0.0D+00       21      118       21      210  S
      5      1   4.5109725557586633D-01 7.2D-09 0.0D+00 8.2D-10 0.0D+00       21      101       21      210  S
      5      1   4.5109725558128005D-01 7.2D-09 0.0D+00 2.4D-09 0.0D+00       21      120       21      210  S
      5      1   4.4984455239297294D-01 7.2D-09 0.0D+00 7.4D-08 0.0D+00       22      117       23      221  S
      5      1   4.5109725557732816D-01 7.2D-09 0.0D+00 2.7D-10 0.0D+00       21      116       21      210  S
      5      1   4.5109725557634789D-01 7.2D-09 0.0D+00 2.8D-09 0.0D+00       21      106       21      210  S
      5      1   4.4984455239967486D-01 7.2D-09 0.0D+00 7.0D-09 0.0D+00       21      121       21      210  S
      5      1   4.5109725558153368D-01 7.2D-09 0.0D+00 2.5D-09 0.0D+00       21      111       21      210  S
      5      1   4.5109725558189945D-01 7.2D-09 0.0D+00 4.2D-10 0.0D+00       21      114       21      210  S
      5      1   4.4984455240047794D-01 7.2D-09 0.0D+00 9.0D-09 0.0D+00       21      125       21      210  S
      5      1   4.4984455239392429D-01 7.2D-09 0.0D+00 6.5D-08 0.0D+00       24      148       24      240  S
      5      1   4.4984455240071808D-01 7.2D-09 0.0D+00 9.7D-10 0.0D+00       21      115       21      210  S
      5      1   4.5109725557748365D-01 7.2D-09 0.0D+00 6.7D-08 0.0D+00       22      118       22      220  S
      5      1   4.5109725557921332D-01 7.2D-09 0.0D+00 1.3D-09 0.0D+00       23      131       23      230  S
      5      1   4.5109725557633673D-01 7.2D-09 0.0D+00 4.8D-10 0.0D+00       21      111       21      210  S
      5      1   4.4984455240114579D-01 7.2D-09 0.0D+00 8.9D-10 0.0D+00       21      110       21      210  S
      5      1   4.5109725557726638D-01 7.2D-09 0.0D+00 6.5D-09 0.0D+00       21      123       21      210  S
      5      1   4.5109725557932451D-01 7.2D-09 0.0D+00 6.8D-08 0.0D+00       24      151       24      240  S
      5      1   4.5109725557632685D-01 7.2D-09 0.0D+00 5.0D-09 0.0D+00       21      107       21      210  S
      5      1   4.5109725557474606D-01 7.2D-09 0.0D+00 3.5D-08 0.0D+00       22      112       22      220  S
      5      1   4.5109725558483765D-01 7.2D-09 0.0D+00 2.5D-09 0.0D+00       21      125       21      210  S
      5      1   4.5109725557697250D-01 7.2D-09 0.0D+00 5.9D-09 0.0D+00       21      113       21      210  S
      5      1   4.5109725557554231D-01 7.2D-09 0.0D+00 1.8D-09 0.0D+00       23      128       23      230  S
      5      1   4.4984455239540660D-01 7.2D-09 0.0D+00 4.4D-09 0.0D+00       23      138       23      230  S
      5      1   4.4984455239590321D-01 7.2D-09 0.0D+00 3.9D-09 0.0D+00       21      106       21      210  S
      5      1   4.4984455239699456D-01 7.2D-09 0.0D+00 1.6D-09 0.0D+00       21      119       21      210  S
      5      1   4.5109725557659369D-01 7.2D-09 0.0D+00 1.1D-09 0.0D+00       21      106       21      210  S
      5      1   4.4984455239528326D-01 7.2D-09 0.0D+00 1.5D-09 0.0D+00       23      145       23      230  S
      5      1   4.4984455239559884D-01 7.2D-09 0.0D+00 4.2D-10 0.0D+00       23      148       23      230  S
      5      1   4.5109725557500391D-01 7.2D-09 0.0D+00 3.3D-08 0.0D+00       22      108       22      220  S
      5      1   4.4984455239584542D-01 7.2D-09 0.0D+00 3.6D-10 0.0D+00       21      116       21      210  S
      5      1   4.5109725557384694D-01 7.2D-09 0.0D+00 6.7D-08 0.0D+00       22      122       23      221  S
      5      1   4.5109725557334057D-01 7.2D-09 0.0D+00 7.0D-08 0.0D+00       22      114       22      220  S
      5      1   4.5109725558432712D-01 7.2D-09 0.0D+00 1.6D-09 0.0D+00       21      120       21      210  S
      5      1   4.5109725557707342D-01 7.2D-09 0.0D+00 8.0D-10 0.0D+00       21      108       21      210  S
