     21      1   2.3755953949234743D-01 8.1D-09 0.0D+00 2.5D-09 0.0D+00       23      156       23      230  S
     21      1   1.6678614249895893D-01 3.6D-07 0.0D+00 2.5D-02 0.0D+00       24      176       25      250  S
     21      1   1.6697965428263339D-01 5.1D-09 0.0D+00 7.9D-10 0.0D+00       22      198       22      220  S
     21      1   1.6697965428212888D-01 5.1D-09 0.0D+00 1.1D-08 0.0D+00       24      206       24      240  S
     21      1   1.6687931282666915D-01 5.2D-09 0.0D+00 2.8D-07 0.0D+00       23      156       23      230  S
     21      1   1.6687931282604865D-01 5.2D-09 0.0D+00 3.3D-07 0.0D+00       24      177       24      240  S
     21      1   1.6687931282607349D-01 5.2D-09 0.0D+00 3.3D-07 0.0D+00       23      173       23      230  S
     21      1   1.6697965428245221D-01 5.1D-09 0.0D+00 8.9D-09 0.0D+00       22      203       22      220  S
     21      1   2.3667383624605398D-01 6.6D-09 0.0D+00 3.5D-09 0.0D+00       23      171       23      230  S
     21      1   1.6687931282844742D-01 5.2D-09 0.0D+00 3.1D-08 0.0D+00       24      236       24      240  S
     21      1   1.6697965428221839D-01 5.1D-09 0.0D+00 8.2D-09 0.0D+00       22      195       22      220  S
     21      1   1.6687931282852866D-01 5.2D-09 0.0D+00 1.2D-09 0.0D+00       22      180       22      220  S
     21      1   1.6687931282847243D-01 5.2D-09 0.0D+00 8.1D-09 0.0D+00       22      204       22      220  S
     21      1   2.3755953948976830D-01 8.1D-09 0.0D+00 5.2D-08 0.0D+00       23      201       24      231  S
     21      1   1.6697965428240144D-01 5.1D-09 0.0D+00 8.0D-09 0.0D+00       22      187       22      220  S
     21      1   1.6697965428101971D-01 5.1D-09 0.0D+00 1.5D-07 0.0D+00       23      192       23      230  S
     21      1   1.6687931260906094D-01 5.2D-09 0.0D+00 3.7D-09 0.0D+00       21      175       21      210  S
     21      1   1.6697965428235095D-01 5.1D-09 0.0D+00 1.4D-09 0.0D+00       22      177       22      220  S
     21      1   2.8030101288396941D-01 2.0D-03 0.0D+00 1.0D+00 0.0D+00       22      155       23      230  S
     21      1   1.6697965428237155D-01 5.1D-09 0.0D+00 1.4D-09 0.0D+00       22      172       22      220  S
     21      1   1.6697965428243031D-01 5.1D-09 0.0D+00 6.1D-11 0.0D+00       22      191       22      220  S
     21      1   2.3755952551796353D-01 8.1D-09 0.0D+00 1.8D-09 0.0D+00       23      157       23      230  S
     21      1   1.6697965428296624D-01 5.1D-09 0.0D+00 7.9D-10 0.0D+00       22      162       22      220  S
     21      1   1.6687931282643889D-01 5.2D-09 0.0D+00 3.1D-07 0.0D+00       24      207       24      240  S
     21      1   1.6697965428107264D-01 5.1D-09 0.0D+00 2.6D-07 0.0D+00       24      192       24      240  S
     21      1   1.6687931282625654D-01 5.2D-09 0.0D+00 2.9D-07 0.0D+00       24      216       24      240  S
     21      1   1.6697965428271319D-01 5.1D-09 0.0D+00 7.4D-10 0.0D+00       22      189       22      220  S
     21      1   1.6687931282857515D-01 5.2D-09 0.0D+00 7.1D-09 0.0D+00       22      187       22      220  S
     21      1   1.6697965428263328D-01 5.1D-09 0.0D+00 3.4D-09 0.0D+00       22      187       22      220  S
     21      1   2.3752416867380657D-01 8.1D-09 0.0D+00 6.8D-08 0.0D+00       23      184       23      230  S
     21      1   1.6687931282874502D-01 5.2D-09 0.0D+00 1.2D-08 0.0D+00       23      212       23      230  S
     21      1   1.6697965428048664D-01 5.1D-09 0.0D+00 2.5D-07 0.0D+00       23      236       23      230  S
     21      1   2.3853718610371394D-01 7.5D-09 0.0D+00 6.8D-08 0.0D+00       23      183       24      232  S
     21      1   1.6687931282677518D-01 5.2D-09 0.0D+00 2.3D-07 0.0D+00       24      208       24      240  S
     21      1   1.6697965428235634D-01 5.1D-09 0.0D+00 2.5D-09 0.0D+00       23      180       23      230  S
     21      1   2.3667383610127202D-01 6.6D-09 0.0D+00 6.1D-10 0.0D+00       22      151       22      220  S
     21      1   1.6697965428285283D-01 5.1D-09 0.0D+00 9.7D-09 0.0D+00       22      173       22      220  S
     21      1   1.6687931283299659D-01 5.2D-09 0.0D+00 1.1D-09 0.0D+00       21      197       21      210  S
     21      1   1.6687931282643029D-01 5.2D-09 0.0D+00 2.7D-07 0.0D+00       23      222       23      230  S
     21      1   1.6687931282837942D-01 5.2D-09 0.0D+00 1.2D-09 0.0D+00       22      198       22      220  S
     21      1   1.6687931282843879D-01 5.2D-09 0.0D+00 3.6D-10 0.0D+00       22      177       22      220  S
     21      1   1.6687931282847421D-01 5.2D-09 0.0D+00 3.5D-09 0.0D+00       22      171       22      220  S
     21      1   1.6697965428698014D-01 5.1D-09 0.0D+00 6.5D-09 0.0D+00       21      213       21      210  S
     21      1   2.3853718610497970D-01 7.5D-09 0.0D+00 6.9D-09 0.0D+00       22      183       22      220  S
     21      1   2.3752416867605286D-01 8.1D-09 0.0D+00 1.4D-09 0.0D+00       22      168       22      220  S
     21      1   1.6687931282901058D-01 5.2D-09 0.0D+00 6.0D-09 0.0D+00       22      176       22      220  S
     21      1   1.6697965428280376D-01 5.1D-09 0.0D+00 3.2D-09 0.0D+00       22      158       22      220  S
     21      1   1.6697965428129283D-01 5.1D-09 0.0D+00 1.6D-07 0.0D+00       23      181       23      230  S
     21      1   1.6697965428275263D-01 5.1D-09 0.0D+00 2.2D-09 0.0D+00       22      213       22      220  S
     21      1   2.3752416866369680D-01 8.1D-09 0.0D+00 2.7D-08 0.0D+00       23      156       23      230  S
     21      1   1.6687931282852919D-01 5.2D-09 0.0D+00 5.6D-09 0.0D+00       22      181       22      220  S
     21      1   1.6697965428266937D-01 5.1D-09 0.0D+00 6.7D-10 0.0D+00       22      193       22      220  S
     21      1   1.6697965428040970D-01 5.1D-09 0.0D+00 2.7D-07 0.0D+00       23      185       23      230  S
     21      1   2.3667383624162647D-01 6.6D-09 0.0D+00 1.5D-09 0.0D+00       22      165       22      220  S
     21      1   1.6687931282870658D-01 5.2D-09 0.0D+00 3.9D-09 0.0D+00       22      197       22      220  S
     21      1   1.6689810568521790D-01 3.1D-07 0.0D+00 3.1D-02 0.0D+00       25      145       26      260  S
     21      1   2.3755953948903524D-01 8.1D-09 0.0D+00 3.4D-08 0.0D+00       23      189       24      232  S
     21      1   1.6697965428251713D-01 5.1D-09 0.0D+00 6.2D-09 0.0D+00       23      163       23      230  S
     21      1   1.6697965428225944D-01 5.1D-09 0.0D+00 1.5D-09 0.0D+00       22      197       22      220  S
     21      1   1.6687931282856788D-01 5.2D-09 0.0D+00 2.0D-10 0.0D+00       22      206       22      220  S
     21      1   2.3756722998918581D-01 7.1D-09 0.0D+00 3.7D-10 0.0D+00       23      172       23      230  S
     21      1   1.6687931282863744D-01 5.2D-09 0.0D+00 5.9D-09 0.0D+00       22      169       22      220  S
     21      1   1.6687931282632620D-01 5.2D-09 0.0D+00 3.2D-07 0.0D+00       22      193       22      220  S
     21      1   1.6687931282859195D-01 5.2D-09 0.0D+00 4.3D-09 0.0D+00       22      199       22      220  S
     21      1   1.6697965428224132D-01 5.1D-09 0.0D+00 1.3D-08 0.0D+00       23      174       23      230  S
     21      1   1.9610311754176088D-01 3.7D-05 0.0D+00 4.5D-01 0.0D+00       23      147       24      240  S
     21      1   1.6697965428184983D-01 5.1D-09 0.0D+00 1.3D-07 0.0D+00       23      207       23      230  S
     21      1   1.6687931282850502D-01 5.2D-09 0.0D+00 1.7D-10 0.0D+00       22      201       22      220  S
     21      1   1.6687931282848653D-01 5.2D-09 0.0D+00 1.4D-09 0.0D+00       22      190       22      220  S
     21      1   1.6697965428227685D-01 5.1D-09 0.0D+00 4.6D-09 0.0D+00       22      192       22      220  S
     21      1   2.1628506265504785D-01 9.1D-09 0.0D+00 3.0D-07 0.0D+00       23      197       23      230  S
     21      1   1.6687931282908464D-01 5.2D-09 0.0D+00 2.8D-08 0.0D+00       25      212       25      250  S
     21      1   1.6697965427976003D-01 5.1D-09 0.0D+00 3.4D-07 0.0D+00       23      195       23      230  S
     21      1   1.6697965428220660D-01 5.1D-09 0.0D+00 8.5D-09 0.0D+00       22      139       22      220  S
     21      1   1.6687931282836277D-01 5.2D-09 0.0D+00 1.2D-08 0.0D+00       23      219       23      230  S
     21      1   1.6697965428146061D-01 5.1D-09 0.0D+00 1.6D-07 0.0D+00       23      197       23      230  S
     21      1   1.6687931282742285D-01 5.2D-09 0.0D+00 1.5D-07 0.0D+00       23      166       23      230  S
     21      1   1.6687931282841964D-01 5.2D-09 0.0D+00 4.8D-09 0.0D+00       22      182       22      220  S
     21      1   1.6687931275503126D-01 5.2D-09 0.0D+00 1.1D-07 0.0D+00       20      147       20      200  S
     21      1   2.3755953949320718D-01 8.1D-09 0.0D+00 1.9D-09 0.0D+00       22      165       22      220  S
     21      1   1.6687931282851354D-01 5.2D-09 0.0D+00 8.6D-09 0.0D+00       22      153       22      220  S
     21      1   1.6697965428223049D-01 5.1D-09 0.0D+00 2.4D-08 0.0D+00       23      159       23      230  S
     21      1   1.6687931282865492D-01 5.2D-09 0.0D+00 2.1D-08 0.0D+00       24      201       24      240  S
     21      1   1.6687931282851859D-01 5.2D-09 0.0D+00 3.1D-09 0.0D+00       22      184       22      220  S
     21      1   1.7890950082406315D-01 5.6D-09 0.0D+00 1.5D-09 0.0D+00       20      176       20      200  S
     21      1   2.3667383624419991D-01 6.6D-09 0.0D+00 9.2D-09 0.0D+00       22      155       22      220  S
     21      1   1.6687931282593460D-01 5.2D-09 0.0D+00 3.1D-07 0.0D+00       24      172       24      240  S
     21      1   1.6697965428257155D-01 5.1D-09 0.0D+00 3.2D-09 0.0D+00       22      181       22      220  S
     21      1   1.6697965428229256D-01 5.1D-09 0.0D+00 8.9D-12 0.0D+00       22      199       22      220  S
     21      1   1.6687931282851096D-01 5.2D-09 0.0D+00 3.8D-09 0.0D+00       22      210       22      220  S
     21      1   1.6697965428220335D-01 5.1D-09 0.0D+00 6.5D-09 0.0D+00       22      182       22      220  S
     21      1   1.6697965428019643D-01 5.1D-09 0.0D+00 3.1D-07 0.0D+00       24      222       24      240  S
     21      1   2.3667383624631508D-01 6.6D-09 0.0D+00 4.9D-08 0.0D+00       23      159       24      232  S
     21      1   1.6687931283244212D-01 5.2D-09 0.0D+00 1.8D-09 0.0D+00       20      178       20      200  S
     21      1   1.6687931282628002D-01 5.2D-09 0.0D+00 3.3D-07 0.0D+00       24      198       24      240  S
     21      1   1.6687931282850560D-01 5.2D-09 0.0D+00 8.7D-09 0.0D+00       22      184       22      220  S
     21      1   2.3755953949723954D-01 8.1D-09 0.0D+00 1.8D-09 0.0D+00       22      157       22      220  S
     21      1   2.3853718610483654D-01 7.5D-09 0.0D+00 3.8D-08 0.0D+00       23      166       24      231  S
     21      1   1.6687931282869617D-01 5.2D-09 0.0D+00 1.5D-09 0.0D+00       22      194       22      220  S
     21      1   1.6697965428220846D-01 5.1D-09 0.0D+00 1.7D-09 0.0D+00       22      165       22      220  S
     21      1   1.6697965435789308D-01 5.1D-09 0.0D+00 3.3D-07 0.0D+00       20      157       20      200  S
     21      1   1.6687931282637747D-01 5.2D-09 0.0D+00 3.0D-07 0.0D+00       23      241       23      230  S
     21      1   1.6697965428407105D-01 5.1D-09 0.0D+00 4.1D-09 0.0D+00       21      178       21      210  S
     21      1   1.6677307133721644D-01 4.6D-07 0.0D+00 2.9D-02 0.0D+00       24      165       25      250  S
     21      1   1.6687931282884147D-01 5.2D-09 0.0D+00 2.6D-08 0.0D+00       24      229       24      240  S
     21      1   1.6697965428220657D-01 5.1D-09 0.0D+00 2.5D-08 0.0D+00       24      201       24      240  S
     21      1   1.6697965428231354D-01 5.1D-09 0.0D+00 3.3D-08 0.0D+00       24      219       24      240  S
     21      1   1.7503601905490823D-01 5.7D-09 0.0D+00 8.0D-09 0.0D+00       21      180       21      210  S
     21      1   1.6697965428254083D-01 5.1D-09 0.0D+00 6.8D-09 0.0D+00       22      154       22      220  S
     21      1   1.6687931282866564D-01 5.2D-09 0.0D+00 6.9D-10 0.0D+00       22      226       22      220  S
     21      1   1.6687931282629087D-01 5.2D-09 0.0D+00 3.0D-07 0.0D+00       23      254       23      230  S
     21      1   1.6697965428058625D-01 5.1D-09 0.0D+00 2.9D-07 0.0D+00       23      217       23      230  S
     21      1   1.6697965429299882D-01 5.1D-09 0.0D+00 5.6D-09 0.0D+00       23      185       23      230  S
     21      1   1.6687931282728433D-01 5.2D-09 0.0D+00 1.3D-07 0.0D+00       24      200       24      240  S
     21      1   2.3853718578890648D-01 7.5D-09 0.0D+00 2.0D-09 0.0D+00       23      202       23      230  S
     21      1   1.6687931282770535D-01 5.2D-09 0.0D+00 1.1D-07 0.0D+00       23      206       23      230  S
     21      1   1.6697965428217731D-01 5.1D-09 0.0D+00 4.5D-09 0.0D+00       22      164       22      220  S
     21      1   1.6687931291517533D-01 5.2D-09 0.0D+00 3.1D-08 0.0D+00       20      167       20      200  S
     21      1   1.6697965428030162D-01 5.1D-09 0.0D+00 3.2D-07 0.0D+00       23      182       23      230  S
     21      1   1.6687931282846780D-01 5.2D-09 0.0D+00 3.5D-09 0.0D+00       22      175       22      220  S
     21      1   1.6687931282855659D-01 5.2D-09 0.0D+00 3.3D-09 0.0D+00       22      199       22      220  S
     21      1   1.6697965428222550D-01 5.1D-09 0.0D+00 6.6D-09 0.0D+00       22      201       22      220  S
     21      1   1.6697965428214956D-01 5.1D-09 0.0D+00 3.4D-09 0.0D+00       22      186       22      220  S
     21      1   1.6697965428126957D-01 5.1D-09 0.0D+00 1.4D-07 0.0D+00       23      185       23      230  S
     21      1   1.6687931282620103D-01 5.2D-09 0.0D+00 3.3D-07 0.0D+00       24      211       24      240  S
     21      1   2.3853718610476701D-01 7.5D-09 0.0D+00 7.0D-09 0.0D+00       22      162       22      220  S
     21      1   1.6687931284420393D-01 5.2D-09 0.0D+00 1.9D-10 0.0D+00       21      201       21      210  S
     21      1   2.3853718610682806D-01 7.5D-09 0.0D+00 9.5D-09 0.0D+00       23      225       23      230  S
     21      1   1.6687931282639434D-01 5.2D-09 0.0D+00 2.7D-07 0.0D+00       24      227       24      240  S
     21      1   1.6697965426754979D-01 5.1D-09 0.0D+00 3.0D-09 0.0D+00       19      141       19      190  S
     21      1   1.6697965428128536D-01 5.1D-09 0.0D+00 1.6D-07 0.0D+00       24      221       24      240  S
     21      1   2.3755952551533369D-01 8.1D-09 0.0D+00 5.5D-08 0.0D+00       23      187       24      232  S
     21      1   1.6697965428209738D-01 5.1D-09 0.0D+00 1.5D-09 0.0D+00       22      195       22      220  S
     21      1   2.3755953949217287D-01 8.1D-09 0.0D+00 2.8D-09 0.0D+00       23      158       23      230  S
     21      1   1.6697965428084019D-01 5.1D-09 0.0D+00 2.3D-07 0.0D+00       23      194       23      230  S
     21      1   1.6687931282839180D-01 5.2D-09 0.0D+00 6.0D-09 0.0D+00       22      182       22      220  S
     21      1   1.6697965428273615D-01 5.1D-09 0.0D+00 7.0D-09 0.0D+00       22      168       22      220  S
     21      1   1.6687931282839386D-01 5.2D-09 0.0D+00 1.2D-09 0.0D+00       22      215       22      220  S
     21      1   1.6687931282847857D-01 5.2D-09 0.0D+00 9.6D-10 0.0D+00       22      209       22      220  S
     21      1   1.8111671669985599D-01 7.5D-09 0.0D+00 2.1D-09 0.0D+00       21      165       21      210  S
     21      1   1.6697965428010991D-01 5.1D-09 0.0D+00 3.2D-07 0.0D+00       23      188       23      230  S
     21      1   1.6697965428233524D-01 5.1D-09 0.0D+00 1.8D-08 0.0D+00       24      193       24      240  S
     21      1   1.6697965428218514D-01 5.1D-09 0.0D+00 5.9D-10 0.0D+00       22      174       22      220  S
     21      1   1.6687931282875829D-01 5.2D-09 0.0D+00 5.6D-09 0.0D+00       22      175       22      220  S
     21      1   1.6687931282856472D-01 5.2D-09 0.0D+00 9.7D-09 0.0D+00       22      183       22      220  S
     21      1   1.6687931282897503D-01 5.2D-09 0.0D+00 3.1D-08 0.0D+00       24      197       24      240  S
     21      1   2.3755953949772293D-01 8.1D-09 0.0D+00 9.5D-10 0.0D+00       23      180       23      230  S
     21      1   1.6687931282735224D-01 5.2D-09 0.0D+00 1.4D-07 0.0D+00       23      182       23      230  S
     21      1   1.6687931282844157D-01 5.2D-09 0.0D+00 1.7D-08 0.0D+00       24      215       24      240  S
     21      1   1.6687931284243451D-01 5.2D-09 0.0D+00 1.2D-07 0.0D+00       22      163       22      220  S
     21      1   2.3667383624862845D-01 6.6D-09 0.0D+00 5.0D-10 0.0D+00       22      151       22      220  S
     21      1   1.6697965428091399D-01 5.1D-09 0.0D+00 2.4D-07 0.0D+00       23      202       23      230  S
     21      1   1.6687931282872115D-01 5.2D-09 0.0D+00 2.0D-09 0.0D+00       22      199       22      220  S
     21      1   1.6697965428184700D-01 5.1D-09 0.0D+00 1.6D-07 0.0D+00       24      220       24      240  S
     21      1   1.6687931282893137D-01 5.2D-09 0.0D+00 3.5D-09 0.0D+00       21      186       21      210  S
     21      1   1.6697965428266379D-01 5.1D-09 0.0D+00 2.5D-09 0.0D+00       22      210       22      220  S
     21      1   1.6697965428098571D-01 5.1D-09 0.0D+00 2.2D-07 0.0D+00       24      217       24      240  S
     21      1   1.6697965428276401D-01 5.1D-09 0.0D+00 4.7D-09 0.0D+00       22      190       22      220  S
     21      1   1.6687931282852772D-01 5.2D-09 0.0D+00 5.1D-09 0.0D+00       22      191       22      220  S
     21      1   1.6687931282855978D-01 5.2D-09 0.0D+00 8.6D-09 0.0D+00       22      194       22      220  S
     21      1   2.3853718610449604D-01 7.5D-09 0.0D+00 4.2D-08 0.0D+00       23      173       24      232  S
     21      1   1.6687931282847662D-01 5.2D-09 0.0D+00 4.8D-09 0.0D+00       21      190       21      210  S
     21      1   1.6697965428231698D-01 5.1D-09 0.0D+00 5.7D-09 0.0D+00       22      190       22      220  S
     21      1   1.6687931282843899D-01 5.2D-09 0.0D+00 7.2D-09 0.0D+00       22      183       22      220  S
     21      1   2.3667383624778582D-01 6.6D-09 0.0D+00 3.1D-09 0.0D+00       22      155       22      220  S
     21      1   1.6687931282700944D-01 5.2D-09 0.0D+00 1.9D-07 0.0D+00       24      209       24      240  S
     21      1   2.3654885941425538D-01 1.1D-07 0.0D+00 2.3D-01 0.0D+00       26      183       27      270  S
     21      1   2.3755953948541539D-01 8.1D-09 0.0D+00 7.0D-08 0.0D+00       24      180       24      240  S
     21      1   1.6687931282897089D-01 5.2D-09 0.0D+00 1.5D-09 0.0D+00       23      201       23      230  S
     21      1   1.6687931282873053D-01 5.2D-09 0.0D+00 9.2D-10 0.0D+00       22      190       22      220  S
     21      1   2.3853718611171715D-01 7.5D-09 0.0D+00 4.6D-10 0.0D+00       22      169       22      220  S
     21      1   1.6687931282651949D-01 5.2D-09 0.0D+00 3.2D-07 0.0D+00       24      230       24      240  S
     21      1   1.6687931282860144D-01 5.2D-09 0.0D+00 9.6D-10 0.0D+00       22      183       22      220  S
     21      1   1.6687931282603338D-01 5.2D-09 0.0D+00 3.3D-07 0.0D+00       23      212       23      230  S
     21      1   2.3853718610270780D-01 7.5D-09 0.0D+00 6.0D-08 0.0D+00       23      165       24      231  S
     21      1   2.3667383624257693D-01 6.6D-09 0.0D+00 6.3D-08 0.0D+00       23      151       23      230  S
     21      1   1.6688453543147702D-01 4.1D-07 0.0D+00 3.2D-02 0.0D+00       23      127       24      240  S
     21      1   2.3755952551738349D-01 8.1D-09 0.0D+00 1.2D-09 0.0D+00       22      165       22      220  S
     21      1   1.6697965428152914D-01 5.1D-09 0.0D+00 1.1D-07 0.0D+00       23      224       23      230  S
     21      1   1.6687931282895999D-01 5.2D-09 0.0D+00 1.5D-08 0.0D+00       23      206       23      230  S
     21      1   1.6697965428245742D-01 5.1D-09 0.0D+00 1.8D-09 0.0D+00       22      172       22      220  S
     21      1   1.6697965428155387D-01 5.1D-09 0.0D+00 1.5D-07 0.0D+00       24      204       24      240  S
     21      1   1.6697965428260519D-01 5.1D-09 0.0D+00 2.5D-08 0.0D+00       23      190       23      230  S
     21      1   2.3755953948926112D-01 8.1D-09 0.0D+00 7.0D-08 0.0D+00       24      227       25      242  S
     21      1   1.6697965428249198D-01 5.1D-09 0.0D+00 1.8D-09 0.0D+00       22      178       22      220  S
     21      1   2.3752416867543294D-01 8.1D-09 0.0D+00 2.2D-09 0.0D+00       22      152       22      220  S
     21      1   1.6697965428034661D-01 5.1D-09 0.0D+00 3.1D-07 0.0D+00       23      211       23      230  S
     21      1   1.6697965428264527D-01 5.1D-09 0.0D+00 2.2D-08 0.0D+00       24      196       24      240  S
     21      1   2.3667383624643323D-01 6.6D-09 0.0D+00 8.3D-10 0.0D+00       22      163       22      220  S
     21      1   1.6687931282621152D-01 5.2D-09 0.0D+00 3.2D-07 0.0D+00       23      180       23      230  S
     21      1   1.6687931282850751D-01 5.2D-09 0.0D+00 2.2D-09 0.0D+00       22      166       22      220  S
     21      1   1.6697965428181658D-01 5.1D-09 0.0D+00 5.3D-08 0.0D+00       23      218       23      230  S
     21      1   2.3853718610790689D-01 7.5D-09 0.0D+00 5.5D-09 0.0D+00       22      169       22      220  S
     21      1   1.6697965428060277D-01 5.1D-09 0.0D+00 2.3D-07 0.0D+00       23      206       23      230  S
     21      1   1.6687931282685908D-01 5.2D-09 0.0D+00 2.2D-07 0.0D+00       24      229       24      240  S
     21      1   1.6687931282793370D-01 5.2D-09 0.0D+00 1.5D-07 0.0D+00       25      228       25      250  S
     21      1   1.6697965428262582D-01 5.1D-09 0.0D+00 2.1D-08 0.0D+00       24      236       24      240  S
     21      1   2.3755953899896462D-01 8.1D-09 0.0D+00 3.1D-09 0.0D+00       22      179       22      220  S
     21      1   1.6697965428220254D-01 5.1D-09 0.0D+00 2.3D-08 0.0D+00       23      159       23      230  S
     21      1   1.6697965428006792D-01 5.1D-09 0.0D+00 3.0D-07 0.0D+00       23      207       23      230  S
     21      1   1.6687931282857196D-01 5.2D-09 0.0D+00 2.9D-09 0.0D+00       22      179       22      220  S
     21      1   1.6697965428152217D-01 5.1D-09 0.0D+00 1.3D-07 0.0D+00       25      220       25      250  S
     21      1   1.6687931282848256D-01 5.2D-09 0.0D+00 8.5D-10 0.0D+00       22      194       22      220  S
     21      1   1.6697965428243647D-01 5.1D-09 0.0D+00 1.1D-08 0.0D+00       24      198       24      240  S
     21      1   1.6697965437545784D-01 5.1D-09 0.0D+00 1.1D-07 0.0D+00       24      189       24      240  S
     21      1   2.3752416867627016D-01 8.1D-09 0.0D+00 3.4D-08 0.0D+00       24      218       24      240  S
     21      1   1.6697965428240527D-01 5.1D-09 0.0D+00 5.1D-09 0.0D+00       22      184       22      220  S
     21      1   1.6687931282695195D-01 5.2D-09 0.0D+00 2.3D-07 0.0D+00       23      200       23      230  S
     21      1   1.6687931282728732D-01 5.2D-09 0.0D+00 1.5D-07 0.0D+00       24      208       24      240  S
     21      1   1.6687931282854085D-01 5.2D-09 0.0D+00 1.3D-08 0.0D+00       23      207       23      230  S
     21      1   1.6687931282847090D-01 5.2D-09 0.0D+00 1.6D-09 0.0D+00       22      163       22      220  S
     21      1   1.7890010993646224D-01 5.8D-09 0.0D+00 3.0D-07 0.0D+00       24      218       24      240  S
     21      1   1.6697965428054537D-01 5.1D-09 0.0D+00 3.0D-07 0.0D+00       23      185       23      230  S
     21      1   2.3853718610779123D-01 7.5D-09 0.0D+00 3.3D-09 0.0D+00       22      150       22      220  S
     21      1   1.6687931282853416D-01 5.2D-09 0.0D+00 7.9D-09 0.0D+00       22      189       22      220  S
     21      1   1.6687931282744914D-01 5.2D-09 0.0D+00 1.6D-07 0.0D+00       24      174       24      240  S
     21      1   1.6687931282754398D-01 5.2D-09 0.0D+00 1.3D-07 0.0D+00       23      195       23      230  S
     21      1   1.6687931282844193D-01 5.2D-09 0.0D+00 5.1D-10 0.0D+00       22      186       22      220  S
     21      1   1.6687931282854823D-01 5.2D-09 0.0D+00 5.6D-09 0.0D+00       22      155       22      220  S
     21      1   2.3752416867584811D-01 8.1D-09 0.0D+00 8.1D-10 0.0D+00       22      135       22      220  S
     21      1   1.8137566940125949D-01 6.8D-09 0.0D+00 6.4D-09 0.0D+00       21      178       21      210  S
     21      1   1.6697965428216688D-01 5.1D-09 0.0D+00 2.1D-09 0.0D+00       22      165       22      220  S
     21      1   1.6687931282848639D-01 5.2D-09 0.0D+00 3.0D-09 0.0D+00       22      176       22      220  S
     21      1   1.6697965428199166D-01 5.1D-09 0.0D+00 4.6D-08 0.0D+00       23      178       23      230  S
     21      1   2.3752416867586207D-01 8.1D-09 0.0D+00 5.8D-10 0.0D+00       22      175       22      220  S
     21      1   1.6697965428244935D-01 5.1D-09 0.0D+00 7.0D-10 0.0D+00       22      187       22      220  S
     21      1   1.6697965428259634D-01 5.1D-09 0.0D+00 3.1D-09 0.0D+00       22      180       22      220  S
     21      1   2.3756722998599961D-01 7.1D-09 0.0D+00 4.1D-09 0.0D+00       22      144       22      220  S
     21      1   1.6687931282849414D-01 5.2D-09 0.0D+00 2.8D-08 0.0D+00       23      193       23      230  S
     21      1   1.6687931282853954D-01 5.2D-09 0.0D+00 5.8D-09 0.0D+00       22      194       22      220  S
     21      1   2.3853718056619838D-01 7.5D-09 0.0D+00 1.5D-09 0.0D+00       23      150       23      230  S
     21      1   1.6687931282861806D-01 5.2D-09 0.0D+00 3.3D-08 0.0D+00       23      185       23      230  S
     21      1   1.6697965428043499D-01 5.1D-09 0.0D+00 3.0D-07 0.0D+00       24      227       24      240  S
     21      1   1.6697965428028902D-01 5.1D-09 0.0D+00 3.2D-07 0.0D+00       23      198       23      230  S
     21      1   2.3667383624660424D-01 6.6D-09 0.0D+00 5.6D-08 0.0D+00       23      165       23      230  S
     21      1   1.6697965428146522D-01 5.1D-09 0.0D+00 1.5D-07 0.0D+00       23      186       23      230  S
     21      1   2.3752416868070114D-01 8.1D-09 0.0D+00 1.7D-09 0.0D+00       23      174       23      230  S
     21      1   1.6697965428247596D-01 5.1D-09 0.0D+00 7.3D-10 0.0D+00       23      181       23      230  S
     21      1   2.3755952551795306D-01 8.1D-09 0.0D+00 3.8D-10 0.0D+00       23      190       23      230  S
     21      1   2.3755952551875120D-01 8.1D-09 0.0D+00 2.9D-09 0.0D+00       22      167       22      220  S
     21      1   1.9819583580690836D-01 5.8D-06 0.0D+00 4.0D-01 0.0D+00       23      147       24      240  S
     21      1   1.6697965428260664D-01 5.1D-09 0.0D+00 4.7D-09 0.0D+00       22      180       22      220  S
     21      1   1.6687931282604818D-01 5.2D-09 0.0D+00 3.2D-07 0.0D+00       24      207       24      240  S
     21      1   1.6697965428287892D-01 5.1D-09 0.0D+00 5.1D-09 0.0D+00       22      199       22      220  S
     21      1   1.6697965428218495D-01 5.1D-09 0.0D+00 5.2D-09 0.0D+00       22      164       22      220  S
     21      1   2.3728689364276859D-01 4.1D-07 0.0D+00 5.0D-03 0.0D+00       25      148       26      260  S
     21      1   1.6697965428264966D-01 5.1D-09 0.0D+00 9.1D-09 0.0D+00       22      207       22      220  S
     21      1   1.6687931282869187D-01 5.2D-09 0.0D+00 1.4D-08 0.0D+00       23      211       23      230  S
     21      1   1.6697965428034328D-01 5.1D-09 0.0D+00 2.5D-07 0.0D+00       23      213       23      230  S
     21      1   1.6697965428227476D-01 5.1D-09 0.0D+00 5.3D-10 0.0D+00       22      182       22      220  S
     21      1   1.6687931282852772D-01 5.2D-09 0.0D+00 8.9D-09 0.0D+00       22      155       22      220  S
     21      1   1.6697965428051034D-01 5.1D-09 0.0D+00 3.0D-07 0.0D+00       23      208       23      230  S
     21      1   1.6687931282684729D-01 5.2D-09 0.0D+00 2.4D-07 0.0D+00       24      222       24      240  S
     21      1   1.6687931282776294D-01 5.2D-09 0.0D+00 1.2D-07 0.0D+00       23      211       23      230  S
     21      1   1.6697965428233602D-01 5.1D-09 0.0D+00 6.2D-09 0.0D+00       22      163       22      220  S
     21      1   1.6687931282887883D-01 5.2D-09 0.0D+00 3.3D-09 0.0D+00       22      169       22      220  S
     21      1   1.6697965428230338D-01 5.1D-09 0.0D+00 5.3D-10 0.0D+00       22      169       22      220  S
     21      1   1.6697965428213685D-01 5.1D-09 0.0D+00 4.2D-10 0.0D+00       22      167       22      220  S
     21      1   1.6697965428350456D-01 5.1D-09 0.0D+00 1.2D-07 0.0D+00       22      219       22      220  S
     21      1   1.6697965428252001D-01 5.1D-09 0.0D+00 2.6D-09 0.0D+00       22      189       22      220  S
     21      1   1.6687931282864196D-01 5.2D-09 0.0D+00 3.1D-08 0.0D+00       24      243       24      240  S
     21      1   1.6687931282840532D-01 5.2D-09 0.0D+00 6.8D-09 0.0D+00       22      180       22      220  S
     21      1   3.3245732814837031D-01 5.6D-17 0.0D+00 1.0D+00 0.0D+00       24      179       25      250  S
     21      1   1.6687931275668072D-01 5.2D-09 0.0D+00 6.0D-09 0.0D+00       21      235       21      210  S
     21      1   1.6687931282830226D-01 5.2D-09 0.0D+00 1.5D-09 0.0D+00       22      156       22      220  S
     21      1   2.0568640455167994D-01 8.3D-09 0.0D+00 4.1D-07 0.0D+00       23      195       23      230  S
     21      1   1.6687931282858270D-01 5.2D-09 0.0D+00 4.8D-09 0.0D+00       22      184       22      220  S
     21      1   1.6687931282848123D-01 5.2D-09 0.0D+00 6.2D-09 0.0D+00       22      179       22      220  S
     21      1   1.6687931282758520D-01 5.2D-09 0.0D+00 1.5D-07 0.0D+00       24      215       24      240  S
     21      1   1.6687931282846111D-01 5.2D-09 0.0D+00 3.5D-09 0.0D+00       22      183       22      220  S
     21      1   1.6677451538139459D-01 4.5D-07 0.0D+00 2.7D-02 0.0D+00       23      131       24      240  S
     21      1   1.6687931282885393D-01 5.2D-09 0.0D+00 3.8D-08 0.0D+00       24      233       24      240  S
     21      1   1.6697965429881151D-01 5.1D-09 0.0D+00 2.4D-10 0.0D+00       21      177       21      210  S
     21      1   1.6697965428237568D-01 5.1D-09 0.0D+00 9.8D-09 0.0D+00       22      153       22      220  S
     21      1   1.6697965428131614D-01 5.1D-09 0.0D+00 1.5D-07 0.0D+00       23      182       23      230  S
     21      1   2.3752416867591825D-01 8.1D-09 0.0D+00 1.0D-09 0.0D+00       22      177       22      220  S
     21      1   1.6687931282663124D-01 5.2D-09 0.0D+00 2.5D-07 0.0D+00       23      174       23      230  S
     21      1   1.6687931282871876D-01 5.2D-09 0.0D+00 3.5D-09 0.0D+00       22      195       22      220  S
     21      1   1.6687931282622714D-01 5.2D-09 0.0D+00 3.2D-07 0.0D+00       24      279       24      240  S
     21      1   1.6687931282830881D-01 5.2D-09 0.0D+00 6.3D-10 0.0D+00       21      174       21      210  S
     21      1   1.6687931282858690D-01 5.2D-09 0.0D+00 9.6D-09 0.0D+00       22      167       22      220  S
     21      1   2.3667383623764895D-01 6.6D-09 0.0D+00 2.6D-09 0.0D+00       22      165       22      220  S
     21      1   1.6687931282853619D-01 5.2D-09 0.0D+00 2.5D-08 0.0D+00       22      215       22      220  S
     21      1   1.6697965428230990D-01 5.1D-09 0.0D+00 2.2D-09 0.0D+00       22      148       22      220  S
     21      1   1.6697965428029718D-01 5.1D-09 0.0D+00 3.4D-07 0.0D+00       24      196       24      240  S
     21      1   1.6687931282899882D-01 5.2D-09 0.0D+00 2.9D-09 0.0D+00       22      181       22      220  S
     21      1   1.6697965428253334D-01 5.1D-09 0.0D+00 1.0D-08 0.0D+00       22      154       22      220  S
     21      1   1.6687931283592519D-01 5.2D-09 0.0D+00 1.1D-07 0.0D+00       23      185       23      230  S
     21      1   1.9042114676773161D-01 1.2D-05 0.0D+00 3.3D-01 0.0D+00       23      143       24      240  S
     21      1   2.3752416868107218D-01 8.1D-09 0.0D+00 1.0D-09 0.0D+00       22      162       22      220  S
     21      1   1.6697965428237815D-01 5.1D-09 0.0D+00 2.9D-08 0.0D+00       25      235       25      250  S
     21      1   2.3667383624504296D-01 6.6D-09 0.0D+00 1.2D-08 0.0D+00       23      152       24      231  S
     21      1   1.6687931282883997D-01 5.2D-09 0.0D+00 1.0D-08 0.0D+00       22      213       22      220  S
     21      1   1.6697965427982478D-01 5.1D-09 0.0D+00 3.3D-07 0.0D+00       23      201       23      230  S
     21      1   2.3755953949055658D-01 8.1D-09 0.0D+00 8.4D-10 0.0D+00       22      167       22      220  S
     21      1   2.0909782172321797D-01 1.0D-06 0.0D+00 2.3D-01 0.0D+00       24      148       25      250  S
     21      1   2.3853718141729113D-01 7.5D-09 0.0D+00 3.4D-09 0.0D+00       22      167       22      220  S
     21      1   1.6697965428078040D-01 5.1D-09 0.0D+00 2.4D-07 0.0D+00       23      205       23      230  S
     21      1   1.6687931282715393D-01 5.2D-09 0.0D+00 1.7D-07 0.0D+00       24      213       24      240  S
     21      1   1.6687931282855256D-01 5.2D-09 0.0D+00 8.6D-09 0.0D+00       22      186       22      220  S
     21      1   1.6697965428213393D-01 5.1D-09 0.0D+00 5.9D-09 0.0D+00       22      181       22      220  S
     21      1   1.6697965428137976D-01 5.1D-09 0.0D+00 1.6D-07 0.0D+00       23      193       23      230  S
     21      1   1.6687934256010850D-01 5.1D-09 0.0D+00 1.2D-09 0.0D+00       16      144       16      160  S
     21      1   2.3667383624817265D-01 6.6D-09 0.0D+00 4.7D-08 0.0D+00       24      177       24      240  S
     21      1   1.6687931282875645D-01 5.2D-09 0.0D+00 1.5D-08 0.0D+00       24      217       24      240  S
     21      1   1.6687931282851495D-01 5.2D-09 0.0D+00 9.9D-09 0.0D+00       22      191       22      220  S
     21      1   1.6687931282868129D-01 5.2D-09 0.0D+00 1.2D-08 0.0D+00       24      205       24      240  S
     21   0.00    0.00    0.00   1.6687924768697943D-01 5.2D-09 0.0D+00 4.3D-10 0.0D+00       16      163       16      160    2495     300    2647     300     323   0.75     0    0    808  BR
     21      1   1.6697965428218089D-01 5.1D-09 0.0D+00 1.6D-09 0.0D+00       22      176       22      220  S
     21      1   1.6687931282886145D-01 5.2D-09 0.0D+00 2.5D-10 0.0D+00       22      214       22      220  S
     21      1   1.6697965428247788D-01 5.1D-09 0.0D+00 8.4D-09 0.0D+00       22      197       22      220  S
     21      1   1.6697965428261238D-01 5.1D-09 0.0D+00 1.8D-08 0.0D+00       24      240       24      240  S
     21      1   2.3853718610631955D-01 7.5D-09 0.0D+00 3.2D-10 0.0D+00       22      186       22      220  S
     21      1   1.6687931282849577D-01 5.2D-09 0.0D+00 5.8D-09 0.0D+00       22      154       22      220  S
     21      1   1.8114038858785120D-01 7.6D-09 0.0D+00 4.4D-09 0.0D+00       22      201       22      220  S
     21      1   2.3752416868114523D-01 8.1D-09 0.0D+00 6.9D-10 0.0D+00       22      194       22      220  S
     21      1   2.3853718610407723D-01 7.5D-09 0.0D+00 4.1D-08 0.0D+00       23      147       23      230  S
     21      1   1.6687931282721566D-01 5.2D-09 0.0D+00 1.6D-07 0.0D+00       24      245       24      240  S
     21      1   1.6687931282895532D-01 5.2D-09 0.0D+00 2.2D-09 0.0D+00       22      197       22      220  S
     21      1   1.6697965428126951D-01 5.1D-09 0.0D+00 1.5D-07 0.0D+00       24      241       24      240  S
     21      1   1.6697965428211548D-01 5.1D-09 0.0D+00 1.2D-08 0.0D+00       23      179       23      230  S
     21      1   1.6687931282843907D-01 5.2D-09 0.0D+00 6.7D-09 0.0D+00       22      193       22      220  S
     21      1   2.0429491143032702D-01 8.4D-09 0.0D+00 1.6D-07 0.0D+00       24      211       24      240  S
     21      1   1.6687931282857713D-01 5.2D-09 0.0D+00 1.1D-09 0.0D+00       22      191       22      220  S
     21      1   1.6697965428235026D-01 5.1D-09 0.0D+00 6.6D-09 0.0D+00       22      192       22      220  S
     21      1   1.6687931282766558D-01 5.2D-09 0.0D+00 1.5D-07 0.0D+00       24      200       24      240  S
     21      1   1.6697965428061040D-01 5.1D-09 0.0D+00 2.4D-07 0.0D+00       24      192       24      240  S
     21      1   2.1525748333455180D-01 9.0D-09 0.0D+00 1.1D-07 0.0D+00       23      176       23      230  S
     21      1   1.6697965428040501D-01 5.1D-09 0.0D+00 2.6D-07 0.0D+00       24      185       24      240  S
     21      1   1.6697965428233219D-01 5.1D-09 0.0D+00 5.3D-09 0.0D+00       22      155       22      220  S
     21      1   1.6697965428228440D-01 5.1D-09 0.0D+00 3.6D-09 0.0D+00       22      166       22      220  S
     21      1   1.6687931282877796D-01 5.2D-09 0.0D+00 4.5D-09 0.0D+00       22      190       22      220  S
     21      1   1.6687931282622548D-01 5.2D-09 0.0D+00 3.1D-07 0.0D+00       23      182       23      230  S
     21      1   1.6687931282858251D-01 5.2D-09 0.0D+00 2.1D-08 0.0D+00       24      183       24      240  S
     21      1   1.6687931282895685D-01 5.2D-09 0.0D+00 3.0D-09 0.0D+00       22      211       22      220  S
     21      1   1.6687931282649693D-01 5.2D-09 0.0D+00 3.4D-07 0.0D+00       24      203       24      240  S
     21      1   1.6687931282881241D-01 5.2D-09 0.0D+00 1.9D-08 0.0D+00       24      215       24      240  S
     21      1   1.6697965428286796D-01 5.1D-09 0.0D+00 9.4D-09 0.0D+00       23      175       23      230  S
     21      1   1.6687931282689214D-01 5.2D-09 0.0D+00 2.5D-07 0.0D+00       24      193       24      240  S
     21      1   1.6697965236183807D-01 5.1D-09 0.0D+00 1.4D-09 0.0D+00       20      201       20      200  S
     21      1   1.6687931282840793D-01 5.2D-09 0.0D+00 1.9D-08 0.0D+00       23      193       23      230  S
     21      1   2.3752416866327916D-01 8.1D-09 0.0D+00 1.1D-09 0.0D+00       21      163       21      210  S
     21      1   1.6687931282846694D-01 5.2D-09 0.0D+00 1.5D-09 0.0D+00       22      167       22      220  S
     21      1   1.6687931282624013D-01 5.2D-09 0.0D+00 2.9D-07 0.0D+00       24      218       24      240  S
     21      1   1.6687931282836613D-01 5.2D-09 0.0D+00 1.4D-09 0.0D+00       22      149       22      220  S
     21      1   2.3755953948289216D-01 8.1D-09 0.0D+00 2.5D-10 0.0D+00       22      179       22      220  S
     21      1   1.6697965428245679D-01 5.1D-09 0.0D+00 2.0D-08 0.0D+00       23      206       23      230  S
     21      1   1.6697965428238515D-01 5.1D-09 0.0D+00 1.0D-08 0.0D+00       23      171       23      230  S
     21      1   1.6687931282874180D-01 5.2D-09 0.0D+00 3.6D-10 0.0D+00       23      161       23      230  S
     21      1   2.3853718610632299D-01 7.5D-09 0.0D+00 9.1D-08 0.0D+00       23      176       23      230  S
     21      1   1.6687931282616883D-01 5.2D-09 0.0D+00 3.3D-07 0.0D+00       23      230       23      230  S
     21      1   1.6687931282848298D-01 5.2D-09 0.0D+00 1.4D-09 0.0D+00       22      193       22      220  S
     21      1   1.6697965428243255D-01 5.1D-09 0.0D+00 2.6D-09 0.0D+00       22      163       22      220  S
     21      1   1.6687931284161764D-01 5.2D-09 0.0D+00 2.9D-07 0.0D+00       23      203       23      230  S
     21      1   2.1623128473494627D-01 9.1D-09 0.0D+00 5.2D-10 0.0D+00       22      169       22      220  S
     21      1   2.3667383624592522D-01 6.6D-09 0.0D+00 3.3D-09 0.0D+00       22      181       22      220  S
     21      1   1.6687931282684906D-01 5.2D-09 0.0D+00 2.4D-07 0.0D+00       24      191       24      240  S
     21      1   1.8356731463123016D-01 7.1D-09 0.0D+00 5.2D-09 0.0D+00       21      197       21      210  S
     21      1   1.6697965428005468D-01 5.1D-09 0.0D+00 3.2D-07 0.0D+00       23      182       23      230  S
     21      1   1.6697965428203823D-01 5.1D-09 0.0D+00 4.8D-09 0.0D+00       22      195       22      220  S
     21      1   1.6687931282894253D-01 5.2D-09 0.0D+00 4.7D-09 0.0D+00       22      201       22      220  S
     21      1   1.6697965428226666D-01 5.1D-09 0.0D+00 6.1D-09 0.0D+00       22      163       22      220  S
     21      1   1.6687931282840529D-01 5.2D-09 0.0D+00 4.3D-09 0.0D+00       22      193       22      220  S
     21      1   1.8111210348900833D-01 7.6D-09 0.0D+00 3.8D-09 0.0D+00       22      204       22      220  S
     21      1   2.3742713015018391D-01 5.2D-08 0.0D+00 4.9D-06 0.0D+00       23      141       24      240  S
     21      1   2.3755953949898614D-01 8.1D-09 0.0D+00 7.8D-10 0.0D+00       23      153       23      230  S
     21      1   1.6687931282852125D-01 5.2D-09 0.0D+00 2.2D-09 0.0D+00       21      174       21      210  S
     21      1   1.6687931282679216D-01 5.2D-09 0.0D+00 2.2D-07 0.0D+00       24      180       24      240  S
     21      1   1.6687931282740584D-01 5.2D-09 0.0D+00 1.6D-07 0.0D+00       25      222       25      250  S
     21      1   1.6697965428227513D-01 5.1D-09 0.0D+00 2.4D-09 0.0D+00       22      161       22      220  S
     21      1   1.6689810768026667D-01 3.1D-07 0.0D+00 3.1D-02 0.0D+00       24      149       25      250  S
     21      1   2.3853718610292646D-01 7.5D-09 0.0D+00 6.2D-08 0.0D+00       23      167       23      230  S
     21      1   1.6687931282608018D-01 5.2D-09 0.0D+00 3.2D-07 0.0D+00       24      201       24      240  S
     21      1   1.6697965428250289D-01 5.1D-09 0.0D+00 2.5D-08 0.0D+00       23      208       23      230  S
     21      1   1.6697965428258499D-01 5.1D-09 0.0D+00 8.0D-09 0.0D+00       22      183       22      220  S
     21      1   1.6697965429463249D-01 5.1D-09 0.0D+00 4.8D-09 0.0D+00       22      201       22      220  S
     21      1   1.6697965428272404D-01 5.1D-09 0.0D+00 2.1D-09 0.0D+00       22      176       22      220  S
     21      1   1.6697965428244169D-01 5.1D-09 0.0D+00 7.0D-09 0.0D+00       22      186       22      220  S
     21      1   1.6687931282841645D-01 5.2D-09 0.0D+00 1.7D-08 0.0D+00       23      193       23      230  S
     21      1   1.6687931282847224D-01 5.2D-09 0.0D+00 1.2D-10 0.0D+00       22      175       22      220  S
     21      1   1.6697965428231698D-01 5.1D-09 0.0D+00 9.5D-09 0.0D+00       21      149       21      210  S
     21      1   1.6697965428231598D-01 5.1D-09 0.0D+00 2.5D-08 0.0D+00       23      188       23      230  S
     21      1   1.6697965428260969D-01 5.1D-09 0.0D+00 3.6D-08 0.0D+00       23      175       23      230  S
     21      1   1.6697965428236028D-01 5.1D-09 0.0D+00 1.6D-08 0.0D+00       23      184       23      230  S
     21      1   1.8138324748733628D-01 6.7D-09 0.0D+00 2.3D-07 0.0D+00       23      206       23      230  S
     21      1   2.3853718141759789D-01 7.5D-09 0.0D+00 4.4D-08 0.0D+00       24      201       24      240  S
     21      1   1.6687931282747931D-01 5.2D-09 0.0D+00 1.4D-07 0.0D+00       23      165       23      230  S
     21      1   1.6697965428221573D-01 5.1D-09 0.0D+00 3.1D-09 0.0D+00       22      163       22      220  S
     21      1   1.6697965428265246D-01 5.1D-09 0.0D+00 1.7D-09 0.0D+00       22      169       22      220  S
     21      1   1.8623264104305293D-01 2.9D-06 0.0D+00 3.0D-01 0.0D+00       23      144       24      240  S
     21      1   1.6697965428264155D-01 5.1D-09 0.0D+00 3.8D-09 0.0D+00       22      171       22      220  S
     21      1   1.6688841493725246D-01 4.3D-10 0.0D+00 3.4D-11 0.0D+00       16      232       17      161  S
     21      1   1.6697965428264555D-01 5.1D-09 0.0D+00 7.9D-09 0.0D+00       22      209       22      220  S
     21      1   2.3853718620815068D-01 7.5D-09 0.0D+00 4.7D-09 0.0D+00       23      173       23      230  S
     21      1   1.6687931282793383D-01 5.2D-09 0.0D+00 7.4D-08 0.0D+00       23      190       23      230  S
     21      1   1.6687931282893614D-01 5.2D-09 0.0D+00 6.7D-09 0.0D+00       21      167       21      210  S
     21      1   1.6687931282633200D-01 5.2D-09 0.0D+00 3.0D-07 0.0D+00       24      229       24      240  S
     21      1   1.6687931282712279D-01 5.2D-09 0.0D+00 2.3D-07 0.0D+00       24      226       24      240  S
     21      1   1.6697965428212436D-01 5.1D-09 0.0D+00 1.5D-08 0.0D+00       23      191       23      230  S
     21      1   1.6697965428063502D-01 5.1D-09 0.0D+00 2.4D-07 0.0D+00       24      182       24      240  S
     21      1   1.6687931282913229D-01 5.2D-09 0.0D+00 4.9D-09 0.0D+00       23      189       23      230  S
     21      1   1.6697965428000372D-01 5.1D-09 0.0D+00 3.1D-07 0.0D+00       24      238       24      240  S
     21      1   1.6687931282804960D-01 5.2D-09 0.0D+00 1.1D-07 0.0D+00       23      195       23      230  S
     21      1   1.6687931282830210D-01 5.2D-09 0.0D+00 1.7D-08 0.0D+00       23      179       23      230  S
     21      1   2.3755952551790277D-01 8.1D-09 0.0D+00 1.1D-09 0.0D+00       22      148       22      220  S
     21      1   1.6697965428302211D-01 5.1D-09 0.0D+00 6.3D-09 0.0D+00       22      179       22      220  S
     21      1   1.6687931282897073D-01 5.2D-09 0.0D+00 2.9D-10 0.0D+00       22      186       22      220  S
     21      1   1.6687931282840548D-01 5.2D-09 0.0D+00 2.0D-08 0.0D+00       23      221       23      230  S
     21      1   1.6687931282671400D-01 5.2D-09 0.0D+00 2.9D-07 0.0D+00       23      213       23      230  S
     21      1   2.3667383624479005D-01 6.6D-09 0.0D+00 1.5D-10 0.0D+00       22      162       22      220  S
     21      1   1.6687931282619872D-01 5.2D-09 0.0D+00 3.0D-07 0.0D+00       24      213       24      240  S
     21      1   2.3755953949736672D-01 8.1D-09 0.0D+00 1.9D-08 0.0D+00       24      179       24      240  S
     21      1   1.6697965428022088D-01 5.1D-09 0.0D+00 3.2D-07 0.0D+00       23      193       23      230  S
     21      1   1.6687931282846372D-01 5.2D-09 0.0D+00 2.5D-08 0.0D+00       23      214       23      230  S
     21      1   2.8692310268360499D-01 5.5D-06 0.0D+00 1.0D+00 0.0D+00       26      266       27      270  S
     21      1   1.6969249353395360D-01 9.5D-07 0.0D+00 1.7D-01 0.0D+00       23      150       24      240  S
     21      1   1.6697965428234993D-01 5.1D-09 0.0D+00 1.8D-08 0.0D+00       24      188       24      240  S
     21      1   1.6697965428232411D-01 5.1D-09 0.0D+00 3.8D-09 0.0D+00       22      166       22      220  S
     21      1   1.6687931282846738D-01 5.2D-09 0.0D+00 8.2D-09 0.0D+00       22      193       22      220  S
     21      1   1.6697965428300057D-01 5.1D-09 0.0D+00 1.5D-09 0.0D+00       22      192       22      220  S
     21      1   1.6687931282598339D-01 5.2D-09 0.0D+00 3.4D-07 0.0D+00       24      195       24      240  S
     21      1   1.6687931282852889D-01 5.2D-09 0.0D+00 3.8D-08 0.0D+00       24      183       24      240  S
     21      1   1.6697965428260922D-01 5.1D-09 0.0D+00 6.7D-09 0.0D+00       22      195       22      220  S
     21      1   1.6687931282695856D-01 5.2D-09 0.0D+00 2.6D-07 0.0D+00       23      198       23      230  S
     21      1   1.6687931282842475D-01 5.2D-09 0.0D+00 9.5D-10 0.0D+00       22      195       22      220  S
     21      1   2.3755953949464440D-01 8.1D-09 0.0D+00 2.4D-09 0.0D+00       23      183       23      230  S
     21      1   1.6687931282847770D-01 5.2D-09 0.0D+00 2.7D-08 0.0D+00       24      209       24      240  S
     21      1   1.6687931282834098D-01 5.2D-09 0.0D+00 2.0D-08 0.0D+00       22      183       22      220  S
     21      1   1.6687931282808161D-01 5.2D-09 0.0D+00 7.2D-08 0.0D+00       22      203       22      220  S
     21      1   2.3667383624690608D-01 6.6D-09 0.0D+00 4.1D-09 0.0D+00       22      150       22      220  S
     21      1   2.3853718141999963D-01 7.5D-09 0.0D+00 2.5D-09 0.0D+00       23      157       23      230  S
     21      1   1.6687931282913485D-01 5.2D-09 0.0D+00 1.8D-09 0.0D+00       23      178       23      230  S
     21      1   2.3853718140826463D-01 7.5D-09 0.0D+00 8.7D-08 0.0D+00       23      167       23      230  S
     21      1   1.6687931282849533D-01 5.2D-09 0.0D+00 3.0D-09 0.0D+00       22      183       22      214  S
     21      1   1.6687931282844859D-01 5.2D-09 0.0D+00 1.2D-09 0.0D+00       22      170       22      220  S
     21      1   1.6697965428228936D-01 5.1D-09 0.0D+00 1.1D-08 0.0D+00       24      192       24      240  S
     21      1   1.6697965428258627D-01 5.1D-09 0.0D+00 7.9D-09 0.0D+00       22      227       22      220  S
     21      1   1.6687931282838947D-01 5.2D-09 0.0D+00 4.5D-09 0.0D+00       22      178       22      220  S
     21      1   1.6697965428236378D-01 5.1D-09 0.0D+00 2.7D-08 0.0D+00       23      180       23      230  S
     21      1   1.6697965428214218D-01 5.1D-09 0.0D+00 1.3D-08 0.0D+00       24      200       24      240  S
     21      1   1.8111671663945714D-01 7.5D-09 0.0D+00 3.3D-07 0.0D+00       22      197       22      220  S
     21      1   1.6687931282887536D-01 5.2D-09 0.0D+00 3.6D-09 0.0D+00       22      166       22      220  S
     21      1   2.3752416867835116D-01 8.1D-09 0.0D+00 1.3D-09 0.0D+00       22      164       22      220  S
     21      1   1.6697965428021957D-01 5.1D-09 0.0D+00 2.9D-07 0.0D+00       23      176       23      230  S
     21      1   2.3853718610858357D-01 7.5D-09 0.0D+00 3.6D-09 0.0D+00       22      164       22      220  S
     21      1   1.6697965428082406D-01 5.1D-09 0.0D+00 1.9D-07 0.0D+00       24      180       24      240  S
     21      1   1.6687931282816354D-01 5.2D-09 0.0D+00 2.2D-08 0.0D+00       24      208       24      240  S
     21      1   1.8114345069084026D-01 7.5D-09 0.0D+00 3.8D-09 0.0D+00       21      202       21      210  S
     21      1   1.6697965428223610D-01 5.1D-09 0.0D+00 1.1D-09 0.0D+00       22      207       22      220  S
     21      1   1.6697965428069189D-01 5.1D-09 0.0D+00 2.8D-07 0.0D+00       23      245       23      230  S
     21      1   1.6697965428251937D-01 5.1D-09 0.0D+00 4.7D-09 0.0D+00       23      183       23      230  S
     21      1   1.6687931282744473D-01 5.2D-09 0.0D+00 1.3D-07 0.0D+00       24      243       24      240  S
     21      1   1.6687931282725399D-01 5.2D-09 0.0D+00 1.5D-07 0.0D+00       24      192       24      240  S
     21      1   1.6697965428270806D-01 5.1D-09 0.0D+00 2.4D-10 0.0D+00       22      181       22      220  S
     21      1   1.6697965428278275D-01 5.1D-09 0.0D+00 1.5D-09 0.0D+00       22      215       22      220  S
     21      1   2.3755953949315117D-01 8.1D-09 0.0D+00 1.4D-09 0.0D+00       22      171       22      220  S
     21      1   2.3667383631746922D-01 6.6D-09 0.0D+00 4.2D-09 0.0D+00       22      174       22      220  S
     21      1   2.3756722998620422D-01 7.1D-09 0.0D+00 5.7D-08 0.0D+00       24      168       24      240  S
     21      1   2.3853718444990155D-01 7.5D-09 0.0D+00 2.5D-11 0.0D+00       22      158       22      220  S
     21      1   1.6687931282844065D-01 5.2D-09 0.0D+00 8.5D-09 0.0D+00       22      165       22      220  S
     21      1   1.6697965428231742D-01 5.1D-09 0.0D+00 1.6D-09 0.0D+00       22      177       22      220  S
     21      1   1.6687931282845300D-01 5.2D-09 0.0D+00 5.1D-08 0.0D+00       24      217       24      240  S
     21      1   1.6687931282609325D-01 5.2D-09 0.0D+00 3.2D-07 0.0D+00       23      171       23      230  S
     21      1   1.6697965428248052D-01 5.1D-09 0.0D+00 8.1D-09 0.0D+00       22      188       22      220  S
     21      1   2.3667383624326463D-01 6.6D-09 0.0D+00 7.0D-08 0.0D+00       23      168       24      232  S
     21      1   2.3667383623828256D-01 6.6D-09 0.0D+00 5.4D-08 0.0D+00       23      191       23      230  S
     21      1   1.6687931282843763D-01 5.2D-09 0.0D+00 2.7D-09 0.0D+00       22      177       22      220  S
     21      1   1.6697965428210271D-01 5.1D-09 0.0D+00 2.8D-08 0.0D+00       23      213       23      230  S
     21      1   1.6687931282869464D-01 5.2D-09 0.0D+00 9.5D-09 0.0D+00       22      181       22      220  S
     21      1   2.3667383624584915D-01 6.6D-09 0.0D+00 6.6D-09 0.0D+00       22      146       22      220  S
     21      1   1.6687931282883878D-01 5.2D-09 0.0D+00 5.0D-09 0.0D+00       22      195       22      220  S
     21      1   1.6697965428290795D-01 5.1D-09 0.0D+00 1.3D-08 0.0D+00       23      230       23      230  S
     21      1   1.6697965429509579D-01 5.1D-09 0.0D+00 2.9D-08 0.0D+00       24      191       24      240  S
     21      1   1.6687931282848043D-01 5.2D-09 0.0D+00 3.2D-10 0.0D+00       22      191       22      220  S
     21      1   1.6687931282839574D-01 5.2D-09 0.0D+00 5.5D-10 0.0D+00       22      185       22      220  S
     21      1   1.6687931282851012D-01 5.2D-09 0.0D+00 2.0D-08 0.0D+00       24      210       24      240  S
     21      1   1.6697965428273950D-01 5.1D-09 0.0D+00 4.9D-09 0.0D+00       22      189       22      220  S
     21      1   1.6697965428214392D-01 5.1D-09 0.0D+00 3.1D-09 0.0D+00       22      227       22      220  S
     21      1   1.6697965428007247D-01 5.1D-09 0.0D+00 3.1D-07 0.0D+00       23      205       23      230  S
     21      1   1.6697965429539660D-01 5.1D-09 0.0D+00 2.1D-08 0.0D+00       24      200       24      240  S
     21      1   1.6697965427995273D-01 5.1D-09 0.0D+00 3.2D-07 0.0D+00       23      190       23      230  S
     21      1   1.6687931282711924D-01 5.2D-09 0.0D+00 2.0D-07 0.0D+00       23      215       23      230  S
     21      1   2.3755953949259279D-01 8.1D-09 0.0D+00 2.1D-10 0.0D+00       22      145       22      220  S
     21      1   1.6697965428265554D-01 5.1D-09 0.0D+00 2.6D-08 0.0D+00       24      198       24      240  S
     21      1   1.6687931282866511D-01 5.2D-09 0.0D+00 5.2D-09 0.0D+00       22      215       22      220  S
     21      1   1.6697965428157668D-01 5.1D-09 0.0D+00 1.2D-07 0.0D+00       23      170       23      230  S
     21      1   1.6697965428261702D-01 5.1D-09 0.0D+00 2.6D-09 0.0D+00       22      204       22      220  S
     21      1   1.6697965428258560D-01 5.1D-09 0.0D+00 7.8D-09 0.0D+00       23      179       23      230  S
     21      1   1.8111671664483617D-01 7.5D-09 0.0D+00 6.8D-09 0.0D+00       22      224       22      220  S
     21      1   1.6687931282843119D-01 5.2D-09 0.0D+00 1.2D-09 0.0D+00       22      172       22      220  S
     21      1   1.6697965428268371D-01 5.1D-09 0.0D+00 2.6D-09 0.0D+00       22      205       22      220  S
     21      1   1.6687931282742649D-01 5.2D-09 0.0D+00 1.6D-07 0.0D+00       24      239       24      240  S
     21      1   1.6697965427985037D-01 5.1D-09 0.0D+00 3.3D-07 0.0D+00       24      196       24      240  S
     21      1   2.3853718141713684D-01 7.5D-09 0.0D+00 3.5D-09 0.0D+00       23      154       23      230  S
     21      1   1.6697965428235237D-01 5.1D-09 0.0D+00 6.6D-09 0.0D+00       22      168       22      220  S
     21      1   1.6697965429525585D-01 5.1D-09 0.0D+00 5.9D-09 0.0D+00       22      178       22      220  S
     21      1   1.6697965428237083D-01 5.1D-09 0.0D+00 2.6D-09 0.0D+00       22      202       22      220  S
     21      1   1.6689809761810828D-01 3.1D-07 0.0D+00 3.1D-02 0.0D+00       25      145       26      260  S
     21      1   1.6687931275866805D-01 5.2D-09 0.0D+00 4.0D-08 0.0D+00       21      212       21      210  S
     21      1   1.6697965428167386D-01 5.1D-09 0.0D+00 1.2D-07 0.0D+00       24      203       24      240  S
