     15      1   2.3756722998726071D-01 7.1D-09 0.0D+00 5.8D-08 0.0D+00       23      190       24      232  S
     15      1   2.3755953947196656D-01 8.1D-09 0.0D+00 4.9D-10 0.0D+00       23      172       23      230  S
     15      1   2.3667383623624444D-01 6.6D-09 0.0D+00 4.9D-08 0.0D+00       23      168       23      230  S
     15      1   2.3755953948462738D-01 8.1D-09 0.0D+00 4.7D-08 0.0D+00       24      196       24      240  S
     15      1   2.3752416882602134D-01 8.1D-09 0.0D+00 1.8D-09 0.0D+00       24      149       24      240  S
     15      1   2.3853718444894051D-01 7.5D-09 0.0D+00 1.2D-09 0.0D+00       22      145       22      220  S
     15      1   2.3853718577986577D-01 7.5D-09 0.0D+00 8.0D-08 0.0D+00       22      157       23      221  S
     15      1   2.3853718141462621D-01 7.5D-09 0.0D+00 3.7D-09 0.0D+00       22      158       22      220  S
     15      1   2.3756722998724167D-01 7.1D-09 0.0D+00 3.9D-09 0.0D+00       22      177       22      220  S
     15      1   2.3756722998557692D-01 7.1D-09 0.0D+00 2.8D-08 0.0D+00       23      138       23      230  S
     15      1   2.3853718444842867D-01 7.5D-09 0.0D+00 3.3D-08 0.0D+00       23      159       24      232  S
     15      1   2.3853718444933014D-01 7.5D-09 0.0D+00 1.2D-09 0.0D+00       22      135       22      220  S
     15      1   2.3853718056495693D-01 7.5D-09 0.0D+00 4.0D-08 0.0D+00       24      174       25      241  S
     15      1   2.3756722998741084D-01 7.1D-09 0.0D+00 3.9D-05 0.0D+00       23      187       23      230  S
     15      1   2.3755952551546416D-01 8.1D-09 0.0D+00 1.6D-08 0.0D+00       23      173       23      230  S
     15      1   2.3853718141482463D-01 7.5D-09 0.0D+00 2.5D-09 0.0D+00       22      156       22      220  S
     15      1   2.3853718444763955D-01 7.5D-09 0.0D+00 4.0D-08 0.0D+00       23      185       24      231  S
     15      1   2.3755952551238832D-01 8.1D-09 0.0D+00 6.9D-08 0.0D+00       23      193       24      231  S
     15      1   2.3853718110604530D-01 7.5D-09 0.0D+00 1.4D-10 0.0D+00       23      156       23      230  S
     15      1   2.3853718445509547D-01 7.5D-09 0.0D+00 3.9D-09 0.0D+00       22      153       22      220  S
     15      1   2.3756722998579299D-01 7.1D-09 0.0D+00 2.4D-08 0.0D+00       24      198       24      240  S
     15      1   2.3853718444930169D-01 7.5D-09 0.0D+00 8.8D-08 0.0D+00       23      185       24      231  S
     15      1   2.3756722723398352D-01 7.1D-09 0.0D+00 2.9D-09 0.0D+00       23      159       23      230  S
     15      1   2.3853717835103699D-01 7.5D-09 0.0D+00 3.9D-11 0.0D+00       23      147       23      230  S
     15      1   2.3853718141534627D-01 7.5D-09 0.0D+00 3.4D-09 0.0D+00       22      143       22      220  S
     15      1   2.3756722998521396D-01 7.1D-09 0.0D+00 3.2D-08 0.0D+00       24      181       24      240  S
     15      1   2.3853718027753479D-01 7.5D-09 0.0D+00 8.1D-08 0.0D+00       23      170       23      230  S
     15      1   2.3853718141553418D-01 7.5D-09 0.0D+00 4.3D-08 0.0D+00       24      172       24      240  S
     15      1   2.3853718444569108D-01 7.5D-09 0.0D+00 9.3D-08 0.0D+00       23      173       23      230  S
     15      1   2.3853718141719016D-01 7.5D-09 0.0D+00 1.4D-09 0.0D+00       22      159       22      220  S
     15      1   2.3756722999045171D-01 7.1D-09 0.0D+00 1.8D-09 0.0D+00       23      138       23      230  S
     15      1   2.3853718609768756D-01 7.5D-09 0.0D+00 1.7D-09 0.0D+00       23      141       23      230  S
     15      1   2.3853718028035509D-01 7.5D-09 0.0D+00 2.1D-08 0.0D+00       24      148       24      240  S
     15      1   2.3752415436906138D-01 8.1D-09 0.0D+00 3.9D-10 0.0D+00       22      155       22      220  S
     15      1   2.3853718141433697D-01 7.5D-09 0.0D+00 1.4D-09 0.0D+00       22      177       22      220  S
     15      1   2.3756722998579385D-01 7.1D-09 0.0D+00 2.7D-09 0.0D+00       22      163       22      220  S
     15      1   2.3853718445181168D-01 7.5D-09 0.0D+00 4.7D-09 0.0D+00       22      171       22      220  S
     15      1   2.3756722999067179D-01 7.1D-09 0.0D+00 6.0D-09 0.0D+00       23      140       23      230  S
     15      1   2.3853718109746225D-01 7.5D-09 0.0D+00 6.4D-08 0.0D+00       23      166       23      230  S
     15      1   2.3756723000241775D-01 7.1D-09 0.0D+00 2.1D-09 0.0D+00       22      157       22      220  S
     15      1   2.3752415436424165D-01 8.1D-09 0.0D+00 3.3D-08 0.0D+00       23      155       23      230  S
     15      1   2.3756722722874940D-01 7.1D-09 0.0D+00 4.3D-08 0.0D+00       23      153       23      230  S
     15      1   2.3853718445019664D-01 7.5D-09 0.0D+00 8.7D-08 0.0D+00       23      187       24      231  S
     15      1   2.3853718027625340D-01 7.5D-09 0.0D+00 6.9D-09 0.0D+00       23      136       23      230  S
     15      1   2.3853718027511225D-01 7.5D-09 0.0D+00 2.1D-08 0.0D+00       23      127       23      230  S
     15      1   2.3853718444732236D-01 7.5D-09 0.0D+00 3.8D-08 0.0D+00       23      132       23      230  S
     15      1   2.3756722998644231D-01 7.1D-09 0.0D+00 9.8D-09 0.0D+00       22      182       22      220  S
     15      1   2.3756722999028662D-01 7.1D-09 0.0D+00 1.1D-08 0.0D+00       23      182       23      230  S
     15      1   2.3756722998896132D-01 7.1D-09 0.0D+00 2.3D-10 0.0D+00       22      165       22      220  S
     15      1   2.3755952551576376D-01 8.1D-09 0.0D+00 3.8D-09 0.0D+00       22      180       22      220  S
     15      1   2.3853718445208635D-01 7.5D-09 0.0D+00 1.2D-09 0.0D+00       23      170       23      230  S
     15      1   2.3853718056721718D-01 7.5D-09 0.0D+00 3.8D-09 0.0D+00       22      145       22      220  S
     15      1   2.3853718141537336D-01 7.5D-09 0.0D+00 3.5D-09 0.0D+00       22      179       22      220  S
     15      1   2.3853718027880480D-01 7.5D-09 0.0D+00 3.6D-09 0.0D+00       23      156       23      230  S
     15      1   2.3755952551748277D-01 8.1D-09 0.0D+00 1.6D-09 0.0D+00       22      196       22      220  S
     15      1   2.3752415436588495D-01 8.1D-09 0.0D+00 4.0D-10 0.0D+00       22      149       22      220  S
     15      1   2.3853718141276273D-01 7.5D-09 0.0D+00 4.5D-08 0.0D+00       23      164       23      230  S
     15      1   2.3752415436414751D-01 8.1D-09 0.0D+00 1.8D-09 0.0D+00       22      133       22      220  S
     15      1   2.3755952552112292D-01 8.1D-09 0.0D+00 1.4D-10 0.0D+00       22      132       22      220  S
     15      1   2.3755952551902831D-01 8.1D-09 0.0D+00 7.0D-08 0.0D+00       23      167       24      231  S
     15      1   2.3853718444928015D-01 7.5D-09 0.0D+00 6.2D-10 0.0D+00       22      139       22      220  S
     15      1   2.3853718610069929D-01 7.5D-09 0.0D+00 1.2D-09 0.0D+00       22      148       22      220  S
     15      1   2.3756722998619823D-01 7.1D-09 0.0D+00 2.7D-08 0.0D+00       24      175       25      242  S
     15      1   2.3853717835125512D-01 7.5D-09 0.0D+00 2.5D-09 0.0D+00       23      151       23      230  S
     15      1   2.3756722998530094D-01 7.1D-09 0.0D+00 9.1D-09 0.0D+00       22      138       22      220  S
     15      1   2.3853718444583963D-01 7.5D-09 0.0D+00 8.8D-08 0.0D+00       23      174       24      232  S
     15      1   2.3853718028046303D-01 7.5D-09 0.0D+00 1.0D-09 0.0D+00       22      160       22      220  S
     15      1   2.3756722723471441D-01 7.1D-09 0.0D+00 4.9D-11 0.0D+00       23      159       23      230  S
     15      1   2.3853718141251948D-01 7.5D-09 0.0D+00 5.8D-08 0.0D+00       23      153       23      230  S
     15      1   2.3752415437150937D-01 8.1D-09 0.0D+00 1.5D-09 0.0D+00       23      168       23      230  S
     15      1   2.3755953947047020D-01 8.1D-09 0.0D+00 1.8D-08 0.0D+00       24      181       24      240  S
     15      1   2.3755952551359436D-01 8.1D-09 0.0D+00 2.8D-08 0.0D+00       24      158       24      240  S
     15      1   2.3853718141472732D-01 7.5D-09 0.0D+00 1.9D-08 0.0D+00       23      180       23      230  S
     15      1   2.3853718445029479D-01 7.5D-09 0.0D+00 3.6D-09 0.0D+00       23      175       23      230  S
     15      1   2.3756722998640267D-01 7.1D-09 0.0D+00 8.9D-09 0.0D+00       22      183       22      220  S
     15      1   2.3752415436457344D-01 8.1D-09 0.0D+00 1.7D-08 0.0D+00       23      156       23      230  S
     15      1   2.3853718109941499D-01 7.5D-09 0.0D+00 7.3D-09 0.0D+00       22      157       22      220  S
     15      1   2.3853718444945521D-01 7.5D-09 0.0D+00 2.0D-09 0.0D+00       22      153       22      220  S
     15      1   2.3853718141461203D-01 7.5D-09 0.0D+00 1.4D-09 0.0D+00       22      148       22      220  S
     15      1   2.3667383623171284D-01 6.6D-09 0.0D+00 1.3D-09 0.0D+00       22      152       22      220  S
     15      1   2.3755952550080758D-01 8.1D-09 0.0D+00 2.8D-09 0.0D+00       22      149       22      220  S
     15      1   2.3752415436460395D-01 8.1D-09 0.0D+00 7.9D-10 0.0D+00       22      143       22      220  S
     15      1   2.3756722998375715D-01 7.1D-09 0.0D+00 5.3D-07 0.0D+00       23      242       24      233  S
     15      1   2.3755952551562481D-01 8.1D-09 0.0D+00 9.1D-10 0.0D+00       22      201       22      220  S
     15      1   2.3752415437117147D-01 8.1D-09 0.0D+00 1.8D-09 0.0D+00       23      139       23      230  S
     15      1   2.3756722722994630D-01 7.1D-09 0.0D+00 7.1D-09 0.0D+00       23      157       23      230  S
     15      1   2.3752415436607324D-01 8.1D-09 0.0D+00 2.6D-09 0.0D+00       23      146       23      230  S
     15      1   2.3853718109566455D-01 7.5D-09 0.0D+00 9.2D-08 0.0D+00       23      166       23      230  S
     15      1   2.3756722998418392D-01 7.1D-09 0.0D+00 5.6D-08 0.0D+00       23      147       24      232  S
     15      1   2.3853718445132335D-01 7.5D-09 0.0D+00 6.0D-10 0.0D+00       22      159       22      220  S
     15      1   2.3756722998831795D-01 7.1D-09 0.0D+00 3.0D-08 0.0D+00       23      176       23      230  S
     15   0.00    0.00    0.00   2.1641892620071085D-01 7.5D-09 0.0D+00 3.0D-07 0.0D+00       23      207       23      230    1630     401    1831     401     437   0.77     0    0    192  BR
     15      1   2.3756722761950014D-01 7.1D-09 0.0D+00 2.7D-08 0.0D+00       24      157       24      240  S
     15      1   2.2355345275162139D-01 7.5D-09 0.0D+00 1.1D-10 0.0D+00       21      154       21      210  S
     15      1   2.3667383624210359D-01 6.6D-09 0.0D+00 9.3D-10 0.0D+00       22      161       22      220  S
     15      1   2.3853718027363163D-01 7.5D-09 0.0D+00 6.0D-08 0.0D+00       24      157       24      240  S
     15      1   2.3755953948048927D-01 8.1D-09 0.0D+00 3.9D-08 0.0D+00       24      183       24      240  S
     15      1   2.3853718444949995D-01 7.5D-09 0.0D+00 1.9D-09 0.0D+00       22      152       22      220  S
     15      1   2.3756722998428698D-01 7.1D-09 0.0D+00 6.4D-08 0.0D+00       23      179       23      230  S
     15      1   2.3853718445439565D-01 7.5D-09 0.0D+00 4.4D-09 0.0D+00       22      149       22      220  S
