     15      1   2.4963309850342189D-01 6.8D-09 0.0D+00 4.7D-09 0.0D+00       21      107       21      210  S
     15      1   2.4963083516344692D-01 6.8D-09 0.0D+00 1.4D-09 0.0D+00       22      113       22      220  S
     15      1   2.4964402571863145D-01 6.8D-09 0.0D+00 3.8D-09 0.0D+00       21      104       21      210  S
     15      1   2.4963083516347476D-01 6.8D-09 0.0D+00 8.1D-09 0.0D+00       22      116       22      220  S
     15      1   2.4963083516340431D-01 6.8D-09 0.0D+00 6.1D-09 0.0D+00       22      110       22      220  S
     15      1   2.4963900159646213D-01 6.8D-09 0.0D+00 2.5D-09 0.0D+00       22      111       22      220  S
     15      1   2.6190641467372361D-01 5.5D-09 0.0D+00 2.7D-10 0.0D+00       22      130       22      220  S
     15      1   2.4963791293422744D-01 6.8D-09 0.0D+00 5.8D-09 0.0D+00       22      120       22      220  S
     15      1   2.4963791293409907D-01 6.8D-09 0.0D+00 8.3D-09 0.0D+00       21      109       21      210  S
     15      1   2.9328684592461435D-01 7.4D-09 0.0D+00 2.7D-09 0.0D+00       21      146       21      210  S
     15      1   2.4964402571858466D-01 6.8D-09 0.0D+00 4.4D-09 0.0D+00       21      103       21      210  S
     15      1   2.4963081382871927D-01 6.8D-09 0.0D+00 6.6D-09 0.0D+00       22      110       22      220  S
     15      1   2.6190290014341600D-01 5.5D-09 0.0D+00 8.6D-10 0.0D+00       22      124       22      220  S
     15      1   2.4963083516305754D-01 6.8D-09 0.0D+00 6.7D-09 0.0D+00       21      111       21      210  S
     15      1   2.6190826205746104D-01 5.5D-09 0.0D+00 7.6D-09 0.0D+00       22      130       22      220  S
     15      1   2.4963083452699053D-01 6.8D-09 0.0D+00 3.8D-09 0.0D+00       22      112       22      220  S
     15      1   2.4963083516314488D-01 6.8D-09 0.0D+00 8.4D-09 0.0D+00       21      109       21      210  S
     15      1   2.4963083516346227D-01 6.8D-09 0.0D+00 8.6D-09 0.0D+00       22      115       22      220  S
     15      1   2.4964402571850630D-01 6.8D-09 0.0D+00 1.9D-09 0.0D+00       21      104       21      210  S
     15      1   2.4963083516365719D-01 6.8D-09 0.0D+00 4.6D-09 0.0D+00       22      118       22      220  S
     15      1   2.4963083516359050D-01 6.8D-09 0.0D+00 2.2D-11 0.0D+00       22      111       22      220  S
     15      1   2.4963309850376614D-01 6.8D-09 0.0D+00 2.1D-09 0.0D+00       22      112       22      220  S
     15      1   2.4963309850348386D-01 6.8D-09 0.0D+00 6.3D-09 0.0D+00       21      110       21      210  S
     15      1   2.4963791293461282D-01 6.8D-09 0.0D+00 4.7D-09 0.0D+00       22      118       22      220  S
     15      1   2.4963083516334522D-01 6.8D-09 0.0D+00 8.6D-09 0.0D+00       22      117       22      220  S
     15      1   2.4963083516356868D-01 6.8D-09 0.0D+00 7.1D-09 0.0D+00       22      118       22      220  S
     15      1   2.4963083452703957D-01 6.8D-09 0.0D+00 1.3D-10 0.0D+00       22      116       22      220  S
     15      1   2.4963083516344139D-01 6.8D-09 0.0D+00 2.1D-09 0.0D+00       22      114       22      220  S
     15      1   2.4963083516344403D-01 6.8D-09 0.0D+00 8.1D-09 0.0D+00       22      112       22      220  S
     15      1   2.4963083452701224D-01 6.8D-09 0.0D+00 9.7D-09 0.0D+00       22      113       22      220  S
     15      1   2.4963083516337764D-01 6.8D-09 0.0D+00 8.5D-09 0.0D+00       22      116       22      220  S
     15      1   2.6191254989209029D-01 5.5D-09 0.0D+00 1.0D-07 0.0D+00       22      131       22      220  S
     15      1   2.4963309850350179D-01 6.8D-09 0.0D+00 7.6D-10 0.0D+00       21      115       21      210  S
     15      1   2.4963900159659702D-01 6.8D-09 0.0D+00 8.5D-09 0.0D+00       22      114       22      220  S
     15      1   2.4963791293399371D-01 6.8D-09 0.0D+00 8.3D-09 0.0D+00       21      115       21      210  S
     15      1   2.4963791293386783D-01 6.8D-09 0.0D+00 2.2D-09 0.0D+00       21      108       21      210  S
     15      1   2.4963081382884442D-01 6.8D-09 0.0D+00 9.1D-09 0.0D+00       22      118       22      220  S
     15      1   2.4963083452706591D-01 6.8D-09 0.0D+00 1.1D-09 0.0D+00       22      111       22      220  S
     15      1   2.6191070992286192D-01 5.5D-09 0.0D+00 9.2D-08 0.0D+00       23      168       23      230  S
     15      1   2.6190997391787257D-01 5.5D-09 0.0D+00 1.0D-07 0.0D+00       24      151       24      240  S
     15      1   2.4963900159650848D-01 6.8D-09 0.0D+00 2.4D-10 0.0D+00       22      110       22      220  S
     15      1   2.4963081382888422D-01 6.8D-09 0.0D+00 2.1D-09 0.0D+00       22      119       22      220  S
     15      1   2.6191568307671065D-01 5.5D-09 0.0D+00 4.3D-09 0.0D+00       21      124       21      210  S
     15      1   3.3417121743047534D-01 4.4D-09 0.0D+00 1.1D+03 0.0D+00       23      314       23      230  S
     15      1   2.4963791293423676D-01 6.8D-09 0.0D+00 7.7D-09 0.0D+00       22      113       22      220  S
     15      1   2.4963083516387333D-01 6.8D-09 0.0D+00 6.5D-09 0.0D+00       22      115       22      220  S
     15      1   2.6190826205648776D-01 5.5D-09 0.0D+00 7.2D-09 0.0D+00       21      127       21      210  S
     15      1   2.4963309850349499D-01 6.8D-09 0.0D+00 6.1D-09 0.0D+00       21      111       21      210  S
     15      1   2.9328684592573528D-01 7.4D-09 0.0D+00 1.8D-08 0.0D+00       24      184       24      240  S
     15      1   2.4963083516371407D-01 6.8D-09 0.0D+00 2.0D-08 0.0D+00       23      117       23      230  S
     15      1   2.4963083516338222D-01 6.8D-09 0.0D+00 5.8D-09 0.0D+00       22      111       22      220  S
     15      1   2.4963083452674553D-01 6.8D-09 0.0D+00 1.5D-09 0.0D+00       21      107       21      210  S
     15      1   2.4963083516355131D-01 6.8D-09 0.0D+00 6.8D-09 0.0D+00       22      117       22      220  S
     15      1   2.4963083452677196D-01 6.8D-09 0.0D+00 6.6D-09 0.0D+00       21      108       21      210  S
     15      1   2.4964402571888961D-01 6.8D-09 0.0D+00 6.9D-10 0.0D+00       22      113       22      220  S
     15      1   2.4963900159662586D-01 6.8D-09 0.0D+00 4.7D-09 0.0D+00       22      113       22      220  S
     15      1   2.4963083452716067D-01 6.8D-09 0.0D+00 2.1D-09 0.0D+00       22      114       22      220  S
     15      1   2.4963791293380588D-01 6.8D-09 0.0D+00 1.1D-10 0.0D+00       21      107       21      210  S
     15      1   2.4963083452701337D-01 6.8D-09 0.0D+00 1.8D-09 0.0D+00       22      114       22      220  S
     15      1   2.4963083452702287D-01 6.8D-09 0.0D+00 7.5D-09 0.0D+00       22      111       22      220  S
     15      1   2.4963081382889438D-01 6.8D-09 0.0D+00 5.1D-09 0.0D+00       22      116       22      220  S
     15      1   2.4963083452692225D-01 6.8D-09 0.0D+00 4.7D-09 0.0D+00       22      110       22      220  S
     15      1   2.4963083452710083D-01 6.8D-09 0.0D+00 7.2D-09 0.0D+00       22      113       22      220  S
     15      1   2.4963083516356030D-01 6.8D-09 0.0D+00 8.7D-09 0.0D+00       22      112       22      220  S
     15      1   2.4963791293403587D-01 6.8D-09 0.0D+00 7.0D-09 0.0D+00       21      112       21      210  S
     15      1   2.4963083452712886D-01 6.8D-09 0.0D+00 3.7D-09 0.0D+00       22      117       22      220  S
     15      1   2.4963083516351972D-01 6.8D-09 0.0D+00 2.9D-09 0.0D+00       22      121       22      220  S
     15      1   2.4963083452698401D-01 6.8D-09 0.0D+00 4.5D-09 0.0D+00       22      117       22      220  S
     15      1   2.4963083516345122D-01 6.8D-09 0.0D+00 2.1D-10 0.0D+00       22      111       22      220  S
     15      1   2.4963083516344900D-01 6.8D-09 0.0D+00 5.6D-09 0.0D+00       22      120       22      220  S
     15      1   2.6190826205784862D-01 5.5D-09 0.0D+00 6.5D-10 0.0D+00       22      121       22      220  S
     15      1   2.4963900159647637D-01 6.8D-09 0.0D+00 1.7D-09 0.0D+00       22      115       22      220  S
     15      1   2.4963791293377083D-01 6.8D-09 0.0D+00 8.1D-09 0.0D+00       21      107       21      210  S
     15      1   2.4963083516350060D-01 6.8D-09 0.0D+00 2.2D-09 0.0D+00       22      109       22      220  S
     15      1   2.4963791293396087D-01 6.8D-09 0.0D+00 7.9D-09 0.0D+00       21      112       21      210  S
     15      1   2.4963083516360371D-01 6.8D-09 0.0D+00 5.1D-09 0.0D+00       22      122       22      220  S
     15      1   2.9328684592315746D-01 7.4D-09 0.0D+00 9.9D-08 0.0D+00       22      167       22      220  S
     15      1   2.4963551129160030D-01 6.8D-09 0.0D+00 2.3D-09 0.0D+00       21      105       21      210  S
     15      1   2.6190183453721733D-01 5.5D-09 0.0D+00 7.1D-09 0.0D+00       22      125       22      220  S
     15      1   2.6190391226026705D-01 5.5D-09 0.0D+00 1.1D-07 0.0D+00       22      130       22      220  S
     15      1   2.6190630418926608D-01 5.5D-09 0.0D+00 3.1D-09 0.0D+00       22      126       22      220  S
     15      1   2.4963083516356824D-01 6.8D-09 0.0D+00 2.4D-09 0.0D+00       22      110       22      220  S
     15      1   2.4963083452709575D-01 6.8D-09 0.0D+00 1.8D-09 0.0D+00       22      117       22      220  S
     15      1   3.3459817996580404D-01 9.7D-09 0.0D+00 5.3D+02 0.0D+00       24      319       24      240  S
     15      1   2.4963083516308759D-01 6.8D-09 0.0D+00 9.1D-09 0.0D+00       21      117       21      210  S
     15      1   4.9705474743519540D-01 1.1D-16 0.0D+00 1.0D+00 0.0D+00       27      288       28      280  S
     15      1   2.6190867061670953D-01 5.5D-09 0.0D+00 1.7D-09 0.0D+00       22      122       22      220  S
     15      1   2.4963900159634503D-01 6.8D-09 0.0D+00 7.1D-09 0.0D+00       21      110       21      210  S
     15      1   2.4963083516348805D-01 6.8D-09 0.0D+00 1.4D-09 0.0D+00       22      111       22      220  S
     15      1   2.4963083516354495D-01 6.8D-09 0.0D+00 5.0D-09 0.0D+00       22      115       22      220  S
     15      1   2.4963309850356322D-01 6.8D-09 0.0D+00 8.7D-09 0.0D+00       21      112       21      210  S
     15      1   2.4963791293391852D-01 6.8D-09 0.0D+00 1.1D-09 0.0D+00       21      107       21      210  S
     15      1   2.4963791293409859D-01 6.8D-09 0.0D+00 5.6D-09 0.0D+00       22      110       22      220  S
     15      1   2.4963081382877572D-01 6.8D-09 0.0D+00 4.5D-09 0.0D+00       22      110       22      220  S
     15      1   2.4963083452692511D-01 6.8D-09 0.0D+00 6.3D-09 0.0D+00       22      113       22      220  S
     15      1   2.4963083516340928D-01 6.8D-09 0.0D+00 5.6D-10 0.0D+00       22      109       22      220  S
     15      1   2.4963900159657357D-01 6.8D-09 0.0D+00 2.0D-09 0.0D+00       22      114       22      220  S
     15      1   2.4963900159641131D-01 6.8D-09 0.0D+00 3.4D-09 0.0D+00       22      113       22      220  S
     15      1   2.4963791293383389D-01 6.8D-09 0.0D+00 4.3D-09 0.0D+00       21      117       21      210  S
     15      1   2.4963083516341908D-01 6.8D-09 0.0D+00 5.9D-09 0.0D+00       22      114       22      220  S
     15      1   2.4963309850375956D-01 6.8D-09 0.0D+00 3.1D-09 0.0D+00       22      112       22      220  S
     15      1   2.4963083516362802D-01 6.8D-09 0.0D+00 3.9D-09 0.0D+00       22      111       22      220  S
     15      1   2.4963227466054003D-01 6.8D-09 0.0D+00 6.0D-09 0.0D+00       22      112       22      220  S
     15      1   2.4963083452676632D-01 6.8D-09 0.0D+00 4.5D-09 0.0D+00       21      109       21      210  S
     15      1   2.4963083516350892D-01 6.8D-09 0.0D+00 5.3D-09 0.0D+00       22      116       22      220  S
     15      1   2.4963309850356460D-01 6.8D-09 0.0D+00 1.8D-09 0.0D+00       21      113       21      210  S
     15      1   2.6190391226070259D-01 5.5D-09 0.0D+00 5.0D-08 0.0D+00       23      135       23      230  S
     15      1   2.4963900159620231D-01 6.8D-09 0.0D+00 7.8D-09 0.0D+00       21      106       21      210  S
     15      1   2.4963900159629054D-01 6.8D-09 0.0D+00 1.9D-09 0.0D+00       21      107       21      210  S
     15      1   2.4963081382880264D-01 6.8D-09 0.0D+00 7.9D-09 0.0D+00       22      115       22      220  S
     15      1   2.4964402571879282D-01 6.8D-09 0.0D+00 4.1D-10 0.0D+00       22      112       22      220  S
     15      1   2.6190883227370920D-01 5.5D-09 0.0D+00 7.6D-09 0.0D+00       21      117       21      210  S
     15      1   2.4964402571837371D-01 6.8D-09 0.0D+00 5.8D-09 0.0D+00       21      106       21      210  S
     15      1   2.4963083452694926D-01 6.8D-09 0.0D+00 1.2D-09 0.0D+00       22      112       22      220  S
     15      1   2.4963083452713530D-01 6.8D-09 0.0D+00 9.4D-09 0.0D+00       22      113       22      220  S
     15      1   2.4963900159619676D-01 6.8D-09 0.0D+00 6.9D-09 0.0D+00       21      108       21      210  S
     15      1   2.4963309850380341D-01 6.8D-09 0.0D+00 1.3D-09 0.0D+00       22      114       22      220  S
     15      1   2.4963083516356407D-01 6.8D-09 0.0D+00 6.4D-09 0.0D+00       22      115       22      220  S
     15      1   2.4963551129179229D-01 6.8D-09 0.0D+00 5.0D-09 0.0D+00       22      113       22      220  S
     15      1   2.4963083452714846D-01 6.8D-09 0.0D+00 9.9D-09 0.0D+00       22      114       22      220  S
     15      1   2.4963083452693655D-01 6.8D-09 0.0D+00 6.2D-09 0.0D+00       22      112       22      220  S
     15      1   2.4964402571848179D-01 6.8D-09 0.0D+00 2.1D-09 0.0D+00       21      110       21      210  S
     15      1   2.4963083516378007D-01 6.8D-09 0.0D+00 4.9D-09 0.0D+00       22      118       22      220  S
     15      1   2.4963081382894750D-01 6.8D-09 0.0D+00 2.2D-09 0.0D+00       22      118       22      220  S
     15      1   2.4963791293382984D-01 6.8D-09 0.0D+00 7.0D-09 0.0D+00       21      111       21      210  S
     15      1   2.4963083516355530D-01 6.8D-09 0.0D+00 5.9D-09 0.0D+00       22      110       22      220  S
     15      1   2.4964402571864852D-01 6.8D-09 0.0D+00 6.7D-09 0.0D+00       22      118       22      220  S
     15      1   2.4963083516345205D-01 6.8D-09 0.0D+00 1.8D-10 0.0D+00       22      114       22      220  S
     15      1   2.4963551129140391D-01 6.8D-09 0.0D+00 1.5D-09 0.0D+00       21      107       21      210  S
     15      1   2.4963309850354587D-01 6.8D-09 0.0D+00 3.0D-09 0.0D+00       21      110       21      210  S
     15      1   2.4963791293385024D-01 6.8D-09 0.0D+00 5.0D-09 0.0D+00       21      111       21      210  S
     15      1   2.4963900159633334D-01 6.8D-09 0.0D+00 7.9D-09 0.0D+00       21      106       21      210  S
     15      1   2.4963551129187225D-01 6.8D-09 0.0D+00 7.4D-09 0.0D+00       22      110       22      220  S
     15      1   2.4963791293373758D-01 6.8D-09 0.0D+00 1.0D-08 0.0D+00       21      108       21      210  S
     15      1   2.4963081382891511D-01 6.8D-09 0.0D+00 7.0D-09 0.0D+00       22      120       22      220  S
     15      1   2.4964402571846228D-01 6.8D-09 0.0D+00 1.7D-09 0.0D+00       21      107       21      210  S
     15      1   2.6190290014310563D-01 5.5D-09 0.0D+00 6.4D-09 0.0D+00       21      119       21      210  S
     15      1   2.6191071728604565D-01 5.5D-09 0.0D+00 6.0D-08 0.0D+00       22      134       22      220  S
     15      1   2.4963083452706256D-01 6.8D-09 0.0D+00 6.8D-09 0.0D+00       22      115       22      220  S
     15      1   2.4963791293413445D-01 6.8D-09 0.0D+00 9.8D-10 0.0D+00       22      113       22      220  S
     15      1   2.6190883227414485D-01 5.5D-09 0.0D+00 7.6D-08 0.0D+00       23      135       23      230  S
     15      1   2.4963083452672435D-01 6.8D-09 0.0D+00 6.3D-09 0.0D+00       21      106       21      210  S
     15      1   2.4963083516363493D-01 6.8D-09 0.0D+00 6.4D-09 0.0D+00       22      117       22      220  S
     15      1   2.7810125555194670D-01 6.1D-09 0.0D+00 5.5D-09 0.0D+00       21      135       21      210  S
     15      1   2.6190826205661161D-01 5.5D-09 0.0D+00 1.8D-08 0.0D+00       24      136       24      240  S
     15      1   2.6190997391768545D-01 5.5D-09 0.0D+00 5.8D-09 0.0D+00       22      118       22      220  S
     15      1   2.6190183453670235D-01 5.5D-09 0.0D+00 5.5D-09 0.0D+00       22      128       22      220  S
     15      1   2.4963551129165709D-01 6.8D-09 0.0D+00 1.5D-09 0.0D+00       22      112       22      220  S
     15      1   2.4963309850368137D-01 6.8D-09 0.0D+00 2.1D-09 0.0D+00       21      112       21      210  S
     15      1   2.6190290014306966D-01 5.5D-09 0.0D+00 8.0D-09 0.0D+00       21      115       21      210  S
     15      1   2.4963083516340606D-01 6.8D-09 0.0D+00 5.5D-09 0.0D+00       22      111       22      220  S
     15      1   2.4963309850339205D-01 6.8D-09 0.0D+00 3.6D-09 0.0D+00       21      112       21      210  S
     15      1   2.4963309850343807D-01 6.8D-09 0.0D+00 1.8D-10 0.0D+00       21      110       21      210  S
     15      1   2.4963083452688109D-01 6.8D-09 0.0D+00 5.6D-09 0.0D+00       22      113       22      220  S
     15      1   2.6190641467347470D-01 5.5D-09 0.0D+00 8.7D-09 0.0D+00       22      118       22      220  S
     15      1   2.4963083452693632D-01 6.8D-09 0.0D+00 1.9D-09 0.0D+00       22      113       22      220  S
     15      1   2.4963309850354251D-01 6.8D-09 0.0D+00 5.1D-09 0.0D+00       21      109       21      210  S
     15      1   2.4963083516315554D-01 6.8D-09 0.0D+00 9.5D-10 0.0D+00       21      115       21      210  S
     15      1   2.4963791293430979D-01 6.8D-09 0.0D+00 4.3D-09 0.0D+00       22      113       22      220  S
     15      1   2.4963083516314996D-01 6.8D-09 0.0D+00 1.5D-09 0.0D+00       21      111       21      210  S
     15      1   2.4963900159650498D-01 6.8D-09 0.0D+00 7.9D-10 0.0D+00       22      112       22      220  S
     15      1   2.4963227466049739D-01 6.8D-09 0.0D+00 4.8D-09 0.0D+00       22      111       22      220  S
     15      1   2.4963083452699575D-01 6.8D-09 0.0D+00 2.0D-09 0.0D+00       22      113       22      220  S
     15      1   2.4963791293383220D-01 6.8D-09 0.0D+00 9.2D-09 0.0D+00       21      113       21      210  S
     15      1   2.4963083516356441D-01 6.8D-09 0.0D+00 1.0D-08 0.0D+00       22      123       22      220  S
     15      1   2.4963083452704216D-01 6.8D-09 0.0D+00 3.4D-09 0.0D+00       22      116       22      220  S
     15      1   2.6190641467339754D-01 5.5D-09 0.0D+00 3.3D-09 0.0D+00       22      127       22      220  S
     15      1   2.4963309850379584D-01 6.8D-09 0.0D+00 4.5D-09 0.0D+00       22      116       22      220  S
     15      1   2.4963791293383322D-01 6.8D-09 0.0D+00 7.6D-09 0.0D+00       21      113       21      210  S
     15      1   2.4963083516346851D-01 6.8D-09 0.0D+00 1.1D-09 0.0D+00       22      109       22      220  S
     15      1   2.4963309850362320D-01 6.8D-09 0.0D+00 3.9D-09 0.0D+00       21      107       21      210  S
     15      1   2.6190641467316561D-01 5.5D-09 0.0D+00 8.4D-09 0.0D+00       22      126       22      220  S
     15      1   2.4963081382885258D-01 6.8D-09 0.0D+00 5.9D-09 0.0D+00       22      109       22      220  S
     15      1   2.4963791293390386D-01 6.8D-09 0.0D+00 8.2D-09 0.0D+00       21      107       21      210  S
     15      1   2.6190391226093312D-01 5.5D-09 0.0D+00 1.0D-08 0.0D+00       22      120       22      220  S
     15      1   2.4963083516352907D-01 6.8D-09 0.0D+00 8.1D-10 0.0D+00       22      112       22      220  S
     15      1   2.4963083516338064D-01 6.8D-09 0.0D+00 5.7D-09 0.0D+00       22      111       22      220  S
     15      1   2.4963083452686774D-01 6.8D-09 0.0D+00 9.8D-09 0.0D+00       22      110       22      220  S
     15      1   2.4963083516355139D-01 6.8D-09 0.0D+00 3.7D-09 0.0D+00       22      115       22      220  S
     15      1   2.4963083452716112D-01 6.8D-09 0.0D+00 2.5D-09 0.0D+00       22      121       22      220  S
     15      1   2.4963081382875574D-01 6.8D-09 0.0D+00 5.6D-09 0.0D+00       22      111       22      220  S
     15      1   2.4963083516337858D-01 6.8D-09 0.0D+00 3.0D-09 0.0D+00       22      115       22      220  S
     15      1   2.4963083516349896D-01 6.8D-09 0.0D+00 3.9D-10 0.0D+00       22      117       22      220  S
     15      1   2.4963309850363719D-01 6.8D-09 0.0D+00 1.3D-09 0.0D+00       21      110       21      210  S
     15      1   2.4963083516352472D-01 6.8D-09 0.0D+00 9.1D-09 0.0D+00       22      112       22      220  S
     15      1   2.4963083452710472D-01 6.8D-09 0.0D+00 3.1D-11 0.0D+00       22      116       22      220  S
     15      1   2.4963083516362186D-01 6.8D-09 0.0D+00 1.9D-09 0.0D+00       22      112       22      220  S
     15      1   2.4963083516342593D-01 6.8D-09 0.0D+00 2.1D-09 0.0D+00       22      111       22      220  S
     15      1   2.4963083516339704D-01 6.8D-09 0.0D+00 1.7D-09 0.0D+00       22      110       22      220  S
     15      1   2.4963791293408666D-01 6.8D-09 0.0D+00 1.1D-09 0.0D+00       22      116       22      220  S
     15      1   2.4963551129154163D-01 6.8D-09 0.0D+00 4.9D-09 0.0D+00       21      107       21      210  S
     15      1   2.4963309850389886D-01 6.8D-09 0.0D+00 3.0D-09 0.0D+00       22      112       22      220  S
     15      1   2.6190391226082516D-01 5.5D-09 0.0D+00 1.0D-08 0.0D+00       22      123       22      220  S
     15      1   2.4963081382862662D-01 6.8D-09 0.0D+00 6.2D-09 0.0D+00       22      112       22      220  S
     15      1   2.7809774595940978D-01 6.1D-09 0.0D+00 8.5D-09 0.0D+00       22      164       22      220  S
     15      1   2.4963900159654701D-01 6.8D-09 0.0D+00 9.5D-10 0.0D+00       22      117       22      220  S
     15      1   2.4963309850354806D-01 6.8D-09 0.0D+00 5.8D-11 0.0D+00       21      108       21      210  S
     15      1   2.4963309850370047D-01 6.8D-09 0.0D+00 6.0D-09 0.0D+00       22      110       22      220  S
     15      1   2.4963081382874380D-01 6.8D-09 0.0D+00 9.6D-10 0.0D+00       22      123       22      220  S
     15      1   2.4963791293403575D-01 6.8D-09 0.0D+00 4.8D-09 0.0D+00       21      109       21      210  S
     15      1   2.6190826205747325D-01 5.5D-09 0.0D+00 4.2D-09 0.0D+00       22      121       22      220  S
     15      1   2.4963900159656396D-01 6.8D-09 0.0D+00 6.3D-09 0.0D+00       22      114       22      220  S
     15      1   2.4963551129170888D-01 6.8D-09 0.0D+00 1.4D-09 0.0D+00       22      110       22      220  S
     15      1   2.4963083516358386D-01 6.8D-09 0.0D+00 3.4D-11 0.0D+00       22      117       22      220  S
     15      1   2.4963791293399518D-01 6.8D-09 0.0D+00 2.2D-09 0.0D+00       21      109       21      210  S
     15      1   2.4963083516362305D-01 6.8D-09 0.0D+00 8.7D-09 0.0D+00       22      114       22      220  S
     15      1   2.4963083516358206D-01 6.8D-09 0.0D+00 8.2D-09 0.0D+00       22      111       22      220  S
     15      1   2.4963083516350934D-01 6.8D-09 0.0D+00 8.3D-09 0.0D+00       22      110       22      220  S
     15      1   2.4963791293392182D-01 6.8D-09 0.0D+00 7.0D-09 0.0D+00       21      108       21      210  S
     15      1   2.4963227466042498D-01 6.8D-09 0.0D+00 1.2D-09 0.0D+00       22      116       22      220  S
     15      1   2.4963081382881050D-01 6.8D-09 0.0D+00 9.8D-10 0.0D+00       22      114       22      220  S
     15      1   2.4963791293386334D-01 6.8D-09 0.0D+00 3.9D-09 0.0D+00       21      108       21      210  S
     15      1   2.4963791293399615D-01 6.8D-09 0.0D+00 6.8D-09 0.0D+00       21      109       21      210  S
     15      1   2.6190183453639843D-01 5.5D-09 0.0D+00 5.5D-11 0.0D+00       21      120       21      210  S
     15      1   2.4963083516341963D-01 6.8D-09 0.0D+00 5.9D-09 0.0D+00       22      109       22      220  S
     15      1   2.4963083516328158D-01 6.8D-09 0.0D+00 6.1D-09 0.0D+00       22      113       22      220  S
     15      1   2.4963900159625185D-01 6.8D-09 0.0D+00 2.8D-09 0.0D+00       21      105       21      210  S
     15      1   2.4963083516345530D-01 6.8D-09 0.0D+00 3.4D-09 0.0D+00       22      115       22      220  S
     15      1   2.4963791293392915D-01 6.8D-09 0.0D+00 5.3D-10 0.0D+00       21      107       21      210  S
     15      1   2.4963309850367091D-01 6.8D-09 0.0D+00 7.4D-09 0.0D+00       21      108       21      210  S
     15      1   2.4963083516352397D-01 6.8D-09 0.0D+00 2.8D-09 0.0D+00       22      110       22      220  S
     15      1   2.4963791293431403D-01 6.8D-09 0.0D+00 8.1D-09 0.0D+00       22      114       22      220  S
     15      1   2.4963081382871624D-01 6.8D-09 0.0D+00 8.5D-09 0.0D+00       22      111       22      220  S
     15      1   2.4963791293398963D-01 6.8D-09 0.0D+00 3.7D-09 0.0D+00       21      107       21      210  S
     15      1   2.6190391226093190D-01 5.5D-09 0.0D+00 3.3D-09 0.0D+00       21      118       21      210  S
     15      1   2.4963227466047172D-01 6.8D-09 0.0D+00 2.6D-09 0.0D+00       22      112       22      220  S
     15      1   2.4963791293380136D-01 6.8D-09 0.0D+00 7.2D-09 0.0D+00       21      111       21      210  S
     15      1   2.4963309850347729D-01 6.8D-09 0.0D+00 4.0D-09 0.0D+00       21      116       21      210  S
     15      1   2.4963791293428131D-01 6.8D-09 0.0D+00 7.4D-09 0.0D+00       22      112       22      220  S
     15      1   2.4963309850377008D-01 6.8D-09 0.0D+00 3.5D-09 0.0D+00       22      112       22      220  S
     15      1   2.4963081382890795D-01 6.8D-09 0.0D+00 2.1D-09 0.0D+00       22      112       22      220  S
     15      1   2.4963551129179884D-01 6.8D-09 0.0D+00 8.9D-09 0.0D+00       22      111       22      220  S
     15      1   2.4963083516351073D-01 6.8D-09 0.0D+00 2.7D-09 0.0D+00       22      113       22      220  S
     15      1   2.4963791293392265D-01 6.8D-09 0.0D+00 6.5D-09 0.0D+00       21      111       21      210  S
     15      1   2.4963791293422546D-01 6.8D-09 0.0D+00 1.9D-09 0.0D+00       22      114       22      220  S
     15      1   2.4964402571889399D-01 6.8D-09 0.0D+00 2.7D-10 0.0D+00       22      117       22      220  S
     15      1   2.4963791293389734D-01 6.8D-09 0.0D+00 8.2D-09 0.0D+00       21      108       21      210  S
     15      1   2.4963791293408316D-01 6.8D-09 0.0D+00 6.2D-09 0.0D+00       21      108       21      210  S
     15      1   2.4963309850353346D-01 6.8D-09 0.0D+00 4.3D-09 0.0D+00       21      107       21      210  S
     15      1   2.4963309850351725D-01 6.8D-09 0.0D+00 3.0D-10 0.0D+00       21      106       21      210  S
     15      1   2.6191418950900353D-01 5.5D-09 0.0D+00 1.6D-08 0.0D+00       23      134       23      230  S
     15      1   2.4963083452695753D-01 6.8D-09 0.0D+00 4.5D-09 0.0D+00       22      115       22      220  S
     15      1   2.9328684591974707D-01 7.4D-09 0.0D+00 3.2D-07 0.0D+00       23      143       23      230  S
     15      1   2.4963083516310652D-01 6.8D-09 0.0D+00 9.7D-09 0.0D+00       21      111       21      210  S
     15      1   2.4963791293393456D-01 6.8D-09 0.0D+00 5.5D-09 0.0D+00       21      112       21      210  S
     15      1   2.4963083452689044D-01 6.8D-09 0.0D+00 1.3D-09 0.0D+00       22      114       22      220  S
     15      1   2.4963083516364590D-01 6.8D-09 0.0D+00 8.8D-11 0.0D+00       22      113       22      220  S
     15      1   2.4963083516351189D-01 6.8D-09 0.0D+00 3.7D-09 0.0D+00       22      111       22      220  S
     15      1   2.4963083516330198D-01 6.8D-09 0.0D+00 1.8D-09 0.0D+00       22      111       22      220  S
     15      1   2.4964402571891114D-01 6.8D-09 0.0D+00 2.9D-09 0.0D+00       22      109       22      220  S
     15      1   2.4963791293454607D-01 6.8D-09 0.0D+00 1.9D-09 0.0D+00       22      115       22      220  S
     15      1   2.4963083516352449D-01 6.8D-09 0.0D+00 9.7D-10 0.0D+00       22      119       22      220  S
     15      1   2.4963083452664897D-01 6.8D-09 0.0D+00 6.3D-09 0.0D+00       21      108       21      210  S
     15      1   2.4963900159643029D-01 6.8D-09 0.0D+00 4.8D-09 0.0D+00       22      116       22      220  S
     15      1   2.4963791293389204D-01 6.8D-09 0.0D+00 2.7D-09 0.0D+00       21      107       21      210  S
     15      1   2.4963083452707405D-01 6.8D-09 0.0D+00 3.5D-09 0.0D+00       22      115       22      220  S
     15      1   2.4964402571873684D-01 6.8D-09 0.0D+00 8.9D-10 0.0D+00       22      120       22      220  S
     15      1   2.4963791293422558D-01 6.8D-09 0.0D+00 1.8D-09 0.0D+00       22      113       22      220  S
     15      1   2.4963083516338713D-01 6.8D-09 0.0D+00 2.5D-09 0.0D+00       22      110       22      220  S
     15      1   2.4963083516342727D-01 6.8D-09 0.0D+00 1.3D-10 0.0D+00       22      110       22      220  S
     15      1   2.4963900159619179D-01 6.8D-09 0.0D+00 6.7D-09 0.0D+00       21      107       21      210  S
     15      1   2.4963083516337750D-01 6.8D-09 0.0D+00 3.9D-10 0.0D+00       22      112       22      220  S
     15      1   2.4963791293447776D-01 6.8D-09 0.0D+00 3.7D-09 0.0D+00       22      119       22      220  S
     15      1   2.4963081382883759D-01 6.8D-09 0.0D+00 3.5D-09 0.0D+00       22      112       22      220  S
     15      1   2.6190867061631268D-01 5.5D-09 0.0D+00 1.7D-08 0.0D+00       23      130       23      230  S
     15      1   2.4963791293397444D-01 6.8D-09 0.0D+00 2.7D-10 0.0D+00       21      112       21      210  S
     15      1   2.4963083452702772D-01 6.8D-09 0.0D+00 8.0D-09 0.0D+00       22      113       22      220  S
     15      1   2.4963309850349355D-01 6.8D-09 0.0D+00 2.3D-09 0.0D+00       21      110       21      210  S
     15      1   2.4964402571848088D-01 6.8D-09 0.0D+00 2.2D-09 0.0D+00       21      105       21      210  S
     15      1   2.4963900159650837D-01 6.8D-09 0.0D+00 7.7D-09 0.0D+00       22      114       22      220  S
     15      1   2.4963083516344131D-01 6.8D-09 0.0D+00 2.5D-09 0.0D+00       22      109       22      220  S
     15      1   2.4964402571849045D-01 6.8D-09 0.0D+00 7.3D-09 0.0D+00       21      103       21      210  S
     15      1   2.4963081382890551D-01 6.8D-09 0.0D+00 6.3D-09 0.0D+00       22      110       22      220  S
     15      1   2.4963900159638039D-01 6.8D-09 0.0D+00 7.6D-10 0.0D+00       22      116       22      220  S
     15      1   2.6191418950907303D-01 5.5D-09 0.0D+00 4.1D-09 0.0D+00       22      120       22      220  S
     15      1   2.4963081382871669D-01 6.8D-09 0.0D+00 4.9D-09 0.0D+00       22      112       22      220  S
     15      1   2.4963791293412158D-01 6.8D-09 0.0D+00 8.5D-09 0.0D+00       21      108       21      210  S
     15      1   2.4963083452663776D-01 6.8D-09 0.0D+00 8.9D-09 0.0D+00       21      106       21      210  S
     15      1   2.4963791293411658D-01 6.8D-09 0.0D+00 9.7D-10 0.0D+00       21      110       21      210  S
     15      1   2.6190183453663268D-01 5.5D-09 0.0D+00 9.1D-09 0.0D+00       22      126       22      220  S
     15      1   2.4963083516359019D-01 6.8D-09 0.0D+00 8.3D-09 0.0D+00       22      115       22      220  S
     15      1   2.6190997391765558D-01 5.5D-09 0.0D+00 8.4D-08 0.0D+00       23      135       23      230  S
     15      1   2.4963083516324200D-01 6.8D-09 0.0D+00 6.7D-09 0.0D+00       22      119       22      220  S
     15      1   2.4963083452697182D-01 6.8D-09 0.0D+00 6.7D-09 0.0D+00       22      118       22      220  S
     15      1   2.4964402571869843D-01 6.8D-09 0.0D+00 9.7D-09 0.0D+00       22      114       22      220  S
     15      1   2.4963791293386314D-01 6.8D-09 0.0D+00 8.7D-09 0.0D+00       21      109       21      210  S
     15      1   2.6190630418802158D-01 5.5D-09 0.0D+00 7.4D-08 0.0D+00       22      124       22      220  S
     15      1   2.4963791293368909D-01 6.8D-09 0.0D+00 5.9D-09 0.0D+00       21      107       21      210  S
     15      1   2.4963083516363382D-01 6.8D-09 0.0D+00 6.7D-09 0.0D+00       22      110       22      220  S
     15      1   2.4963083516327642D-01 6.8D-09 0.0D+00 4.3D-09 0.0D+00       21      114       21      210  S
     15      1   2.4963791293417611D-01 6.8D-09 0.0D+00 9.2D-09 0.0D+00       22      112       22      220  S
     15      1   2.4963791293383603D-01 6.8D-09 0.0D+00 1.6D-09 0.0D+00       21      114       21      210  S
     15      1   2.4963791293389032D-01 6.8D-09 0.0D+00 7.6D-09 0.0D+00       21      109       21      210  S
     15      1   2.4963900159648716D-01 6.8D-09 0.0D+00 6.2D-09 0.0D+00       22      109       22      220  S
     15      1   2.4963900159612129D-01 6.8D-09 0.0D+00 1.2D-09 0.0D+00       21      108       21      210  S
     15      1   2.4963083516334866D-01 6.8D-09 0.0D+00 2.3D-09 0.0D+00       22      110       22      220  S
     15      1   2.4963791293382143D-01 6.8D-09 0.0D+00 3.6D-09 0.0D+00       21      112       21      210  S
     15      1   2.6190682777004631D-01 5.5D-09 0.0D+00 6.8D-09 0.0D+00       22      126       22      220  S
     15      1   2.4963083516340331D-01 6.8D-09 0.0D+00 7.6D-09 0.0D+00       22      110       22      220  S
     15      1   2.4963083516309131D-01 6.8D-09 0.0D+00 6.0D-09 0.0D+00       21      108       21      210  S
     15      1   2.6191568307709900D-01 5.5D-09 0.0D+00 8.8D-09 0.0D+00       22      122       22      220  S
     15      1   2.4963083452675272D-01 6.8D-09 0.0D+00 8.0D-09 0.0D+00       21      107       21      210  S
     15      1   2.4964402571855429D-01 6.8D-09 0.0D+00 1.3D-09 0.0D+00       21      104       21      210  S
     15      1   2.4963083516318979D-01 6.8D-09 0.0D+00 3.3D-09 0.0D+00       21      113       21      210  S
     15      1   2.4963900159615332D-01 6.8D-09 0.0D+00 6.3D-10 0.0D+00       21      106       21      210  S
     15      1   2.4963083516307116D-01 6.8D-09 0.0D+00 1.1D-09 0.0D+00       21      120       21      210  S
     15      1   2.4963791293425250D-01 6.8D-09 0.0D+00 7.8D-09 0.0D+00       22      113       22      220  S
     15      1   2.4963083516340481D-01 6.8D-09 0.0D+00 9.1D-09 0.0D+00       22      116       22      220  S
     15      1   2.4964402571864122D-01 6.8D-09 0.0D+00 6.5D-09 0.0D+00       21      103       21      210  S
     15      1   2.4963791293415646D-01 6.8D-09 0.0D+00 9.3D-09 0.0D+00       21      111       21      210  S
     15      1   2.4963083516353285D-01 6.8D-09 0.0D+00 3.6D-09 0.0D+00       22      119       22      220  S
     15      1   2.4963900159614399D-01 6.8D-09 0.0D+00 2.7D-09 0.0D+00       21      110       21      210  S
     15      1   2.4963791293413432D-01 6.8D-09 0.0D+00 8.8D-09 0.0D+00       22      114       22      220  S
     15      1   2.4963083452709656D-01 6.8D-09 0.0D+00 3.2D-09 0.0D+00       22      116       22      220  S
     15      1   2.4963083516337253D-01 6.8D-09 0.0D+00 9.4D-09 0.0D+00       22      112       22      220  S
     15      1   2.4963083452667070D-01 6.8D-09 0.0D+00 5.0D-09 0.0D+00       21      105       21      210  S
     15      1   2.4963900159654615D-01 6.8D-09 0.0D+00 1.3D-09 0.0D+00       22      111       22      220  S
     15      1   2.6190391226082965D-01 5.5D-09 0.0D+00 6.3D-09 0.0D+00       22      122       22      220  S
     15      1   2.4963309850355497D-01 6.8D-09 0.0D+00 5.5D-09 0.0D+00       21      106       21      210  S
     15      1   2.4963083516350865D-01 6.8D-09 0.0D+00 2.8D-09 0.0D+00       22      120       22      220  S
     15      1   2.4963309850349161D-01 6.8D-09 0.0D+00 7.9D-09 0.0D+00       21      109       21      210  S
     15      1   2.4963081382881619D-01 6.8D-09 0.0D+00 2.1D-09 0.0D+00       22      115       22      220  S
     15      1   2.6191568307686691D-01 5.5D-09 0.0D+00 2.3D-09 0.0D+00       22      120       22      220  S
     15      1   2.4963083516362500D-01 6.8D-09 0.0D+00 9.9D-09 0.0D+00       22      115       22      220  S
     15      1   2.6190290014336481D-01 5.5D-09 0.0D+00 9.4D-09 0.0D+00       22      117       22      220  S
     15      1   2.4963083516343137D-01 6.8D-09 0.0D+00 4.0D-09 0.0D+00       22      112       22      220  S
     15      1   2.4963083516345233D-01 6.8D-09 0.0D+00 5.3D-09 0.0D+00       22      111       22      220  S
     15      1   2.6190290014312395D-01 5.5D-09 0.0D+00 6.7D-10 0.0D+00       21      117       21      210  S
     15      1   2.4963083516350659D-01 6.8D-09 0.0D+00 1.9D-09 0.0D+00       22      119       22      220  S
     15      1   2.4963309850354479D-01 6.8D-09 0.0D+00 7.7D-09 0.0D+00       21      110       21      210  S
     15      1   2.4963083516336257D-01 6.8D-09 0.0D+00 1.6D-09 0.0D+00       22      110       22      220  S
     15      1   2.4963791293384463D-01 6.8D-09 0.0D+00 4.2D-09 0.0D+00       21      108       21      210  S
     15      1   2.4963791293400231D-01 6.8D-09 0.0D+00 3.2D-09 0.0D+00       21      109       21      210  S
     15      1   2.4964402571902738D-01 6.8D-09 0.0D+00 7.4D-09 0.0D+00       22      113       22      220  S
     15      1   2.4963791293373605D-01 6.8D-09 0.0D+00 8.6D-09 0.0D+00       21      107       21      210  S
     15      1   2.6190290014334616D-01 5.5D-09 0.0D+00 7.4D-09 0.0D+00       22      122       22      220  S
     15      1   2.4963791293403342D-01 6.8D-09 0.0D+00 1.8D-09 0.0D+00       21      112       21      210  S
     15      1   2.4963791293419604D-01 6.8D-09 0.0D+00 2.9D-09 0.0D+00       22      123       22      220  S
     15      1   2.4963083516367043D-01 6.8D-09 0.0D+00 1.1D-09 0.0D+00       22      115       22      220  S
     15      1   2.4963083516346038D-01 6.8D-09 0.0D+00 6.3D-09 0.0D+00       22      121       22      220  S
     15      1   2.4963083516351359D-01 6.8D-09 0.0D+00 1.5D-09 0.0D+00       22      111       22      220  S
     15      1   2.6191568307700858D-01 5.5D-09 0.0D+00 7.5D-09 0.0D+00       22      125       22      220  S
     15      1   2.4963083516344595D-01 6.8D-09 0.0D+00 3.1D-10 0.0D+00       22      117       22      220  S
     15      1   2.9328684592523874D-01 7.4D-09 0.0D+00 9.0D-10 0.0D+00       21      144       21      210  S
     15      1   2.4963083516369014D-01 6.8D-09 0.0D+00 5.1D-09 0.0D+00       22      118       22      220  S
     15      1   2.6191418950890438D-01 5.5D-09 0.0D+00 4.5D-08 0.0D+00       23      135       23      230  S
     15      1   2.4963083452716528D-01 6.8D-09 0.0D+00 1.1D-08 0.0D+00       23      122       23      230  S
     15      1   2.4963083516323833D-01 6.8D-09 0.0D+00 8.3D-09 0.0D+00       21      115       21      210  S
     15      1   2.4963791293386531D-01 6.8D-09 0.0D+00 1.5D-09 0.0D+00       21      117       21      210  S
     15      1   2.6190391226028714D-01 5.5D-09 0.0D+00 3.8D-08 0.0D+00       23      135       23      230  S
     15      1   2.4963791293410209D-01 6.8D-09 0.0D+00 9.0D-09 0.0D+00       22      120       22      220  S
     15      1   2.4963083516354131D-01 6.8D-09 0.0D+00 7.5D-09 0.0D+00       22      117       22      220  S
     15      1   2.4963081382883404D-01 6.8D-09 0.0D+00 9.3D-09 0.0D+00       22      113       22      220  S
     15      1   2.4963083516359466D-01 6.8D-09 0.0D+00 9.4D-09 0.0D+00       22      112       22      220  S
     15      1   2.4963791293395621D-01 6.8D-09 0.0D+00 2.4D-09 0.0D+00       21      110       21      210  S
     15      1   2.4963083452691270D-01 6.8D-09 0.0D+00 6.9D-09 0.0D+00       22      117       22      220  S
     15      1   2.6190867061678225D-01 5.5D-09 0.0D+00 8.9D-09 0.0D+00       22      124       22      220  S
     15      1   2.4963791293381471D-01 6.8D-09 0.0D+00 4.3D-09 0.0D+00       21      110       21      210  S
     15      1   2.4963083516342924D-01 6.8D-09 0.0D+00 8.1D-09 0.0D+00       22      110       22      220  S
     15      1   2.4963083516347945D-01 6.8D-09 0.0D+00 3.6D-09 0.0D+00       22      116       22      220  S
     15      1   2.4963900159604943D-01 6.8D-09 0.0D+00 5.8D-09 0.0D+00       21      106       21      210  S
     15      1   2.4963309850336959D-01 6.8D-09 0.0D+00 2.5D-10 0.0D+00       21      111       21      210  S
     15      1   2.6190682777006202D-01 5.5D-09 0.0D+00 7.0D-09 0.0D+00       22      120       22      220  S
     15      1   2.4963791293436452D-01 6.8D-09 0.0D+00 3.0D-09 0.0D+00       22      108       22      220  S
     15      1   2.4963081382879654D-01 6.8D-09 0.0D+00 8.0D-09 0.0D+00       22      110       22      220  S
     15      1   2.6190997391700654D-01 5.5D-09 0.0D+00 3.1D-09 0.0D+00       21      120       21      210  S
     15      1   2.4964402571883193D-01 6.8D-09 0.0D+00 5.9D-09 0.0D+00       22      109       22      220  S
     15      1   2.4963309850368309D-01 6.8D-09 0.0D+00 9.0D-09 0.0D+00       21      109       21      210  S
     15      1   2.4963083516344492D-01 6.8D-09 0.0D+00 9.4D-09 0.0D+00       22      109       22      220  S
     15      1   2.4963309850349188D-01 6.8D-09 0.0D+00 7.2D-09 0.0D+00       21      112       21      210  S
     15      1   2.4964402571851205D-01 6.8D-09 0.0D+00 6.7D-09 0.0D+00       21      102       21      210  S
     15      1   2.4963791293394499D-01 6.8D-09 0.0D+00 6.7D-09 0.0D+00       21      109       21      210  S
     15      1   2.4963791293427387D-01 6.8D-09 0.0D+00 1.7D-09 0.0D+00       22      113       22      220  S
     15      1   2.4963081382846644D-01 6.8D-09 0.0D+00 2.9D-09 0.0D+00       21      114       21      210  S
     15      1   2.4963081382870639D-01 6.8D-09 0.0D+00 2.5D-09 0.0D+00       22      112       22      220  S
     15      1   2.4963081382879487D-01 6.8D-09 0.0D+00 9.7D-09 0.0D+00       22      108       22      220  S
     15      1   2.4963900159614894D-01 6.8D-09 0.0D+00 2.1D-09 0.0D+00       21      107       21      210  S
     15      1   2.4963791293412591D-01 6.8D-09 0.0D+00 1.7D-09 0.0D+00       22      113       22      220  S
     15      1   2.6190174864894161D-01 5.5D-09 0.0D+00 4.8D-08 0.0D+00       23      139       23      230  S
     15      1   2.4963791293394755D-01 6.8D-09 0.0D+00 6.4D-10 0.0D+00       21      106       21      210  S
     15      1   2.4963083516356113D-01 6.8D-09 0.0D+00 5.0D-09 0.0D+00       22      118       22      220  S
     15      1   2.6190826205742757D-01 5.5D-09 0.0D+00 4.8D-08 0.0D+00       24      157       24      240  S
     15      1   2.4963081382879537D-01 6.8D-09 0.0D+00 2.0D-09 0.0D+00       22      111       22      220  S
     15      1   2.6190826205646617D-01 5.5D-09 0.0D+00 9.1D-08 0.0D+00       22      131       22      220  S
     15      1   2.4963083452693863D-01 6.8D-09 0.0D+00 7.6D-09 0.0D+00       22      114       22      220  S
     15      1   2.4963083516323731D-01 6.8D-09 0.0D+00 2.2D-09 0.0D+00       21      122       21      210  S
     15      1   2.4963900159656260D-01 6.8D-09 0.0D+00 6.4D-09 0.0D+00       22      113       22      220  S
     15      1   2.4963083516353277D-01 6.8D-09 0.0D+00 6.8D-09 0.0D+00       22      109       22      220  S
     15      1   2.4963083452690468D-01 6.8D-09 0.0D+00 4.0D-10 0.0D+00       22      114       22      220  S
     15      1   2.4964402571849834D-01 6.8D-09 0.0D+00 1.9D-09 0.0D+00       21      105       21      210  S
     15      1   2.4963083516339160D-01 6.8D-09 0.0D+00 2.4D-09 0.0D+00       22      113       22      220  S
     15      1   2.6190641467373538D-01 5.5D-09 0.0D+00 1.8D-09 0.0D+00       22      125       22      220  S
     15      1   2.4963083516354806D-01 6.8D-09 0.0D+00 4.5D-09 0.0D+00       22      113       22      220  S
     15      1   2.4963083452699861D-01 6.8D-09 0.0D+00 4.4D-09 0.0D+00       22      110       22      220  S
     15      1   2.4963083516341764D-01 6.8D-09 0.0D+00 6.6D-09 0.0D+00       22      112       22      220  S
     15      1   2.4963083516308068D-01 6.8D-09 0.0D+00 4.3D-09 0.0D+00       21      114       21      210  S
     15      1   2.4963083516346463D-01 6.8D-09 0.0D+00 1.1D-09 0.0D+00       22      114       22      220  S
     15      1   2.6191418950928863D-01 5.5D-09 0.0D+00 3.9D-10 0.0D+00       22      121       22      220  S
     15      1   2.4963900159616376D-01 6.8D-09 0.0D+00 8.2D-09 0.0D+00       21      105       21      210  S
     15      1   2.4963791293384255D-01 6.8D-09 0.0D+00 2.7D-09 0.0D+00       21      108       21      210  S
     15      1   2.4963083452679308D-01 6.8D-09 0.0D+00 2.2D-09 0.0D+00       21      108       21      210  S
     15      1   2.4963083452700166D-01 6.8D-09 0.0D+00 8.1D-09 0.0D+00       22      109       22      220  S
     15      1   2.4963309850342488D-01 6.8D-09 0.0D+00 3.3D-09 0.0D+00       21      110       21      210  S
     15      1   2.4963309850344662D-01 6.8D-09 0.0D+00 6.4D-10 0.0D+00       21      108       21      210  S
     15      1   2.6191418950876288D-01 5.5D-09 0.0D+00 4.6D-08 0.0D+00       23      142       23      230  S
     15      1   2.4963900159647867D-01 6.8D-09 0.0D+00 6.9D-09 0.0D+00       22      123       22      220  S
     15      1   2.4963791293425155D-01 6.8D-09 0.0D+00 2.3D-09 0.0D+00       22      115       22      220  S
     15      1   2.4963791293419621D-01 6.8D-09 0.0D+00 9.4D-09 0.0D+00       22      113       22      220  S
     15      1   2.4963083516354512D-01 6.8D-09 0.0D+00 1.8D-09 0.0D+00       22      118       22      220  S
     15      1   2.9328684592479320D-01 7.4D-09 0.0D+00 5.0D-09 0.0D+00       21      143       21      210  S
     15      1   2.4963083452704332D-01 6.8D-09 0.0D+00 1.5D-09 0.0D+00       22      116       22      220  S
     15      1   2.6190630418805738D-01 5.5D-09 0.0D+00 1.8D-08 0.0D+00       23      159       23      230  S
     15      1   2.4963900159652122D-01 6.8D-09 0.0D+00 2.8D-10 0.0D+00       22      115       22      220  S
     15      1   2.4963791293392038D-01 6.8D-09 0.0D+00 1.1D-09 0.0D+00       21      107       21      210  S
     15      1   2.4963900159659946D-01 6.8D-09 0.0D+00 7.9D-09 0.0D+00       22      111       22      220  S
     15      1   2.4963083516333376D-01 6.8D-09 0.0D+00 5.7D-09 0.0D+00       22      110       22      220  S
     15      1   2.6190174864799870D-01 5.5D-09 0.0D+00 5.5D-09 0.0D+00       21      116       21      210  S
     15      1   2.4963791293398668D-01 6.8D-09 0.0D+00 8.8D-09 0.0D+00       21      110       21      210  S
     15      1   2.4963083516343271D-01 6.8D-09 0.0D+00 7.0D-09 0.0D+00       22      113       22      220  S
     15      1   2.6190867061628353D-01 5.5D-09 0.0D+00 3.2D-09 0.0D+00       22      118       22      220  S
     15      1   2.4963083516344356D-01 6.8D-09 0.0D+00 7.5D-09 0.0D+00       22      112       22      220  S
     15      1   2.6190183453712618D-01 5.5D-09 0.0D+00 3.1D-09 0.0D+00       22      120       22      220  S
     15      1   2.6190290014319745D-01 5.5D-09 0.0D+00 2.0D-09 0.0D+00       22      119       22      220  S
     15      1   2.4963083516355525D-01 6.8D-09 0.0D+00 5.6D-09 0.0D+00       22      111       22      220  S
     15      1   2.4963900159642385D-01 6.8D-09 0.0D+00 3.5D-09 0.0D+00       22      115       22      220  S
     15      1   2.4963900159643657D-01 6.8D-09 0.0D+00 6.2D-09 0.0D+00       22      112       22      220  S
     15      1   2.4963081382869076D-01 6.8D-09 0.0D+00 8.6D-09 0.0D+00       22      111       22      220  S
     15      1   2.4963083516341994D-01 6.8D-09 0.0D+00 9.7D-10 0.0D+00       22      115       22      220  S
     15      1   2.6190997391730281D-01 5.5D-09 0.0D+00 1.6D-08 0.0D+00       23      133       23      230  S
     15      1   2.4963309850354987D-01 6.8D-09 0.0D+00 7.6D-09 0.0D+00       21      110       21      210  S
     15      1   2.4963309850380402D-01 6.8D-09 0.0D+00 1.3D-11 0.0D+00       22      113       22      220  S
     15      1   2.4963791293411589D-01 6.8D-09 0.0D+00 9.3D-11 0.0D+00       21      109       21      210  S
     15      1   2.4963083516359716D-01 6.8D-09 0.0D+00 5.6D-09 0.0D+00       22      112       22      220  S
     15      1   2.4963791293419621D-01 6.8D-09 0.0D+00 3.9D-09 0.0D+00       22      114       22      220  S
     15      1   2.6190867061680079D-01 5.5D-09 0.0D+00 1.8D-09 0.0D+00       22      119       22      220  S
     15      1   2.7813018987257127D-01 6.2D-09 0.0D+00 4.4D-09 0.0D+00       22      173       22      220  S
     15      1   2.4963791293423859D-01 6.8D-09 0.0D+00 7.1D-09 0.0D+00       22      120       22      220  S
     15      1   2.4963083516344264D-01 6.8D-09 0.0D+00 1.1D-09 0.0D+00       22      111       22      220  S
     15      1   2.4963083516302750D-01 6.8D-09 0.0D+00 5.8D-09 0.0D+00       21      115       21      210  S
     15      1   2.4963083516338211D-01 6.8D-09 0.0D+00 5.1D-10 0.0D+00       22      111       22      220  S
     15      1   2.4963081382861194D-01 6.8D-09 0.0D+00 6.2D-09 0.0D+00       22      114       22      220  S
     15      1   2.6190997391704002D-01 5.5D-09 0.0D+00 9.7D-09 0.0D+00       21      132       21      210  S
     15      1   2.4963083516347820D-01 6.8D-09 0.0D+00 3.9D-09 0.0D+00       22      113       22      220  S
     15      1   2.4963900159651298D-01 6.8D-09 0.0D+00 6.5D-09 0.0D+00       22      114       22      220  S
     15      1   2.4963900159617258D-01 6.8D-09 0.0D+00 6.9D-09 0.0D+00       21      106       21      210  S
     15      1   2.4963081382865643D-01 6.8D-09 0.0D+00 2.6D-09 0.0D+00       22      107       22      220  S
     15      1   2.4963081382875166D-01 6.8D-09 0.0D+00 1.7D-09 0.0D+00       22      112       22      220  S
     15      1   2.4963083516364454D-01 6.8D-09 0.0D+00 5.4D-09 0.0D+00       22      111       22      220  S
     15      1   2.4963083452698184D-01 6.8D-09 0.0D+00 2.7D-09 0.0D+00       22      114       22      220  S
     15      1   2.4963900159624081D-01 6.8D-09 0.0D+00 2.5D-09 0.0D+00       21      107       21      210  S
     15      1   2.4963791293428531D-01 6.8D-09 0.0D+00 1.2D-09 0.0D+00       22      113       22      220  S
     15      1   2.4963083516340034D-01 6.8D-09 0.0D+00 9.1D-09 0.0D+00       22      112       22      220  S
     15      1   2.4963309850353965D-01 6.8D-09 0.0D+00 6.9D-09 0.0D+00       21      108       21      210  S
     15      1   2.6190826205684387D-01 5.5D-09 0.0D+00 7.7D-09 0.0D+00       22      121       22      220  S
     15      1   2.4963791293453774D-01 6.8D-09 0.0D+00 7.8D-09 0.0D+00       22      115       22      220  S
     15      1   2.7809533259730612D-01 6.1D-09 0.0D+00 1.9D-09 0.0D+00       21      151       21      210  S
     15      1   2.4963083516374487D-01 6.8D-09 0.0D+00 9.9D-10 0.0D+00       22      113       22      220  S
     15      1   2.6191418950849349D-01 5.5D-09 0.0D+00 6.8D-09 0.0D+00       21      125       21      210  S
     15      1   2.6190174864798010D-01 5.5D-09 0.0D+00 3.2D-09 0.0D+00       21      116       21      210  S
     15      1   2.4963083516355655D-01 6.8D-09 0.0D+00 1.0D-09 0.0D+00       22      114       22      220  S
     15      1   2.4963791293434942D-01 6.8D-09 0.0D+00 8.1D-09 0.0D+00       22      113       22      220  S
     15      1   2.4964402571909544D-01 6.8D-09 0.0D+00 6.7D-09 0.0D+00       22      113       22      220  S
     15      1   2.4963309850353835D-01 6.8D-09 0.0D+00 8.8D-09 0.0D+00       21      106       21      210  S
     15      1   2.4963081382894595D-01 6.8D-09 0.0D+00 8.1D-09 0.0D+00       22      124       22      220  S
     15      1   2.4963083516363407D-01 6.8D-09 0.0D+00 4.2D-09 0.0D+00       22      121       22      220  S
     15      1   2.4963083516356852D-01 6.8D-09 0.0D+00 1.2D-09 0.0D+00       22      119       22      220  S
     15      1   2.4963791293388843D-01 6.8D-09 0.0D+00 1.5D-09 0.0D+00       21      107       21      210  S
     15      1   2.4963791293423665D-01 6.8D-09 0.0D+00 1.2D-09 0.0D+00       22      115       22      220  S
     15      1   2.6190826205723883D-01 5.5D-09 0.0D+00 1.5D-09 0.0D+00       22      128       22      220  S
     15      1   2.4963309850363247D-01 6.8D-09 0.0D+00 1.1D-10 0.0D+00       21      109       21      210  S
     15      1   2.4963900159632352D-01 6.8D-09 0.0D+00 6.3D-09 0.0D+00       21      107       21      210  S
     15      1   2.4963900159621288D-01 6.8D-09 0.0D+00 1.6D-09 0.0D+00       21      104       21      210  S
     15      1   2.6190997391768306D-01 5.5D-09 0.0D+00 4.0D-08 0.0D+00       23      128       23      230  S
     15      1   3.0417453281872886D-01 6.7D-09 0.0D+00 3.1D-09 0.0D+00       22      165       22      220  S
     15      1   2.4963083516337883D-01 6.8D-09 0.0D+00 8.1D-09 0.0D+00       22      109       22      220  S
     15      1   2.4963227466050547D-01 6.8D-09 0.0D+00 5.8D-09 0.0D+00       22      115       22      220  S
     15      1   2.4963081382833652D-01 6.8D-09 0.0D+00 8.9D-09 0.0D+00       21      115       21      210  S
     15      1   2.4963083516352322D-01 6.8D-09 0.0D+00 6.8D-09 0.0D+00       22      119       22      220  S
     15      1   2.4964402571856736D-01 6.8D-09 0.0D+00 5.8D-09 0.0D+00       21      105       21      210  S
     15      1   2.6190290014295353D-01 5.5D-09 0.0D+00 2.0D-09 0.0D+00       21      114       21      210  S
     15      1   2.4963791293415233D-01 6.8D-09 0.0D+00 8.1D-09 0.0D+00       22      112       22      220  S
     15      1   2.4963309850343895D-01 6.8D-09 0.0D+00 9.0D-09 0.0D+00       21      110       21      210  S
     15      1   2.4963083516332873D-01 6.8D-09 0.0D+00 2.9D-09 0.0D+00       22      113       22      220  S
     15      1   2.4963791293472198D-01 6.8D-09 0.0D+00 9.1D-09 0.0D+00       22      118       22      220  S
     15      1   2.6190630418870009D-01 5.5D-09 0.0D+00 3.1D-09 0.0D+00       22      126       22      220  S
     15      1   2.4963083452673315D-01 6.8D-09 0.0D+00 2.3D-09 0.0D+00       21      105       21      210  S
     15      1   2.4963791293454063D-01 6.8D-09 0.0D+00 2.6D-10 0.0D+00       22      115       22      220  S
     15      1   2.4963791293469431D-01 6.8D-09 0.0D+00 6.2D-09 0.0D+00       22      120       22      220  S
     15      1   2.6190641467310077D-01 5.5D-09 0.0D+00 4.9D-10 0.0D+00       22      132       22      220  S
     15      1   2.4963791293393636D-01 6.8D-09 0.0D+00 5.4D-09 0.0D+00       21      113       21      210  S
     15      1   2.4963083516356216D-01 6.8D-09 0.0D+00 3.2D-09 0.0D+00       22      115       22      220  S
     15      1   2.4963083516363499D-01 6.8D-09 0.0D+00 7.9D-09 0.0D+00       22      112       22      220  S
     15      1   2.9328684592198373D-01 7.4D-09 0.0D+00 2.0D-07 0.0D+00       23      156       23      230  S
     15      1   2.4963309850348517D-01 6.8D-09 0.0D+00 9.4D-11 0.0D+00       21      113       21      210  S
     15      1   2.6190290014348377D-01 5.5D-09 0.0D+00 3.0D-08 0.0D+00       23      128       23      230  S
     15      1   2.4963900159619523D-01 6.8D-09 0.0D+00 6.5D-09 0.0D+00       21      104       21      210  S
     15      1   2.4963083452692045D-01 6.8D-09 0.0D+00 4.0D-09 0.0D+00       22      117       22      220  S
     15      1   2.6190641467324138D-01 5.5D-09 0.0D+00 2.0D-09 0.0D+00       22      124       22      220  S
     15      1   2.6190826205747952D-01 5.5D-09 0.0D+00 2.9D-10 0.0D+00       22      119       22      220  S
     15      1   2.4963900159617314D-01 6.8D-09 0.0D+00 8.4D-09 0.0D+00       21      107       21      210  S
