      7      1   4.3236756420240380D-01 8.5D-09 0.0D+00 1.5D-09 0.0D+00       20      104       20      200  S
      7      1   4.3237161742360924D-01 8.5D-09 0.0D+00 6.4D-11 0.0D+00       22      109       22      220  S
      7      1   4.3236866830773446D-01 8.5D-09 0.0D+00 4.6D-09 0.0D+00       22      141       22      220  S
      7      1   4.3236756420340033D-01 8.5D-09 0.0D+00 2.0D-10 0.0D+00       22      138       22      220  S
      7      1   4.3236756420251676D-01 8.5D-09 0.0D+00 5.4D-09 0.0D+00       20      102       20      200  S
      7      1   4.3236866830669668D-01 8.5D-09 0.0D+00 6.0D-09 0.0D+00       20      102       20      200  S
      7      1   4.3238062922729503D-01 8.5D-09 0.0D+00 4.8D-09 0.0D+00       20      120       20      200  S
      7      1   4.3237161742365210D-01 8.5D-09 0.0D+00 6.2D-09 0.0D+00       22      108       22      220  S
      7      1   4.3237161742393088D-01 8.5D-09 0.0D+00 7.1D-09 0.0D+00       22      105       22      220  S
      7      1   4.3236756420216210D-01 8.5D-09 0.0D+00 5.4D-09 0.0D+00       20      100       20      200  S
      7      1   4.3236866830680454D-01 8.5D-09 0.0D+00 3.8D-09 0.0D+00       20      101       20      200  S
      7      1   4.3237161742383545D-01 8.5D-09 0.0D+00 4.9D-09 0.0D+00       22      106       22      220  S
      7      1   4.3236866830757265D-01 8.5D-09 0.0D+00 5.5D-09 0.0D+00       22      131       22      220  S
      7      1   4.3236756420334255D-01 8.5D-09 0.0D+00 2.2D-09 0.0D+00       22      109       22      220  S
      7      1   4.3237161742348945D-01 8.5D-09 0.0D+00 3.3D-09 0.0D+00       22      111       22      220  S
      7      1   4.3238062921884290D-01 8.5D-09 0.0D+00 5.1D-09 0.0D+00       22      125       22      220  S
      7      1   4.3236756420250821D-01 8.5D-09 0.0D+00 4.7D-09 0.0D+00       20      102       20      200  S
      7      1   4.3238062922839582D-01 8.5D-09 0.0D+00 2.3D-09 0.0D+00       22      147       22      220  S
      7      1   4.3236756420236699D-01 8.5D-09 0.0D+00 5.4D-10 0.0D+00       20      100       20      200  S
      7      1   4.3236756420241335D-01 8.5D-09 0.0D+00 8.8D-09 0.0D+00       20      103       20      200  S
      7      1   4.3238062922823167D-01 8.5D-09 0.0D+00 6.2D-09 0.0D+00       22      143       22      220  S
      7      1   4.3236866830678505D-01 8.5D-09 0.0D+00 4.4D-09 0.0D+00       20      103       20      200  S
      7      1   4.3236756420318290D-01 8.5D-09 0.0D+00 8.8D-09 0.0D+00       22      114       22      220  S
      7      1   4.3236866830777976D-01 8.5D-09 0.0D+00 3.4D-09 0.0D+00       22      138       22      220  S
      7      1   4.3238062921883286D-01 8.5D-09 0.0D+00 6.0D-09 0.0D+00       22      140       22      220  S
      7      1   4.3238062921875814D-01 8.5D-09 0.0D+00 5.4D-09 0.0D+00       22      138       22      220  S
      7      1   4.3236756420337663D-01 8.5D-09 0.0D+00 4.0D-09 0.0D+00       22      116       22      220  S
      7      1   4.3236866830769305D-01 8.5D-09 0.0D+00 4.4D-10 0.0D+00       22      134       22      220  S
      7      1   4.3238062921883869D-01 8.5D-09 0.0D+00 5.3D-09 0.0D+00       22      126       22      220  S
      7      1   4.3236866830775711D-01 8.5D-09 0.0D+00 1.3D-09 0.0D+00       22      135       22      220  S
      7      1   4.3238062921878528D-01 8.5D-09 0.0D+00 6.9D-09 0.0D+00       22      128       22      220  S
      7      1   4.3238062921777426D-01 8.5D-09 0.0D+00 9.6D-09 0.0D+00       20      114       20      200  S
      7      1   4.3238062922845044D-01 8.5D-09 0.0D+00 8.9D-09 0.0D+00       22      142       22      220  S
      7      1   4.3237161742370150D-01 8.5D-09 0.0D+00 5.5D-09 0.0D+00       22      115       22      220  S
      7      1   4.3238062922843790D-01 8.5D-09 0.0D+00 7.8D-09 0.0D+00       22      143       22      220  S
      7      1   4.3238062922822335D-01 8.5D-09 0.0D+00 3.1D-09 0.0D+00       22      140       22      220  S
      7      1   4.3236756420253369D-01 8.5D-09 0.0D+00 3.1D-09 0.0D+00       20      101       20      200  S
      7      1   4.3236756420245342D-01 8.5D-09 0.0D+00 2.9D-09 0.0D+00       20      105       20      200  S
      7      1   4.3236866830700393D-01 8.5D-09 0.0D+00 3.5D-09 0.0D+00       20      104       20      200  S
      7      1   4.3236866830685738D-01 8.5D-09 0.0D+00 4.7D-09 0.0D+00       20      101       20      200  S
      7      1   4.3238062921796044D-01 8.5D-09 0.0D+00 9.3D-09 0.0D+00       20      108       20      200  S
      7      1   4.3236866830762766D-01 8.5D-09 0.0D+00 2.4D-09 0.0D+00       22      136       22      220  S
      7      1   4.3236866830760695D-01 8.5D-09 0.0D+00 7.2D-09 0.0D+00       22      110       22      220  S
      7      1   4.3237161742355407D-01 8.5D-09 0.0D+00 3.1D-09 0.0D+00       22      107       22      220  S
      7      1   4.3238062921893805D-01 8.5D-09 0.0D+00 3.6D-09 0.0D+00       22      139       22      220  S
      7      1   4.3236866830676829D-01 8.5D-09 0.0D+00 2.2D-09 0.0D+00       20      101       20      200  S
      7      1   4.3237161742390556D-01 8.5D-09 0.0D+00 7.4D-09 0.0D+00       22      107       22      220  S
      7      1   4.3236866830683324D-01 8.5D-09 0.0D+00 4.8D-09 0.0D+00       20      109       20      200  S
      7      1   4.3238062921868092D-01 8.5D-09 0.0D+00 7.5D-09 0.0D+00       22      135       22      220  S
      7      1   4.3236756420336397D-01 8.5D-09 0.0D+00 1.8D-09 0.0D+00       22      108       22      220  S
      7      1   4.3236866830697773D-01 8.5D-09 0.0D+00 2.2D-09 0.0D+00       20      104       20      200  S
      7      1   4.3236756420330391D-01 8.5D-09 0.0D+00 3.6D-09 0.0D+00       22      111       22      220  S
      7      1   4.3236866830692078D-01 8.5D-09 0.0D+00 4.8D-09 0.0D+00       20      102       20      200  S
      7      1   4.3238062922829157D-01 8.5D-09 0.0D+00 9.9D-10 0.0D+00       22      150       22      220  S
      7      1   4.3238062922840065D-01 8.5D-09 0.0D+00 8.5D-09 0.0D+00       22      139       22      220  S
      7      1   4.3236756420343747D-01 8.5D-09 0.0D+00 1.1D-09 0.0D+00       22      112       22      220  S
      7      1   4.3236756420336792D-01 8.5D-09 0.0D+00 9.7D-09 0.0D+00       22      114       22      220  S
      7      1   4.3236756420245076D-01 8.5D-09 0.0D+00 2.9D-10 0.0D+00       20      100       20      200  S
      7      1   4.3236866830787135D-01 8.5D-09 0.0D+00 5.2D-09 0.0D+00       22      135       22      220  S
      7      1   4.3236866830769061D-01 8.5D-09 0.0D+00 4.9D-10 0.0D+00       22      113       22      220  S
      7      1   4.3238062922844595D-01 8.5D-09 0.0D+00 7.7D-10 0.0D+00       22      152       22      220  S
      7      1   4.3236756420300732D-01 8.5D-09 0.0D+00 7.2D-09 0.0D+00       22      110       22      220  S
      7      1   4.3236756420337041D-01 8.5D-09 0.0D+00 1.1D-09 0.0D+00       22      116       22      220  S
      7      1   4.3236756420327643D-01 8.5D-09 0.0D+00 4.4D-09 0.0D+00       22      138       22      220  S
      7      1   4.3236756420333600D-01 8.5D-09 0.0D+00 2.7D-09 0.0D+00       22      110       22      220  S
      7      1   4.3237161742365138D-01 8.5D-09 0.0D+00 1.5D-09 0.0D+00       22      107       22      220  S
      7      1   4.3236866830681253D-01 8.5D-09 0.0D+00 8.3D-09 0.0D+00       20      108       20      200  S
      7      1   4.3237161742368008D-01 8.5D-09 0.0D+00 4.6D-10 0.0D+00       22      105       22      220  S
      7      1   4.3236866830760173D-01 8.5D-09 0.0D+00 1.9D-09 0.0D+00       22      111       22      220  S
      7      1   4.3236866830754550D-01 8.5D-09 0.0D+00 4.1D-09 0.0D+00       22      114       22      220  S
      7      1   4.3236756420350475D-01 8.5D-09 0.0D+00 3.9D-09 0.0D+00       22      140       22      220  S
      7      1   4.3236887419041653D-01 8.5D-09 0.0D+00 3.8D-10 0.0D+00       20      105       20      200  S
      7      1   4.3236756420327477D-01 8.5D-09 0.0D+00 3.7D-09 0.0D+00       22      117       22      220  S
      7      1   4.3238062922831738D-01 8.5D-09 0.0D+00 5.9D-09 0.0D+00       22      143       22      220  S
      7      1   4.3236756420253103D-01 8.5D-09 0.0D+00 2.7D-10 0.0D+00       20      104       20      200  S
      7      1   4.3236866830772480D-01 8.5D-09 0.0D+00 4.7D-10 0.0D+00       22      135       22      220  S
      7      1   4.3236866830788984D-01 8.5D-09 0.0D+00 5.2D-09 0.0D+00       22      134       22      220  S
      7      1   4.3238062921892118D-01 8.5D-09 0.0D+00 2.3D-09 0.0D+00       22      134       22      220  S
      7      1   4.3236866830663956D-01 8.5D-09 0.0D+00 8.0D-09 0.0D+00       20      101       20      200  S
      7      1   4.3237161742382096D-01 8.5D-09 0.0D+00 4.5D-09 0.0D+00       22      107       22      220  S
      7      1   4.3236756420331290D-01 8.5D-09 0.0D+00 8.5D-10 0.0D+00       22      109       22      220  S
      7      1   4.3236866830762483D-01 8.5D-09 0.0D+00 2.9D-09 0.0D+00       22      134       22      220  S
      7      1   4.3236756420223516D-01 8.5D-09 0.0D+00 6.4D-09 0.0D+00       20      103       20      200  S
      7      1   4.3238062921795484D-01 8.5D-09 0.0D+00 6.8D-09 0.0D+00       20      110       20      200  S
      7      1   4.3236866830768689D-01 8.5D-09 0.0D+00 5.5D-09 0.0D+00       22      134       22      220  S
      7      1   4.3236756420345757D-01 8.5D-09 0.0D+00 7.4D-09 0.0D+00       22      115       22      220  S
      7      1   4.3236756420234829D-01 8.5D-09 0.0D+00 9.8D-10 0.0D+00       20      104       20      200  S
      7      1   4.3236756420341066D-01 8.5D-09 0.0D+00 4.2D-09 0.0D+00       22      138       22      220  S
      7      1   4.3236756420226130D-01 8.5D-09 0.0D+00 3.5D-09 0.0D+00       20      102       20      200  S
      7      1   4.3238062921780440D-01 8.5D-09 0.0D+00 6.4D-10 0.0D+00       20      116       20      200  S
      7      1   4.3236756420339162D-01 8.5D-09 0.0D+00 4.2D-09 0.0D+00       22      107       22      220  S
      7      1   4.3237161742374525D-01 8.5D-09 0.0D+00 1.7D-09 0.0D+00       22      104       22      220  S
      7      1   4.3238062921808723D-01 8.5D-09 0.0D+00 9.4D-10 0.0D+00       20      112       20      200  S
      7      1   4.3236866830680543D-01 8.5D-09 0.0D+00 7.6D-09 0.0D+00       20      101       20      200  S
      7      1   4.3236756420354294D-01 8.5D-09 0.0D+00 3.4D-09 0.0D+00       22      114       22      220  S
      7      1   4.3236756420249350D-01 8.5D-09 0.0D+00 4.1D-09 0.0D+00       20      104       20      200  S
      7      1   4.3236866830798854D-01 8.5D-09 0.0D+00 2.5D-09 0.0D+00       22      136       22      220  S
      7      1   4.3238062921792136D-01 8.5D-09 0.0D+00 8.0D-09 0.0D+00       20       99       20      200  S
      7      1   4.3236866830771103D-01 8.5D-09 0.0D+00 1.7D-11 0.0D+00       22      132       22      220  S
      7      1   4.3236866830688209D-01 8.5D-09 0.0D+00 5.7D-10 0.0D+00       20      103       20      200  S
      7      1   4.3238062922835080D-01 8.5D-09 0.0D+00 1.1D-09 0.0D+00       22      153       22      220  S
      7      1   4.3236756420349926D-01 8.5D-09 0.0D+00 3.7D-09 0.0D+00       22      117       22      220  S
      7      1   4.3238062922842002D-01 8.5D-09 0.0D+00 2.9D-09 0.0D+00       22      139       22      220  S
      7      1   4.3236866830675674D-01 8.5D-09 0.0D+00 3.5D-09 0.0D+00       20      105       20      200  S
      7      1   4.3236887419017628D-01 8.5D-09 0.0D+00 2.4D-09 0.0D+00       20      104       20      200  S
      7      1   4.3238062921882608D-01 8.5D-09 0.0D+00 6.9D-09 0.0D+00       22      145       22      220  S
      7      1   4.3238062922832321D-01 8.5D-09 0.0D+00 5.9D-09 0.0D+00       22      155       22      220  S
      7      1   4.3238062922747694D-01 8.5D-09 0.0D+00 2.7D-09 0.0D+00       20      122       20      200  S
      7      1   4.3236756420336608D-01 8.5D-09 0.0D+00 1.7D-09 0.0D+00       22      115       22      220  S
      7      1   4.3236756420333150D-01 8.5D-09 0.0D+00 1.7D-09 0.0D+00       22      108       22      220  S
      7      1   4.3236756420336619D-01 8.5D-09 0.0D+00 9.5D-09 0.0D+00       22      109       22      220  S
      7      1   4.3236756420345657D-01 8.5D-09 0.0D+00 5.6D-09 0.0D+00       22      112       22      220  S
      7      1   4.3236756420336153D-01 8.5D-09 0.0D+00 1.7D-09 0.0D+00       22      111       22      220  S
      7      1   4.3238062922847131D-01 8.5D-09 0.0D+00 2.7D-09 0.0D+00       22      143       22      220  S
      7      1   4.3236866830777387D-01 8.5D-09 0.0D+00 7.4D-09 0.0D+00       22      135       22      220  S
      7      1   4.3238062921877413D-01 8.5D-09 0.0D+00 7.7D-09 0.0D+00       22      128       22      220  S
      7      1   4.3236756420218725D-01 8.5D-09 0.0D+00 9.7D-09 0.0D+00       20      102       20      200  S
      7      1   4.3238062921883952D-01 8.5D-09 0.0D+00 5.8D-09 0.0D+00       22      132       22      220  S
      7      1   4.3236866830785131D-01 8.5D-09 0.0D+00 4.6D-09 0.0D+00       22      136       22      220  S
      7      1   4.3238062921911236D-01 8.5D-09 0.0D+00 9.0D-09 0.0D+00       22      124       22      220  S
      7      1   4.3237702190714056D-01 8.5D-09 0.0D+00 3.1D-09 0.0D+00       22      118       22      220  S
      7      1   4.3236756420349082D-01 8.5D-09 0.0D+00 3.9D-09 0.0D+00       22      112       22      220  S
      7      1   4.3236756420339451D-01 8.5D-09 0.0D+00 6.5D-09 0.0D+00       22      110       22      220  S
      7      1   4.3236756420338340D-01 8.5D-09 0.0D+00 8.4D-09 0.0D+00       22      115       22      220  S
      7      1   4.3238062922750853D-01 8.5D-09 0.0D+00 2.3D-09 0.0D+00       20      128       20      200  S
      7      1   4.3237161742360891D-01 8.5D-09 0.0D+00 4.2D-10 0.0D+00       22      112       22      220  S
      7      1   4.3236866830664317D-01 8.5D-09 0.0D+00 5.8D-09 0.0D+00       20      104       20      200  S
      7      1   4.3236756420318884D-01 8.5D-09 0.0D+00 1.4D-09 0.0D+00       22      114       22      220  S
      7      1   4.3237161742380786D-01 8.5D-09 0.0D+00 2.0D-09 0.0D+00       22      104       22      220  S
      7      1   4.3238062921800741D-01 8.5D-09 0.0D+00 9.5D-09 0.0D+00       20      117       20      200  S
      7      1   4.3236756420332872D-01 8.5D-09 0.0D+00 8.1D-09 0.0D+00       22      116       22      220  S
      7      1   4.3236756420335898D-01 8.5D-09 0.0D+00 7.8D-10 0.0D+00       22      114       22      220  S
      7      1   4.3236866830784781D-01 8.5D-09 0.0D+00 3.5D-09 0.0D+00       22      134       22      220  S
      7      1   4.3236756420327860D-01 8.5D-09 0.0D+00 2.5D-09 0.0D+00       22      109       22      220  S
      7      1   4.3236866830678916D-01 8.5D-09 0.0D+00 2.1D-09 0.0D+00       20      103       20      200  S
      7      1   4.3238062922861220D-01 8.5D-09 0.0D+00 8.0D-09 0.0D+00       22      144       22      220  S
      7      1   4.3238062921873721D-01 8.5D-09 0.0D+00 2.3D-09 0.0D+00       22      126       22      220  S
      7      1   4.3236866830759779D-01 8.5D-09 0.0D+00 8.6D-09 0.0D+00       22      137       22      220  S
      7      1   4.3237161742377467D-01 8.5D-09 0.0D+00 3.0D-09 0.0D+00       22      107       22      220  S
      7      1   4.3238062922844500D-01 8.5D-09 0.0D+00 3.9D-09 0.0D+00       22      142       22      220  S
      7      1   4.3236866830768023D-01 8.5D-09 0.0D+00 2.6D-10 0.0D+00       22      111       22      220  S
      7      1   4.3236756420346029D-01 8.5D-09 0.0D+00 5.3D-09 0.0D+00       22      112       22      220  S
      7      1   4.3236756420318201D-01 8.5D-09 0.0D+00 2.2D-09 0.0D+00       22      109       22      220  S
      7      1   4.3238062921797205D-01 8.5D-09 0.0D+00 2.8D-09 0.0D+00       20      112       20      200  S
      7      1   4.3236756420337141D-01 8.5D-09 0.0D+00 7.4D-09 0.0D+00       22      112       22      220  S
      7      1   4.3237161742389002D-01 8.5D-09 0.0D+00 7.6D-09 0.0D+00       22      112       22      220  S
      7      1   4.3238062921884829D-01 8.5D-09 0.0D+00 5.5D-09 0.0D+00       22      134       22      220  S
      7      1   4.3236756420327171D-01 8.5D-09 0.0D+00 8.5D-09 0.0D+00       22      136       22      220  S
      7      1   4.3236756420343941D-01 8.5D-09 0.0D+00 4.6D-09 0.0D+00       22      116       22      220  S
      7      1   4.3236756420341543D-01 8.5D-09 0.0D+00 2.0D-10 0.0D+00       22      113       22      220  S
      7      1   4.3238062922743270D-01 8.5D-09 0.0D+00 8.7D-09 0.0D+00       20      122       20      200  S
      7      1   4.3236756420308631D-01 8.5D-09 0.0D+00 8.6D-09 0.0D+00       22      117       22      220  S
      7      1   4.3237161742363711D-01 8.5D-09 0.0D+00 1.3D-09 0.0D+00       22      108       22      220  S
      7      1   4.3236756420323835D-01 8.5D-09 0.0D+00 1.2D-09 0.0D+00       22      109       22      220  S
      7      1   4.3236866830769394D-01 8.5D-09 0.0D+00 5.8D-09 0.0D+00       22      137       22      220  S
      7      1   4.3238062921899773D-01 8.5D-09 0.0D+00 1.4D-09 0.0D+00       22      133       22      220  S
      7      1   4.3236866830694581D-01 8.5D-09 0.0D+00 7.7D-09 0.0D+00       20      101       20      200  S
      7      1   4.3236866830749532D-01 8.5D-09 0.0D+00 5.5D-09 0.0D+00       22      113       22      220  S
      7      1   4.3236866830772186D-01 8.5D-09 0.0D+00 6.3D-11 0.0D+00       22      112       22      220  S
      7      1   4.3236866830671999D-01 8.5D-09 0.0D+00 4.0D-09 0.0D+00       20      103       20      200  S
      7      1   4.3236866830680987D-01 8.5D-09 0.0D+00 3.8D-09 0.0D+00       20      104       20      200  S
      7      1   4.3236866830760656D-01 8.5D-09 0.0D+00 3.3D-09 0.0D+00       22      136       22      220  S
      7      1   4.3238062922753390D-01 8.5D-09 0.0D+00 1.9D-09 0.0D+00       20      124       20      200  S
      7      1   4.3236756420319705D-01 8.5D-09 0.0D+00 5.4D-09 0.0D+00       22      112       22      220  S
      7      1   4.3236756420322980D-01 8.5D-09 0.0D+00 4.4D-09 0.0D+00       22      114       22      220  S
      7      1   4.3236756420319750D-01 8.5D-09 0.0D+00 5.1D-09 0.0D+00       22      115       22      220  S
      7      1   4.3236866830746223D-01 8.5D-09 0.0D+00 7.6D-09 0.0D+00       22      135       22      220  S
      7      1   4.3236866830673254D-01 8.5D-09 0.0D+00 1.3D-10 0.0D+00       20      105       20      200  S
      7      1   4.3236866830686527D-01 8.5D-09 0.0D+00 1.0D-11 0.0D+00       20      101       20      200  S
      7      1   4.3236756420314626D-01 8.5D-09 0.0D+00 9.9D-09 0.0D+00       22      111       22      220  S
      7      1   4.3236866830776072D-01 8.5D-09 0.0D+00 2.5D-09 0.0D+00       22      112       22      220  S
      7      1   4.3236866830794157D-01 8.5D-09 0.0D+00 5.6D-09 0.0D+00       22      135       22      220  S
      7      1   4.3236866830770954D-01 8.5D-09 0.0D+00 5.8D-09 0.0D+00       22      111       22      220  S
      7      1   4.3236756420332623D-01 8.5D-09 0.0D+00 8.0D-10 0.0D+00       22      110       22      220  S
      7      1   4.3236756420332095D-01 8.5D-09 0.0D+00 7.8D-10 0.0D+00       22      113       22      220  S
      7      1   4.3236756420327266D-01 8.5D-09 0.0D+00 9.5D-09 0.0D+00       22      114       22      220  S
      7      1   4.3236866830679460D-01 8.5D-09 0.0D+00 7.8D-09 0.0D+00       20      101       20      200  S
      7      1   4.3236866830775406D-01 8.5D-09 0.0D+00 7.2D-10 0.0D+00       22      134       22      220  S
      7      1   4.3236866830768766D-01 8.5D-09 0.0D+00 5.8D-10 0.0D+00       22      134       22      220  S
      7      1   4.3238062922820852D-01 8.5D-09 0.0D+00 3.4D-09 0.0D+00       22      140       22      220  S
      7      1   4.3236866830672460D-01 8.5D-09 0.0D+00 3.0D-09 0.0D+00       20      101       20      200  S
      7      1   4.3236756420330946D-01 8.5D-09 0.0D+00 3.4D-09 0.0D+00       22      116       22      220  S
      7      1   4.3236756420323852D-01 8.5D-09 0.0D+00 6.4D-09 0.0D+00       22      116       22      220  S
      7      1   4.3238062922840298D-01 8.5D-09 0.0D+00 2.3D-09 0.0D+00       22      134       22      220  S
      7      1   4.3236756420326544D-01 8.5D-09 0.0D+00 4.1D-09 0.0D+00       22      113       22      220  S
      7      1   4.3238062921895343D-01 8.5D-09 0.0D+00 3.4D-09 0.0D+00       22      132       22      220  S
      7      1   4.3238062921875825D-01 8.5D-09 0.0D+00 7.6D-09 0.0D+00       22      127       22      220  S
      7      1   4.3236756420336625D-01 8.5D-09 0.0D+00 5.0D-09 0.0D+00       22      112       22      220  S
      7      1   4.3238062922837267D-01 8.5D-09 0.0D+00 2.4D-09 0.0D+00       22      136       22      220  S
      7      1   4.3236866830767268D-01 8.5D-09 0.0D+00 4.3D-11 0.0D+00       22      112       22      220  S
      7      1   4.3238062921793907D-01 8.5D-09 0.0D+00 4.0D-09 0.0D+00       20      118       20      200  S
      7      1   4.3238062922820775D-01 8.5D-09 0.0D+00 8.4D-09 0.0D+00       22      140       22      220  S
      7      1   4.3236756420216305D-01 8.5D-09 0.0D+00 3.7D-09 0.0D+00       20      103       20      200  S
      7      1   4.3236756420330474D-01 8.5D-09 0.0D+00 3.5D-09 0.0D+00       22      111       22      220  S
      7      1   4.3236756420247635D-01 8.5D-09 0.0D+00 6.9D-10 0.0D+00       20      104       20      200  S
      7      1   4.3236756420214922D-01 8.5D-09 0.0D+00 5.1D-09 0.0D+00       20      105       20      200  S
      7      1   4.3236756420337635D-01 8.5D-09 0.0D+00 8.1D-09 0.0D+00       22      113       22      220  S
      7      1   4.3238062922730497D-01 8.5D-09 0.0D+00 8.4D-09 0.0D+00       20      123       20      200  S
      7      1   4.3236866830667176D-01 8.5D-09 0.0D+00 7.1D-09 0.0D+00       20      104       20      200  S
      7      1   4.3238062921793619D-01 8.5D-09 0.0D+00 9.0D-09 0.0D+00       20      115       20      200  S
      7      1   4.3236866830682891D-01 8.5D-09 0.0D+00 2.6D-09 0.0D+00       20      102       20      200  S
      7      1   4.3237161742365304D-01 8.5D-09 0.0D+00 7.7D-10 0.0D+00       22      105       22      220  S
      7      1   4.3236866830674492D-01 8.5D-09 0.0D+00 4.6D-09 0.0D+00       20      103       20      200  S
      7      1   4.3236756420225492D-01 8.5D-09 0.0D+00 3.3D-09 0.0D+00       20      100       20      200  S
      7      1   4.3236756420337724D-01 8.5D-09 0.0D+00 1.6D-09 0.0D+00       22      111       22      220  S
      7      1   4.3236756420334688D-01 8.5D-09 0.0D+00 1.2D-09 0.0D+00       22      117       22      220  S
      7      1   4.3236866830781095D-01 8.5D-09 0.0D+00 2.9D-09 0.0D+00       22      111       22      220  S
      7      1   4.3236866830763121D-01 8.5D-09 0.0D+00 7.7D-09 0.0D+00       22      134       22      220  S
      7      1   4.3238062921784659D-01 8.5D-09 0.0D+00 7.9D-09 0.0D+00       20      111       20      200  S
      7      1   4.3236866830773446D-01 8.5D-09 0.0D+00 2.4D-10 0.0D+00       22      137       22      220  S
      7      1   4.3237161742377633D-01 8.5D-09 0.0D+00 2.6D-09 0.0D+00       22      109       22      220  S
      7      1   4.3238062922827392D-01 8.5D-09 0.0D+00 5.9D-09 0.0D+00       22      153       22      220  S
      7      1   4.3236866830680304D-01 8.5D-09 0.0D+00 7.6D-09 0.0D+00       20      102       20      200  S
      7      1   4.3236756420348188D-01 8.5D-09 0.0D+00 3.3D-10 0.0D+00       22      111       22      220  S
      7      1   4.3236866830682907D-01 8.5D-09 0.0D+00 2.3D-09 0.0D+00       20      105       20      200  S
      7      1   4.3238062922838522D-01 8.5D-09 0.0D+00 7.0D-09 0.0D+00       22      134       22      220  S
      7      1   4.3236866830765569D-01 8.5D-09 0.0D+00 7.5D-09 0.0D+00       22      114       22      220  S
      7      1   4.3238062921794523D-01 8.5D-09 0.0D+00 6.9D-10 0.0D+00       20      101       20      200  S
      7      1   4.3238062921805120D-01 8.5D-09 0.0D+00 6.1D-09 0.0D+00       20      103       20      200  S
      7      1   4.3237161742369806D-01 8.5D-09 0.0D+00 9.4D-09 0.0D+00       22      105       22      220  S
      7      1   4.3236866830705456D-01 8.5D-09 0.0D+00 4.3D-09 0.0D+00       20      105       20      200  S
      7      1   4.3236866830697024D-01 8.5D-09 0.0D+00 4.1D-09 0.0D+00       20      101       20      200  S
      7      1   4.3238062921797138D-01 8.5D-09 0.0D+00 2.0D-09 0.0D+00       20      114       20      200  S
      7      1   4.3236756420248018D-01 8.5D-09 0.0D+00 1.5D-08 0.0D+00       21      116       21      210  S
      7      1   4.3236756420339906D-01 8.5D-09 0.0D+00 8.6D-10 0.0D+00       22      110       22      220  S
      7      1   4.3236756420225009D-01 8.5D-09 0.0D+00 3.7D-09 0.0D+00       20      106       20      200  S
      7      1   4.3237161742380659D-01 8.5D-09 0.0D+00 8.9D-09 0.0D+00       22      108       22      220  S
      7      1   4.3236756420335842D-01 8.5D-09 0.0D+00 2.8D-09 0.0D+00       22      109       22      220  S
      7      1   4.3238062922841231D-01 8.5D-09 0.0D+00 2.5D-09 0.0D+00       22      136       22      220  S
      7      1   4.3237161742373592D-01 8.5D-09 0.0D+00 1.6D-09 0.0D+00       22      107       22      220  S
      7      1   4.3236866830786380D-01 8.5D-09 0.0D+00 3.9D-09 0.0D+00       22      115       22      220  S
      7      1   4.3236866830747051D-01 8.5D-09 0.0D+00 6.4D-09 0.0D+00       22      112       22      220  S
      7      1   4.3236756420328365D-01 8.5D-09 0.0D+00 3.1D-09 0.0D+00       22      111       22      220  S
      7      1   4.3237161742357461D-01 8.5D-09 0.0D+00 3.5D-09 0.0D+00       22      106       22      220  S
      7      1   4.3236756420336531D-01 8.5D-09 0.0D+00 1.7D-09 0.0D+00       22      114       22      220  S
      7      1   4.3238062921798481D-01 8.5D-09 0.0D+00 6.2D-09 0.0D+00       20       98       20      200  S
      7      1   4.3236756420241951D-01 8.5D-09 0.0D+00 8.0D-09 0.0D+00       20      105       20      200  S
      7      1   4.3236866830690085D-01 8.5D-09 0.0D+00 6.0D-10 0.0D+00       20      105       20      200  S
      7      1   4.3236756420305550D-01 8.5D-09 0.0D+00 9.4D-09 0.0D+00       22      114       22      220  S
      7      1   4.3236756420311367D-01 8.5D-09 0.0D+00 3.7D-09 0.0D+00       22      109       22      220  S
      7      1   4.3236866830785470D-01 8.5D-09 0.0D+00 4.9D-09 0.0D+00       22      138       22      220  S
      7      1   4.3238062921891879D-01 8.5D-09 0.0D+00 7.2D-09 0.0D+00       22      125       22      220  S
      7      1   4.3237161742387453D-01 8.5D-09 0.0D+00 7.6D-09 0.0D+00       22      117       22      220  S
      7      1   4.3236866830678372D-01 8.5D-09 0.0D+00 3.4D-09 0.0D+00       20      103       20      200  S
      7      1   4.3238062921868492D-01 8.5D-09 0.0D+00 9.2D-09 0.0D+00       22      124       22      220  S
      7      1   4.3238062922830611D-01 8.5D-09 0.0D+00 1.9D-10 0.0D+00       22      145       22      220  S
      7      1   4.3236756420327327D-01 8.5D-09 0.0D+00 7.7D-10 0.0D+00       22      110       22      220  S
      7      1   4.3236756420323957D-01 8.5D-09 0.0D+00 7.1D-09 0.0D+00       22      116       22      220  S
      7      1   4.3238062921772308D-01 8.5D-09 0.0D+00 3.4D-09 0.0D+00       20      103       20      200  S
      7      1   4.3238062921785259D-01 8.5D-09 0.0D+00 6.3D-09 0.0D+00       20      112       20      200  S
      7      1   4.3236866830767379D-01 8.5D-09 0.0D+00 9.9D-09 0.0D+00       22      130       22      220  S
      7      1   4.3236866830783066D-01 8.5D-09 0.0D+00 2.9D-09 0.0D+00       22      138       22      220  S
      7      1   4.3236756420234823D-01 8.5D-09 0.0D+00 5.4D-09 0.0D+00       20      101       20      200  S
      7      1   4.3237161742362445D-01 8.5D-09 0.0D+00 9.7D-09 0.0D+00       22      109       22      220  S
      7      1   4.3236756420364131D-01 8.5D-09 0.0D+00 5.5D-09 0.0D+00       22      113       22      220  S
      7      1   4.3236866830685489D-01 8.5D-09 0.0D+00 8.9D-09 0.0D+00       20      102       20      200  S
      7      1   4.3237161742362185D-01 8.5D-09 0.0D+00 5.8D-09 0.0D+00       22      106       22      220  S
      7      1   4.3238062921795595D-01 8.5D-09 0.0D+00 8.5D-09 0.0D+00       20      101       20      200  S
      7      1   4.3236756420328726D-01 8.5D-09 0.0D+00 6.4D-09 0.0D+00       22      112       22      220  S
      7      1   4.3238062921801879D-01 8.5D-09 0.0D+00 2.5D-09 0.0D+00       20      122       20      200  S
      7      1   4.3238062921881426D-01 8.5D-09 0.0D+00 5.3D-09 0.0D+00       22      129       22      220  S
      7      1   4.3238062921884918D-01 8.5D-09 0.0D+00 1.9D-09 0.0D+00       22      129       22      220  S
      7      1   4.3238062922738302D-01 8.5D-09 0.0D+00 4.2D-09 0.0D+00       20      122       20      200  S
      7      1   4.3236756420229333D-01 8.5D-09 0.0D+00 9.0D-10 0.0D+00       20      103       20      200  S
      7      1   4.3236866830787701D-01 8.5D-09 0.0D+00 6.3D-09 0.0D+00       22      141       22      220  S
      7      1   4.3236866830680287D-01 8.5D-09 0.0D+00 1.5D-09 0.0D+00       20      102       20      200  S
      7      1   4.3236756420322486D-01 8.5D-09 0.0D+00 4.2D-09 0.0D+00       22      136       22      220  S
      7      1   4.3236866830689563D-01 8.5D-09 0.0D+00 1.8D-10 0.0D+00       20      101       20      200  S
      7      1   4.3238062921887166D-01 8.5D-09 0.0D+00 4.5D-09 0.0D+00       22      126       22      220  S
      7      1   4.3236866830705611D-01 8.5D-09 0.0D+00 9.1D-09 0.0D+00       20      105       20      200  S
      7      1   4.3238062921799292D-01 8.5D-09 0.0D+00 5.7D-09 0.0D+00       20      102       20      200  S
      7      1   4.3236756420230654D-01 8.5D-09 0.0D+00 3.9D-09 0.0D+00       20      103       20      200  S
      7      1   4.3236756420311795D-01 8.5D-09 0.0D+00 8.2D-09 0.0D+00       22      113       22      220  S
      7      1   4.3236756420319128D-01 8.5D-09 0.0D+00 6.7D-09 0.0D+00       22      113       22      220  S
      7      1   4.3236866830686349D-01 8.5D-09 0.0D+00 1.5D-09 0.0D+00       20      103       20      200  S
      7      1   4.3237161742384944D-01 8.5D-09 0.0D+00 5.8D-09 0.0D+00       22      109       22      220  S
      7      1   4.3238062921889259D-01 8.5D-09 0.0D+00 2.0D-09 0.0D+00       22      131       22      220  S
      7      1   4.3238062922843390D-01 8.5D-09 0.0D+00 4.1D-09 0.0D+00       22      137       22      220  S
      7      1   4.3236756420323708D-01 8.5D-09 0.0D+00 4.0D-09 0.0D+00       22      114       22      220  S
      7      1   4.3236756420251743D-01 8.5D-09 0.0D+00 5.9D-10 0.0D+00       20      104       20      200  S
      7      1   4.3237161742375185D-01 8.5D-09 0.0D+00 3.1D-09 0.0D+00       22      107       22      220  S
      7      1   4.3236756420348577D-01 8.5D-09 0.0D+00 4.5D-09 0.0D+00       22      117       22      220  S
      7      1   4.3236756420349653D-01 8.5D-09 0.0D+00 5.5D-09 0.0D+00       22      110       22      220  S
      7      1   4.3238062922741255D-01 8.5D-09 0.0D+00 9.2D-09 0.0D+00       20      121       20      200  S
      7      1   4.3236756420231875D-01 8.5D-09 0.0D+00 3.6D-10 0.0D+00       20      106       20      200  S
      7      1   4.3236756420328509D-01 8.5D-09 0.0D+00 3.6D-09 0.0D+00       22      112       22      220  S
      7      1   4.3238062921800474D-01 8.5D-09 0.0D+00 5.3D-09 0.0D+00       20      105       20      200  S
      7      1   4.3236756420330419D-01 8.5D-09 0.0D+00 7.7D-09 0.0D+00       22      110       22      220  S
      7      1   4.3237161742384334D-01 8.5D-09 0.0D+00 5.7D-09 0.0D+00       22      108       22      220  S
      7      1   4.3236866830678311D-01 8.5D-09 0.0D+00 2.8D-09 0.0D+00       20      102       20      200  S
      7      1   4.3236756420331995D-01 8.5D-09 0.0D+00 9.7D-09 0.0D+00       22      140       22      220  S
      7      1   4.3236866830768966D-01 8.5D-09 0.0D+00 4.8D-09 0.0D+00       22      139       22      220  S
      7      1   4.3238062922859183D-01 8.5D-09 0.0D+00 3.0D-09 0.0D+00       22      137       22      220  S
      7      1   4.3236866830775933D-01 8.5D-09 0.0D+00 7.0D-09 0.0D+00       22      111       22      220  S
      7      1   4.3237161742355174D-01 8.5D-09 0.0D+00 3.8D-09 0.0D+00       22      110       22      220  S
      7      1   4.3236866830672321D-01 8.5D-09 0.0D+00 5.6D-09 0.0D+00       20      102       20      200  S
      7      1   4.3238062922859832D-01 8.5D-09 0.0D+00 4.1D-09 0.0D+00       22      135       22      220  S
      7      1   4.3237161742377789D-01 8.5D-09 0.0D+00 3.8D-09 0.0D+00       22      108       22      220  S
      7      1   4.3236756420310390D-01 8.5D-09 0.0D+00 5.0D-09 0.0D+00       22      110       22      220  S
      7      1   4.3236756420337824D-01 8.5D-09 0.0D+00 1.2D-09 0.0D+00       22      112       22      220  S
