     21      1   2.0309492841030030D-01 5.2D-09 0.0D+00 9.2D-09 0.0D+00       22      157       22      220  S
     21      1   2.0037679639421710D-01 5.1D-09 0.0D+00 4.0D-09 0.0D+00       21      110       21      210  S
     21      1   2.0037718419602235D-01 5.1D-09 0.0D+00 3.1D-09 0.0D+00       22      118       22      220  S
     21      1   2.0037686753805109D-01 5.1D-09 0.0D+00 8.0D-09 0.0D+00       22      119       22      220  S
     21      1   2.0037856774862683D-01 5.1D-09 0.0D+00 5.4D-09 0.0D+00       22      121       22      220  S
     21      1   2.0038128386084694D-01 5.1D-09 0.0D+00 6.4D-09 0.0D+00       22      111       22      220  S
     21      1   2.1704098993412035D-01 6.0D-09 0.0D+00 7.2D-09 0.0D+00       22      156       22      220  S
     21      1   2.0233282828715338D-01 5.0D-09 0.0D+00 5.8D-09 0.0D+00       22      123       22      220  S
     21      1   2.1704144441048620D-01 6.0D-09 0.0D+00 9.3D-08 0.0D+00       22      145       22      220  S
     21      1   2.1704101166802178D-01 6.0D-09 0.0D+00 5.5D-09 0.0D+00       22      155       22      220  S
     21      1   1.9719244908328329D-01 4.3D-09 0.0D+00 1.2D-09 0.0D+00       22      134       22      220  S
     21      1   2.0037294257558194D-01 5.1D-09 0.0D+00 6.3D-09 0.0D+00       22      128       22      220  S
     21      1   1.9719244908320138D-01 4.3D-09 0.0D+00 3.7D-10 0.0D+00       22      117       22      220  S
     21      1   2.0037294257554605D-01 5.1D-09 0.0D+00 8.5D-09 0.0D+00       22      123       22      220  S
     21      1   2.0233282828711449D-01 5.0D-09 0.0D+00 4.1D-10 0.0D+00       22      156       22      220  S
     21      1   2.0037679639427439D-01 5.1D-09 0.0D+00 8.6D-10 0.0D+00       22      108       22      220  S
     21      1   2.0037856774861568D-01 5.1D-09 0.0D+00 6.8D-09 0.0D+00       22      112       22      220  S
     21      1   2.0364948187266732D-01 4.8D-09 0.0D+00 5.0D-09 0.0D+00       22      130       22      220  S
     21      1   2.0038128386093471D-01 5.1D-09 0.0D+00 9.3D-09 0.0D+00       22      108       22      220  S
     21      1   2.0037686753803474D-01 5.1D-09 0.0D+00 3.4D-09 0.0D+00       22      120       22      220  S
     21      1   2.1703727758303221D-01 6.0D-09 0.0D+00 2.9D-07 0.0D+00       23      163       23      230  S
     21      1   2.0037679639412298D-01 5.1D-09 0.0D+00 9.2D-09 0.0D+00       21      116       21      210  S
     21      1   1.9719244908325040D-01 4.3D-09 0.0D+00 3.4D-09 0.0D+00       22      149       22      220  S
     21      1   2.0038064960512583D-01 5.1D-09 0.0D+00 2.7D-09 0.0D+00       22      108       22      220  S
     21      1   2.1704035393427795D-01 6.0D-09 0.0D+00 1.0D-08 0.0D+00       23      144       23      230  S
     21      1   2.0037662734087777D-01 5.1D-09 0.0D+00 6.4D-09 0.0D+00       22      120       22      220  S
     21      1   2.0037294257572574D-01 5.1D-09 0.0D+00 9.5D-09 0.0D+00       22      136       22      220  S
     21      1   2.0037699390042657D-01 5.1D-09 0.0D+00 1.1D-09 0.0D+00       22      122       22      220  S
     21      1   2.0038064960515972D-01 5.1D-09 0.0D+00 5.5D-10 0.0D+00       22      109       22      220  S
     21      1   2.1704098993425125D-01 6.0D-09 0.0D+00 3.3D-09 0.0D+00       22      156       22      220  S
     21      1   2.1703727758249122D-01 6.0D-09 0.0D+00 3.2D-07 0.0D+00       22      144       22      220  S
     21      1   2.4963083385245818D-01 6.8D-09 0.0D+00 2.1D-07 0.0D+00       24      183       24      240  S
     21      1   2.0037400176208070D-01 5.1D-09 0.0D+00 2.7D-09 0.0D+00       22      115       22      220  S
     21      1   2.0037728271323083D-01 5.1D-09 0.0D+00 9.3D-09 0.0D+00       22      132       22      220  S
     21      1   2.0037679639428943D-01 5.1D-09 0.0D+00 7.9D-09 0.0D+00       22      115       22      220  S
     21      1   2.0037400176194586D-01 5.1D-09 0.0D+00 7.8D-09 0.0D+00       21      106       21      210  S
     21      1   1.9719244908324357D-01 4.3D-09 0.0D+00 8.9D-09 0.0D+00       22      122       22      220  S
     21      1   2.0037728271332603D-01 5.1D-09 0.0D+00 2.3D-09 0.0D+00       22      119       22      220  S
     21      1   2.1704114536183772D-01 6.0D-09 0.0D+00 9.0D-09 0.0D+00       22      156       22      220  S
     21      1   2.0037856774864429D-01 5.1D-09 0.0D+00 2.1D-09 0.0D+00       22      122       22      220  S
     21      1   2.0037662734090675D-01 5.1D-09 0.0D+00 7.3D-09 0.0D+00       22      115       22      220  S
     21      1   2.0037699390015537D-01 5.1D-09 0.0D+00 4.6D-09 0.0D+00       21      114       21      210  S
     21      1   2.0037679639439729D-01 5.1D-09 0.0D+00 3.8D-09 0.0D+00       22      112       22      220  S
     21      1   2.0037686753803136D-01 5.1D-09 0.0D+00 7.5D-09 0.0D+00       22      118       22      220  S
     21      1   2.0037662734085049D-01 5.1D-09 0.0D+00 6.7D-10 0.0D+00       22      115       22      220  S
     21      1   2.0037718419583492D-01 5.1D-09 0.0D+00 6.9D-09 0.0D+00       22      113       22      220  S
     21      1   2.0037400176229703D-01 5.1D-09 0.0D+00 8.4D-09 0.0D+00       22      117       22      220  S
     21      1   2.0037294257558888D-01 5.1D-09 0.0D+00 6.0D-09 0.0D+00       22      109       22      220  S
     21      1   2.1704035393360707D-01 6.0D-09 0.0D+00 1.0D-07 0.0D+00       23      150       23      230  S
     21      1   2.0037400176216175D-01 5.1D-09 0.0D+00 9.4D-09 0.0D+00       22      111       22      220  S
     21      1   2.0038064960520238D-01 5.1D-09 0.0D+00 4.1D-09 0.0D+00       22      114       22      220  S
     21      1   4.3970828414493207D-01 9.7D-05 0.0D+00 1.0D+00 0.0D+00       23      163       24      240  S
     21      1   2.0038128386089415D-01 5.1D-09 0.0D+00 6.2D-09 0.0D+00       22      133       22      220  S
     21      1   2.0233282828735033D-01 5.0D-09 0.0D+00 6.4D-09 0.0D+00       22      138       22      220  S
     21      1   2.0037686753803743D-01 5.1D-09 0.0D+00 1.7D-10 0.0D+00       22      117       22      220  S
     21      1   2.0233570510385018D-01 5.0D-09 0.0D+00 4.3D-10 0.0D+00       22      134       22      220  S
     21      1   2.0038064960514412D-01 5.1D-09 0.0D+00 1.4D-09 0.0D+00       22      119       22      220  S
     21      1   2.0037294257552124D-01 5.1D-09 0.0D+00 2.6D-09 0.0D+00       22      109       22      220  S
     21      1   2.0038064960516319D-01 5.1D-09 0.0D+00 8.8D-09 0.0D+00       22      118       22      220  S
     21      1   2.0037294257556373D-01 5.1D-09 0.0D+00 8.7D-09 0.0D+00       22      122       22      220  S
     21      1   2.0037686753807221D-01 5.1D-09 0.0D+00 1.4D-09 0.0D+00       22      122       22      220  S
     21      1   2.0037400176221590D-01 5.1D-09 0.0D+00 2.2D-09 0.0D+00       22      112       22      220  S
     21      1   2.0037400176231210D-01 5.1D-09 0.0D+00 1.3D-09 0.0D+00       22      109       22      220  S
     21      1   2.0037387104545748D-01 5.1D-09 0.0D+00 5.0D-09 0.0D+00       22      110       22      220  S
     21      1   2.0037686753812184D-01 5.1D-09 0.0D+00 7.3D-09 0.0D+00       22      107       22      220  S
     21      1   2.1704035393170901D-01 6.0D-09 0.0D+00 3.1D-07 0.0D+00       23      160       23      230  S
     21      1   2.0037662734102180D-01 5.1D-09 0.0D+00 6.3D-09 0.0D+00       22      113       22      220  S
     21      1   2.0233966146438168D-01 5.0D-09 0.0D+00 5.6D-09 0.0D+00       22      142       22      220  S
     21      1   2.1704144441174386D-01 6.0D-09 0.0D+00 2.6D-09 0.0D+00       22      151       22      220  S
     21      1   1.9719408524920146D-01 4.3D-09 0.0D+00 8.2D-09 0.0D+00       22      128       22      220  S
     21      1   2.0529334072056321D-01 5.0D-09 0.0D+00 1.3D-11 0.0D+00       22      169       22      220  S
     21      1   2.0233282828720492D-01 5.0D-09 0.0D+00 7.0D-09 0.0D+00       22      140       22      220  S
     21      1   2.0037662734085546D-01 5.1D-09 0.0D+00 5.7D-10 0.0D+00       22      114       22      220  S
     21      1   2.0233966146433885D-01 5.0D-09 0.0D+00 3.9D-08 0.0D+00       23      169       23      230  S
     21      1   2.0038128386098863D-01 5.1D-09 0.0D+00 3.3D-09 0.0D+00       22      124       22      220  S
     21      1   2.0037699390036637D-01 5.1D-09 0.0D+00 1.1D-09 0.0D+00       22      110       22      220  S
     21      1   2.0038128386093496D-01 5.1D-09 0.0D+00 7.1D-10 0.0D+00       22      115       22      220  S
     21      1   1.9719244908328762D-01 4.3D-09 0.0D+00 3.4D-09 0.0D+00       22      137       22      220  S
     21      1   2.0037699390046493D-01 5.1D-09 0.0D+00 4.0D-09 0.0D+00       22      112       22      220  S
     21      1   2.0037686753808945D-01 5.1D-09 0.0D+00 3.5D-09 0.0D+00       22      117       22      220  S
     21      1   2.0037728271328792D-01 5.1D-09 0.0D+00 4.8D-09 0.0D+00       22      114       22      220  S
     21      1   2.0037856774870849D-01 5.1D-09 0.0D+00 8.8D-09 0.0D+00       22      114       22      220  S
     21      1   2.0038128386094373D-01 5.1D-09 0.0D+00 5.0D-09 0.0D+00       22      120       22      220  S
     21      1   2.1703727758627855D-01 6.0D-09 0.0D+00 9.6D-09 0.0D+00       22      187       22      220  S
     21      1   2.0037818638788260D-01 5.1D-09 0.0D+00 2.7D-09 0.0D+00       22      110       22      220  S
     21      1   2.0037679639410388D-01 5.1D-09 0.0D+00 7.9D-09 0.0D+00       21      121       21      210  S
     21      1   2.0046270907167504D-01 5.1D-09 0.0D+00 5.5D-09 0.0D+00       22      124       22      220  S
     21      1   2.1704035393292206D-01 6.0D-09 0.0D+00 1.5D-07 0.0D+00       23      161       23      230  S
     21      1   1.9719358930025921D-01 4.3D-09 0.0D+00 2.1D-08 0.0D+00       23      189       23      230  S
     21      1   2.0037679639442094D-01 5.1D-09 0.0D+00 3.1D-09 0.0D+00       22      125       22      220  S
     21      1   2.0233393889542883D-01 5.0D-09 0.0D+00 9.8D-09 0.0D+00       22      144       22      220  S
     21      1   2.0233802890003388D-01 5.0D-09 0.0D+00 2.3D-07 0.0D+00       23      154       23      230  S
     21      1   1.9719244908337336D-01 4.3D-09 0.0D+00 8.0D-09 0.0D+00       22      130       22      220  S
     21      1   2.0037387104542267D-01 5.1D-09 0.0D+00 4.6D-09 0.0D+00       22      113       22      220  S
     21      1   2.0233282828678642D-01 5.0D-09 0.0D+00 1.6D-08 0.0D+00       24      161       24      240  S
     21      1   2.0046270907176583D-01 5.1D-09 0.0D+00 3.3D-09 0.0D+00       22      117       22      220  S
     21      1   2.0309406643473651D-01 5.2D-09 0.0D+00 2.1D-08 0.0D+00       23      165       23      230  S
     21      1   2.0037400176225312D-01 5.1D-09 0.0D+00 8.5D-09 0.0D+00       22      114       22      220  S
     21      1   2.0037400176215775D-01 5.1D-09 0.0D+00 1.9D-09 0.0D+00       22      114       22      220  S
     21      1   2.1981766307576772D-01 5.8D-09 0.0D+00 5.0D-09 0.0D+00       22      152       22      220  S
     21      1   2.0037679639443060D-01 5.1D-09 0.0D+00 3.8D-10 0.0D+00       22      115       22      220  S
     21      1   1.9719244908328007D-01 4.3D-09 0.0D+00 2.6D-08 0.0D+00       23      140       23      230  S
     21      1   2.1704144440970230D-01 6.0D-09 0.0D+00 2.1D-07 0.0D+00       23      168       23      230  S
     21      1   2.0038064960514226D-01 5.1D-09 0.0D+00 4.9D-09 0.0D+00       22      111       22      220  S
     21      1   1.9719244908330544D-01 4.3D-09 0.0D+00 9.3D-10 0.0D+00       22      141       22      220  S
     21      1   2.0037818638800203D-01 5.1D-09 0.0D+00 8.0D-09 0.0D+00       22      110       22      220  S
     21      1   2.0309563679591383D-01 5.2D-09 0.0D+00 3.2D-07 0.0D+00       24      163       24      240  S
     21      1   2.0037686753820871D-01 5.1D-09 0.0D+00 7.1D-09 0.0D+00       22      134       22      220  S
     21      1   2.0233966146437826D-01 5.0D-09 0.0D+00 3.9D-09 0.0D+00       22      148       22      220  S
     21      1   2.0233393889550763D-01 5.0D-09 0.0D+00 4.7D-09 0.0D+00       22      150       22      220  S
     21      1   2.0037294257534638D-01 5.1D-09 0.0D+00 3.7D-09 0.0D+00       21      113       21      210  S
     21      1   2.0037294257533916D-01 5.1D-09 0.0D+00 9.1D-09 0.0D+00       21      106       21      210  S
     21      1   2.0309406643460240D-01 5.2D-09 0.0D+00 4.9D-09 0.0D+00       22      179       22      220  S
     21      1   2.0037699390038813D-01 5.1D-09 0.0D+00 8.2D-09 0.0D+00       22      117       22      220  S
     21      1   2.0038064960516780D-01 5.1D-09 0.0D+00 1.0D-08 0.0D+00       22      110       22      220  S
     21      1   2.0037662734102235D-01 5.1D-09 0.0D+00 4.9D-09 0.0D+00       22      118       22      220  S
     21      1   2.0037679639427083D-01 5.1D-09 0.0D+00 3.1D-09 0.0D+00       22      123       22      220  S
     21      1   2.0233802890183220D-01 5.0D-09 0.0D+00 2.5D-09 0.0D+00       22      150       22      220  S
     21      1   2.0364158878684968D-01 4.8D-09 0.0D+00 9.4D-09 0.0D+00       22      124       22      220  S
     21      1   2.0038128386090220D-01 5.1D-09 0.0D+00 5.1D-09 0.0D+00       22      108       22      220  S
     21      1   2.0037856774861820D-01 5.1D-09 0.0D+00 4.3D-09 0.0D+00       22      111       22      220  S
     21      1   2.0037294257559490D-01 5.1D-09 0.0D+00 4.0D-09 0.0D+00       22      111       22      220  S
     21      1   2.0046270879391853D-01 5.1D-09 0.0D+00 5.9D-09 0.0D+00       21      122       21      210  S
     21      1   2.0037294257557028D-01 5.1D-09 0.0D+00 3.4D-09 0.0D+00       22      112       22      220  S
     21      1   2.0037818638792784D-01 5.1D-09 0.0D+00 9.5D-10 0.0D+00       22      112       22      220  S
     21      1   2.0037679639440134D-01 5.1D-09 0.0D+00 1.6D-10 0.0D+00       22      134       22      220  S
     21      1   2.0037818638788432D-01 5.1D-09 0.0D+00 6.2D-09 0.0D+00       22      121       22      220  S
     21      1   2.1704114536014224D-01 6.0D-09 0.0D+00 1.1D-07 0.0D+00       23      150       23      230  S
     21      1   2.4963083385432785D-01 6.8D-09 0.0D+00 5.4D-09 0.0D+00       21      142       21      210  S
     21      1   2.0233393889542692D-01 5.0D-09 0.0D+00 8.9D-09 0.0D+00       22      141       22      220  S
     21      1   2.0037294257554125D-01 5.1D-09 0.0D+00 3.0D-09 0.0D+00       22      111       22      220  S
     21      1   2.0309184007010500D-01 5.2D-09 0.0D+00 2.5D-08 0.0D+00       24      216       24      240  S
     21      1   2.0046270907180033D-01 5.1D-09 0.0D+00 6.6D-09 0.0D+00       22      122       22      220  S
     21      1   2.0037400176228415D-01 5.1D-09 0.0D+00 6.2D-09 0.0D+00       22      108       22      220  S
     21      1   2.1704160023792041D-01 6.0D-09 0.0D+00 3.1D-07 0.0D+00       23      142       23      230  S
     21      1   2.0309200180602455D-01 5.2D-09 0.0D+00 1.6D-07 0.0D+00       23      197       23      230  S
     21      1   2.1704144440867798D-01 6.0D-09 0.0D+00 3.0D-07 0.0D+00       23      150       23      230  S
     21      1   2.0037686753806594D-01 5.1D-09 0.0D+00 2.1D-09 0.0D+00       22      110       22      220  S
     21      1   2.0233431487292847D-01 5.0D-09 0.0D+00 1.3D-09 0.0D+00       22      139       22      220  S
     21      1   2.0037856774861965D-01 5.1D-09 0.0D+00 1.9D-09 0.0D+00       22      108       22      220  S
     21      1   2.0037679639443060D-01 5.1D-09 0.0D+00 3.5D-09 0.0D+00       22      126       22      220  S
     21      1   2.0037387104548207D-01 5.1D-09 0.0D+00 3.8D-09 0.0D+00       22      117       22      220  S
     21      1   2.0038064960525204D-01 5.1D-09 0.0D+00 7.4D-09 0.0D+00       22      131       22      220  S
     21      1   2.0037294257551513D-01 5.1D-09 0.0D+00 1.3D-09 0.0D+00       22      110       22      220  S
     21      1   2.0037387104554902D-01 5.1D-09 0.0D+00 5.0D-09 0.0D+00       22      114       22      220  S
     21      1   2.0037699390028935D-01 5.1D-09 0.0D+00 5.2D-10 0.0D+00       22      117       22      220  S
     21      1   2.0037718419595546D-01 5.1D-09 0.0D+00 4.4D-09 0.0D+00       22      128       22      220  S
     21      1   2.0037718419577402D-01 5.1D-09 0.0D+00 1.9D-09 0.0D+00       22      121       22      220  S
     21      1   2.0037728271339575D-01 5.1D-09 0.0D+00 4.1D-09 0.0D+00       22      132       22      220  S
     21      1   2.0037728271325383D-01 5.1D-09 0.0D+00 5.7D-09 0.0D+00       22      122       22      220  S
     21      1   2.0037699390030722D-01 5.1D-09 0.0D+00 3.0D-09 0.0D+00       22      111       22      220  S
     21      1   1.9719244908329581D-01 4.3D-09 0.0D+00 6.8D-09 0.0D+00       22      130       22      220  S
     21      1   1.9719244908319128D-01 4.3D-09 0.0D+00 4.3D-09 0.0D+00       22      135       22      220  S
     21      1   2.0038128386091408D-01 5.1D-09 0.0D+00 6.4D-09 0.0D+00       22      117       22      220  S
     21      1   2.0037728271320873D-01 5.1D-09 0.0D+00 6.9D-10 0.0D+00       21      123       21      210  S
     21      1   2.0037294257548385D-01 5.1D-09 0.0D+00 9.0D-09 0.0D+00       22      111       22      220  S
     21      1   2.1704043621514402D-01 6.0D-09 0.0D+00 3.0D-10 0.0D+00       22      159       22      220  S
     21      1   1.9719269923200164D-01 4.3D-09 0.0D+00 8.5D-09 0.0D+00       22      154       22      220  S
     21      1   2.0037699390030714D-01 5.1D-09 0.0D+00 8.9D-10 0.0D+00       22      110       22      220  S
     21      1   2.0037686753750136D-01 5.1D-09 0.0D+00 2.9D-09 0.0D+00       21      117       21      210  S
     21      1   2.0037818638788749D-01 5.1D-09 0.0D+00 6.2D-09 0.0D+00       22      114       22      220  S
     21      1   2.0233431487095832D-01 5.0D-09 0.0D+00 1.7D-07 0.0D+00       23      168       23      230  S
     21      1   2.0037400176228973D-01 5.1D-09 0.0D+00 9.3D-09 0.0D+00       22      119       22      220  S
     21      1   2.0037728271332494D-01 5.1D-09 0.0D+00 2.3D-09 0.0D+00       22      116       22      220  S
     21      1   2.4578428062270424D-01 5.7D-09 0.0D+00 1.2D+02 0.0D+00       27      391       27      270  S
     21      1   2.0038128386079382D-01 5.1D-09 0.0D+00 1.5D-09 0.0D+00       22      123       22      220  S
     21      1   2.0233966146427329D-01 5.0D-09 0.0D+00 1.3D-08 0.0D+00       23      161       23      230  S
     21      1   2.0037294257552477D-01 5.1D-09 0.0D+00 4.4D-09 0.0D+00       22      116       22      220  S
     21      1   2.1703774541600956D-01 6.0D-09 0.0D+00 2.6D-08 0.0D+00       23      153       23      230  S
     21      1   2.0233268283764130D-01 5.0D-09 0.0D+00 8.3D-09 0.0D+00       22      156       22      220  S
     21      1   2.0233393889547810D-01 5.0D-09 0.0D+00 2.6D-09 0.0D+00       22      135       22      220  S
     21      1   2.0037662734106601D-01 5.1D-09 0.0D+00 5.5D-09 0.0D+00       22      116       22      220  S
     21      1   2.0037662734098907D-01 5.1D-09 0.0D+00 2.8D-09 0.0D+00       22      125       22      220  S
     21      1   2.0037699390032979D-01 5.1D-09 0.0D+00 8.8D-09 0.0D+00       22      127       22      220  S
     21      1   2.0037294257557364D-01 5.1D-09 0.0D+00 5.5D-09 0.0D+00       22      113       22      220  S
     21      1   2.0037686753806547D-01 5.1D-09 0.0D+00 9.7D-09 0.0D+00       22      111       22      220  S
     21      1   1.9719244908305900D-01 4.3D-09 0.0D+00 4.3D-09 0.0D+00       22      122       22      220  S
     21      1   2.0038064960511662D-01 5.1D-09 0.0D+00 4.4D-09 0.0D+00       22      109       22      220  S
     21      1   2.0038064960527807D-01 5.1D-09 0.0D+00 9.6D-09 0.0D+00       22      115       22      220  S
     21      1   2.0037686753824482D-01 5.1D-09 0.0D+00 2.1D-08 0.0D+00       23      119       23      230  S
     21      1   2.0038128386089271D-01 5.1D-09 0.0D+00 5.9D-09 0.0D+00       22      113       22      220  S
     21      1   2.1703749833163999D-01 6.0D-09 0.0D+00 3.9D-09 0.0D+00       22      169       22      220  S
     21      1   2.0233178265890370D-01 5.0D-09 0.0D+00 2.0D-08 0.0D+00       23      164       23      230  S
     21      1   2.0037679639436107D-01 5.1D-09 0.0D+00 3.5D-09 0.0D+00       22      115       22      220  S
     21      1   2.0037686753813744D-01 5.1D-09 0.0D+00 8.2D-09 0.0D+00       22      119       22      220  S
     21      1   2.1704035393308088D-01 6.0D-09 0.0D+00 1.6D-07 0.0D+00       23      162       23      230  S
     21      1   2.0037699390040078D-01 5.1D-09 0.0D+00 1.1D-09 0.0D+00       22      114       22      220  S
     21      1   2.1982148821937214D-01 5.8D-09 0.0D+00 2.2D-08 0.0D+00       22      151       22      220  S
     21      1   2.0037856774866128D-01 5.1D-09 0.0D+00 7.3D-09 0.0D+00       22      112       22      220  S
     21      1   2.0364462026721122D-01 4.8D-09 0.0D+00 2.6D-09 0.0D+00       22      123       22      220  S
     21      1   1.9719244908330494D-01 4.3D-09 0.0D+00 3.6D-09 0.0D+00       22      132       22      220  S
     21      1   2.0046076979302740D-01 5.1D-09 0.0D+00 3.8D-09 0.0D+00       21      116       21      210  S
     21      1   4.2273948436358899D-01 2.5D-05 0.0D+00 1.0D+00 0.0D+00       24      195       25      250  S
     21      1   2.0037686753807107D-01 5.1D-09 0.0D+00 5.7D-09 0.0D+00       22      118       22      220  S
     21      1   2.0037718419575723D-01 5.1D-09 0.0D+00 2.4D-08 0.0D+00       23      143       23      230  S
     21      1   2.0038128386088055D-01 5.1D-09 0.0D+00 2.3D-09 0.0D+00       22      117       22      220  S
     21      1   2.0233497111338150D-01 5.0D-09 0.0D+00 1.2D-07 0.0D+00       22      144       22      220  S
     21      1   2.1703774541570131D-01 6.0D-09 0.0D+00 5.9D-09 0.0D+00       22      157       22      220  S
     21      1   2.1704160024156938D-01 6.0D-09 0.0D+00 2.8D-08 0.0D+00       24      178       24      240  S
     21      1   2.0233393889551707D-01 5.0D-09 0.0D+00 5.3D-10 0.0D+00       22      137       22      220  S
     21      1   2.0037387104546828D-01 5.1D-09 0.0D+00 9.8D-09 0.0D+00       22      106       22      220  S
     21      1   2.0037728271310595D-01 5.1D-09 0.0D+00 1.6D-09 0.0D+00       21      117       21      210  S
     21      1   2.0037718419581232D-01 5.1D-09 0.0D+00 6.3D-09 0.0D+00       22      114       22      220  S
     21      1   2.0037294257576643D-01 5.1D-09 0.0D+00 2.7D-09 0.0D+00       22      121       22      220  S
     21      1   1.9719244908317321D-01 4.3D-09 0.0D+00 5.5D-09 0.0D+00       22      146       22      220  S
     21      1   2.0037679639420197D-01 5.1D-09 0.0D+00 6.6D-09 0.0D+00       21      111       21      210  S
     21      1   2.0037728271323582D-01 5.1D-09 0.0D+00 3.6D-09 0.0D+00       22      115       22      220  S
     21      1   2.0233570510415769D-01 5.0D-09 0.0D+00 3.0D-09 0.0D+00       22      143       22      220  S
     21      1   2.0037728271322952D-01 5.1D-09 0.0D+00 5.9D-09 0.0D+00       22      120       22      220  S
     21      1   2.0233965911177360D-01 5.0D-09 0.0D+00 3.5D-10 0.0D+00       21      143       21      210  S
     21      1   2.1703749833172847D-01 6.0D-09 0.0D+00 9.4D-09 0.0D+00       21      170       21      210  S
     21      1   2.0037856774874716D-01 5.1D-09 0.0D+00 1.9D-09 0.0D+00       22      128       22      220  S
     21      1   2.0233966146428684D-01 5.0D-09 0.0D+00 6.4D-09 0.0D+00       22      139       22      220  S
     21      1   2.0037686753787232D-01 5.1D-09 0.0D+00 7.6D-09 0.0D+00       21      128       21      210  S
     21      1   2.0037387104560031D-01 5.1D-09 0.0D+00 8.9D-09 0.0D+00       22      107       22      220  S
     21      1   2.0037818638791721D-01 5.1D-09 0.0D+00 6.6D-09 0.0D+00       22      109       22      220  S
     21      1   2.0037718419572836D-01 5.1D-09 0.0D+00 4.4D-09 0.0D+00       22      111       22      220  S
     21      1   2.0037818638792371D-01 5.1D-09 0.0D+00 1.7D-09 0.0D+00       22      133       22      220  S
     21      1   2.0037818638780064D-01 5.1D-09 0.0D+00 8.9D-09 0.0D+00       22      109       22      220  S
     21      1   2.0037718419563855D-01 5.1D-09 0.0D+00 2.8D-09 0.0D+00       21      120       21      210  S
     21      1   2.0038128386081031D-01 5.1D-09 0.0D+00 5.1D-09 0.0D+00       22      115       22      220  S
     21      1   2.0037728271332361D-01 5.1D-09 0.0D+00 3.8D-09 0.0D+00       22      111       22      220  S
     21      1   2.1704151745061961D-01 6.0D-09 0.0D+00 4.4D-09 0.0D+00       22      134       22      220  S
     21      1   2.0233966146427931D-01 5.0D-09 0.0D+00 5.5D-09 0.0D+00       22      136       22      220  S
     21      1   2.0233393889317255D-01 5.0D-09 0.0D+00 3.0D-07 0.0D+00       24      163       24      240  S
     21      1   2.0037718419587625D-01 5.1D-09 0.0D+00 3.8D-09 0.0D+00       22      131       22      220  S
     21      1   2.0037686753806574D-01 5.1D-09 0.0D+00 7.1D-09 0.0D+00       22      110       22      220  S
     21      1   2.1704156281110054D-01 6.0D-09 0.0D+00 1.3D-07 0.0D+00       23      181       23      230  S
     21      1   2.0038064960510882D-01 5.1D-09 0.0D+00 3.1D-09 0.0D+00       22      128       22      220  S
     21      1   2.1703749832999644D-01 6.0D-09 0.0D+00 2.0D-07 0.0D+00       24      176       24      240  S
     21      1   2.0037686753806166D-01 5.1D-09 0.0D+00 2.7D-09 0.0D+00       22      113       22      220  S
     21      1   2.0233282828710317D-01 5.0D-09 0.0D+00 6.7D-09 0.0D+00       22      135       22      220  S
     21      1   1.9719244908320990D-01 4.3D-09 0.0D+00 2.7D-09 0.0D+00       22      146       22      220  S
     21      1   2.0038128386088858D-01 5.1D-09 0.0D+00 5.7D-09 0.0D+00       22      114       22      220  S
     21      1   2.0233487173267412D-01 5.0D-09 0.0D+00 4.6D-09 0.0D+00       22      129       22      220  S
     21      1   2.0364930264939726D-01 4.8D-09 0.0D+00 4.5D-09 0.0D+00       22      120       22      220  S
     21      1   2.0037294257551014D-01 5.1D-09 0.0D+00 4.1D-09 0.0D+00       22      118       22      220  S
     21      1   2.1146905848821251D-01 5.6D-09 0.0D+00 1.2D-07 0.0D+00       23      213       23      230  S
     21      1   2.0037818638803956D-01 5.1D-09 0.0D+00 9.8D-09 0.0D+00       22      112       22      220  S
     21      1   2.0233393889556212D-01 5.0D-09 0.0D+00 2.9D-09 0.0D+00       22      138       22      220  S
     21      1   2.0233393889578125D-01 5.0D-09 0.0D+00 2.4D-09 0.0D+00       22      143       22      220  S
     21      1   2.0037662734094758D-01 5.1D-09 0.0D+00 3.2D-09 0.0D+00       22      115       22      220  S
     21      1   2.0037387104548515D-01 5.1D-09 0.0D+00 1.4D-09 0.0D+00       22      110       22      220  S
     21      1   2.1704043621474720D-01 6.0D-09 0.0D+00 6.0D-09 0.0D+00       22      161       22      220  S
     21      1   2.0037387104540305D-01 5.1D-09 0.0D+00 1.9D-09 0.0D+00       22      112       22      220  S
     21      1   2.0037718419578293D-01 5.1D-09 0.0D+00 9.4D-09 0.0D+00       22      130       22      220  S
     21      1   2.0037679639452466D-01 5.1D-09 0.0D+00 1.5D-09 0.0D+00       22      118       22      220  S
     21      1   2.0037294257561220D-01 5.1D-09 0.0D+00 6.0D-09 0.0D+00       22      124       22      220  S
     21      1   2.1704043621329738D-01 6.0D-09 0.0D+00 1.5D-07 0.0D+00       24      187       24      240  S
     21      1   2.1703873345092575D-01 6.0D-09 0.0D+00 1.5D-09 0.0D+00       21      140       21      210  S
     21      1   2.0037718419580686D-01 5.1D-09 0.0D+00 8.3D-09 0.0D+00       22      126       22      220  S
     21      1   2.0037400176211631D-01 5.1D-09 0.0D+00 1.0D-09 0.0D+00       22      106       22      220  S
     21      1   2.0038128386085693D-01 5.1D-09 0.0D+00 3.3D-09 0.0D+00       22      114       22      220  S
     21      1   2.0037679639437619D-01 5.1D-09 0.0D+00 5.9D-09 0.0D+00       22      117       22      220  S
     21      1   2.0037856774852092D-01 5.1D-09 0.0D+00 8.7D-09 0.0D+00       22      112       22      220  S
     21      1   2.0037662734104483D-01 5.1D-09 0.0D+00 7.5D-09 0.0D+00       22      113       22      220  S
     21      1   2.0037679639435602D-01 5.1D-09 0.0D+00 6.0D-09 0.0D+00       22      115       22      220  S
     21      1   2.0037387104552162D-01 5.1D-09 0.0D+00 7.3D-09 0.0D+00       22      116       22      220  S
     21      1   2.0037294257543739D-01 5.1D-09 0.0D+00 3.0D-09 0.0D+00       22      128       22      220  S
     21      1   2.0037662734092188D-01 5.1D-09 0.0D+00 1.7D-09 0.0D+00       22      113       22      220  S
     21      1   2.0233282828719323D-01 5.0D-09 0.0D+00 3.9D-10 0.0D+00       22      134       22      220  S
     21      1   2.0037400176222869D-01 5.1D-09 0.0D+00 7.3D-10 0.0D+00       22      118       22      220  S
     21      1   2.0037686753808731D-01 5.1D-09 0.0D+00 8.3D-09 0.0D+00       22      120       22      220  S
     21      1   2.0037400176201561D-01 5.1D-09 0.0D+00 3.4D-09 0.0D+00       21      112       21      210  S
     21      1   2.0037294257560392D-01 5.1D-09 0.0D+00 9.4D-09 0.0D+00       22      114       22      220  S
     21      1   2.0037718419585343D-01 5.1D-09 0.0D+00 5.6D-10 0.0D+00       22      109       22      220  S
     21      1   2.0038064960522345D-01 5.1D-09 0.0D+00 8.6D-09 0.0D+00       22      123       22      220  S
     21      1   2.0037699390028019D-01 5.1D-09 0.0D+00 2.5D-09 0.0D+00       22      119       22      220  S
     21      1   2.0037728271309202D-01 5.1D-09 0.0D+00 2.1D-09 0.0D+00       21      111       21      210  S
     21      1   2.0233282828734434D-01 5.0D-09 0.0D+00 5.5D-09 0.0D+00       22      146       22      220  S
     21      1   2.0037400176209388D-01 5.1D-09 0.0D+00 1.1D-09 0.0D+00       22      108       22      220  S
     21      1   2.0037400176165468D-01 5.1D-09 0.0D+00 8.8D-09 0.0D+00       21      115       21      210  S
     21      1   2.0037294257557456D-01 5.1D-09 0.0D+00 2.7D-09 0.0D+00       22      115       22      220  S
     21      1   2.1704114536158442D-01 6.0D-09 0.0D+00 2.2D-10 0.0D+00       22      142       22      220  S
     21      1   2.0038064960504989D-01 5.1D-09 0.0D+00 6.0D-09 0.0D+00       22      131       22      220  S
     21      1   2.0037728271327820D-01 5.1D-09 0.0D+00 3.7D-09 0.0D+00       22      119       22      220  S
     21      1   2.0233178265756660D-01 5.0D-09 0.0D+00 2.2D-07 0.0D+00       23      171       23      230  S
     21      1   2.0037294257577698D-01 5.1D-09 0.0D+00 4.5D-09 0.0D+00       22      119       22      220  S
     21      1   2.0037718419587039D-01 5.1D-09 0.0D+00 1.7D-08 0.0D+00       23      123       23      230  S
     21      1   2.0037294257563201D-01 5.1D-09 0.0D+00 2.2D-09 0.0D+00       22      117       22      220  S
     21      1   1.9719244908327133D-01 4.3D-09 0.0D+00 9.0D-09 0.0D+00       22      127       22      220  S
     21      1   2.0037718419575995D-01 5.1D-09 0.0D+00 6.3D-09 0.0D+00       22      110       22      220  S
     21      1   2.0309200180706230D-01 5.2D-09 0.0D+00 4.5D-09 0.0D+00       22      167       22      220  S
     21      1   2.1703727758640673D-01 6.0D-09 0.0D+00 3.2D-09 0.0D+00       21      169       21      210  S
     21      1   2.1703774541602613D-01 6.0D-09 0.0D+00 1.5D-08 0.0D+00       24      208       24      240  S
     21      1   1.9719244908321920D-01 4.3D-09 0.0D+00 2.1D-08 0.0D+00       23      160       23      230  S
     21      1   2.0037856774859220D-01 5.1D-09 0.0D+00 2.7D-09 0.0D+00       22      109       22      220  S
     21      1   2.0037818638802166D-01 5.1D-09 0.0D+00 1.8D-08 0.0D+00       23      114       23      230  S
     21      1   2.0037662734090436D-01 5.1D-09 0.0D+00 2.1D-09 0.0D+00       22      121       22      220  S
     21      1   2.0037856774870408D-01 5.1D-09 0.0D+00 2.6D-09 0.0D+00       22      118       22      220  S
     21      1   2.0038064960512050D-01 5.1D-09 0.0D+00 5.4D-10 0.0D+00       22      113       22      220  S
     21      1   2.1704098993413284D-01 6.0D-09 0.0D+00 5.5D-09 0.0D+00       22      155       22      220  S
     21      1   2.0037818638761584D-01 5.1D-09 0.0D+00 9.0D-09 0.0D+00       21      111       21      210  S
     21      1   2.0037662734108527D-01 5.1D-09 0.0D+00 2.1D-09 0.0D+00       22      134       22      220  S
     21      1   2.1703727758593033D-01 6.0D-09 0.0D+00 5.0D-09 0.0D+00       21      179       21      210  S
     21      1   2.0037718419576228D-01 5.1D-09 0.0D+00 2.7D-09 0.0D+00       22      118       22      220  S
     21      1   2.1982021143427602D-01 5.8D-09 0.0D+00 2.3D-09 0.0D+00       22      165       22      220  S
     21      1   2.0037728271324734D-01 5.1D-09 0.0D+00 2.9D-09 0.0D+00       22      116       22      220  S
     21      1   2.0233282828493820D-01 5.0D-09 0.0D+00 2.9D-07 0.0D+00       23      138       23      230  S
     21      1   2.0037718419581776D-01 5.1D-09 0.0D+00 7.4D-09 0.0D+00       22      121       22      220  S
