      9      1   3.5299440154855505D-01 5.0D-09 0.0D+00 3.1D-01 0.0D+00       23      151       23      230  S
      9      1   3.5299957126640102D-01 3.7D-09 0.0D+00 1.9D-05 0.0D+00       25      206       25      250  S
      9      1   3.5298713780898672D-01 8.1D-09 0.0D+00 2.6D-03 0.0D+00       24      152       24      240  S
      9      1   3.5300426451944172D-01 4.1D-09 0.0D+00 2.2D-05 0.0D+00       25      213       25      250  S
      9      1   3.5298449909480745D-01 9.5D-09 0.0D+00 7.9D-05 0.0D+00       25      174       25      250  S
      9      1   3.5298997998229664D-01 8.1D-09 0.0D+00 4.0D-02 0.0D+00       25      174       25      250  S
      9      1   3.5301000055068354D-01 8.2D-09 0.0D+00 1.9D-01 0.0D+00       22      154       22      220  S
      9      1   3.5301511090251630D-01 3.7D-09 0.0D+00 1.9D-05 0.0D+00       23      158       23      230  S
      9      1   3.5298675064248108D-01 8.3D-09 0.0D+00 4.3D-03 0.0D+00       24      183       24      240  S
      9      1   3.5300559696572914D-01 3.6D-09 0.0D+00 1.8D-05 0.0D+00       23      170       23      230  S
      9      1   3.5301981191023252D-01 3.7D-09 0.0D+00 1.9D-05 0.0D+00       23      165       23      230  S
      9      1   3.5299737461793335D-01 3.8D-09 0.0D+00 1.9D-05 0.0D+00       26      216       26      260  S
      9      1   3.5299831730029441D-01 4.1D-09 0.0D+00 2.2D-05 0.0D+00       25      209       25      250  S
      9   0.00    0.00    0.00   3.5298440727370672D-01 9.6D-09 0.0D+00 7.9D-05 0.0D+00       25      208       25      250    1075     446    1305     446     458   0.33     2    0    214  BR
      9      1   3.5300953671736618D-01 8.2D-09 0.0D+00 1.9D-01 0.0D+00       24      167       24      240  S
      9      1   3.5298653002024477D-01 9.5D-09 0.0D+00 7.8D-05 0.0D+00       24      155       24      240  S
      9      1   3.5298725177470253D-01 8.2D-09 0.0D+00 1.9D-01 0.0D+00       24      173       24      240  S
      9      1   3.5300990784576042D-01 8.1D-09 0.0D+00 1.3D-06 0.0D+00       23      180       23      230  S
      9      1   3.5298716926650725D-01 8.1D-09 0.0D+00 2.9D-06 0.0D+00       24      157       24      240  S
      9      1   3.5299746754784639D-01 3.7D-09 0.0D+00 1.9D-05 0.0D+00       25      176       25      250  S
      9      1   3.5300945101166153D-01 8.1D-09 0.0D+00 5.5D-07 0.0D+00       25      228       25      250  S
      9      1   3.5301402728663622D-01 8.3D-09 0.0D+00 2.4D-02 0.0D+00       24      169       24      240  S
      9      1   3.5301496862010190D-01 7.9D-09 0.0D+00 5.9D-05 0.0D+00       25      184       25      250  S
      9      1   3.5299837990280825D-01 3.4D-09 0.0D+00 1.7D-05 0.0D+00       25      197       25      250  S
      9      1   3.5298716955527010D-01 8.1D-09 0.0D+00 2.2D-06 0.0D+00       22      176       22      220  S
      9      1   3.5300441741051319D-01 8.3D-09 0.0D+00 2.3D-02 0.0D+00       25      206       25      250  S
      9      1   3.5302462749296298D-01 5.0D-09 0.0D+00 3.0D-01 0.0D+00       25      208       25      250  S
      9      1   3.5299957674216026D-01 3.7D-09 0.0D+00 1.9D-05 0.0D+00       24      187       24      240  S
      9      1   3.5301978049599186D-01 3.7D-09 0.0D+00 1.9D-05 0.0D+00       25      196       25      250  S
      9      1   3.5299957173914326D-01 3.7D-09 0.0D+00 1.9D-05 0.0D+00       25      186       25      250  S
      9      1   3.5299641139765126D-01 4.1D-09 0.0D+00 2.2D-05 0.0D+00       25      198       25      250  S
      9      1   3.5301529468286907D-01 3.7D-09 0.0D+00 1.9D-05 0.0D+00       25      208       25      250  S
      9      1   3.5299766267335997D-01 3.7D-09 0.0D+00 1.9D-05 0.0D+00       25      204       25      250  S
      9      1   3.5301250392930650D-01 4.7D-09 0.0D+00 2.9D-01 0.0D+00       26      179       26      260  S
      9      1   3.5298620647286399D-01 8.6D-09 0.0D+00 6.8D-05 0.0D+00       25      176       25      250  S
      9      1   3.5299936874160376D-01 3.7D-09 0.0D+00 1.9D-05 0.0D+00       25      223       25      250  S
      9      1   3.5300522359826064D-01 3.8D-09 0.0D+00 1.9D-05 0.0D+00       24      210       24      240  S
      9      1   3.5298449196872639D-01 9.6D-09 0.0D+00 7.9D-05 0.0D+00       25      193       25      250  S
      9      1   3.5299944003886286D-01 3.7D-09 0.0D+00 1.9D-05 0.0D+00       25      206       25      250  S
      9      1   3.5299746549313182D-01 3.7D-09 0.0D+00 1.9D-05 0.0D+00       25      218       25      250  S
      9      1   3.5298883925166807D-01 7.3D-09 0.0D+00 4.9D-03 0.0D+00       24      207       24      240  S
      9      1   3.5299651362089196D-01 4.1D-09 0.0D+00 2.2D-05 0.0D+00       26      184       26      260  S
      9      1   3.5299765883668377D-01 3.7D-09 0.0D+00 1.9D-05 0.0D+00       25      183       25      250  S
      9      1   3.5298916777219569D-01 8.3D-09 0.0D+00 1.9D-01 0.0D+00       22      171       22      220  S
      9      1   3.5298716929215251D-01 8.1D-09 0.0D+00 3.6D-06 0.0D+00       24      195       24      240  S
      9      1   3.5299859419248986D-01 4.0D-09 0.0D+00 2.1D-05 0.0D+00       25      187       25      250  S
      9      1   3.5298732501111074D-01 8.3D-09 0.0D+00 1.9D-01 0.0D+00       24      159       24      240  S
      9      1   3.5299486403917185D-01 4.7D-09 0.0D+00 2.9D-01 0.0D+00       26      169       26      260  S
      9      1   3.5299486412636810D-01 4.7D-09 0.0D+00 2.9D-01 0.0D+00       26      175       26      260  S
      9      1   3.5300549293636918D-01 3.7D-09 0.0D+00 1.9D-05 0.0D+00       23      183       23      230  S
      9      1   8.4594088045038984D-01 0.0D+00 0.0D+00 8.5D-01 0.0D+00        3       34        3       30  S
      9      1   3.5299654340151526D-01 4.8D-09 0.0D+00 2.9D-01 0.0D+00       25      208       25      250  S
      9      1   3.5299082887680439D-01 7.3D-09 0.0D+00 2.7D-05 0.0D+00       24      214       24      240  S
      9      1   3.5298757219821586D-01 8.9D-09 0.0D+00 7.1D-05 0.0D+00       25      225       25      250  S
      9      1   3.5298883854118457D-01 7.3D-09 0.0D+00 4.9D-03 0.0D+00       24      215       24      240  S
      9      1   3.5299936602160581D-01 3.7D-09 0.0D+00 1.9D-05 0.0D+00       25      213       25      250  S
      9      1   3.5298729010568003D-01 8.3D-09 0.0D+00 1.9D-01 0.0D+00       24      193       24      240  S
      9      1   3.5301510018936494D-01 3.7D-09 0.0D+00 1.9D-05 0.0D+00       25      203       25      250  S
      9      1   3.5298578975324657D-01 8.8D-09 0.0D+00 8.0D-02 0.0D+00       26      186       26      260  S
      9      1   3.5300945094395436D-01 8.1D-09 0.0D+00 1.0D-05 0.0D+00       23      196       23      230  S
      9      1   3.5299736864387965D-01 3.8D-09 0.0D+00 1.9D-05 0.0D+00       26      243       26      260  S
      9      1   3.5298725514127172D-01 8.2D-09 0.0D+00 1.9D-01 0.0D+00       22      145       22      220  S
      9      1   3.5299668752721775D-01 7.3D-09 0.0D+00 4.3D-03 0.0D+00       24      209       24      240  S
      9      1   3.5301436842935729D-01 8.3D-09 0.0D+00 6.3D-05 0.0D+00       24      207       24      240  S
      9      1   3.5298718999159151D-01 8.1D-09 0.0D+00 6.2D-05 0.0D+00       24      177       24      240  S
      9      1   3.5301510753636156D-01 3.7D-09 0.0D+00 1.9D-05 0.0D+00       25      213       25      250  S
      9      1   3.5298675220985698D-01 8.3D-09 0.0D+00 2.4D-02 0.0D+00       25      175       25      250  S
      9      1   3.5299937046235552D-01 3.7D-09 0.0D+00 1.9D-05 0.0D+00       25      218       25      250  S
      9      1   6.0119912897619276D-01 2.2D-16 0.0D+00 6.0D-01 0.0D+00        3       29        3       30  S
      9      1   3.5299840786696113D-01 3.4D-09 0.0D+00 1.6D-05 0.0D+00       25      220       25      250  S
      9      1   3.5300047409995960D-01 3.4D-09 0.0D+00 1.6D-05 0.0D+00       25      177       25      250  S
      9      1   3.5302029646552707D-01 3.5D-09 0.0D+00 1.8D-05 0.0D+00       25      202       25      250  S
      9      1   3.5299927068739939D-01 3.8D-09 0.0D+00 1.9D-05 0.0D+00       26      233       26      260  S
      9      1   3.5299746898592699D-01 3.7D-09 0.0D+00 1.9D-05 0.0D+00       25      177       25      250  S
      9      1   3.5299714717231107D-01 3.8D-09 0.0D+00 2.0D-05 0.0D+00       25      175       25      250  S
      9      1   3.5302868897034673D-01 3.4D-09 0.0D+00 1.7D-05 0.0D+00       25      171       25      250  S
      9      1   3.5299677221321396D-01 4.0D-09 0.0D+00 2.1D-05 0.0D+00       25      210       25      250  S
      9      1   3.5298740059733763D-01 9.0D-09 0.0D+00 7.2D-05 0.0D+00       25      213       25      250  S
      9      1   3.5298807595159504D-01 8.1D-09 0.0D+00 4.2D-02 0.0D+00       25      162       25      250  S
      9      1   3.5299957133158766D-01 3.7D-09 0.0D+00 1.9D-05 0.0D+00       25      182       25      250  S
      9      1   3.5301442546873013D-01 8.1D-09 0.0D+00 6.2D-05 0.0D+00       24      177       24      240  S
      9      1   3.5300933762716624D-01 8.2D-09 0.0D+00 6.3D-05 0.0D+00       22      163       22      220  S
      9      1   3.5301513795580930D-01 3.7D-09 0.0D+00 1.9D-05 0.0D+00       25      194       25      250  S
      9      1   3.5299749380375750D-01 3.7D-09 0.0D+00 1.9D-05 0.0D+00       25      180       25      250  S
      9      1   3.5300481076774859D-01 8.1D-09 0.0D+00 4.7D-06 0.0D+00       24      184       24      240  S
      9      1   3.5300953864193668D-01 8.2D-09 0.0D+00 1.9D-01 0.0D+00       24      166       24      240  S
      9      1   3.5299957636195539D-01 3.7D-09 0.0D+00 1.9D-05 0.0D+00       25      244       25      250  S
      9      1   3.5298907183335149D-01 8.1D-09 0.0D+00 6.8D-06 0.0D+00       24      201       24      240  S
      9      1   3.5299746701330659D-01 3.7D-09 0.0D+00 1.9D-05 0.0D+00       25      203       25      250  S
      9      1   3.5298725051467716D-01 8.2D-09 0.0D+00 1.9D-01 0.0D+00       22      162       22      220  S
      9      1   3.5299956984261804D-01 3.7D-09 0.0D+00 1.9D-05 0.0D+00       25      212       25      250  S
      9      1   3.5298449230267304D-01 9.6D-09 0.0D+00 7.9D-05 0.0D+00       25      168       25      250  S
      9      1   3.5299746463241999D-01 3.7D-09 0.0D+00 1.9D-05 0.0D+00       25      198       25      250  S
      9      1   3.5300988284023632D-01 8.1D-09 0.0D+00 6.2D-05 0.0D+00       22      175       22      220  S
      9      1   3.5300489096805560D-01 8.2D-09 0.0D+00 1.9D-01 0.0D+00       24      185       24      240  S
      9      1   3.5299746542229560D-01 3.7D-09 0.0D+00 1.9D-05 0.0D+00       23      186       23      230  S
      9      1   3.5300756944935474D-01 3.7D-09 0.0D+00 1.9D-05 0.0D+00       25      203       25      250  S
      9      1   3.5299981187024199D-01 3.6D-09 0.0D+00 1.8D-05 0.0D+00       25      209       25      250  S
      9      1   3.5298907179820660D-01 8.1D-09 0.0D+00 2.5D-06 0.0D+00       24      205       24      240  S
      9      1   3.5299752288705272D-01 3.7D-09 0.0D+00 1.9D-05 0.0D+00       25      202       25      250  S
      9      1   3.5299936779522922D-01 3.7D-09 0.0D+00 1.9D-05 0.0D+00       25      212       25      250  S
      9      1   3.5298666839622794D-01 8.4D-09 0.0D+00 6.5D-05 0.0D+00       24      192       24      240  S
      9      1   3.5300047630836873D-01 3.4D-09 0.0D+00 1.6D-05 0.0D+00       25      177       25      250  S
      9      1   3.5298762805697131D-01 8.9D-09 0.0D+00 7.1D-05 0.0D+00       25      216       25      250  S
      9      1   3.5300336635401652D-01 8.9D-09 0.0D+00 7.1D-05 0.0D+00       25      220       25      250  S
      9      1   3.5299943387544247D-01 3.7D-09 0.0D+00 1.9D-05 0.0D+00       25      170       25      250  S
      9      1   3.5299753534726452D-01 3.7D-09 0.0D+00 1.9D-05 0.0D+00       25      180       25      250  S
      9      1   3.5300903034317854D-01 8.3D-09 0.0D+00 4.5D-03 0.0D+00       24      171       24      240  S
      9      1   3.5301131759292076D-01 5.1D-09 0.0D+00 3.1D-05 0.0D+00       25      183       25      250  S
      9      1   3.5301530122843305D-01 3.7D-09 0.0D+00 1.9D-05 0.0D+00       25      215       25      250  S
      9      1   3.5299951980762334D-01 3.7D-09 0.0D+00 1.8D-05 0.0D+00       25      188       25      250  S
      9      1   3.5298890653112008D-01 8.2D-09 0.0D+00 6.3D-05 0.0D+00       24      190       24      240  S
      9      1   3.5298682669521314D-01 8.3D-09 0.0D+00 6.4D-05 0.0D+00       24      247       24      240  S
      9      1   3.5298639629756240D-01 9.6D-09 0.0D+00 7.9D-05 0.0D+00       25      223       25      250  S
      9      1   3.5300047017890251D-01 3.4D-09 0.0D+00 1.6D-05 0.0D+00       25      171       25      250  S
      9      1   3.5299635339175817D-01 4.1D-09 0.0D+00 2.2D-05 0.0D+00       25      198       25      250  S
      9      1   3.5298656693177871D-01 9.5D-09 0.0D+00 7.8D-05 0.0D+00       24      187       24      240  S
      9      1   3.5298440863049418D-01 9.6D-09 0.0D+00 7.9D-05 0.0D+00       25      190       25      250  S
      9      1   3.5298440868959124D-01 9.6D-09 0.0D+00 7.9D-05 0.0D+00       25      227       25      250  S
      9      1   3.5298674828361998D-01 8.3D-09 0.0D+00 4.5D-03 0.0D+00       24      187       24      240  S
      9      1   3.5299085183580992D-01 7.2D-09 0.0D+00 1.3D-03 0.0D+00       24      213       24      240  S
      9      1   3.5301415480841047D-01 4.1D-09 0.0D+00 2.2D-05 0.0D+00       26      183       26      260  S
      9      1   3.5298849377194036D-01 7.5D-09 0.0D+00 5.5D-05 0.0D+00       24      174       24      240  S
      9      1   3.5298997953939210D-01 8.1D-09 0.0D+00 4.0D-02 0.0D+00       25      180       25      250  S
      9      1   3.5299942609534946D-01 3.7D-09 0.0D+00 1.9D-05 0.0D+00       25      177       25      250  S
      9      1   3.5300293632987623D-01 9.1D-09 0.0D+00 7.4D-05 0.0D+00       25      183       25      250  S
      9      1   3.5298807655892356D-01 8.1D-09 0.0D+00 4.2D-02 0.0D+00       25      163       25      250  S
      9      1   3.5299838116593657D-01 4.1D-09 0.0D+00 2.2D-05 0.0D+00       25      171       25      250  S
      9      1   3.5299841368194151D-01 3.4D-09 0.0D+00 1.6D-05 0.0D+00       25      190       25      250  S
      9      1   3.5298706732721008D-01 8.2D-09 0.0D+00 6.3D-05 0.0D+00       24      193       24      240  S
      9      1   3.5299766332003796D-01 3.7D-09 0.0D+00 1.9D-05 0.0D+00       25      197       25      250  S
      9      1   3.5298716925960855D-01 8.1D-09 0.0D+00 4.0D-06 0.0D+00       25      256       25      250  S
      9      1   3.5299237296717106D-01 9.5D-09 0.0D+00 7.9D-05 0.0D+00       25      190       25      250  S
      9      1   3.5298716998707119D-01 8.1D-09 0.0D+00 6.2D-05 0.0D+00       25      208       25      250  S
      9      1   3.5299957108112145D-01 3.7D-09 0.0D+00 1.9D-05 0.0D+00       25      180       25      250  S
      9      1   3.5299727588736995D-01 8.1D-09 0.0D+00 4.4D-06 0.0D+00       24      200       24      240  S
      9      1   3.5300945102046805D-01 8.1D-09 0.0D+00 4.2D-07 0.0D+00       24      187       24      240  S
      9      1   3.5301185489027209D-01 9.5D-09 0.0D+00 7.8D-05 0.0D+00       25      186       25      250  S
      9      1   3.5300481078944973D-01 8.1D-09 0.0D+00 9.0D-08 0.0D+00       24      205       24      240  S
      9      1   3.5301400875000799D-01 4.1D-09 0.0D+00 2.2D-05 0.0D+00       25      234       25      250  S
      9      1   3.5299765932650007D-01 3.7D-09 0.0D+00 1.9D-05 0.0D+00       25      197       25      250  S
      9      1   3.5298619036706452D-01 8.6D-09 0.0D+00 6.8D-05 0.0D+00       25      182       25      250  S
      9      1   3.5299971696671056D-01 3.6D-09 0.0D+00 1.8D-05 0.0D+00       25      198       25      250  S
      9      1   3.5298887924503103D-01 8.2D-09 0.0D+00 2.7D-03 0.0D+00       24      192       24      240  S
      9      1   3.5299355365066504D-01 8.9D-09 0.0D+00 7.1D-05 0.0D+00       23      187       23      230  S
      9      1   3.5302534572492467D-01 4.7D-09 0.0D+00 2.9D-01 0.0D+00       26      224       26      260  S
      9      1   3.5298905056919699D-01 8.1D-09 0.0D+00 6.2D-05 0.0D+00       24      181       24      240  S
      9      1   3.5299766142695382D-01 3.7D-09 0.0D+00 1.9D-05 0.0D+00       25      195       25      250  S
      9      1   3.5299765912713299D-01 3.7D-09 0.0D+00 1.9D-05 0.0D+00       25      207       25      250  S
      9      1   3.5299765924380022D-01 3.7D-09 0.0D+00 1.9D-05 0.0D+00       25      177       25      250  S
      9      1   3.5301762475088760D-01 6.6D-09 0.0D+00 4.5D-05 0.0D+00       25      196       25      250  S
      9      1   3.5300033172806544D-01 3.4D-09 0.0D+00 1.6D-05 0.0D+00       25      232       25      250  S
      9      1   3.5299752235219400D-01 3.7D-09 0.0D+00 1.9D-05 0.0D+00       25      192       25      250  S
      9      1   3.5299647876301576D-01 4.1D-09 0.0D+00 2.2D-05 0.0D+00       25      185       25      250  S
      9      1   3.5298715315440604D-01 8.1D-09 0.0D+00 6.2D-05 0.0D+00       24      163       24      240  S
      9      1   3.5299746746059524D-01 3.7D-09 0.0D+00 1.9D-05 0.0D+00       25      194       25      250  S
      9      1   3.5300763739355634D-01 3.7D-09 0.0D+00 1.9D-05 0.0D+00       23      160       23      230  S
      9      1   3.5299644595450874D-01 4.1D-09 0.0D+00 2.2D-05 0.0D+00       25      194       25      250  S
      9      1   3.5299777903413049D-01 3.6D-09 0.0D+00 1.8D-05 0.0D+00       25      195       25      250  S
      9      1   3.5299994085916253D-01 3.5D-09 0.0D+00 1.8D-05 0.0D+00       26      229       26      260  S
      9      1   3.5299725513744240D-01 8.1D-09 0.0D+00 6.2D-05 0.0D+00       23      176       23      230  S
      9      1   3.5299943783100940D-01 3.7D-09 0.0D+00 1.9D-05 0.0D+00       25      192       25      250  S
      9      1   3.5300947102612723D-01 8.1D-09 0.0D+00 3.2D-03 0.0D+00       25      221       25      250  S
      9      1   3.5299291050631409D-01 6.3D-09 0.0D+00 4.2D-05 0.0D+00       25      205       25      250  S
      9      1   3.5302075583138137D-01 3.4D-09 0.0D+00 1.6D-05 0.0D+00       24      181       24      240  S
      9      1   3.5299739124524449D-01 3.7D-09 0.0D+00 1.9D-05 0.0D+00       24      241       24      240  S
      9      1   3.5298463822308956D-01 9.5D-09 0.0D+00 7.8D-05 0.0D+00       24      166       24      240  S
      9      1   3.5298725281197096D-01 8.2D-09 0.0D+00 1.9D-01 0.0D+00       24      181       24      240  S
      9      1   3.5299765934419636D-01 3.7D-09 0.0D+00 1.9D-05 0.0D+00       25      200       25      250  S
      9      1   3.5299640951656236D-01 4.1D-09 0.0D+00 2.2D-05 0.0D+00       25      196       25      250  S
      9      1   3.5302786536999042D-01 3.7D-09 0.0D+00 1.9D-05 0.0D+00       26      228       26      260  S
      9      1   3.5301516327221660D-01 3.7D-09 0.0D+00 1.9D-05 0.0D+00       25      214       25      250  S
      9      1   3.5298725283665977D-01 8.2D-09 0.0D+00 1.9D-01 0.0D+00       24      169       24      240  S
      9      1   3.5301869067729436D-01 4.1D-09 0.0D+00 2.2D-05 0.0D+00       25      192       25      250  S
      9      1   3.5298705660488666D-01 8.2D-09 0.0D+00 6.3D-05 0.0D+00       24      218       24      240  S
      9      1   3.5301758297743924D-01 8.1D-09 0.0D+00 5.4D-07 0.0D+00       24      170       24      240  S
      9      1   3.5299766005593430D-01 3.7D-09 0.0D+00 1.9D-05 0.0D+00       25      173       25      250  S
      9      1   3.5298716924717899D-01 8.1D-09 0.0D+00 4.5D-06 0.0D+00       24      200       24      240  S
      9      1   3.5298725225967958D-01 8.2D-09 0.0D+00 1.9D-01 0.0D+00       24      167       24      240  S
      9      1   3.5299640672145149D-01 4.1D-09 0.0D+00 2.2D-05 0.0D+00       25      185       25      250  S
      9      1   3.5299957790112513D-01 3.7D-09 0.0D+00 1.9D-05 0.0D+00       25      216       25      250  S
      9      1   3.5300011344776860D-01 3.5D-09 0.0D+00 1.7D-05 0.0D+00       25      185       25      250  S
      9      1   3.5299764619203355D-01 3.7D-09 0.0D+00 1.9D-05 0.0D+00       25      188       25      250  S
      9      1   3.5299745194607235D-01 3.7D-09 0.0D+00 1.9D-05 0.0D+00       25      196       25      250  S
      9      1   3.5298860214038497D-01 8.4D-09 0.0D+00 2.8D-01 0.0D+00       25      235       25      250  S
      9      1   3.5298716924830670D-01 8.1D-09 0.0D+00 7.8D-06 0.0D+00       25      259       25      250  S
      9      1   3.5299943602587724D-01 3.7D-09 0.0D+00 1.9D-05 0.0D+00       25      180       25      250  S
      9      1   3.5299957086408740D-01 3.7D-09 0.0D+00 1.9D-05 0.0D+00       25      271       25      250  S
      9      1   3.5299826134229151D-01 3.5D-09 0.0D+00 1.6D-05 0.0D+00       25      192       25      250  S
      9      1   3.5300913418952945D-01 8.3D-09 0.0D+00 2.0D-02 0.0D+00       24      162       24      240  S
      9      1   3.5298677797814593D-01 8.3D-09 0.0D+00 6.4D-05 0.0D+00       26      221       26      260  S
      9      1   3.5301715997187655D-01 8.3D-09 0.0D+00 4.7D-03 0.0D+00       24      177       24      240  S
      9      1   3.5298548154152787D-01 9.0D-09 0.0D+00 7.2D-05 0.0D+00       25      173       25      250  S
      9      1   3.5298716925960893D-01 8.1D-09 0.0D+00 4.8D-06 0.0D+00       25      229       25      250  S
      9      1   3.5299832395065983D-01 4.1D-09 0.0D+00 2.2D-05 0.0D+00       23      185       23      230  S
      9      1   3.5299958107469281D-01 3.7D-09 0.0D+00 1.9D-05 0.0D+00       25      211       25      250  S
      9      1   3.5299744619318407D-01 3.7D-09 0.0D+00 1.9D-05 0.0D+00       26      205       26      260  S
      9      1   3.5299640979396457D-01 4.1D-09 0.0D+00 2.2D-05 0.0D+00       25      198       25      250  S
      9      1   3.5298631441980644D-01 9.6D-09 0.0D+00 7.9D-05 0.0D+00       25      222       25      250  S
      9      1   3.5298588917866508D-01 1.0D-08 0.0D+00 3.9D-01 0.0D+00       24      175       24      240  S
      9      1   3.5300723249409049D-01 9.6D-09 0.0D+00 7.9D-05 0.0D+00       23      210       23      230  S
      9      1   3.5298998394489300D-01 8.1D-09 0.0D+00 4.0D-02 0.0D+00       25      172       25      250  S
      9      1   4.3238062922352594D-01 8.5D-09 0.0D+00 5.9D-09 0.0D+00       21      272       21      210  S
      9      1   3.5299746361927109D-01 3.7D-09 0.0D+00 1.9D-05 0.0D+00       25      216       25      250  S
      9      1   3.5300439712144493D-01 4.0D-09 0.0D+00 2.2D-05 0.0D+00       24      180       24      240  S
      9      1   3.5298997965132145D-01 8.1D-09 0.0D+00 4.0D-02 0.0D+00       25      180       25      250  S
      9      1   3.5300571718760976D-01 8.1D-09 0.0D+00 4.5D-02 0.0D+00       25      183       25      250  S
      9      1   3.5301877439400864D-01 4.1D-09 0.0D+00 2.2D-05 0.0D+00       25      168       25      250  S
      9      1   3.5301510415568071D-01 3.7D-09 0.0D+00 1.9D-05 0.0D+00       25      188       25      250  S
      9      1   3.5301869107265443D-01 4.1D-09 0.0D+00 2.2D-05 0.0D+00       25      196       25      250  S
      9      1   3.5298892491000256D-01 7.3D-09 0.0D+00 2.1D-04 0.0D+00       24      232       24      240  S
      9      1   3.5298729497630887D-01 9.1D-09 0.0D+00 7.3D-05 0.0D+00       24      184       24      240  S
      9      1   3.5299942480901936D-01 3.7D-09 0.0D+00 1.9D-05 0.0D+00       25      207       25      250  S
      9      1   3.5301529883624000D-01 3.7D-09 0.0D+00 1.9D-05 0.0D+00       25      201       25      250  S
      9      1   3.5299508516013195D-01 8.2D-09 0.0D+00 1.9D-01 0.0D+00       24      179       24      240  S
      9      1   3.5298449209653110D-01 9.6D-09 0.0D+00 7.9D-05 0.0D+00       25      174       25      250  S
      9      1   3.5299564993996813D-01 7.8D-09 0.0D+00 5.8D-05 0.0D+00       25      208       25      250  S
      9      1   3.5300529879853032D-01 3.7D-09 0.0D+00 1.9D-05 0.0D+00       25      200       25      250  S
      9      1   3.5299500752345425D-01 8.1D-09 0.0D+00 8.1D-06 0.0D+00       25      249       25      250  S
      9      1   3.5299768015471117D-01 3.6D-09 0.0D+00 1.9D-05 0.0D+00       25      203       25      250  S
      9      1   3.5299927059446312D-01 3.8D-09 0.0D+00 1.9D-05 0.0D+00       26      229       26      260  S
      9      1   3.5298714353698707D-01 8.3D-09 0.0D+00 1.9D-01 0.0D+00       24      176       24      240  S
      9      1   3.5299500753685337D-01 8.1D-09 0.0D+00 4.8D-06 0.0D+00       25      211       25      250  S
      9      1   3.5302899211333066D-01 3.3D-09 0.0D+00 1.6D-05 0.0D+00       25      177       25      250  S
      9      1   3.5300990784544112D-01 8.1D-09 0.0D+00 1.6D-06 0.0D+00       23      200       23      230  S
      9      1   3.5298904554436278D-01 8.1D-09 0.0D+00 6.2D-05 0.0D+00       24      181       24      240  S
      9      1   3.5300530420915116D-01 3.7D-09 0.0D+00 1.9D-05 0.0D+00       25      211       25      250  S
      9      1   3.5298653450696088D-01 9.5D-09 0.0D+00 7.8D-05 0.0D+00       24      170       24      240  S
      9      1   3.5301510390367097D-01 3.7D-09 0.0D+00 1.9D-05 0.0D+00       25      212       25      250  S
      9      1   3.5301190795052168D-01 9.5D-09 0.0D+00 7.8D-05 0.0D+00       24      179       24      240  S
      9      1   3.5299813054380469D-01 3.5D-09 0.0D+00 1.7D-05 0.0D+00       25      175       25      250  S
      9      1   3.5298883833165573D-01 7.3D-09 0.0D+00 4.9D-03 0.0D+00       24      195       24      240  S
      9      1   3.5299753344282336D-01 3.7D-09 0.0D+00 1.9D-05 0.0D+00       25      166       25      250  S
      9      1   3.5302462881676433D-01 5.0D-09 0.0D+00 3.0D-01 0.0D+00       25      196       25      250  S
      9      1   3.5300945100907061D-01 8.1D-09 0.0D+00 1.1D-06 0.0D+00       24      159       24      240  S
      9      1   3.5301151072122772D-01 5.1D-09 0.0D+00 3.1D-05 0.0D+00       25      200       25      250  S
      9      1   3.5299766106110242D-01 3.7D-09 0.0D+00 1.9D-05 0.0D+00       25      185       25      250  S
      9      1   3.5298961061466810D-01 7.9D-09 0.0D+00 5.9D-05 0.0D+00       25      200       25      250  S
      9      1   3.5302016526442515D-01 3.7D-09 0.0D+00 1.9D-05 0.0D+00       25      178       25      250  S
      9      1   3.5298997956460920D-01 8.1D-09 0.0D+00 4.0D-02 0.0D+00       25      173       25      250  S
      9      1   3.5301530272933029D-01 3.7D-09 0.0D+00 1.9D-05 0.0D+00       25      192       25      250  S
      9      1   3.5299826477385965D-01 4.1D-09 0.0D+00 2.2D-05 0.0D+00       25      211       25      250  S
      9      1   3.5298907179845807D-01 8.1D-09 0.0D+00 4.2D-06 0.0D+00       25      233       25      250  S
      9      1   3.5299746464258785D-01 3.7D-09 0.0D+00 1.9D-05 0.0D+00       25      199       25      250  S
      9      1   3.5299857507690935D-01 4.0D-09 0.0D+00 2.1D-05 0.0D+00       25      181       25      250  S
      9      1   3.5299753960919433D-01 3.7D-09 0.0D+00 1.9D-05 0.0D+00       25      196       25      250  S
      9      1   3.5301980367362623D-01 3.7D-09 0.0D+00 1.9D-05 0.0D+00       25      207       25      250  S
      9      1   3.5301981332969862D-01 3.7D-09 0.0D+00 1.9D-05 0.0D+00       25      182       25      250  S
      9      1   3.5298984534674499D-01 7.7D-09 0.0D+00 4.3D-06 0.0D+00       26      273       26      260  S
      9      1   3.5299940573543609D-01 3.7D-09 0.0D+00 1.9D-05 0.0D+00       25      202       25      250  S
      9      1   3.5302014844405344D-01 3.7D-09 0.0D+00 1.9D-05 0.0D+00       24      199       24      240  S
      9      1   3.5298713204273380D-01 8.1D-09 0.0D+00 3.3D-05 0.0D+00       25      222       25      250  S
      9      1   3.5298977289417000D-01 7.8D-09 0.0D+00 5.1D-06 0.0D+00       25      204       25      250  S
      9      1   3.5301501634074151D-01 3.8D-09 0.0D+00 1.9D-05 0.0D+00       26      242       26      260  S
      9      1   3.5302366963438297D-01 4.1D-09 0.0D+00 2.2D-05 0.0D+00       25      200       25      250  S
      9      1   3.5299217714306058D-01 9.6D-09 0.0D+00 8.0D-05 0.0D+00       23      179       23      230  S
      9      1   3.5300481076364287D-01 8.1D-09 0.0D+00 1.6D-06 0.0D+00       25      210       25      250  S
      9      1   4.3236756420160127D-01 8.5D-09 0.0D+00 1.2D-07 0.0D+00       24      201       24      240  S
      9      1   3.5299651330179799D-01 4.1D-09 0.0D+00 2.2D-05 0.0D+00       26      186       26      260  S
      9      1   3.5301814184403407D-01 8.1D-09 0.0D+00 2.6D-09 0.0D+00       22      124       22      220  S
      9      1   3.5299589654752844D-01 9.5D-09 0.0D+00 7.8D-05 0.0D+00       25      184       25      250  S
      9      1   3.5298997950532984D-01 8.1D-09 0.0D+00 4.0D-02 0.0D+00       25      175       25      250  S
      9      1   3.5299640937332749D-01 4.1D-09 0.0D+00 2.2D-05 0.0D+00       25      203       25      250  S
      9      1   3.5301981449243192D-01 3.7D-09 0.0D+00 1.9D-05 0.0D+00       25      178       25      250  S
      9      1   3.5299752384586436D-01 3.7D-09 0.0D+00 1.9D-05 0.0D+00       25      170       25      250  S
      9      1   3.5298916538253722D-01 8.2D-09 0.0D+00 1.9D-01 0.0D+00       24      173       24      240  S
      9      1   3.5300213298374505D-01 9.6D-09 0.0D+00 7.9D-05 0.0D+00       25      178       25      250  S
      9      1   3.5301868955266585D-01 4.1D-09 0.0D+00 2.2D-05 0.0D+00       25      223       25      250  S
      9      1   3.5299746543585275D-01 3.7D-09 0.0D+00 1.9D-05 0.0D+00       25      204       25      250  S
      9      1   3.5298583519503668D-01 8.8D-09 0.0D+00 7.0D-05 0.0D+00       25      222       25      250  S
      9      1   3.5301443690139894D-01 8.1D-09 0.0D+00 3.7D-06 0.0D+00       24      194       24      240  S
      9      1   3.5298715107953471D-01 8.1D-09 0.0D+00 6.2D-05 0.0D+00       24      170       24      240  S
      9      1   3.5300549441663803D-01 3.7D-09 0.0D+00 1.9D-05 0.0D+00       25      206       25      250  S
      9      1   3.5300669058457629D-01 9.6D-09 0.0D+00 7.9D-05 0.0D+00       24      174       24      240  S
      9      1   3.5298893851624669D-01 8.2D-09 0.0D+00 6.3D-05 0.0D+00       24      198       24      240  S
      9      1   3.5300381718551649D-01 8.6D-09 0.0D+00 5.8D-02 0.0D+00       24      169       24      240  S
      9      1   3.5299739189958246D-01 3.7D-09 0.0D+00 1.9D-05 0.0D+00       26      235       26      260  S
      9      1   3.5298568598592339D-01 9.9D-09 0.0D+00 8.4D-05 0.0D+00       25      180       25      250  S
      9      1   3.5302138169047187D-01 5.1D-09 0.0D+00 2.8D-01 0.0D+00       24      183       24      240  S
      9      1   3.5299832023216549D-01 4.1D-09 0.0D+00 2.2D-05 0.0D+00       25      203       25      250  S
      9      1   3.5298716930184731D-01 8.1D-09 0.0D+00 3.7D-06 0.0D+00       25      185       25      250  S
      9      1   3.5298725509223389D-01 8.2D-09 0.0D+00 1.9D-01 0.0D+00       24      157       24      240  S
      9      1   3.5301869280018544D-01 4.1D-09 0.0D+00 2.2D-05 0.0D+00       25      192       25      250  S
      9      1   3.5299508458575146D-01 8.2D-09 0.0D+00 1.9D-01 0.0D+00       24      170       24      240  S
      9      1   3.5299655699164439D-01 4.0D-09 0.0D+00 2.2D-05 0.0D+00       25      198       25      250  S
      9      1   3.5301869203907882D-01 4.1D-09 0.0D+00 2.2D-05 0.0D+00       25      215       25      250  S
      9      1   3.5299765981853753D-01 3.7D-09 0.0D+00 1.9D-05 0.0D+00       23      173       23      230  S
      9      1   3.5299752416242758D-01 3.7D-09 0.0D+00 1.9D-05 0.0D+00       25      181       25      250  S
      9      1   3.5298916379546813D-01 8.2D-09 0.0D+00 1.9D-01 0.0D+00       24      180       24      240  S
      9      1   3.5299941113272615D-01 3.7D-09 0.0D+00 1.9D-05 0.0D+00       25      198       25      250  S
      9      1   3.5298837896894686D-01 8.5D-09 0.0D+00 6.6D-05 0.0D+00       24      195       24      240  S
      9      1   3.5299737517278679D-01 3.8D-09 0.0D+00 1.9D-05 0.0D+00       26      224       26      260  S
      9      1   3.5299746926213488D-01 3.7D-09 0.0D+00 1.9D-05 0.0D+00       25      167       25      250  S
      9      1   3.5301746214057600D-01 8.2D-09 0.0D+00 6.3D-05 0.0D+00       24      163       24      240  S
      9      1   3.5299746445633412D-01 3.7D-09 0.0D+00 1.9D-05 0.0D+00       25      185       25      250  S
      9      1   3.5298449206191823D-01 9.6D-09 0.0D+00 7.9D-05 0.0D+00       25      199       25      250  S
      9      1   3.5298916393677743D-01 8.2D-09 0.0D+00 1.9D-01 0.0D+00       24      162       24      240  S
      9      1   3.5298762792638871D-01 8.9D-09 0.0D+00 7.1D-05 0.0D+00       24      215       24      240  S
      9      1   3.5300213810008835D-01 9.5D-09 0.0D+00 7.9D-05 0.0D+00       24      187       24      240  S
      9      1   3.5300945098482522D-01 8.1D-09 0.0D+00 3.4D-06 0.0D+00       25      206       25      250  S
