     11      1   3.0417199421170615D-01 6.7D-09 0.0D+00 2.6D-09 0.0D+00       22      112       22      220  S
     11      1   3.0417952130951498D-01 6.7D-09 0.0D+00 8.9D-09 0.0D+00       22      126       22      220  S
     11      1   3.0418783718156883D-01 6.7D-09 0.0D+00 9.2D-09 0.0D+00       22      127       22      220  S
     11      1   3.0417952130958087D-01 6.7D-09 0.0D+00 7.7D-09 0.0D+00       22      133       22      220  S
     11      1   3.0417465836479002D-01 6.7D-09 0.0D+00 7.7D-09 0.0D+00       22      118       22      220  S
     11      1   3.0417453281849105D-01 6.7D-09 0.0D+00 6.2D-09 0.0D+00       22      129       22      220  S
     11      1   3.0417952130954257D-01 6.7D-09 0.0D+00 4.9D-10 0.0D+00       22      121       22      220  S
     11      1   3.0417453281853474D-01 6.7D-09 0.0D+00 9.6D-09 0.0D+00       22      121       22      220  S
     11      1   3.5299727523666641D-01 8.1D-09 0.0D+00 1.4D-09 0.0D+00       22      172       22      220  S
     11      1   3.0417453281846407D-01 6.7D-09 0.0D+00 1.5D-10 0.0D+00       22      127       22      220  S
     11      1   3.0417453281841450D-01 6.7D-09 0.0D+00 1.0D-09 0.0D+00       22      128       22      220  S
     11      1   3.0417465836481022D-01 6.7D-09 0.0D+00 5.6D-09 0.0D+00       22      123       22      220  S
     11      1   3.0417453281850881D-01 6.7D-09 0.0D+00 4.2D-09 0.0D+00       22      136       22      220  S
     11      1   3.0417453281838230D-01 6.7D-09 0.0D+00 3.6D-09 0.0D+00       22      123       22      220  S
     11      1   3.0418062830320208D-01 6.7D-09 0.0D+00 2.4D-09 0.0D+00       22      118       22      220  S
     11      1   3.0418062830279208D-01 6.7D-09 0.0D+00 4.4D-09 0.0D+00       20      108       20      200  S
     11      1   3.0418130343078947D-01 6.7D-09 0.0D+00 5.9D-09 0.0D+00       22      128       22      220  S
     11      1   3.0417807082355225D-01 6.7D-09 0.0D+00 6.3D-09 0.0D+00       22      120       22      220  S
     11      1   3.0418376353318816D-01 6.7D-09 0.0D+00 8.3D-09 0.0D+00       22      123       22      220  S
     11      1   3.0417952130950598D-01 6.7D-09 0.0D+00 4.4D-09 0.0D+00       22      117       22      220  S
     11      1   3.0417952130955306D-01 6.7D-09 0.0D+00 8.2D-09 0.0D+00       22      125       22      220  S
     11      1   3.0418060575679590D-01 6.7D-09 0.0D+00 1.9D-09 0.0D+00       22      115       22      220  S
     11      1   3.0418570576594806D-01 6.7D-09 0.0D+00 6.1D-09 0.0D+00       22      126       22      220  S
     11      1   3.0418783718154901D-01 6.7D-09 0.0D+00 4.4D-09 0.0D+00       22      122       22      220  S
     11      1   3.0417465836356311D-01 6.7D-09 0.0D+00 2.0D-09 0.0D+00       22      123       22      220  S
     11      1   3.0417199421172070D-01 6.7D-09 0.0D+00 7.0D-09 0.0D+00       22      120       22      220  S
     11      1   3.0417465836349578D-01 6.7D-09 0.0D+00 1.8D-09 0.0D+00       22      120       22      220  S
     11      1   3.0418130343078925D-01 6.7D-09 0.0D+00 5.0D-09 0.0D+00       22      128       22      220  S
     11      1   3.0418570576592147D-01 6.7D-09 0.0D+00 4.9D-09 0.0D+00       22      118       22      220  S
     11      1   3.5299500691525332D-01 8.1D-09 0.0D+00 2.8D-07 0.0D+00       23      159       23      230  S
     11      1   3.0418060575687778D-01 6.7D-09 0.0D+00 3.2D-10 0.0D+00       22      113       22      220  S
     11      1   3.0417453281847806D-01 6.7D-09 0.0D+00 8.1D-09 0.0D+00       22      124       22      220  S
     11      1   3.0417453281827589D-01 6.7D-09 0.0D+00 8.6D-09 0.0D+00       22      127       22      220  S
     11      1   3.0418570576548620D-01 6.7D-09 0.0D+00 4.3D-09 0.0D+00       21      116       21      210  S
     11      1   3.0417952130943943D-01 6.7D-09 0.0D+00 6.3D-09 0.0D+00       22      131       22      220  S
     11      1   3.0418060575692457D-01 6.7D-09 0.0D+00 9.2D-09 0.0D+00       22      118       22      220  S
     11      1   3.0417199421191154D-01 6.7D-09 0.0D+00 5.3D-09 0.0D+00       22      121       22      220  S
     11      1   3.0417465836357455D-01 6.7D-09 0.0D+00 1.2D-09 0.0D+00       22      128       22      220  S
     11      1   3.0417199421185126D-01 6.7D-09 0.0D+00 8.2D-09 0.0D+00       22      122       22      220  S
     11      1   3.0418060575697847D-01 6.7D-09 0.0D+00 6.7D-09 0.0D+00       22      115       22      220  S
     11      1   3.0418130343092742D-01 6.7D-09 0.0D+00 4.8D-10 0.0D+00       22      121       22      220  S
     11      1   3.0417453281849199D-01 6.7D-09 0.0D+00 9.0D-09 0.0D+00       22      126       22      220  S
     11      1   3.0418376353301119D-01 6.7D-09 0.0D+00 5.3D-09 0.0D+00       22      118       22      220  S
     11      1   3.0417807082357351D-01 6.7D-09 0.0D+00 9.5D-09 0.0D+00       22      120       22      220  S
     11      1   3.0418130343072880D-01 6.7D-09 0.0D+00 3.8D-09 0.0D+00       22      119       22      220  S
     11      1   3.0418783718166731D-01 6.7D-09 0.0D+00 9.5D-09 0.0D+00       22      118       22      220  S
     11      1   3.0417465836479035D-01 6.7D-09 0.0D+00 5.4D-09 0.0D+00       22      131       22      220  S
     11      1   3.0418060575693390D-01 6.7D-09 0.0D+00 3.8D-09 0.0D+00       22      121       22      220  S
     11      1   3.0417465836492696D-01 6.7D-09 0.0D+00 9.6D-10 0.0D+00       22      125       22      220  S
     11      1   3.0417465836485275D-01 6.7D-09 0.0D+00 3.2D-09 0.0D+00       22      130       22      220  S
     11      1   3.0417465836501206D-01 6.7D-09 0.0D+00 8.5D-09 0.0D+00       22      125       22      220  S
     11      1   3.0417453281854245D-01 6.7D-09 0.0D+00 9.8D-09 0.0D+00       22      128       22      220  S
     11      1   3.0418130343091493D-01 6.7D-09 0.0D+00 7.0D-09 0.0D+00       22      122       22      220  S
     11      1   3.0417465836341262D-01 6.7D-09 0.0D+00 3.2D-10 0.0D+00       22      118       22      220  S
     11      1   3.0417952130941572D-01 6.7D-09 0.0D+00 7.6D-09 0.0D+00       22      124       22      220  S
     11      1   3.0417199421319502D-01 6.7D-09 0.0D+00 1.6D-09 0.0D+00       22      128       22      220  S
     11      1   3.0417807082353854D-01 6.7D-09 0.0D+00 8.1D-09 0.0D+00       22      132       22      220  S
     11      1   3.0417807082339349D-01 6.7D-09 0.0D+00 5.2D-09 0.0D+00       22      120       22      220  S
     11      1   3.0417453281847295D-01 6.7D-09 0.0D+00 1.0D-09 0.0D+00       22      118       22      220  S
     11      1   3.0417199421177327D-01 6.7D-09 0.0D+00 5.1D-09 0.0D+00       22      120       22      220  S
     11      1   3.0418570576591369D-01 6.7D-09 0.0D+00 3.2D-09 0.0D+00       22      118       22      220  S
     11      1   3.0417453281836959D-01 6.7D-09 0.0D+00 6.0D-09 0.0D+00       22      129       22      220  S
     11      1   3.0417807082330539D-01 6.7D-09 0.0D+00 3.6D-10 0.0D+00       22      126       22      220  S
     11      1   3.0417465836358060D-01 6.7D-09 0.0D+00 5.9D-09 0.0D+00       22      116       22      220  S
     11      1   3.0418376353319809D-01 6.7D-09 0.0D+00 2.6D-10 0.0D+00       22      129       22      220  S
     11      1   3.0417807082349946D-01 6.7D-09 0.0D+00 2.3D-09 0.0D+00       22      119       22      220  S
     11      1   3.0417465836479973D-01 6.7D-09 0.0D+00 6.4D-09 0.0D+00       22      120       22      220  S
     11      1   3.0418062830321874D-01 6.7D-09 0.0D+00 3.0D-11 0.0D+00       22      114       22      220  S
     11      1   3.0417453281841877D-01 6.7D-09 0.0D+00 9.4D-09 0.0D+00       22      125       22      220  S
     11      1   3.0417453281841755D-01 6.7D-09 0.0D+00 8.8D-09 0.0D+00       22      133       22      220  S
     11      1   3.0417453281846096D-01 6.7D-09 0.0D+00 7.8D-09 0.0D+00       22      132       22      220  S
     11      1   3.0417453281844326D-01 6.7D-09 0.0D+00 5.1D-09 0.0D+00       22      129       22      220  S
     11      1   3.0417453281858325D-01 6.7D-09 0.0D+00 7.2D-09 0.0D+00       22      123       22      220  S
     11      1   3.0417453281845452D-01 6.7D-09 0.0D+00 5.6D-09 0.0D+00       22      137       22      220  S
     11      1   3.0417453281843698D-01 6.7D-09 0.0D+00 9.3D-09 0.0D+00       22      129       22      220  S
     11      1   3.0418169888254626D-01 6.7D-09 0.0D+00 7.1D-09 0.0D+00       22      119       22      220  S
     11      1   3.0418062830330894D-01 6.7D-09 0.0D+00 8.8D-09 0.0D+00       22      119       22      220  S
     11      1   3.0417465836476093D-01 6.7D-09 0.0D+00 7.2D-09 0.0D+00       22      125       22      220  S
     11      1   3.5300945035558928D-01 8.1D-09 0.0D+00 2.4D-07 0.0D+00       23      157       23      230  S
     11      1   3.5298717033244087D-01 8.1D-09 0.0D+00 2.6D-01 0.0D+00       24      307       24      240  S
     11      1   3.0417952130953108D-01 6.7D-09 0.0D+00 7.9D-09 0.0D+00       22      123       22      220  S
     11      1   3.0418570576594289D-01 6.7D-09 0.0D+00 5.7D-09 0.0D+00       22      124       22      220  S
     11      1   3.0417199421312952D-01 6.7D-09 0.0D+00 6.5D-10 0.0D+00       22      125       22      220  S
     11      1   3.0418062830277176D-01 6.7D-09 0.0D+00 8.5D-09 0.0D+00       20      108       20      200  S
     11      1   4.3236756420353684D-01 8.5D-09 0.0D+00 2.8D-09 0.0D+00       21      170       21      210  S
     11      1   3.0417952130952908D-01 6.7D-09 0.0D+00 8.5D-10 0.0D+00       22      116       22      220  S
     11      1   3.0417952130948533D-01 6.7D-09 0.0D+00 4.0D-09 0.0D+00       22      111       22      220  S
     11      1   3.0418062830276532D-01 6.7D-09 0.0D+00 7.9D-09 0.0D+00       20      111       20      200  S
     11      1   3.0417952130954029D-01 6.7D-09 0.0D+00 8.8D-10 0.0D+00       22      118       22      220  S
     11      1   3.0417199421186131D-01 6.7D-09 0.0D+00 9.0D-09 0.0D+00       22      124       22      220  S
     11      1   3.0417807082338755D-01 6.7D-09 0.0D+00 1.4D-09 0.0D+00       22      121       22      220  S
     11      1   3.0418060575681799D-01 6.7D-09 0.0D+00 8.0D-09 0.0D+00       22      121       22      220  S
     11      1   3.0417453281850571D-01 6.7D-09 0.0D+00 7.9D-09 0.0D+00       22      127       22      220  S
     11      1   3.0417453281795498D-01 6.7D-09 0.0D+00 8.1D-10 0.0D+00       20      105       20      200  S
     11      1   3.0417199421164182D-01 6.7D-09 0.0D+00 1.3D-10 0.0D+00       22      122       22      220  S
     11      1   3.0417952130957898D-01 6.7D-09 0.0D+00 2.7D-09 0.0D+00       22      119       22      220  S
     11      1   3.0417807082339121D-01 6.7D-09 0.0D+00 4.3D-09 0.0D+00       22      118       22      220  S
     11      1   3.0418570576602216D-01 6.7D-09 0.0D+00 4.3D-09 0.0D+00       22      121       22      220  S
     11      1   3.0418783718152331D-01 6.7D-09 0.0D+00 4.8D-09 0.0D+00       22      122       22      220  S
     11      1   3.0417199421170849D-01 6.7D-09 0.0D+00 8.3D-09 0.0D+00       22      125       22      220  S
     11      1   3.0417465836480034D-01 6.7D-09 0.0D+00 7.4D-09 0.0D+00       22      121       22      220  S
     11      1   3.0418130343091232D-01 6.7D-09 0.0D+00 1.1D-10 0.0D+00       22      122       22      220  S
     11      1   3.0417465836481877D-01 6.7D-09 0.0D+00 5.6D-09 0.0D+00       22      123       22      220  S
     11      1   3.0417465836496110D-01 6.7D-09 0.0D+00 9.0D-09 0.0D+00       22      123       22      220  S
     11      1   3.0418060575688971D-01 6.7D-09 0.0D+00 8.7D-10 0.0D+00       22      116       22      220  S
     11      1   3.5299847767677722D-01 8.1D-09 0.0D+00 3.2D-07 0.0D+00       23      138       23      230  S
     11      1   3.0417453281837875D-01 6.7D-09 0.0D+00 9.2D-09 0.0D+00       22      122       22      220  S
     11      1   3.0417952130944614D-01 6.7D-09 0.0D+00 6.4D-09 0.0D+00       22      122       22      220  S
     11      1   3.0417807082360676D-01 6.7D-09 0.0D+00 2.0D-09 0.0D+00       22      128       22      220  S
     11      1   3.0418062830310660D-01 6.7D-09 0.0D+00 4.6D-09 0.0D+00       22      117       22      220  S
     11      1   3.0417199421177527D-01 6.7D-09 0.0D+00 2.2D-09 0.0D+00       22      121       22      220  S
     11      1   3.5301443626623663D-01 8.1D-09 0.0D+00 1.4D-08 0.0D+00       23      141       23      230  S
     11      1   3.0417807082340226D-01 6.7D-09 0.0D+00 5.3D-09 0.0D+00       22      121       22      220  S
     11      1   3.5300945035954978D-01 8.1D-09 0.0D+00 5.3D-09 0.0D+00       22      143       22      220  S
     11      1   3.0418570576590764D-01 6.7D-09 0.0D+00 7.0D-09 0.0D+00       22      117       22      220  S
     11      1   3.0417453281838425D-01 6.7D-09 0.0D+00 4.9D-09 0.0D+00       22      121       22      220  S
     11      1   3.0417453281840517D-01 6.7D-09 0.0D+00 4.7D-09 0.0D+00       22      132       22      220  S
     11      1   3.0417199421178698D-01 6.7D-09 0.0D+00 4.1D-09 0.0D+00       22      122       22      220  S
     11      1   3.0418062830312581D-01 6.7D-09 0.0D+00 9.0D-09 0.0D+00       22      115       22      220  S
     11      1   3.0417952130955916D-01 6.7D-09 0.0D+00 2.8D-09 0.0D+00       22      128       22      220  S
     11      1   3.0417199421178043D-01 6.7D-09 0.0D+00 8.8D-09 0.0D+00       22      126       22      220  S
     11      1   3.0418783718150438D-01 6.7D-09 0.0D+00 2.6D-10 0.0D+00       22      123       22      220  S
     11      1   3.0417453281841050D-01 6.7D-09 0.0D+00 5.9D-09 0.0D+00       22      119       22      220  S
     11      1   3.0417465836357466D-01 6.7D-09 0.0D+00 7.7D-09 0.0D+00       22      114       22      220  S
     11      1   3.0418060575685407D-01 6.7D-09 0.0D+00 1.9D-09 0.0D+00       22      115       22      220  S
     11      1   3.0418130343094024D-01 6.7D-09 0.0D+00 1.8D-09 0.0D+00       22      127       22      220  S
     11      1   3.0417465836343532D-01 6.7D-09 0.0D+00 1.3D-09 0.0D+00       22      116       22      220  S
     11      1   3.0417199421178137D-01 6.7D-09 0.0D+00 2.2D-09 0.0D+00       22      117       22      220  S
     11      1   3.0417952130943277D-01 6.7D-09 0.0D+00 4.4D-09 0.0D+00       22      120       22      220  S
     11      1   3.0417465836355273D-01 6.7D-09 0.0D+00 4.9D-09 0.0D+00       22      121       22      220  S
     11      1   3.0418570576600606D-01 6.7D-09 0.0D+00 9.5D-10 0.0D+00       22      120       22      220  S
     11      1   3.0417199421176339D-01 6.7D-09 0.0D+00 5.4D-09 0.0D+00       22      116       22      220  S
     11      1   3.0418570576599890D-01 6.7D-09 0.0D+00 8.0D-09 0.0D+00       22      120       22      220  S
     11      1   3.0418169888242591D-01 6.7D-09 0.0D+00 5.9D-09 0.0D+00       22      115       22      220  S
     11      1   3.0417952130949855D-01 6.7D-09 0.0D+00 4.1D-09 0.0D+00       22      121       22      220  S
     11      1   3.0417952130950188D-01 6.7D-09 0.0D+00 2.7D-09 0.0D+00       22      115       22      220  S
     11      1   3.0417465836369023D-01 6.7D-09 0.0D+00 2.6D-09 0.0D+00       22      118       22      220  S
     11      1   3.0417807082330767D-01 6.7D-09 0.0D+00 3.8D-09 0.0D+00       22      118       22      220  S
     11      1   3.0417952130963904D-01 6.7D-09 0.0D+00 1.2D-08 0.0D+00       23      131       23      230  S
     11      1   3.0417199421170782D-01 6.7D-09 0.0D+00 7.6D-09 0.0D+00       22      118       22      220  S
     11      1   3.0417199421160163D-01 6.7D-09 0.0D+00 7.9D-09 0.0D+00       22      118       22      220  S
     11      1   3.5299500692067054D-01 8.1D-09 0.0D+00 1.7D-08 0.0D+00       24      175       24      240  S
     11      1   3.5299500692125063D-01 8.1D-09 0.0D+00 3.6D-09 0.0D+00       22      144       22      220  S
     11      1   3.0417453281836226D-01 6.7D-09 0.0D+00 4.0D-09 0.0D+00       22      128       22      220  S
     11      1   3.0417453281800211D-01 6.7D-09 0.0D+00 1.9D-09 0.0D+00       20      109       20      200  S
     11      1   3.0417465836342905D-01 6.7D-09 0.0D+00 7.0D-09 0.0D+00       22      119       22      220  S
     11      1   3.5300481012906032D-01 8.1D-09 0.0D+00 3.1D-07 0.0D+00       23      161       23      230  S
     11      1   3.0418783718162529D-01 6.7D-09 0.0D+00 8.2D-09 0.0D+00       22      122       22      220  S
     11      1   3.0417465836491397D-01 6.7D-09 0.0D+00 1.3D-08 0.0D+00       23      128       23      230  S
     11      1   3.0418376353334647D-01 6.7D-09 0.0D+00 2.2D-09 0.0D+00       22      125       22      220  S
     11      1   3.0417199421182062D-01 6.7D-09 0.0D+00 6.8D-09 0.0D+00       22      126       22      220  S
     11      1   3.0417453281848178D-01 6.7D-09 0.0D+00 6.7D-09 0.0D+00       22      127       22      220  S
     11      1   3.0417952130968989D-01 6.7D-09 0.0D+00 9.5D-09 0.0D+00       22      115       22      220  S
     11      1   3.0417465836350821D-01 6.7D-09 0.0D+00 4.6D-09 0.0D+00       22      116       22      220  S
     11      1   3.0417453281844614D-01 6.7D-09 0.0D+00 1.3D-09 0.0D+00       22      123       22      220  S
     11      1   3.0418570576591447D-01 6.7D-09 0.0D+00 8.5D-09 0.0D+00       22      120       22      220  S
     11      1   3.0417453281843870D-01 6.7D-09 0.0D+00 3.0D-09 0.0D+00       22      127       22      220  S
     11      1   3.0417465836483842D-01 6.7D-09 0.0D+00 1.2D-09 0.0D+00       22      124       22      220  S
     11      1   3.0417465836480923D-01 6.7D-09 0.0D+00 7.9D-09 0.0D+00       22      132       22      220  S
     11      1   3.0418060575670730D-01 6.7D-09 0.0D+00 4.7D-09 0.0D+00       22      119       22      220  S
     11      1   3.0417465836487634D-01 6.7D-09 0.0D+00 4.8D-09 0.0D+00       22      134       22      220  S
     11      1   3.0418783718157982D-01 6.7D-09 0.0D+00 7.1D-09 0.0D+00       22      127       22      220  S
     11      1   3.0417465836346125D-01 6.7D-09 0.0D+00 4.4D-09 0.0D+00       22      117       22      220  S
     11      1   3.0417952130938547D-01 6.7D-09 0.0D+00 7.2D-09 0.0D+00       22      130       22      220  S
     11      1   3.5298717793381740D-01 8.1D-09 0.0D+00 5.0D-04 0.0D+00       24      241       24      240  S
     11      1   3.0417453281847706D-01 6.7D-09 0.0D+00 8.1D-09 0.0D+00       22      123       22      220  S
     11      1   3.0417453281846341D-01 6.7D-09 0.0D+00 3.6D-10 0.0D+00       22      122       22      220  S
     11      1   3.0418130343084543D-01 6.7D-09 0.0D+00 6.6D-11 0.0D+00       22      120       22      220  S
     11      1   3.0418062830326814D-01 6.7D-09 0.0D+00 2.0D-09 0.0D+00       22      115       22      220  S
     11      1   3.0417453281844969D-01 6.7D-09 0.0D+00 7.1D-09 0.0D+00       22      120       22      220  S
     11      1   3.0418062830317727D-01 6.7D-09 0.0D+00 8.5D-09 0.0D+00       22      116       22      220  S
     11      1   3.0417199421185620D-01 6.7D-09 0.0D+00 7.9D-09 0.0D+00       22      123       22      220  S
     11      1   3.0417952130951131D-01 6.7D-09 0.0D+00 8.2D-09 0.0D+00       22      127       22      220  S
     11      1   3.0418376353316007D-01 6.7D-09 0.0D+00 5.4D-10 0.0D+00       22      125       22      220  S
     11      1   3.0418130343090782D-01 6.7D-09 0.0D+00 7.8D-09 0.0D+00       22      123       22      220  S
     11      1   3.0417453281830215D-01 6.7D-09 0.0D+00 8.3D-09 0.0D+00       22      123       22      220  S
     11      1   3.0417453281853313D-01 6.7D-09 0.0D+00 4.3D-09 0.0D+00       22      125       22      220  S
     11      1   3.0417465836342894D-01 6.7D-09 0.0D+00 9.0D-11 0.0D+00       22      129       22      220  S
     11      1   3.0418130343051025D-01 6.7D-09 0.0D+00 7.3D-09 0.0D+00       21      121       21      210  S
     11      1   3.5300481013473489D-01 8.1D-09 0.0D+00 7.6D-09 0.0D+00       22      149       22      220  S
     11      1   3.0418060575686373D-01 6.7D-09 0.0D+00 5.9D-09 0.0D+00       22      122       22      220  S
     11      1   3.0418376353317894D-01 6.7D-09 0.0D+00 7.3D-09 0.0D+00       22      124       22      220  S
     11      1   3.0417199421186170D-01 6.7D-09 0.0D+00 1.2D-09 0.0D+00       22      119       22      220  S
     11      1   3.0417952130956211D-01 6.7D-09 0.0D+00 6.9D-09 0.0D+00       22      119       22      220  S
     11      1   3.0417199421176033D-01 6.7D-09 0.0D+00 9.8D-09 0.0D+00       22      122       22      220  S
     11      1   3.0418783718147502D-01 6.7D-09 0.0D+00 4.6D-09 0.0D+00       22      117       22      220  S
     11      1   3.0417453281853729D-01 6.7D-09 0.0D+00 2.8D-09 0.0D+00       22      123       22      220  S
     11      1   3.0417453281842455D-01 6.7D-09 0.0D+00 6.8D-09 0.0D+00       22      121       22      220  S
     11      1   3.0418570576597093D-01 6.7D-09 0.0D+00 1.1D-10 0.0D+00       22      126       22      220  S
     11      1   3.5301758219493207D-01 8.1D-09 0.0D+00 2.3D-09 0.0D+00       22      140       22      220  S
     11      1   3.0417465836354723D-01 6.7D-09 0.0D+00 5.2D-09 0.0D+00       22      120       22      220  S
     11      1   3.0418060575676509D-01 6.7D-09 0.0D+00 3.0D-09 0.0D+00       22      120       22      220  S
     11      1   3.0418570576597287D-01 6.7D-09 0.0D+00 8.9D-09 0.0D+00       22      123       22      220  S
     11      1   3.0417465836345214D-01 6.7D-09 0.0D+00 6.9D-09 0.0D+00       22      125       22      220  S
     11      1   3.0418570576600995D-01 6.7D-09 0.0D+00 1.2D-09 0.0D+00       22      120       22      220  S
     11      1   3.0417465836494029D-01 6.7D-09 0.0D+00 4.2D-10 0.0D+00       22      125       22      220  S
     11      1   3.0417952130952441D-01 6.7D-09 0.0D+00 2.9D-09 0.0D+00       22      122       22      220  S
     11      1   3.5299847768224152D-01 8.1D-09 0.0D+00 1.3D-09 0.0D+00       22      128       22      220  S
     11      1   3.0417465836476909D-01 6.7D-09 0.0D+00 6.4D-10 0.0D+00       22      126       22      220  S
     11      1   3.5298907128096269D-01 8.1D-09 0.0D+00 3.1D-05 0.0D+00       24      255       24      240  S
     11      1   3.0417199421298657D-01 6.7D-09 0.0D+00 5.4D-09 0.0D+00       22      124       22      220  S
     11      1   3.0418376353313270D-01 6.7D-09 0.0D+00 3.0D-09 0.0D+00       22      120       22      220  S
     11      1   3.0417952130947046D-01 6.7D-09 0.0D+00 1.5D-09 0.0D+00       22      122       22      220  S
     11      1   3.0417199421177754D-01 6.7D-09 0.0D+00 8.1D-09 0.0D+00       22      122       22      220  S
     11      1   3.0417199421188235D-01 6.7D-09 0.0D+00 3.7D-09 0.0D+00       22      124       22      220  S
     11      1   3.0417807082350595D-01 6.7D-09 0.0D+00 6.9D-09 0.0D+00       22      126       22      220  S
     11      1   3.0418060575682737D-01 6.7D-09 0.0D+00 4.1D-11 0.0D+00       22      119       22      220  S
     11      1   3.0417453281847301D-01 6.7D-09 0.0D+00 7.4D-09 0.0D+00       22      126       22      220  S
     11      1   3.0417453281854573D-01 6.7D-09 0.0D+00 4.6D-09 0.0D+00       22      124       22      220  S
     11      1   3.0417465836487068D-01 6.7D-09 0.0D+00 3.4D-09 0.0D+00       22      125       22      220  S
     11      1   3.0418062830316761D-01 6.7D-09 0.0D+00 6.1D-09 0.0D+00       22      119       22      220  S
     11      1   3.0418060575683181D-01 6.7D-09 0.0D+00 9.5D-09 0.0D+00       22      125       22      220  S
     11      1   3.0417465836490004D-01 6.7D-09 0.0D+00 5.2D-09 0.0D+00       22      126       22      220  S
     11      1   3.0417465836360214D-01 6.7D-09 0.0D+00 5.1D-09 0.0D+00       22      124       22      220  S
     11      1   3.0418783718158349D-01 6.7D-09 0.0D+00 7.7D-09 0.0D+00       22      120       22      220  S
     11      1   3.0417453281842183D-01 6.7D-09 0.0D+00 3.6D-09 0.0D+00       22      121       22      220  S
     11      1   3.0417952130968773D-01 6.7D-09 0.0D+00 9.2D-09 0.0D+00       22      119       22      220  S
     11      1   3.0417465836331703D-01 6.7D-09 0.0D+00 5.1D-09 0.0D+00       22      116       22      220  S
     11      1   3.0417199421173197D-01 6.7D-09 0.0D+00 4.3D-09 0.0D+00       22      114       22      220  S
     11      1   3.0418570576604670D-01 6.7D-09 0.0D+00 4.8D-11 0.0D+00       22      122       22      220  S
     11      1   3.0418060575693173D-01 6.7D-09 0.0D+00 4.5D-09 0.0D+00       22      118       22      220  S
     11      1   3.0418060575688971D-01 6.7D-09 0.0D+00 3.3D-09 0.0D+00       22      120       22      220  S
     11      1   3.0418060575687067D-01 6.7D-09 0.0D+00 3.7D-09 0.0D+00       22      119       22      220  S
     11      1   3.0417952130945936D-01 6.7D-09 0.0D+00 5.6D-09 0.0D+00       22      125       22      220  S
     11      1   3.0417465836475538D-01 6.7D-09 0.0D+00 6.6D-09 0.0D+00       22      130       22      220  S
     11      1   3.0417453281836271D-01 6.7D-09 0.0D+00 3.5D-09 0.0D+00       22      123       22      220  S
     11      1   3.0417465836481650D-01 6.7D-09 0.0D+00 5.4D-09 0.0D+00       22      124       22      220  S
     11      1   3.0418783718160114D-01 6.7D-09 0.0D+00 1.2D-09 0.0D+00       22      123       22      220  S
     11      1   3.0417199421179764D-01 6.7D-09 0.0D+00 1.1D-09 0.0D+00       22      119       22      220  S
     11      1   3.0417807082341519D-01 6.7D-09 0.0D+00 4.3D-09 0.0D+00       22      127       22      220  S
     11      1   3.0417453281834728D-01 6.7D-09 0.0D+00 8.0D-09 0.0D+00       22      130       22      220  S
     11      1   3.0417199421165947D-01 6.7D-09 0.0D+00 5.2D-09 0.0D+00       22      126       22      220  S
     11      1   3.0418783718119419D-01 6.7D-09 0.0D+00 8.9D-09 0.0D+00       21      114       21      210  S
     11      1   3.0417465836361712D-01 6.7D-09 0.0D+00 8.7D-09 0.0D+00       22      120       22      220  S
     11      1   3.0417952130953968D-01 6.7D-09 0.0D+00 5.8D-10 0.0D+00       22      117       22      220  S
     11      1   3.0418060575686379D-01 6.7D-09 0.0D+00 5.2D-10 0.0D+00       22      121       22      220  S
     11      1   3.0418060575683498D-01 6.7D-09 0.0D+00 7.8D-09 0.0D+00       22      122       22      220  S
     11      1   3.0418062830313169D-01 6.7D-09 0.0D+00 8.6D-09 0.0D+00       22      117       22      220  S
     11      1   3.0417199421177560D-01 6.7D-09 0.0D+00 1.9D-09 0.0D+00       22      118       22      220  S
     11      1   3.0418060575687811D-01 6.7D-09 0.0D+00 8.3D-09 0.0D+00       22      125       22      220  S
     11      1   3.0417465836493646D-01 6.7D-09 0.0D+00 5.9D-10 0.0D+00       22      120       22      220  S
     11      1   3.0418376353324134D-01 6.7D-09 0.0D+00 8.6D-09 0.0D+00       22      123       22      220  S
     11      1   3.0418783718139508D-01 6.7D-09 0.0D+00 3.4D-09 0.0D+00       22      124       22      220  S
     11      1   3.0417453281849949D-01 6.7D-09 0.0D+00 1.5D-09 0.0D+00       22      123       22      220  S
     11      1   3.0418060575694700D-01 6.7D-09 0.0D+00 7.5D-09 0.0D+00       22      122       22      220  S
     11      1   3.0417453281829548D-01 6.7D-09 0.0D+00 6.9D-09 0.0D+00       22      130       22      220  S
     11      1   3.0418376353319859D-01 6.7D-09 0.0D+00 3.9D-09 0.0D+00       22      120       22      220  S
     11      1   3.0417807082347637D-01 6.7D-09 0.0D+00 2.4D-09 0.0D+00       22      125       22      220  S
     11      1   3.0417465836482022D-01 6.7D-09 0.0D+00 5.5D-09 0.0D+00       22      130       22      220  S
     11      1   3.0418376353319271D-01 6.7D-09 0.0D+00 8.4D-10 0.0D+00       22      128       22      220  S
     11      1   3.0417952130962406D-01 6.7D-09 0.0D+00 9.0D-09 0.0D+00       22      120       22      220  S
     11      1   3.0418062830322684D-01 6.7D-09 0.0D+00 9.6D-10 0.0D+00       22      121       22      220  S
     11      1   3.0417453281843121D-01 6.7D-09 0.0D+00 8.8D-09 0.0D+00       22      125       22      220  S
     11      1   3.0417952130943199D-01 6.7D-09 0.0D+00 6.0D-09 0.0D+00       22      119       22      220  S
     11      1   3.0417199421184027D-01 6.7D-09 0.0D+00 1.5D-09 0.0D+00       22      121       22      220  S
     11      1   3.0417807082334042D-01 6.7D-09 0.0D+00 9.3D-09 0.0D+00       22      124       22      220  S
     11      1   3.0417465836489982D-01 6.7D-09 0.0D+00 4.8D-09 0.0D+00       22      118       22      220  S
     11      1   3.0417465836478214D-01 6.7D-09 0.0D+00 6.2D-09 0.0D+00       22      127       22      220  S
     11      1   3.0417453281829604D-01 6.7D-09 0.0D+00 7.3D-09 0.0D+00       22      125       22      220  S
     11      1   3.0418060575685801D-01 6.7D-09 0.0D+00 1.0D-09 0.0D+00       22      116       22      220  S
     11      1   3.0417453281834089D-01 6.7D-09 0.0D+00 5.9D-09 0.0D+00       22      124       22      220  S
     11      1   3.0417465836345903D-01 6.7D-09 0.0D+00 9.8D-09 0.0D+00       22      119       22      220  S
     11      1   3.0418376353318988D-01 6.7D-09 0.0D+00 6.9D-09 0.0D+00       22      121       22      220  S
     11      1   3.0417199421170954D-01 6.7D-09 0.0D+00 2.8D-09 0.0D+00       22      114       22      220  S
     11      1   3.0418060575686956D-01 6.7D-09 0.0D+00 9.0D-09 0.0D+00       22      116       22      220  S
     11      1   3.0418060575696410D-01 6.7D-09 0.0D+00 6.9D-09 0.0D+00       22      118       22      220  S
     11      1   3.0418130343088040D-01 6.7D-09 0.0D+00 1.8D-09 0.0D+00       22      126       22      220  S
     11      1   3.0417465836359703D-01 6.7D-09 0.0D+00 4.6D-10 0.0D+00       22      122       22      220  S
     11      1   3.0417453281842038D-01 6.7D-09 0.0D+00 1.1D-09 0.0D+00       22      126       22      220  S
     11      1   4.3238062921886034D-01 8.5D-09 0.0D+00 2.7D-09 0.0D+00       21      169       21      210  S
     11      1   3.0417952130968462D-01 6.7D-09 0.0D+00 5.2D-09 0.0D+00       22      120       22      220  S
     11      1   3.0417453281835577D-01 6.7D-09 0.0D+00 7.1D-09 0.0D+00       22      126       22      220  S
     11      1   3.0417453281844559D-01 6.7D-09 0.0D+00 8.2D-09 0.0D+00       22      119       22      220  S
     11      1   3.0417465836354668D-01 6.7D-09 0.0D+00 1.3D-09 0.0D+00       22      118       22      220  S
     11      1   3.0418060575688294D-01 6.7D-09 0.0D+00 9.5D-09 0.0D+00       22      114       22      220  S
     11      1   3.0417453281848783D-01 6.7D-09 0.0D+00 5.4D-09 0.0D+00       22      124       22      220  S
     11      1   3.0417813575976282D-01 6.7D-09 0.0D+00 4.9D-09 0.0D+00       22      129       22      220  S
     11      1   3.0417453281841517D-01 6.7D-09 0.0D+00 8.4D-09 0.0D+00       22      130       22      220  S
     11      1   3.0417952130959169D-01 6.7D-09 0.0D+00 9.0D-10 0.0D+00       22      118       22      220  S
     11      1   3.0418169888199575D-01 6.7D-09 0.0D+00 8.1D-09 0.0D+00       21      110       21      210  S
     11      1   3.0417465836496521D-01 6.7D-09 0.0D+00 5.9D-10 0.0D+00       22      126       22      220  S
     11      1   3.0418130343092226D-01 6.7D-09 0.0D+00 5.9D-09 0.0D+00       22      122       22      220  S
     11      1   3.0417952130948900D-01 6.7D-09 0.0D+00 8.9D-09 0.0D+00       22      122       22      220  S
     11      1   3.0418060575685674D-01 6.7D-09 0.0D+00 4.5D-09 0.0D+00       22      119       22      220  S
     11      1   3.0417807082339232D-01 6.7D-09 0.0D+00 1.9D-09 0.0D+00       22      121       22      220  S
     11      1   3.0418783718153242D-01 6.7D-09 0.0D+00 3.1D-09 0.0D+00       22      117       22      220  S
     11      1   3.0418169888214225D-01 6.7D-09 0.0D+00 9.2D-09 0.0D+00       21      111       21      210  S
     11      1   3.0417453281832219D-01 6.7D-09 0.0D+00 6.5D-09 0.0D+00       22      127       22      220  S
     11      1   3.0417952130936032D-01 6.7D-09 0.0D+00 9.9D-09 0.0D+00       22      118       22      220  S
     11      1   3.0417952130945591D-01 6.7D-09 0.0D+00 1.1D-11 0.0D+00       22      126       22      220  S
     11      1   3.0418783718148934D-01 6.7D-09 0.0D+00 2.1D-09 0.0D+00       22      121       22      220  S
     11      1   3.0417952130965425D-01 6.7D-09 0.0D+00 1.1D-09 0.0D+00       22      117       22      220  S
     11      1   3.0417952130959569D-01 6.7D-09 0.0D+00 8.8D-09 0.0D+00       22      124       22      220  S
     11      1   3.0417952130945342D-01 6.7D-09 0.0D+00 6.2D-09 0.0D+00       22      116       22      220  S
     11      1   3.0418783718155079D-01 6.7D-09 0.0D+00 9.2D-09 0.0D+00       22      120       22      220  S
     11      1   3.0417952130969850D-01 6.7D-09 0.0D+00 6.5D-09 0.0D+00       22      122       22      220  S
     11      1   3.0418783718153453D-01 6.7D-09 0.0D+00 3.4D-09 0.0D+00       22      120       22      220  S
     11      1   3.0418570576590032D-01 6.7D-09 0.0D+00 1.2D-09 0.0D+00       22      119       22      220  S
     11      1   3.0417465836338525D-01 6.7D-09 0.0D+00 8.1D-09 0.0D+00       22      114       22      220  S
     11      1   3.0418060575696876D-01 6.7D-09 0.0D+00 6.0D-09 0.0D+00       22      117       22      220  S
