      7      1   4.3236866830771936D-01 8.5D-09 0.0D+00 3.5D-10 0.0D+00       22      138       22      220  S
      7      1   4.3236756420348366D-01 8.5D-09 0.0D+00 6.4D-09 0.0D+00       22      113       22      220  S
      7      1   4.3236756420339811D-01 8.5D-09 0.0D+00 1.0D-08 0.0D+00       22      111       22      220  S
      7      1   4.3238062921796355D-01 8.5D-09 0.0D+00 3.6D-09 0.0D+00       20      116       20      200  S
      7      1   4.3236756420250716D-01 8.5D-09 0.0D+00 4.1D-09 0.0D+00       20      105       20      200  S
      7      1   4.3236866830673681D-01 8.5D-09 0.0D+00 5.8D-09 0.0D+00       20      103       20      200  S
      7      1   4.3238062921901704D-01 8.5D-09 0.0D+00 9.9D-09 0.0D+00       22      133       22      220  S
      7      1   4.9926142426884074D-01 9.0D-09 0.0D+00 7.7D-08 0.0D+00       22      207       22      220  S
      7      1   4.3237161742363195D-01 8.5D-09 0.0D+00 5.5D-11 0.0D+00       22      111       22      220  S
      7      1   4.3238062921804421D-01 8.5D-09 0.0D+00 4.4D-09 0.0D+00       20      101       20      200  S
      7      1   4.3237161742380759D-01 8.5D-09 0.0D+00 6.9D-09 0.0D+00       22      112       22      220  S
      7      1   4.3236756420323907D-01 8.5D-09 0.0D+00 5.3D-09 0.0D+00       22      139       22      220  S
      7      1   4.3236756420329481D-01 8.5D-09 0.0D+00 1.8D-10 0.0D+00       22      111       22      220  S
      7      1   4.3236866830690679D-01 8.5D-09 0.0D+00 6.5D-10 0.0D+00       20      105       20      200  S
      7      1   4.3238062921881787D-01 8.5D-09 0.0D+00 4.6D-09 0.0D+00       22      128       22      220  S
      7      1   4.3238062922831827D-01 8.5D-09 0.0D+00 5.8D-09 0.0D+00       22      148       22      220  S
      7      1   4.3236866830767418D-01 8.5D-09 0.0D+00 1.5D-09 0.0D+00       22      113       22      220  S
      7      1   4.3236866830760678D-01 8.5D-09 0.0D+00 7.8D-09 0.0D+00       22      113       22      220  S
      7      1   4.3236866830771098D-01 8.5D-09 0.0D+00 6.6D-10 0.0D+00       22      139       22      220  S
      7      1   4.3237161742370345D-01 8.5D-09 0.0D+00 6.2D-10 0.0D+00       22      107       22      220  S
      7      1   4.3236756420240813D-01 8.5D-09 0.0D+00 9.3D-10 0.0D+00       20      102       20      200  S
      7      1   4.3236866830761456D-01 8.5D-09 0.0D+00 2.2D-09 0.0D+00       22      137       22      220  S
      7      1   4.3238062922746218D-01 8.5D-09 0.0D+00 1.8D-09 0.0D+00       20      113       20      200  S
      7      1   4.3238062921772147D-01 8.5D-09 0.0D+00 8.9D-09 0.0D+00       20      112       20      200  S
      7      1   4.3236756420344402D-01 8.5D-09 0.0D+00 1.2D-09 0.0D+00       22      108       22      220  S
      7      1   4.3237161742390534D-01 8.5D-09 0.0D+00 2.0D-09 0.0D+00       22      107       22      220  S
      7      1   4.3236866830778092D-01 8.5D-09 0.0D+00 3.2D-09 0.0D+00       22      135       22      220  S
      7      1   4.3236756420321165D-01 8.5D-09 0.0D+00 4.0D-09 0.0D+00       22      113       22      220  S
      7      1   4.3236866830791310D-01 8.5D-09 0.0D+00 5.8D-09 0.0D+00       22      114       22      220  S
      7      1   4.3236756420327049D-01 8.5D-09 0.0D+00 4.1D-09 0.0D+00       22      112       22      220  S
      7      1   4.3238062921801401D-01 8.5D-09 0.0D+00 9.5D-09 0.0D+00       20      112       20      200  S
      7      1   4.3238062921878850D-01 8.5D-09 0.0D+00 1.7D-10 0.0D+00       22      131       22      220  S
      7      1   4.3236756420341665D-01 8.5D-09 0.0D+00 5.6D-09 0.0D+00       22      112       22      220  S
      7      1   4.3238062921790854D-01 8.5D-09 0.0D+00 2.8D-09 0.0D+00       20      105       20      200  S
      7      1   4.3236866830762433D-01 8.5D-09 0.0D+00 3.0D-10 0.0D+00       22      136       22      220  S
      7      1   4.3236866830668230D-01 8.5D-09 0.0D+00 6.7D-09 0.0D+00       20      100       20      200  S
      7      1   4.3238062921789516D-01 8.5D-09 0.0D+00 7.7D-10 0.0D+00       20      113       20      200  S
      7      1   4.3238062921796233D-01 8.5D-09 0.0D+00 8.1D-09 0.0D+00       20      117       20      200  S
      7      1   4.3236756420322681D-01 8.5D-09 0.0D+00 7.7D-09 0.0D+00       22      111       22      220  S
      7      1   4.3236866830771392D-01 8.5D-09 0.0D+00 3.8D-10 0.0D+00       22      112       22      220  S
      7      1   4.3236866830682014D-01 8.5D-09 0.0D+00 6.9D-09 0.0D+00       20      105       20      200  S
      7      1   4.3236866830761067D-01 8.5D-09 0.0D+00 7.6D-09 0.0D+00       22      132       22      220  S
      7      1   4.3236756420311273D-01 8.5D-09 0.0D+00 6.7D-09 0.0D+00       22      114       22      220  S
      7      1   4.3237161742366814D-01 8.5D-09 0.0D+00 4.7D-10 0.0D+00       22      113       22      220  S
      7      1   4.3236756420331779D-01 8.5D-09 0.0D+00 3.7D-09 0.0D+00       22      113       22      220  S
      7      1   4.3236866830664283D-01 8.5D-09 0.0D+00 8.4D-09 0.0D+00       20       99       20      200  S
      7      1   4.3236756420222489D-01 8.5D-09 0.0D+00 2.6D-09 0.0D+00       20      107       20      200  S
      7      1   4.3238062921798032D-01 8.5D-09 0.0D+00 2.6D-09 0.0D+00       20      117       20      200  S
      7      1   4.3236756420342870D-01 8.5D-09 0.0D+00 1.1D-09 0.0D+00       22      116       22      220  S
      7      1   4.3238062922844744D-01 8.5D-09 0.0D+00 2.7D-10 0.0D+00       22      135       22      220  S
      7      1   4.3236866830675030D-01 8.5D-09 0.0D+00 1.8D-09 0.0D+00       20      103       20      200  S
      7      1   4.3236866830701431D-01 8.5D-09 0.0D+00 1.7D-09 0.0D+00       20      103       20      200  S
      7      1   4.3236756420327416D-01 8.5D-09 0.0D+00 9.4D-09 0.0D+00       22      111       22      220  S
      7      1   4.3236866830751858D-01 8.5D-09 0.0D+00 5.5D-09 0.0D+00       22      131       22      220  S
      7      1   4.3236756420327116D-01 8.5D-09 0.0D+00 3.2D-09 0.0D+00       22      115       22      220  S
      7      1   4.3238062921895487D-01 8.5D-09 0.0D+00 1.4D-09 0.0D+00       22      135       22      220  S
      7      1   4.3237161742364327D-01 8.5D-09 0.0D+00 1.8D-09 0.0D+00       22      109       22      220  S
      7      1   4.3236756420333095D-01 8.5D-09 0.0D+00 5.6D-09 0.0D+00       22      111       22      220  S
      7      1   4.3236866830749449D-01 8.5D-09 0.0D+00 6.0D-09 0.0D+00       22      133       22      220  S
      7      1   4.3238062922846537D-01 8.5D-09 0.0D+00 4.0D-09 0.0D+00       22      142       22      220  S
      7      1   4.3236756420258643D-01 8.5D-09 0.0D+00 5.0D-09 0.0D+00       20      100       20      200  S
      7      1   4.3236756420326222D-01 8.5D-09 0.0D+00 4.7D-09 0.0D+00       22      113       22      220  S
      7      1   4.3236756420332312D-01 8.5D-09 0.0D+00 5.6D-09 0.0D+00       22      112       22      220  S
      7      1   4.3236756420318878D-01 8.5D-09 0.0D+00 4.3D-09 0.0D+00       22      112       22      220  S
      7      1   4.3236756420325073D-01 8.5D-09 0.0D+00 3.9D-10 0.0D+00       22      109       22      220  S
      7      1   4.3236756420321953D-01 8.5D-09 0.0D+00 4.2D-09 0.0D+00       22      113       22      220  S
      7      1   4.3236866830701615D-01 8.5D-09 0.0D+00 2.1D-08 0.0D+00       21      115       21      210  S
      7      1   4.3236756420243477D-01 8.5D-09 0.0D+00 7.9D-10 0.0D+00       20      103       20      200  S
      7      1   4.3236866830695242D-01 8.5D-09 0.0D+00 9.4D-10 0.0D+00       20      104       20      200  S
      7      1   4.3237161742379593D-01 8.5D-09 0.0D+00 3.3D-09 0.0D+00       22      109       22      220  S
      7      1   4.3236756420341821D-01 8.5D-09 0.0D+00 6.2D-09 0.0D+00       22      111       22      220  S
      7      1   4.3236756420344419D-01 8.5D-09 0.0D+00 2.9D-09 0.0D+00       22      110       22      220  S
      7      1   4.3238062922842957D-01 8.5D-09 0.0D+00 9.3D-09 0.0D+00       22      130       22      220  S
      7      1   4.3236866830692916D-01 8.5D-09 0.0D+00 4.4D-10 0.0D+00       20      100       20      200  S
      7      1   4.3236866830691362D-01 8.5D-09 0.0D+00 4.8D-09 0.0D+00       20      106       20      200  S
      7      1   4.3236756420308109D-01 8.5D-09 0.0D+00 8.8D-09 0.0D+00       22      111       22      220  S
      7      1   4.3238062922837911D-01 8.5D-09 0.0D+00 2.6D-09 0.0D+00       22      146       22      220  S
      7      1   4.3238062922733073D-01 8.5D-09 0.0D+00 5.4D-09 0.0D+00       20      120       20      200  S
      7      1   4.3236866830682963D-01 8.5D-09 0.0D+00 4.6D-09 0.0D+00       20      102       20      200  S
      7      1   4.3236756420343003D-01 8.5D-09 0.0D+00 1.0D-09 0.0D+00       22      108       22      220  S
      7      1   4.3238062921880038D-01 8.5D-09 0.0D+00 1.4D-09 0.0D+00       22      138       22      220  S
      7      1   4.3236756420335287D-01 8.5D-09 0.0D+00 1.5D-09 0.0D+00       22      112       22      220  S
      7      1   4.3236866830783527D-01 8.5D-09 0.0D+00 4.2D-09 0.0D+00       22      111       22      220  S
      7      1   4.3236756420320671D-01 8.5D-09 0.0D+00 2.6D-10 0.0D+00       22      117       22      220  S
      7      1   4.3237161742380198D-01 8.5D-09 0.0D+00 6.2D-09 0.0D+00       22      106       22      220  S
      7      1   4.3238062922847487D-01 8.5D-09 0.0D+00 5.1D-09 0.0D+00       22      134       22      220  S
      7      1   4.3238062921866044D-01 8.5D-09 0.0D+00 8.0D-09 0.0D+00       22      134       22      220  S
      7      1   4.3236756420312633D-01 8.5D-09 0.0D+00 8.2D-09 0.0D+00       22      112       22      220  S
      7      1   4.3236756420336936D-01 8.5D-09 0.0D+00 9.2D-09 0.0D+00       22      110       22      220  S
      7      1   4.3236866830761722D-01 8.5D-09 0.0D+00 2.5D-09 0.0D+00       22      135       22      220  S
      7      1   4.3236866830783305D-01 8.5D-09 0.0D+00 7.3D-09 0.0D+00       22      137       22      220  S
      7      1   4.3236756420329386D-01 8.5D-09 0.0D+00 2.7D-09 0.0D+00       22      113       22      220  S
      7      1   4.3238062922842746D-01 8.5D-09 0.0D+00 9.3D-09 0.0D+00       22      143       22      220  S
      7      1   4.3236866830694748D-01 8.5D-09 0.0D+00 1.9D-09 0.0D+00       20      102       20      200  S
      7      1   4.3236866830782172D-01 8.5D-09 0.0D+00 3.8D-09 0.0D+00       22      133       22      220  S
      7      1   4.3238062921783144D-01 8.5D-09 0.0D+00 2.7D-09 0.0D+00       20      112       20      200  S
      7      1   4.3236866830676746D-01 8.5D-09 0.0D+00 3.4D-09 0.0D+00       20      104       20      200  S
      7      1   4.3236756420239730D-01 8.5D-09 0.0D+00 1.6D-09 0.0D+00       20      105       20      200  S
      7      1   4.3238062921799719D-01 8.5D-09 0.0D+00 9.3D-09 0.0D+00       20      112       20      200  S
      7      1   4.3238062921798476D-01 8.5D-09 0.0D+00 5.3D-09 0.0D+00       20      101       20      200  S
