      7      1   4.3238062921793952D-01 8.5D-09 0.0D+00 7.9D-09 0.0D+00       20      101       20      200  S
      7      1   4.3236756420329592D-01 8.5D-09 0.0D+00 2.7D-09 0.0D+00       22      116       22      220  S
      7      1   4.3236756420340977D-01 8.5D-09 0.0D+00 4.1D-11 0.0D+00       22      114       22      220  S
      7      1   4.3236866830771498D-01 8.5D-09 0.0D+00 5.1D-09 0.0D+00       22      113       22      220  S
      7      1   4.3238062922838066D-01 8.5D-09 0.0D+00 7.8D-09 0.0D+00       22      136       22      220  S
      7      1   4.3236756420329459D-01 8.5D-09 0.0D+00 6.9D-09 0.0D+00       22      110       22      220  S
      7      1   4.3236756420328332D-01 8.5D-09 0.0D+00 4.1D-09 0.0D+00       22      111       22      220  S
      7      1   4.3236756420357325D-01 8.5D-09 0.0D+00 5.3D-09 0.0D+00       22      115       22      220  S
      7      1   4.3236756420338324D-01 8.5D-09 0.0D+00 9.6D-09 0.0D+00       22      112       22      220  S
      7      1   4.3236756420333816D-01 8.5D-09 0.0D+00 5.8D-10 0.0D+00       22      113       22      220  S
      7      1   4.3238062921778631D-01 8.5D-09 0.0D+00 8.3D-09 0.0D+00       20      113       20      200  S
      7      1   4.3236866830753234D-01 8.5D-09 0.0D+00 4.5D-09 0.0D+00       22      135       22      220  S
      7      1   4.3236866830770493D-01 8.5D-09 0.0D+00 3.9D-10 0.0D+00       22      135       22      220  S
      7      1   4.3238062921891957D-01 8.5D-09 0.0D+00 8.7D-09 0.0D+00       22      130       22      220  S
      7      1   4.3236756420355349D-01 8.5D-09 0.0D+00 3.6D-09 0.0D+00       22      111       22      220  S
      7      1   4.3236756420332317D-01 8.5D-09 0.0D+00 2.4D-09 0.0D+00       22      109       22      220  S
      7      1   4.3238717467541393D-01 8.5D-09 0.0D+00 5.9D-09 0.0D+00       22      139       22      220  S
      7      1   4.3236756420233935D-01 8.5D-09 0.0D+00 8.3D-09 0.0D+00       20      105       20      200  S
      7      1   4.3236866830679827D-01 8.5D-09 0.0D+00 4.1D-09 0.0D+00       20      102       20      200  S
      7      1   4.3236756420229266D-01 8.5D-09 0.0D+00 3.8D-09 0.0D+00       20      100       20      200  S
      7      1   4.3236756420321698D-01 8.5D-09 0.0D+00 3.7D-09 0.0D+00       22      112       22      220  S
      7      1   4.3236756420359818D-01 8.5D-09 0.0D+00 3.9D-09 0.0D+00       22      113       22      220  S
      7      1   4.3236756420324890D-01 8.5D-09 0.0D+00 7.6D-09 0.0D+00       22      112       22      220  S
      7      1   4.3238062921791265D-01 8.5D-09 0.0D+00 9.5D-09 0.0D+00       20      109       20      200  S
      7      1   4.3238062922829751D-01 8.5D-09 0.0D+00 1.5D-09 0.0D+00       22      140       22      220  S
      7      1   4.3238062921864567D-01 8.5D-09 0.0D+00 9.8D-09 0.0D+00       22      130       22      220  S
      7      1   4.3236756420312494D-01 8.5D-09 0.0D+00 3.7D-09 0.0D+00       22      109       22      220  S
      7      1   4.3236866830676979D-01 8.5D-09 0.0D+00 2.8D-09 0.0D+00       20      105       20      200  S
      7      1   4.3236866830701154D-01 8.5D-09 0.0D+00 3.9D-09 0.0D+00       20      104       20      200  S
      7      1   4.3238062922837944D-01 8.5D-09 0.0D+00 9.9D-09 0.0D+00       22      133       22      220  S
      7      1   4.3236866830679377D-01 8.5D-09 0.0D+00 4.0D-09 0.0D+00       20      104       20      200  S
      7      1   4.3236866830702481D-01 8.5D-09 0.0D+00 2.0D-09 0.0D+00       20      102       20      200  S
      7      1   4.3238062921873804D-01 8.5D-09 0.0D+00 2.2D-09 0.0D+00       22      139       22      220  S
      7      1   4.3238062921885273D-01 8.5D-09 0.0D+00 1.2D-10 0.0D+00       22      123       22      220  S
      7      1   4.3236756420249683D-01 8.5D-09 0.0D+00 4.7D-09 0.0D+00       20      106       20      200  S
      7      1   4.3236756420346178D-01 8.5D-09 0.0D+00 4.4D-09 0.0D+00       22      111       22      220  S
      7      1   4.3238062921876858D-01 8.5D-09 0.0D+00 2.2D-09 0.0D+00       22      133       22      220  S
      7      1   4.3238062922831555D-01 8.5D-09 0.0D+00 6.4D-09 0.0D+00       22      137       22      220  S
      7      1   4.3238062921895343D-01 8.5D-09 0.0D+00 8.9D-09 0.0D+00       22      136       22      220  S
      7      1   4.3237161742346436D-01 8.5D-09 0.0D+00 5.7D-09 0.0D+00       22      107       22      220  S
      7      1   4.3236866830678689D-01 8.5D-09 0.0D+00 3.7D-09 0.0D+00       20      103       20      200  S
      7      1   4.3236866830752319D-01 8.5D-09 0.0D+00 6.5D-10 0.0D+00       22      135       22      220  S
      7      1   4.3236887419042352D-01 8.5D-09 0.0D+00 4.6D-09 0.0D+00       20      105       20      200  S
      7      1   4.3236866830790333D-01 8.5D-09 0.0D+00 4.4D-09 0.0D+00       22      113       22      220  S
      7      1   4.3238062922840315D-01 8.5D-09 0.0D+00 9.6D-09 0.0D+00       22      136       22      220  S
      7      1   4.3238062921875442D-01 8.5D-09 0.0D+00 7.1D-09 0.0D+00       22      125       22      220  S
      7      1   4.3236866830768994D-01 8.5D-09 0.0D+00 1.1D-09 0.0D+00       22      136       22      220  S
      7      1   4.3236866830662518D-01 8.5D-09 0.0D+00 7.4D-09 0.0D+00       20      103       20      200  S
      7      1   4.3238062922765225D-01 8.5D-09 0.0D+00 6.8D-09 0.0D+00       20      114       20      200  S
      7      1   4.3237161742371855D-01 8.5D-09 0.0D+00 9.9D-09 0.0D+00       22      108       22      220  S
      7      1   4.3236756420325295D-01 8.5D-09 0.0D+00 5.2D-09 0.0D+00       22      137       22      220  S
      7      1   4.3236756420347300D-01 8.5D-09 0.0D+00 3.3D-09 0.0D+00       22      116       22      220  S
      7      1   4.3236756420237521D-01 8.5D-09 0.0D+00 8.7D-09 0.0D+00       20      104       20      200  S
      7      1   4.3236756420306394D-01 8.5D-09 0.0D+00 2.0D-09 0.0D+00       22      111       22      220  S
      7      1   4.3236756420334610D-01 8.5D-09 0.0D+00 2.3D-09 0.0D+00       22      114       22      220  S
      7      1   4.3238062922839432D-01 8.5D-09 0.0D+00 3.7D-09 0.0D+00       22      147       22      220  S
      7      1   4.3236756420344652D-01 8.5D-09 0.0D+00 3.8D-09 0.0D+00       22      110       22      220  S
      7      1   4.3237161742357200D-01 8.5D-09 0.0D+00 2.0D-09 0.0D+00       22      110       22      220  S
      7      1   4.3238062921780174D-01 8.5D-09 0.0D+00 2.0D-09 0.0D+00       20      108       20      200  S
      7      1   4.3238062921896558D-01 8.5D-09 0.0D+00 9.5D-09 0.0D+00       22      128       22      220  S
      7      1   4.3238062921785414D-01 8.5D-09 0.0D+00 9.9D-09 0.0D+00       20       99       20      200  S
      7      1   4.3238062921814358D-01 8.5D-09 0.0D+00 1.4D-09 0.0D+00       20      119       20      200  S
      7      1   4.3236756420228989D-01 8.5D-09 0.0D+00 1.4D-09 0.0D+00       20      102       20      200  S
      7      1   4.3238062921784104D-01 8.5D-09 0.0D+00 9.7D-09 0.0D+00       20      102       20      200  S
      7      1   4.3236756420323230D-01 8.5D-09 0.0D+00 8.3D-10 0.0D+00       22      112       22      220  S
      7      1   4.3236866830685933D-01 8.5D-09 0.0D+00 1.2D-09 0.0D+00       20      105       20      200  S
      7      1   4.3236756420238265D-01 8.5D-09 0.0D+00 3.7D-09 0.0D+00       20      102       20      200  S
      7      1   4.9921748930088561D-01 9.0D-09 0.0D+00 7.4D-08 0.0D+00       22      181       22      220  S
      7      1   4.3236756420336925D-01 8.5D-09 0.0D+00 1.4D-09 0.0D+00       22      112       22      220  S
      7      1   4.3238062922821713D-01 8.5D-09 0.0D+00 7.6D-09 0.0D+00       22      136       22      220  S
      7      1   4.3236756420235217D-01 8.5D-09 0.0D+00 5.4D-09 0.0D+00       20      103       20      200  S
      7      1   4.3236756420320560D-01 8.5D-09 0.0D+00 2.4D-09 0.0D+00       22      115       22      220  S
      7      1   4.3236756420355099D-01 8.5D-09 0.0D+00 9.5D-09 0.0D+00       22      114       22      220  S
      7      1   4.3238062921819126D-01 8.5D-09 0.0D+00 4.4D-10 0.0D+00       20      100       20      200  S
      7      1   4.3238062922826720D-01 8.5D-09 0.0D+00 6.1D-09 0.0D+00       22      140       22      220  S
      7      1   4.3236866830753345D-01 8.5D-09 0.0D+00 5.9D-09 0.0D+00       22      112       22      220  S
      7      1   4.3238062921795822D-01 8.5D-09 0.0D+00 3.7D-09 0.0D+00       20      109       20      200  S
      7      1   4.3236756420338485D-01 8.5D-09 0.0D+00 1.1D-09 0.0D+00       22      113       22      220  S
      7      1   4.3237161742352093D-01 8.5D-09 0.0D+00 3.1D-09 0.0D+00       22      108       22      220  S
      7      1   4.3236866830772114D-01 8.5D-09 0.0D+00 3.3D-10 0.0D+00       22      134       22      220  S
      7      1   4.3236756420343314D-01 8.5D-09 0.0D+00 4.9D-10 0.0D+00       22      109       22      220  S
      7      1   4.9921748929763526D-01 9.0D-09 0.0D+00 6.6D-09 0.0D+00       19      196       19      190  S
      7      1   4.3236866830768778D-01 8.5D-09 0.0D+00 1.1D-10 0.0D+00       22      111       22      220  S
      7      1   4.3238062922854187D-01 8.5D-09 0.0D+00 6.2D-09 0.0D+00       22      150       22      220  S
      7      1   4.3238062922840104D-01 8.5D-09 0.0D+00 2.4D-09 0.0D+00       22      140       22      220  S
      7      1   4.3236756420340600D-01 8.5D-09 0.0D+00 1.1D-09 0.0D+00       22      116       22      220  S
      7      1   4.3236756420359629D-01 8.5D-09 0.0D+00 4.9D-09 0.0D+00       22      113       22      220  S
      7      1   4.3236866830754994D-01 8.5D-09 0.0D+00 5.5D-09 0.0D+00       22      135       22      220  S
      7      1   4.3236866830753817D-01 8.5D-09 0.0D+00 4.9D-09 0.0D+00       22      136       22      220  S
      7      1   4.3238062922722881D-01 8.5D-09 0.0D+00 9.4D-09 0.0D+00       20      140       20      200  S
      7      1   4.3236756420365946D-01 8.5D-09 0.0D+00 5.5D-09 0.0D+00       22      110       22      220  S
      7      1   4.3236756420241906D-01 8.5D-09 0.0D+00 7.6D-09 0.0D+00       20       99       20      200  S
      7      1   4.3236756420354211D-01 8.5D-09 0.0D+00 7.6D-09 0.0D+00       22      116       22      220  S
      7      1   4.3236756420237948D-01 8.5D-09 0.0D+00 8.5D-10 0.0D+00       20      107       20      200  S
      7      1   4.3236756420336153D-01 8.5D-09 0.0D+00 1.9D-09 0.0D+00       22      113       22      220  S
      7      1   4.3236866830766824D-01 8.5D-09 0.0D+00 9.6D-09 0.0D+00       22      139       22      220  S
      7      1   4.3238062922842108D-01 8.5D-09 0.0D+00 3.3D-09 0.0D+00       22      138       22      220  S
      7      1   4.3236866830771414D-01 8.5D-09 0.0D+00 5.9D-09 0.0D+00       22      133       22      220  S
      7      1   4.3237161742379521D-01 8.5D-09 0.0D+00 3.5D-09 0.0D+00       22      113       22      220  S
      7      1   4.3236866830783066D-01 8.5D-09 0.0D+00 8.9D-09 0.0D+00       22      133       22      220  S
      7      1   4.3236866830764414D-01 8.5D-09 0.0D+00 6.9D-10 0.0D+00       22      133       22      220  S
      7      1   4.3236756420314193D-01 8.5D-09 0.0D+00 5.2D-09 0.0D+00       22      112       22      220  S
      7      1   4.3238062922836373D-01 8.5D-09 0.0D+00 4.0D-09 0.0D+00       22      149       22      220  S
      7      1   4.3237161742356822D-01 8.5D-09 0.0D+00 7.5D-09 0.0D+00       22      106       22      220  S
      7      1   4.3238062922844273D-01 8.5D-09 0.0D+00 1.8D-09 0.0D+00       22      136       22      220  S
      7      1   4.3237161742358998D-01 8.5D-09 0.0D+00 2.3D-09 0.0D+00       22      112       22      220  S
      7      1   4.3236756420237682D-01 8.5D-09 0.0D+00 7.9D-09 0.0D+00       20      102       20      200  S
      7      1   4.3236866830692439D-01 8.5D-09 0.0D+00 4.6D-10 0.0D+00       20      102       20      200  S
      7      1   4.3236756420337663D-01 8.5D-09 0.0D+00 4.0D-09 0.0D+00       22      109       22      220  S
      7      1   4.3236756420331973D-01 8.5D-09 0.0D+00 6.8D-10 0.0D+00       22      113       22      220  S
      7      1   4.3238062922735665D-01 8.5D-09 0.0D+00 4.8D-09 0.0D+00       20      122       20      200  S
      7      1   4.3238062921808740D-01 8.5D-09 0.0D+00 8.2D-09 0.0D+00       20       99       20      200  S
      7      1   4.3236756420323103D-01 8.5D-09 0.0D+00 2.0D-09 0.0D+00       22      114       22      220  S
      7      1   4.3237161742379943D-01 8.5D-09 0.0D+00 4.4D-09 0.0D+00       22      111       22      220  S
      7      1   4.3238062922745019D-01 8.5D-09 0.0D+00 2.1D-09 0.0D+00       20      126       20      200  S
      7      1   4.3238062922836551D-01 8.5D-09 0.0D+00 3.4D-09 0.0D+00       22      132       22      220  S
      7      1   4.3237161742377245D-01 8.5D-09 0.0D+00 3.8D-09 0.0D+00       22      111       22      220  S
      7      1   4.3236866830682019D-01 8.5D-09 0.0D+00 1.2D-10 0.0D+00       20      104       20      200  S
      7      1   4.3237161742364155D-01 8.5D-09 0.0D+00 6.3D-10 0.0D+00       22      102       22      220  S
      7      1   4.3238062921875664D-01 8.5D-09 0.0D+00 4.3D-09 0.0D+00       22      132       22      220  S
      7      1   4.3237161742364399D-01 8.5D-09 0.0D+00 1.2D-09 0.0D+00       22      104       22      220  S
      7      1   4.3236866830776954D-01 8.5D-09 0.0D+00 4.3D-09 0.0D+00       22      112       22      220  S
      7      1   4.3236756420311107D-01 8.5D-09 0.0D+00 3.8D-09 0.0D+00       22      109       22      220  S
      7      1   4.3236756420339245D-01 8.5D-09 0.0D+00 6.7D-09 0.0D+00       22      110       22      220  S
      7      1   4.3238062922849779D-01 8.5D-09 0.0D+00 4.8D-09 0.0D+00       22      147       22      220  S
      7      1   4.3236756420245015D-01 8.5D-09 0.0D+00 2.3D-10 0.0D+00       20      105       20      200  S
      7      1   4.3238062921876885D-01 8.5D-09 0.0D+00 7.3D-09 0.0D+00       22      138       22      220  S
      7      1   4.3236866830773713D-01 8.5D-09 0.0D+00 6.3D-09 0.0D+00       22      135       22      220  S
      7      1   4.3236756420321376D-01 8.5D-09 0.0D+00 4.8D-09 0.0D+00       22      114       22      220  S
      7      1   4.3236866830680437D-01 8.5D-09 0.0D+00 2.1D-09 0.0D+00       20      101       20      200  S
      7      1   4.3238062922732562D-01 8.5D-09 0.0D+00 6.3D-09 0.0D+00       20      113       20      200  S
      7      1   4.3236756420343997D-01 8.5D-09 0.0D+00 2.1D-09 0.0D+00       22      112       22      220  S
      7      1   4.3237161742372138D-01 8.5D-09 0.0D+00 1.0D-09 0.0D+00       22      107       22      220  S
      7      1   4.3236756420327738D-01 8.5D-09 0.0D+00 4.7D-09 0.0D+00       22      113       22      220  S
      7      1   4.3237161742372449D-01 8.5D-09 0.0D+00 1.3D-09 0.0D+00       22      106       22      220  S
      7      1   4.3236866830677839D-01 8.5D-09 0.0D+00 2.4D-09 0.0D+00       20      102       20      200  S
      7      1   4.3236866830674420D-01 8.5D-09 0.0D+00 3.8D-09 0.0D+00       20      101       20      200  S
      7      1   4.3236756420263200D-01 8.5D-09 0.0D+00 5.9D-09 0.0D+00       20      100       20      200  S
      7      1   4.3236866830675158D-01 8.5D-09 0.0D+00 1.8D-09 0.0D+00       20      100       20      200  S
      7      1   4.3236866830697340D-01 8.5D-09 0.0D+00 8.5D-09 0.0D+00       20      102       20      200  S
      7      1   4.3238062921803827D-01 8.5D-09 0.0D+00 7.3D-09 0.0D+00       20       99       20      200  S
      7      1   4.3236756420321321D-01 8.5D-09 0.0D+00 5.6D-09 0.0D+00       22      115       22      220  S
      7      1   4.3238062922830900D-01 8.5D-09 0.0D+00 3.6D-10 0.0D+00       22      138       22      220  S
      7      1   4.3236756420247013D-01 8.5D-09 0.0D+00 3.4D-09 0.0D+00       20      100       20      200  S
      7      1   4.3237161742380226D-01 8.5D-09 0.0D+00 9.6D-09 0.0D+00       22      111       22      220  S
      7      1   4.3236866830758020D-01 8.5D-09 0.0D+00 8.5D-09 0.0D+00       22      111       22      220  S
      7      1   4.3236866830751186D-01 8.5D-09 0.0D+00 5.2D-09 0.0D+00       22      134       22      220  S
      7      1   4.3236756420334793D-01 8.5D-09 0.0D+00 9.3D-09 0.0D+00       22      112       22      220  S
      7      1   4.3236866830770376D-01 8.5D-09 0.0D+00 4.3D-10 0.0D+00       22      115       22      220  S
      7      1   4.3236756420238753D-01 8.5D-09 0.0D+00 1.2D-09 0.0D+00       20      101       20      200  S
      7      1   4.3236866830754567D-01 8.5D-09 0.0D+00 1.2D-09 0.0D+00       22      135       22      220  S
      7      1   4.3236756420338018D-01 8.5D-09 0.0D+00 8.1D-10 0.0D+00       22      116       22      220  S
      7      1   4.3236866830770643D-01 8.5D-09 0.0D+00 5.4D-10 0.0D+00       22      139       22      220  S
      7      1   4.3236756420341821D-01 8.5D-09 0.0D+00 7.5D-09 0.0D+00       22      113       22      220  S
      7      1   4.3236866830793574D-01 8.5D-09 0.0D+00 6.6D-09 0.0D+00       22      113       22      220  S
      7      1   4.3238062921789910D-01 8.5D-09 0.0D+00 4.6D-09 0.0D+00       20      112       20      200  S
      7      1   4.3238062922752712D-01 8.5D-09 0.0D+00 3.7D-09 0.0D+00       20      129       20      200  S
      7      1   4.3238062921888426D-01 8.5D-09 0.0D+00 6.1D-09 0.0D+00       22      140       22      220  S
      7      1   4.3236866830753318D-01 8.5D-09 0.0D+00 4.8D-09 0.0D+00       22      133       22      220  S
      7      1   4.3236756420326844D-01 8.5D-09 0.0D+00 2.7D-09 0.0D+00       22      110       22      220  S
      7      1   4.3238062922764364D-01 8.5D-09 0.0D+00 9.2D-09 0.0D+00       20      113       20      200  S
      7      1   4.3236866830690068D-01 8.5D-09 0.0D+00 4.9D-09 0.0D+00       20      101       20      200  S
      7      1   4.3238062922844384D-01 8.5D-09 0.0D+00 2.6D-09 0.0D+00       22      133       22      220  S
      7      1   4.3236756420236971D-01 8.5D-09 0.0D+00 6.6D-09 0.0D+00       20      102       20      200  S
      7      1   4.3237161742356667D-01 8.5D-09 0.0D+00 6.4D-09 0.0D+00       22      107       22      220  S
      7      1   4.3236756420334577D-01 8.5D-09 0.0D+00 8.5D-12 0.0D+00       22      111       22      220  S
      7      1   4.3236866830684273D-01 8.5D-09 0.0D+00 5.8D-10 0.0D+00       20      104       20      200  S
      7      1   4.3238062921864351D-01 8.5D-09 0.0D+00 6.4D-11 0.0D+00       22      135       22      220  S
      7      1   4.3236866830680243D-01 8.5D-09 0.0D+00 3.3D-09 0.0D+00       20      103       20      200  S
      7      1   4.3236866830677467D-01 8.5D-09 0.0D+00 2.5D-09 0.0D+00       20      102       20      200  S
      7      1   4.3236756420329192D-01 8.5D-09 0.0D+00 2.7D-09 0.0D+00       22      113       22      220  S
      7      1   4.3238062921805104D-01 8.5D-09 0.0D+00 6.6D-09 0.0D+00       20      103       20      200  S
      7      1   4.3236756420224060D-01 8.5D-09 0.0D+00 8.9D-09 0.0D+00       20      102       20      200  S
      7      1   4.3236866830774923D-01 8.5D-09 0.0D+00 1.0D-09 0.0D+00       22      109       22      220  S
      7      1   4.3236887419027753D-01 8.5D-09 0.0D+00 7.0D-09 0.0D+00       20      109       20      200  S
      7      1   4.3237161742368657D-01 8.5D-09 0.0D+00 6.7D-09 0.0D+00       22      107       22      220  S
      7      1   4.3236756420247813D-01 8.5D-09 0.0D+00 3.7D-09 0.0D+00       20      100       20      200  S
      7      1   4.3236756420350275D-01 8.5D-09 0.0D+00 7.5D-09 0.0D+00       22      114       22      220  S
      7      1   4.3236756420330602D-01 8.5D-09 0.0D+00 1.1D-09 0.0D+00       22      112       22      220  S
      7      1   4.3238062921793657D-01 8.5D-09 0.0D+00 2.2D-09 0.0D+00       21      126       21      210  S
      7      1   4.3238062921896031D-01 8.5D-09 0.0D+00 3.0D-09 0.0D+00       22      127       22      220  S
      7      1   4.3236756420257588D-01 8.5D-09 0.0D+00 5.4D-09 0.0D+00       20      104       20      200  S
      7      1   4.3236756420324129D-01 8.5D-09 0.0D+00 5.5D-09 0.0D+00       22      111       22      220  S
      7      1   4.3236756420329869D-01 8.5D-09 0.0D+00 1.3D-09 0.0D+00       22      115       22      220  S
      7      1   4.3238062921802761D-01 8.5D-09 0.0D+00 4.6D-09 0.0D+00       20      111       20      200  S
      7      1   4.3236866830777049D-01 8.5D-09 0.0D+00 4.8D-09 0.0D+00       22      110       22      220  S
      7      1   4.3238062921801579D-01 8.5D-09 0.0D+00 1.1D-09 0.0D+00       20       98       20      200  S
      7      1   4.3236756420335798D-01 8.5D-09 0.0D+00 2.4D-10 0.0D+00       22      114       22      220  S
      7      1   4.3238062921781978D-01 8.5D-09 0.0D+00 9.7D-09 0.0D+00       20      100       20      200  S
      7      1   4.3236756420340794D-01 8.5D-09 0.0D+00 6.0D-10 0.0D+00       22      107       22      220  S
      7      1   4.3236866830763382D-01 8.5D-09 0.0D+00 8.2D-09 0.0D+00       22      111       22      220  S
      7      1   4.3236756420319700D-01 8.5D-09 0.0D+00 9.5D-09 0.0D+00       22      112       22      220  S
      7      1   4.3237161742344815D-01 8.5D-09 0.0D+00 5.5D-09 0.0D+00       22      104       22      220  S
      7      1   4.3236866830764109D-01 8.5D-09 0.0D+00 2.5D-09 0.0D+00       22      136       22      220  S
      7      1   4.3236866830678650D-01 8.5D-09 0.0D+00 2.7D-09 0.0D+00       20      104       20      200  S
      7      1   4.3238062921886822D-01 8.5D-09 0.0D+00 6.1D-10 0.0D+00       22      143       22      220  S
      7      1   4.3236866830769760D-01 8.5D-09 0.0D+00 7.3D-09 0.0D+00       22      146       22      220  S
      7      1   4.3238062921893444D-01 8.5D-09 0.0D+00 9.1D-09 0.0D+00       22      123       22      220  S
      7      1   4.3237161742368246D-01 8.5D-09 0.0D+00 4.9D-09 0.0D+00       22      108       22      220  S
      7      1   4.3236866830766629D-01 8.5D-09 0.0D+00 7.3D-10 0.0D+00       22      136       22      220  S
      7      1   4.3236756420355626D-01 8.5D-09 0.0D+00 4.1D-09 0.0D+00       22      113       22      220  S
      7      1   4.3236866830668774D-01 8.5D-09 0.0D+00 6.3D-09 0.0D+00       20      106       20      200  S
      7      1   4.3236756420240291D-01 8.5D-09 0.0D+00 4.3D-09 0.0D+00       20      104       20      200  S
      7      1   4.3237161742386143D-01 8.5D-09 0.0D+00 6.2D-09 0.0D+00       22      110       22      220  S
      7      1   4.3236887419028897D-01 8.5D-09 0.0D+00 2.4D-09 0.0D+00       20      102       20      200  S
      7      1   4.3238062922841147D-01 8.5D-09 0.0D+00 2.8D-09 0.0D+00       22      135       22      220  S
      7      1   4.3236756420337663D-01 8.5D-09 0.0D+00 8.8D-09 0.0D+00       22      108       22      220  S
      7      1   4.3236866830776693D-01 8.5D-09 0.0D+00 2.1D-09 0.0D+00       22      110       22      220  S
      7      1   4.3236866830763238D-01 8.5D-09 0.0D+00 1.6D-09 0.0D+00       22      110       22      220  S
      7      1   4.3236756420331240D-01 8.5D-09 0.0D+00 2.7D-09 0.0D+00       22      110       22      220  S
      7      1   4.3238062921795406D-01 8.5D-09 0.0D+00 7.5D-09 0.0D+00       20       99       20      200  S
      7      1   4.9926587988107979D-01 9.0D-09 0.0D+00 1.8D-09 0.0D+00       19      157       19      190  S
      7      1   4.3236756420332734D-01 8.5D-09 0.0D+00 8.6D-09 0.0D+00       22      108       22      220  S
      7      1   4.3236756420348560D-01 8.5D-09 0.0D+00 5.2D-09 0.0D+00       22      111       22      220  S
      7      1   4.3236756420330658D-01 8.5D-09 0.0D+00 9.0D-09 0.0D+00       22      115       22      220  S
      7      1   4.3236756420347316D-01 8.5D-09 0.0D+00 2.4D-09 0.0D+00       22      115       22      220  S
      7      1   4.3236756420336414D-01 8.5D-09 0.0D+00 8.3D-09 0.0D+00       22      112       22      220  S
      7      1   4.3236866830769860D-01 8.5D-09 0.0D+00 7.7D-10 0.0D+00       22      115       22      220  S
      7      1   4.3238062921797021D-01 8.5D-09 0.0D+00 4.0D-09 0.0D+00       20      111       20      200  S
      7      1   4.3238062922836867D-01 8.5D-09 0.0D+00 2.8D-09 0.0D+00       22      136       22      220  S
      7      1   4.3236866830770043D-01 8.5D-09 0.0D+00 1.8D-10 0.0D+00       22      113       22      220  S
      7      1   4.3238062921889847D-01 8.5D-09 0.0D+00 3.6D-09 0.0D+00       22      127       22      220  S
      7      1   4.3238062922845921D-01 8.5D-09 0.0D+00 4.1D-09 0.0D+00       22      137       22      220  S
      7      1   4.3236866830766113D-01 8.5D-09 0.0D+00 6.2D-09 0.0D+00       22      134       22      220  S
      7      1   4.3236866830704102D-01 8.5D-09 0.0D+00 4.0D-09 0.0D+00       20      101       20      200  S
      7      1   4.3236866830780796D-01 8.5D-09 0.0D+00 8.5D-09 0.0D+00       22      132       22      220  S
      7      1   4.3236866830688581D-01 8.5D-09 0.0D+00 6.7D-10 0.0D+00       20      104       20      200  S
      7      1   4.3236866830681492D-01 8.5D-09 0.0D+00 1.4D-09 0.0D+00       20      104       20      200  S
      7      1   4.3236756420340061D-01 8.5D-09 0.0D+00 5.0D-11 0.0D+00       22      116       22      220  S
      7      1   4.3238062922844300D-01 8.5D-09 0.0D+00 2.3D-09 0.0D+00       22      138       22      220  S
      7      1   4.3236866830756743D-01 8.5D-09 0.0D+00 4.0D-09 0.0D+00       22      134       22      220  S
      7      1   4.3238062922817433D-01 8.5D-09 0.0D+00 8.6D-09 0.0D+00       22      144       22      220  S
      7      1   4.3236866830689585D-01 8.5D-09 0.0D+00 4.4D-10 0.0D+00       20      103       20      200  S
      7      1   4.3238062921792103D-01 8.5D-09 0.0D+00 4.5D-09 0.0D+00       20      120       20      200  S
      7      1   4.3238062922850989D-01 8.5D-09 0.0D+00 5.0D-09 0.0D+00       22      136       22      220  S
      7      1   4.3236756420324085D-01 8.5D-09 0.0D+00 8.1D-09 0.0D+00       22      113       22      220  S
      7      1   4.3236866830768017D-01 8.5D-09 0.0D+00 1.9D-09 0.0D+00       22      109       22      220  S
      7      1   4.3238062921808340D-01 8.5D-09 0.0D+00 6.8D-09 0.0D+00       20      102       20      200  S
      7      1   4.3236756420318267D-01 8.5D-09 0.0D+00 3.5D-09 0.0D+00       22      113       22      220  S
      7      1   5.2964941240156715D-01 1.1D-02 0.0D+00 1.0D+00 0.0D+00       21      114       22      220  S
      7      1   4.3236756420241212D-01 8.5D-09 0.0D+00 2.3D-09 0.0D+00       20      103       20      200  S
      7      1   4.3236866830777532D-01 8.5D-09 0.0D+00 2.6D-09 0.0D+00       22      113       22      220  S
      7      1   4.3238062922767162D-01 8.5D-09 0.0D+00 3.3D-09 0.0D+00       20      137       20      200  S
      7      1   4.3236866830758114D-01 8.5D-09 0.0D+00 5.0D-09 0.0D+00       22      113       22      220  S
      7      1   4.3238062922836118D-01 8.5D-09 0.0D+00 2.2D-09 0.0D+00       22      139       22      220  S
      7      1   4.3236866830683590D-01 8.5D-09 0.0D+00 1.8D-09 0.0D+00       20      103       20      200  S
      7      1   4.3236756420331185D-01 8.5D-09 0.0D+00 3.6D-09 0.0D+00       22      112       22      220  S
      7      1   4.3238062922828552D-01 8.5D-09 0.0D+00 6.2D-09 0.0D+00       22      141       22      220  S
      7      1   4.3236756420328848D-01 8.5D-09 0.0D+00 5.0D-09 0.0D+00       22      113       22      220  S
      7      1   4.3237161742358116D-01 8.5D-09 0.0D+00 3.4D-09 0.0D+00       22      111       22      220  S
      7      1   4.3236756420320405D-01 8.5D-09 0.0D+00 5.3D-09 0.0D+00       22      115       22      220  S
      7      1   4.3238062921790849D-01 8.5D-09 0.0D+00 4.9D-09 0.0D+00       20      112       20      200  S
      7      1   4.3236756420322142D-01 8.5D-09 0.0D+00 1.2D-09 0.0D+00       22      110       22      220  S
      7      1   4.3238062922840115D-01 8.5D-09 0.0D+00 2.9D-09 0.0D+00       22      137       22      220  S
      7      1   4.3236866830687204D-01 8.5D-09 0.0D+00 6.5D-10 0.0D+00       20      102       20      200  S
      7      1   4.3238062921780901D-01 8.5D-09 0.0D+00 8.2D-09 0.0D+00       20      132       20      200  S
      7      1   4.3238062922830484D-01 8.5D-09 0.0D+00 5.1D-09 0.0D+00       22      132       22      220  S
      7      1   4.3237161742381330D-01 8.5D-09 0.0D+00 5.6D-10 0.0D+00       22      108       22      220  S
      7      1   5.6821150779803120D-01 2.2D-16 0.0D+00 5.7D-01 0.0D+00        3       36        3       30  S
      7      1   4.3236866830790716D-01 8.5D-09 0.0D+00 5.3D-09 0.0D+00       22      147       22      220  S
      7      1   4.3236866830786602D-01 8.5D-09 0.0D+00 5.9D-09 0.0D+00       22      136       22      220  S
      7      1   4.3237161742353597D-01 8.5D-09 0.0D+00 1.3D-09 0.0D+00       22      111       22      220  S
      7      1   4.3236756420332323D-01 8.5D-09 0.0D+00 1.1D-09 0.0D+00       22      109       22      220  S
      7      1   4.3236756420357031D-01 8.5D-09 0.0D+00 5.2D-09 0.0D+00       22      116       22      220  S
      7      1   4.3236756420323774D-01 8.5D-09 0.0D+00 1.6D-10 0.0D+00       22      111       22      220  S
      7      1   4.3236756420338734D-01 8.5D-09 0.0D+00 4.2D-09 0.0D+00       22      113       22      220  S
      7      1   4.3237161742389013D-01 8.5D-09 0.0D+00 6.4D-09 0.0D+00       22      107       22      220  S
      7      1   4.3236756420344974D-01 8.5D-09 0.0D+00 1.3D-09 0.0D+00       22      115       22      220  S
      7      1   4.3236866830681087D-01 8.5D-09 0.0D+00 3.9D-09 0.0D+00       20      106       20      200  S
      7      1   4.3236756420331440D-01 8.5D-09 0.0D+00 7.4D-09 0.0D+00       22      116       22      220  S
      7      1   4.3236756420324518D-01 8.5D-09 0.0D+00 4.7D-09 0.0D+00       22      113       22      220  S
      7      1   4.3236756420258682D-01 8.5D-09 0.0D+00 8.2D-09 0.0D+00       20      102       20      200  S
      7      1   4.3236866830764814D-01 8.5D-09 0.0D+00 7.6D-09 0.0D+00       22      136       22      220  S
      7      1   4.3236756420322170D-01 8.5D-09 0.0D+00 1.3D-09 0.0D+00       22      112       22      220  S
      7      1   4.3236866830772314D-01 8.5D-09 0.0D+00 5.2D-09 0.0D+00       22      139       22      220  S
      7      1   4.3237161742376234D-01 8.5D-09 0.0D+00 4.5D-09 0.0D+00       22      108       22      220  S
      7      1   4.3238062921799292D-01 8.5D-09 0.0D+00 3.8D-11 0.0D+00       20      100       20      200  S
      7      1   4.3236756420351063D-01 8.5D-09 0.0D+00 7.1D-09 0.0D+00       22      110       22      220  S
      7      1   4.3237161742355867D-01 8.5D-09 0.0D+00 1.8D-09 0.0D+00       22      104       22      220  S
      7      1   4.3238062922825810D-01 8.5D-09 0.0D+00 7.6D-09 0.0D+00       22      140       22      220  S
      7      1   4.3236756420331263D-01 8.5D-09 0.0D+00 1.5D-09 0.0D+00       22      115       22      220  S
      7      1   4.3237161742363117D-01 8.5D-09 0.0D+00 3.7D-10 0.0D+00       22      108       22      220  S
      7      1   4.3237161742369573D-01 8.5D-09 0.0D+00 5.5D-09 0.0D+00       22      105       22      220  S
      7      1   4.3236756420331623D-01 8.5D-09 0.0D+00 2.7D-09 0.0D+00       22      111       22      220  S
      7      1   4.3238062921875292D-01 8.5D-09 0.0D+00 7.2D-09 0.0D+00       22      133       22      220  S
      7      1   4.3236866830780118D-01 8.5D-09 0.0D+00 2.5D-09 0.0D+00       22      136       22      220  S
      7      1   4.3236866830697168D-01 8.5D-09 0.0D+00 2.7D-09 0.0D+00       20      103       20      200  S
      7      1   4.3236756420320938D-01 8.5D-09 0.0D+00 6.4D-09 0.0D+00       22      110       22      220  S
      7      1   4.3236756420324618D-01 8.5D-09 0.0D+00 4.1D-09 0.0D+00       22      114       22      220  S
      7      1   4.3236756420230316D-01 8.5D-09 0.0D+00 3.7D-10 0.0D+00       20      103       20      200  S
      7      1   4.3236756420250755D-01 8.5D-09 0.0D+00 5.7D-09 0.0D+00       20      104       20      200  S
      7      1   4.3236756420327621D-01 8.5D-09 0.0D+00 1.7D-10 0.0D+00       22      110       22      220  S
      7      1   4.3236756420328770D-01 8.5D-09 0.0D+00 2.2D-09 0.0D+00       22      111       22      220  S
      7      1   4.3236756420348815D-01 8.5D-09 0.0D+00 3.5D-09 0.0D+00       22      114       22      220  S
      7      1   4.3236756420244304D-01 8.5D-09 0.0D+00 5.6D-09 0.0D+00       20      104       20      200  S
      7      1   4.3238062921895604D-01 8.5D-09 0.0D+00 5.6D-09 0.0D+00       22      138       22      220  S
      7      1   4.9921748930277404D-01 9.0D-09 0.0D+00 7.7D-08 0.0D+00       22      198       22      220  S
      7      1   4.3236756420340183D-01 8.5D-09 0.0D+00 4.8D-09 0.0D+00       22      116       22      220  S
      7      1   4.3236866830770326D-01 8.5D-09 0.0D+00 1.0D-10 0.0D+00       22      137       22      220  S
      7      1   4.3236756420237182D-01 8.5D-09 0.0D+00 5.6D-09 0.0D+00       20      102       20      200  S
      7      1   4.3238062921806242D-01 8.5D-09 0.0D+00 7.5D-09 0.0D+00       20      102       20      200  S
      7      1   4.3236756420342759D-01 8.5D-09 0.0D+00 6.6D-09 0.0D+00       22      113       22      220  S
      7      1   4.3238062921796289D-01 8.5D-09 0.0D+00 2.1D-09 0.0D+00       20      109       20      200  S
      7      1   4.3238062921895298D-01 8.5D-09 0.0D+00 2.5D-09 0.0D+00       22      134       22      220  S
      7      1   4.3236866830667853D-01 8.5D-09 0.0D+00 5.8D-09 0.0D+00       20      105       20      200  S
      7      1   4.3236756420342598D-01 8.5D-09 0.0D+00 9.2D-09 0.0D+00       22      109       22      220  S
      7      1   4.3236756420338773D-01 8.5D-09 0.0D+00 2.5D-09 0.0D+00       22      116       22      220  S
      7      1   4.3238062922840603D-01 8.5D-09 0.0D+00 2.7D-09 0.0D+00       22      138       22      220  S
      7      1   4.3236866830755660D-01 8.5D-09 0.0D+00 5.2D-09 0.0D+00       22      135       22      220  S
      7      1   4.3237161742372210D-01 8.5D-09 0.0D+00 1.0D-09 0.0D+00       22      108       22      220  S
      7      1   4.3237161742377922D-01 8.5D-09 0.0D+00 9.2D-09 0.0D+00       22      107       22      220  S
      7      1   4.3236756420321260D-01 8.5D-09 0.0D+00 6.2D-09 0.0D+00       22      111       22      220  S
      7      1   4.3236756420351857D-01 8.5D-09 0.0D+00 2.1D-09 0.0D+00       22      113       22      220  S
      7      1   4.3236756420218880D-01 8.5D-09 0.0D+00 4.5D-09 0.0D+00       20      102       20      200  S
      7      1   4.3238062922840431D-01 8.5D-09 0.0D+00 3.0D-09 0.0D+00       22      136       22      220  S
      7      1   4.3236756420328304D-01 8.5D-09 0.0D+00 1.3D-09 0.0D+00       22      112       22      220  S
      7      1   4.3236866830687387D-01 8.5D-09 0.0D+00 3.3D-10 0.0D+00       20      102       20      200  S
      7      1   4.3238062921898890D-01 8.5D-09 0.0D+00 9.8D-09 0.0D+00       22      122       22      220  S
      7      1   4.3236756420231659D-01 8.5D-09 0.0D+00 1.5D-09 0.0D+00       20      100       20      200  S
      7      1   4.3236756420255323D-01 8.5D-09 0.0D+00 1.4D-08 0.0D+00       21      110       21      210  S
      7      1   4.3236756420308942D-01 8.5D-09 0.0D+00 9.0D-09 0.0D+00       22      109       22      220  S
      7      1   4.3238062922745313D-01 8.5D-09 0.0D+00 4.4D-09 0.0D+00       20      124       20      200  S
      7      1   4.3236866830759818D-01 8.5D-09 0.0D+00 4.2D-09 0.0D+00       22      137       22      220  S
      7      1   4.3236756420338102D-01 8.5D-09 0.0D+00 1.3D-09 0.0D+00       22      113       22      220  S
      7      1   4.3236756420333194D-01 8.5D-09 0.0D+00 7.0D-09 0.0D+00       22      110       22      220  S
      7      1   4.3238062922841392D-01 8.5D-09 0.0D+00 2.7D-09 0.0D+00       22      133       22      220  S
      7      1   4.3236866830772880D-01 8.5D-09 0.0D+00 5.6D-09 0.0D+00       22      136       22      220  S
      7      1   4.3236756420242162D-01 8.5D-09 0.0D+00 6.6D-09 0.0D+00       20      101       20      200  S
      7      1   4.3236866830789750D-01 8.5D-09 0.0D+00 4.9D-09 0.0D+00       22      110       22      220  S
      7      1   4.3236756420329225D-01 8.5D-09 0.0D+00 6.7D-09 0.0D+00       22      108       22      220  S
      7      1   4.3236866830765031D-01 8.5D-09 0.0D+00 1.8D-09 0.0D+00       22      136       22      220  S
      7      1   4.3236866830677473D-01 8.5D-09 0.0D+00 4.2D-09 0.0D+00       20      106       20      200  S
      7      1   4.3236756420311334D-01 8.5D-09 0.0D+00 7.8D-09 0.0D+00       22      113       22      220  S
      7      1   4.3238062922839021D-01 8.5D-09 0.0D+00 8.4D-09 0.0D+00       22      142       22      220  S
      7      1   4.3236756420342143D-01 8.5D-09 0.0D+00 9.6D-09 0.0D+00       22      116       22      220  S
      7      1   4.3237161742375313D-01 8.5D-09 0.0D+00 1.9D-09 0.0D+00       22      110       22      220  S
      7      1   4.3236756420323841D-01 8.5D-09 0.0D+00 3.0D-09 0.0D+00       22      112       22      220  S
      7      1   4.3238062922750536D-01 8.5D-09 0.0D+00 1.8D-09 0.0D+00       20      123       20      200  S
      7      1   4.3237161742355201D-01 8.5D-09 0.0D+00 1.5D-09 0.0D+00       22      108       22      220  S
      7      1   4.3236756420338446D-01 8.5D-09 0.0D+00 1.5D-09 0.0D+00       22      112       22      220  S
      7      1   4.3238062921805065D-01 8.5D-09 0.0D+00 5.0D-10 0.0D+00       20      101       20      200  S
      7      1   4.3237161742358321D-01 8.5D-09 0.0D+00 3.5D-10 0.0D+00       22      108       22      220  S
      7      1   4.3238062921876486D-01 8.5D-09 0.0D+00 3.1D-09 0.0D+00       22      133       22      220  S
      7      1   4.3236756420353534D-01 8.5D-09 0.0D+00 4.2D-09 0.0D+00       22      118       22      220  S
      7      1   4.3236756420347439D-01 8.5D-09 0.0D+00 2.7D-09 0.0D+00       22      112       22      220  S
      7      1   4.3236756420323785D-01 8.5D-09 0.0D+00 4.8D-09 0.0D+00       22      112       22      220  S
      7      1   4.3236756420341382D-01 8.5D-09 0.0D+00 1.2D-09 0.0D+00       22      115       22      220  S
      7      1   4.9926142426860537D-01 9.0D-09 0.0D+00 7.9D-08 0.0D+00       21      193       21      210  S
      7      1   4.3237161742368491D-01 8.5D-09 0.0D+00 4.8D-10 0.0D+00       22      108       22      220  S
      7      1   4.3236866830781973D-01 8.5D-09 0.0D+00 2.0D-09 0.0D+00       22      133       22      220  S
      7      1   4.3236866830681925D-01 8.5D-09 0.0D+00 2.9D-09 0.0D+00       20      101       20      200  S
      7      1   4.3238062921821230D-01 8.5D-09 0.0D+00 3.4D-09 0.0D+00       20      113       20      200  S
      7      1   4.3236866830782672D-01 8.5D-09 0.0D+00 4.0D-09 0.0D+00       22      112       22      220  S
      7      1   4.3236866830772647D-01 8.5D-09 0.0D+00 5.2D-11 0.0D+00       22      136       22      220  S
      7      1   4.3236756420331407D-01 8.5D-09 0.0D+00 2.1D-09 0.0D+00       22      112       22      220  S
      7      1   4.3237161742364910D-01 8.5D-09 0.0D+00 4.5D-11 0.0D+00       22      108       22      220  S
      7      1   4.3236756420251798D-01 8.5D-09 0.0D+00 3.2D-09 0.0D+00       20      102       20      200  S
      7      1   4.3238062922753040D-01 8.5D-09 0.0D+00 3.2D-09 0.0D+00       20      136       20      200  S
      7      1   4.3236756420241107D-01 8.5D-09 0.0D+00 9.4D-09 0.0D+00       20      102       20      200  S
      7      1   4.3236887419032255D-01 8.5D-09 0.0D+00 4.2D-09 0.0D+00       20      104       20      200  S
      7      1   4.3236866830676424D-01 8.5D-09 0.0D+00 4.4D-09 0.0D+00       20      104       20      200  S
      7      1   4.3236756420323458D-01 8.5D-09 0.0D+00 8.7D-09 0.0D+00       22      117       22      220  S
      7      1   4.3237161742381225D-01 8.5D-09 0.0D+00 7.4D-09 0.0D+00       22      112       22      220  S
      7      1   4.3236756420305533D-01 8.5D-09 0.0D+00 5.9D-09 0.0D+00       22      112       22      220  S
      7      1   4.3236866830769244D-01 8.5D-09 0.0D+00 4.0D-10 0.0D+00       22      136       22      220  S
      7      1   4.3236756420343997D-01 8.5D-09 0.0D+00 5.6D-10 0.0D+00       22      118       22      220  S
      7      1   4.3236866830782344D-01 8.5D-09 0.0D+00 3.3D-09 0.0D+00       22      135       22      220  S
      7      1   4.3236866830772092D-01 8.5D-09 0.0D+00 3.4D-10 0.0D+00       22      133       22      220  S
      7      1   4.3238062921816267D-01 8.5D-09 0.0D+00 9.4D-09 0.0D+00       20      100       20      200  S
      7      1   4.3236756420245864D-01 8.5D-09 0.0D+00 8.5D-09 0.0D+00       20      106       20      200  S
      7      1   4.3236756420333566D-01 8.5D-09 0.0D+00 8.3D-09 0.0D+00       22      112       22      220  S
      7      1   4.3236866830744081D-01 8.5D-09 0.0D+00 7.6D-09 0.0D+00       22      129       22      220  S
      7      1   4.3238062921807441D-01 8.5D-09 0.0D+00 6.2D-09 0.0D+00       20      103       20      200  S
      7      1   4.3236756420322359D-01 8.5D-09 0.0D+00 4.4D-09 0.0D+00       22      108       22      220  S
      7      1   4.3237161742369334D-01 8.5D-09 0.0D+00 3.1D-10 0.0D+00       22      107       22      220  S
      7      1   4.3236756420337152D-01 8.5D-09 0.0D+00 1.6D-11 0.0D+00       22      108       22      220  S
      7      1   4.3238062922837350D-01 8.5D-09 0.0D+00 2.5D-09 0.0D+00       22      148       22      220  S
      7      1   4.3236756420354427D-01 8.5D-09 0.0D+00 4.4D-09 0.0D+00       22      115       22      220  S
      7      1   4.9921748930150217D-01 9.0D-09 0.0D+00 4.7D-10 0.0D+00       20      185       20      200  S
      7      1   4.3236756420343153D-01 8.5D-09 0.0D+00 5.4D-09 0.0D+00       22      112       22      220  S
      7      1   4.3236756420311828D-01 8.5D-09 0.0D+00 5.1D-09 0.0D+00       22      111       22      220  S
      7      1   4.3236866830687071D-01 8.5D-09 0.0D+00 4.4D-10 0.0D+00       20      109       20      200  S
      7      1   4.3236866830764986D-01 8.5D-09 0.0D+00 1.5D-10 0.0D+00       22      139       22      220  S
      7      1   4.3238062922827003D-01 8.5D-09 0.0D+00 6.1D-09 0.0D+00       22      135       22      220  S
      7      1   4.3236756420333106D-01 8.5D-09 0.0D+00 2.6D-09 0.0D+00       22      111       22      220  S
      7      1   4.3236866830775966D-01 8.5D-09 0.0D+00 7.9D-10 0.0D+00       22      112       22      220  S
      7      1   4.3238062922836612D-01 8.5D-09 0.0D+00 4.8D-10 0.0D+00       22      133       22      220  S
      7      1   4.3238062921885950D-01 8.5D-09 0.0D+00 4.1D-09 0.0D+00       22      130       22      220  S
      7      1   4.3238062921795867D-01 8.5D-09 0.0D+00 4.1D-09 0.0D+00       20      103       20      200  S
      7      1   4.3238062921892151D-01 8.5D-09 0.0D+00 8.4D-09 0.0D+00       22      138       22      220  S
      7      1   4.3236756420331546D-01 8.5D-09 0.0D+00 3.6D-10 0.0D+00       22      114       22      220  S
      7      1   4.3236756420340516D-01 8.5D-09 0.0D+00 7.1D-09 0.0D+00       22      111       22      220  S
      7      1   4.3236756420324413D-01 8.5D-09 0.0D+00 3.6D-09 0.0D+00       22      113       22      220  S
      7      1   4.3237161742376989D-01 8.5D-09 0.0D+00 8.8D-09 0.0D+00       22      106       22      220  S
      7      1   4.3236866830773019D-01 8.5D-09 0.0D+00 4.7D-09 0.0D+00       22      133       22      220  S
      7      1   4.3238062921877873D-01 8.5D-09 0.0D+00 7.6D-09 0.0D+00       22      126       22      220  S
      7      1   4.3236887419033254D-01 8.5D-09 0.0D+00 9.0D-09 0.0D+00       20      105       20      200  S
      7      1   4.3238062922849668D-01 8.5D-09 0.0D+00 4.8D-09 0.0D+00       22      133       22      220  S
      7      1   4.3236756420316264D-01 8.5D-09 0.0D+00 8.8D-09 0.0D+00       22      111       22      220  S
      7      1   4.3236756420333960D-01 8.5D-09 0.0D+00 2.5D-09 0.0D+00       22      106       22      220  S
      7      1   4.3238062921877313D-01 8.5D-09 0.0D+00 8.3D-09 0.0D+00       22      135       22      220  S
      7      1   4.3237161742369268D-01 8.5D-09 0.0D+00 9.5D-09 0.0D+00       22      110       22      220  S
      7      1   4.3238062921814807D-01 8.5D-09 0.0D+00 8.4D-09 0.0D+00       20      101       20      200  S
      7      1   4.3236756420322808D-01 8.5D-09 0.0D+00 1.3D-09 0.0D+00       22      112       22      220  S
      7      1   4.3236756420320105D-01 8.5D-09 0.0D+00 7.3D-10 0.0D+00       22      116       22      220  S
      7      1   4.3238062922825754D-01 8.5D-09 0.0D+00 7.1D-09 0.0D+00       22      137       22      220  S
      7      1   4.3236866830676335D-01 8.5D-09 0.0D+00 2.0D-09 0.0D+00       20      103       20      200  S
      7      1   4.3238062921796505D-01 8.5D-09 0.0D+00 3.3D-09 0.0D+00       20      111       20      200  S
      7      1   4.3236756420236078D-01 8.5D-09 0.0D+00 6.8D-09 0.0D+00       20      103       20      200  S
      7      1   4.3236887419044123D-01 8.5D-09 0.0D+00 6.8D-09 0.0D+00       20      104       20      200  S
      7      1   4.3236756420318218D-01 8.5D-09 0.0D+00 9.2D-09 0.0D+00       22      116       22      220  S
      7      1   4.3236756420264466D-01 8.5D-09 0.0D+00 8.8D-09 0.0D+00       20      104       20      200  S
      7      1   4.3236866830785520D-01 8.5D-09 0.0D+00 5.1D-09 0.0D+00       22      135       22      220  S
      7      1   4.3236756420331052D-01 8.5D-09 0.0D+00 7.5D-09 0.0D+00       22      116       22      220  S
      7      1   4.3236756420328826D-01 8.5D-09 0.0D+00 2.0D-09 0.0D+00       22      111       22      220  S
      7      1   4.3236756420318723D-01 8.5D-09 0.0D+00 3.6D-10 0.0D+00       22      114       22      220  S
      7      1   4.3238062921787773D-01 8.5D-09 0.0D+00 8.0D-09 0.0D+00       20      101       20      200  S
      7      1   4.3236756420341016D-01 8.5D-09 0.0D+00 8.9D-12 0.0D+00       22      114       22      220  S
      7      1   4.3238062921869891D-01 8.5D-09 0.0D+00 9.8D-09 0.0D+00       22      134       22      220  S
      7      1   4.3236756420252526D-01 8.5D-09 0.0D+00 5.7D-09 0.0D+00       20      100       20      200  S
      7      1   4.3236756420326344D-01 8.5D-09 0.0D+00 4.2D-09 0.0D+00       22      110       22      220  S
      7      1   4.3237161742352287D-01 8.5D-09 0.0D+00 1.8D-09 0.0D+00       22      139       22      220  S
      7      1   4.3236866830767828D-01 8.5D-09 0.0D+00 5.8D-09 0.0D+00       22      132       22      220  S
      7      1   4.3236887419039216D-01 8.5D-09 0.0D+00 9.3D-09 0.0D+00       20      104       20      200  S
      7      1   4.3238062921895892D-01 8.5D-09 0.0D+00 3.0D-09 0.0D+00       22      138       22      220  S
      7      1   4.3236756420329775D-01 8.5D-09 0.0D+00 9.2D-09 0.0D+00       22      115       22      220  S
      7      1   4.3238062922821369D-01 8.5D-09 0.0D+00 8.7D-09 0.0D+00       22      142       22      220  S
      7      1   4.3236756420343880D-01 8.5D-09 0.0D+00 5.4D-09 0.0D+00       22      109       22      220  S
      7      1   4.3238062921770531D-01 8.5D-09 0.0D+00 3.6D-09 0.0D+00       20      119       20      200  S
      7      1   4.3236866830753307D-01 8.5D-09 0.0D+00 4.3D-09 0.0D+00       22      109       22      220  S
      7      1   4.3236756420309042D-01 8.5D-09 0.0D+00 5.5D-09 0.0D+00       22      110       22      220  S
      7      1   4.3238062921882398D-01 8.5D-09 0.0D+00 4.6D-09 0.0D+00       22      152       22      220  S
      7      1   4.3237161742380120D-01 8.5D-09 0.0D+00 4.0D-09 0.0D+00       22      107       22      220  S
      7      1   4.3238062922854797D-01 8.5D-09 0.0D+00 8.6D-09 0.0D+00       22      144       22      220  S
      7      1   4.3237161742380503D-01 8.5D-09 0.0D+00 1.4D-09 0.0D+00       22      113       22      220  S
      7      1   4.3236756420327332D-01 8.5D-09 0.0D+00 7.0D-09 0.0D+00       22      107       22      220  S
      7      1   4.3236756420322014D-01 8.5D-09 0.0D+00 9.1D-09 0.0D+00       22      111       22      220  S
      7      1   4.3236866830771958D-01 8.5D-09 0.0D+00 4.4D-10 0.0D+00       22      113       22      220  S
      7      1   4.3236756420351885D-01 8.5D-09 0.0D+00 2.7D-09 0.0D+00       22      110       22      220  S
      7      1   4.3237161742386260D-01 8.5D-09 0.0D+00 5.1D-09 0.0D+00       22      105       22      220  S
      7      1   4.3238062922848947D-01 8.5D-09 0.0D+00 5.0D-09 0.0D+00       22      135       22      220  S
      7      1   4.3236866830704318D-01 8.5D-09 0.0D+00 9.5D-09 0.0D+00       20      103       20      200  S
      7      1   4.3237161742359870D-01 8.5D-09 0.0D+00 1.3D-09 0.0D+00       22      106       22      220  S
      7      1   4.3238062921873649D-01 8.5D-09 0.0D+00 7.1D-09 0.0D+00       22      134       22      220  S
      7      1   4.3236866830778231D-01 8.5D-09 0.0D+00 2.2D-09 0.0D+00       22      114       22      220  S
      7      1   4.3238062922753417D-01 8.5D-09 0.0D+00 6.3D-09 0.0D+00       20      121       20      200  S
      7      1   4.3236756420214068D-01 8.5D-09 0.0D+00 6.9D-09 0.0D+00       20      102       20      200  S
      7      1   4.3236756420329608D-01 8.5D-09 0.0D+00 4.8D-09 0.0D+00       22      109       22      220  S
      7      1   4.3238062922746506D-01 8.5D-09 0.0D+00 8.1D-09 0.0D+00       20      125       20      200  S
      7      1   4.3238062921895448D-01 8.5D-09 0.0D+00 1.0D-08 0.0D+00       22      134       22      220  S
      7      1   4.3236756420248129D-01 8.5D-09 0.0D+00 8.8D-10 0.0D+00       20      103       20      200  S
      7      1   4.3236756420333139D-01 8.5D-09 0.0D+00 8.1D-09 0.0D+00       22      116       22      220  S
      7      1   4.3236756420248806D-01 8.5D-09 0.0D+00 7.8D-10 0.0D+00       20      101       20      200  S
      7      1   4.3238062921799619D-01 8.5D-09 0.0D+00 7.8D-09 0.0D+00       20      114       20      200  S
      7      1   4.3236756420325212D-01 8.5D-09 0.0D+00 4.4D-09 0.0D+00       22      116       22      220  S
      7      1   4.3236756420211553D-01 8.5D-09 0.0D+00 6.1D-09 0.0D+00       20      103       20      200  S
      7      1   4.3238062921891401D-01 8.5D-09 0.0D+00 2.9D-09 0.0D+00       22      126       22      220  S
      7      1   4.3236756420349032D-01 8.5D-09 0.0D+00 3.0D-09 0.0D+00       22      117       22      220  S
      7      1   4.3237161742359143D-01 8.5D-09 0.0D+00 6.5D-09 0.0D+00       22      108       22      220  S
      7      1   4.3236866830769688D-01 8.5D-09 0.0D+00 6.3D-09 0.0D+00       22      139       22      220  S
      7      1   4.3237161742360009D-01 8.5D-09 0.0D+00 4.2D-09 0.0D+00       22      109       22      220  S
      7      1   4.3236756420322087D-01 8.5D-09 0.0D+00 9.5D-10 0.0D+00       22      113       22      220  S
      7      1   4.3236866830758941D-01 8.5D-09 0.0D+00 4.4D-09 0.0D+00       22      133       22      220  S
      7      1   4.3238062921889953D-01 8.5D-09 0.0D+00 1.8D-09 0.0D+00       22      134       22      220  S
      7      1   4.3238062921878845D-01 8.5D-09 0.0D+00 4.8D-09 0.0D+00       22      138       22      220  S
      7      1   4.3238062921882969D-01 8.5D-09 0.0D+00 4.9D-09 0.0D+00       22      134       22      220  S
      7      1   4.3238062922847731D-01 8.5D-09 0.0D+00 1.3D-09 0.0D+00       22      151       22      220  S
      7      1   4.3236866830779980D-01 8.5D-09 0.0D+00 2.6D-09 0.0D+00       22      144       22      220  S
      7      1   4.3236756420229400D-01 8.5D-09 0.0D+00 1.5D-09 0.0D+00       20      101       20      200  S
      7      1   4.3238062921775372D-01 8.5D-09 0.0D+00 8.1D-09 0.0D+00       20      114       20      200  S
      7      1   4.3236866830783610D-01 8.5D-09 0.0D+00 3.6D-09 0.0D+00       22      134       22      220  S
      7      1   4.3236866830790466D-01 8.5D-09 0.0D+00 5.6D-09 0.0D+00       22      138       22      220  S
      7      1   4.3236756420339484D-01 8.5D-09 0.0D+00 2.4D-11 0.0D+00       22      117       22      220  S
      7      1   4.9921748930110121D-01 9.0D-09 0.0D+00 6.2D-09 0.0D+00       20      166       20      200  S
      7      1   4.3236866830693543D-01 8.5D-09 0.0D+00 6.4D-09 0.0D+00       20      103       20      200  S
      7      1   4.3236866830750004D-01 8.5D-09 0.0D+00 7.1D-09 0.0D+00       22      137       22      220  S
      7      1   4.3237161742373531D-01 8.5D-09 0.0D+00 1.4D-09 0.0D+00       22      107       22      220  S
      7      1   4.3236756420330935D-01 8.5D-09 0.0D+00 1.7D-09 0.0D+00       22      113       22      220  S
      7      1   4.3236866830770360D-01 8.5D-09 0.0D+00 4.5D-09 0.0D+00       22      136       22      220  S
      7      1   4.3238062921781445D-01 8.5D-09 0.0D+00 2.9D-09 0.0D+00       20      110       20      200  S
      7      1   4.3238062922838427D-01 8.5D-09 0.0D+00 2.6D-09 0.0D+00       22      141       22      220  S
      7      1   4.3236756420250810D-01 8.5D-09 0.0D+00 1.9D-09 0.0D+00       20      104       20      200  S
      7      1   4.3236866830664616D-01 8.5D-09 0.0D+00 1.2D-09 0.0D+00       20      102       20      200  S
      7      1   4.3236756420332179D-01 8.5D-09 0.0D+00 1.6D-09 0.0D+00       22      108       22      220  S
      7      1   4.3236756420329692D-01 8.5D-09 0.0D+00 1.6D-09 0.0D+00       22      114       22      220  S
      7      1   4.3236866830684312D-01 8.5D-09 0.0D+00 8.6D-09 0.0D+00       20      100       20      200  S
      7      1   4.3237161742372376D-01 8.5D-09 0.0D+00 1.7D-09 0.0D+00       22      105       22      220  S
      7      1   4.3238062921792303D-01 8.5D-09 0.0D+00 1.0D-09 0.0D+00       20      111       20      200  S
      7      1   4.3238062921803705D-01 8.5D-09 0.0D+00 7.1D-09 0.0D+00       20      133       20      200  S
      7      1   4.3236887419034320D-01 8.5D-09 0.0D+00 9.1D-10 0.0D+00       20      103       20      200  S
      7      1   4.3236866830676679D-01 8.5D-09 0.0D+00 5.0D-09 0.0D+00       20      103       20      200  S
      7      1   4.3236756420348865D-01 8.5D-09 0.0D+00 1.1D-09 0.0D+00       22      113       22      220  S
      7      1   4.3236866830778253D-01 8.5D-09 0.0D+00 2.1D-09 0.0D+00       22      139       22      220  S
      7      1   4.3238062921801085D-01 8.5D-09 0.0D+00 6.0D-09 0.0D+00       20      104       20      200  S
      7      1   4.3236756420317585D-01 8.5D-09 0.0D+00 4.0D-09 0.0D+00       22      110       22      220  S
      7      1   4.3238062922843967D-01 8.5D-09 0.0D+00 9.6D-09 0.0D+00       22      132       22      220  S
      7      1   4.3237161742368424D-01 8.5D-09 0.0D+00 1.7D-09 0.0D+00       22      109       22      220  S
      7      1   4.3238062921788367D-01 8.5D-09 0.0D+00 8.4D-09 0.0D+00       20       99       20      200  S
      7      1   4.3238062921799153D-01 8.5D-09 0.0D+00 6.0D-09 0.0D+00       20      100       20      200  S
      7      1   4.3236756420246042D-01 8.5D-09 0.0D+00 3.2D-09 0.0D+00       20      104       20      200  S
