      9      1   3.5299081387854331D-01 7.3D-09 0.0D+00 8.1D-04 0.0D+00       22      215       22      220  S
      9      1   3.5299940036991617D-01 3.7D-09 0.0D+00 1.9D-05 0.0D+00       25      194       25      250  S
      9      1   3.5299500752633822D-01 8.1D-09 0.0D+00 4.3D-06 0.0D+00       25      226       25      250  S
      9      1   3.5302479905962009D-01 3.7D-09 0.0D+00 1.9D-05 0.0D+00       25      180       25      250  S
      9      1   3.5299654145131570D-01 4.8D-09 0.0D+00 2.9D-01 0.0D+00       25      203       25      250  S
      9      1   3.5300692754073754D-01 9.5D-09 0.0D+00 7.8D-05 0.0D+00       25      198       25      250  S
      9      1   3.5300489147570657D-01 8.2D-09 0.0D+00 1.9D-01 0.0D+00       24      161       24      240  S
      9      1   3.5299747633189160D-01 3.7D-09 0.0D+00 1.9D-05 0.0D+00       26      208       26      260  S
      9      1   3.5298916369727407D-01 8.2D-09 0.0D+00 1.9D-01 0.0D+00       24      199       24      240  S
      9      1   3.5298620509355605D-01 8.6D-09 0.0D+00 6.8D-05 0.0D+00       25      170       25      250  S
      9      1   3.5301869200824404D-01 4.1D-09 0.0D+00 2.2D-05 0.0D+00       25      208       25      250  S
      9      1   3.5299437291362701D-01 4.9D-09 0.0D+00 3.6D-01 0.0D+00       25      175       25      250  S
      9      1   3.5300777134663075D-01 3.7D-09 0.0D+00 1.9D-05 0.0D+00       24      193       24      240  S
      9      1   3.5298883945512421D-01 7.3D-09 0.0D+00 4.9D-03 0.0D+00       24      202       24      240  S
      9      1   3.5301431352467161D-01 4.0D-09 0.0D+00 2.1D-05 0.0D+00       25      182       25      250  S
      9      1   3.5298725181282664D-01 8.2D-09 0.0D+00 1.9D-01 0.0D+00       24      173       24      240  S
      9      1   3.5299500768869924D-01 8.1D-09 0.0D+00 3.5D-06 0.0D+00       23      195       23      230  S
      9      1   3.5302230734657236D-01 4.7D-09 0.0D+00 2.9D-01 0.0D+00       25      158       25      250  S
      9      1   6.1630839870585441D-01 2.2D-16 0.0D+00 6.2D-01 0.0D+00        3       32        3       30  S
      9      1   3.5300549118431646D-01 3.7D-09 0.0D+00 1.9D-05 0.0D+00       25      223       25      250  S
      9      1   3.5301731629301952D-01 8.3D-09 0.0D+00 6.4D-05 0.0D+00       25      195       25      250  S
      9      1   3.5299405105042408D-01 8.6D-09 0.0D+00 6.8D-05 0.0D+00       25      176       25      250  S
      9      1   3.5299992966309524D-01 3.5D-09 0.0D+00 1.8D-05 0.0D+00       25      199       25      250  S
      9      1   3.5299089461095307D-01 6.3D-09 0.0D+00 4.3D-05 0.0D+00       24      163       24      240  S
      9      1   3.5298904616416393D-01 8.1D-09 0.0D+00 6.2D-05 0.0D+00       24      197       24      240  S
      9      1   3.5298639657922526D-01 9.6D-09 0.0D+00 7.9D-05 0.0D+00       23      210       23      230  S
      9      1   3.5299840539224175D-01 4.1D-09 0.0D+00 2.2D-05 0.0D+00       26      202       26      260  S
      9      1   3.5299957471324711D-01 3.7D-09 0.0D+00 1.9D-05 0.0D+00       25      203       25      250  S
      9      1   3.5298907178146965D-01 8.1D-09 0.0D+00 1.9D-06 0.0D+00       24      218       24      240  S
      9      1   3.5298716925430601D-01 8.1D-09 0.0D+00 5.8D-06 0.0D+00       25      200       25      250  S
      9      1   3.5301501035729366D-01 3.8D-09 0.0D+00 1.9D-05 0.0D+00       25      211       25      250  S
      9      1   3.5298631360575328D-01 9.6D-09 0.0D+00 7.9D-05 0.0D+00       25      219       25      250  S
      9      1   3.5301518840944351D-01 3.7D-09 0.0D+00 1.9D-05 0.0D+00       23      166       23      230  S
      9      1   3.5298449207860572D-01 9.6D-09 0.0D+00 7.9D-05 0.0D+00       25      240       25      250  S
      9      1   3.5298716897842730D-01 8.1D-09 0.0D+00 3.7D-05 0.0D+00       25      188       25      250  S
      9      1   3.5299440108378943D-01 4.9D-09 0.0D+00 3.6D-01 0.0D+00       25      185       25      250  S
      9      1   3.5299749933897479D-01 3.7D-09 0.0D+00 1.9D-05 0.0D+00       25      205       25      250  S
      9      1   3.5300549054445152D-01 3.7D-09 0.0D+00 1.9D-05 0.0D+00       25      188       25      250  S
      9      1   3.5299765996620064D-01 3.7D-09 0.0D+00 1.9D-05 0.0D+00       25      211       25      250  S
      9      1   3.5300945101341508D-01 8.1D-09 0.0D+00 1.7D-06 0.0D+00       24      190       24      240  S
      9      1   3.5299497703315380D-01 8.3D-09 0.0D+00 1.9D-01 0.0D+00       24      179       24      240  S
      9      1   4.3236756419783046D-01 8.5D-09 0.0D+00 2.8D-07 0.0D+00       23      214       23      230  S
      9      1   3.5299943698800385D-01 3.7D-09 0.0D+00 1.9D-05 0.0D+00       25      177       25      250  S
      9      1   3.5298719977400639D-01 9.1D-09 0.0D+00 7.4D-05 0.0D+00       25      183       25      250  S
      9      1   3.5298716924327000D-01 8.1D-09 0.0D+00 2.3D-06 0.0D+00       24      201       24      240  S
      9      1   3.5298907179250333D-01 8.1D-09 0.0D+00 2.7D-06 0.0D+00       24      218       24      240  S
      9      1   3.5302868855844760D-01 3.4D-09 0.0D+00 1.7D-05 0.0D+00       25      179       25      250  S
      9      1   3.5298647150393531D-01 8.5D-09 0.0D+00 6.6D-05 0.0D+00       24      181       24      240  S
      9      1   3.5299360497191395D-01 5.2D-09 0.0D+00 3.2D-05 0.0D+00       25      175       25      250  S
      9      1   3.5298619231704054D-01 8.6D-09 0.0D+00 6.8D-05 0.0D+00       25      180       25      250  S
      9      1   3.5302479625744215D-01 3.7D-09 0.0D+00 1.9D-05 0.0D+00       25      188       25      250  S
      9      1   3.5298705028921912D-01 8.2D-09 0.0D+00 6.3D-05 0.0D+00       24      190       24      240  S
      9      1   3.5298449196269954D-01 9.6D-09 0.0D+00 7.9D-05 0.0D+00       25      196       25      250  S
      9      1   3.5298874592901303D-01 8.3D-09 0.0D+00 5.7D-02 0.0D+00       25      215       25      250  S
      9      1   3.5300384581988953D-01 8.6D-09 0.0D+00 6.8D-05 0.0D+00       25      182       25      250  S
      9      1   3.5299841159041900D-01 4.1D-09 0.0D+00 2.2D-05 0.0D+00       24      195       24      240  S
      9      1   3.5299765721687604D-01 3.7D-09 0.0D+00 1.9D-05 0.0D+00       25      207       25      250  S
      9      1   3.5298725389862234D-01 8.2D-09 0.0D+00 1.9D-01 0.0D+00       22      154       22      220  S
      9      1   3.5300538148354305D-01 3.7D-09 0.0D+00 1.9D-05 0.0D+00       25      173       25      250  S
      9      1   3.5299754396396044D-01 3.7D-09 0.0D+00 1.9D-05 0.0D+00       25      199       25      250  S
      9      1   3.5298666858694588D-01 8.4D-09 0.0D+00 6.5D-05 0.0D+00       24      201       24      240  S
      9      1   3.5299753959888480D-01 3.7D-09 0.0D+00 1.9D-05 0.0D+00       23      162       23      230  S
      9      1   3.5298877207313989D-01 8.3D-09 0.0D+00 1.9D-02 0.0D+00       24      178       24      240  S
      9      1   3.5299640981501684D-01 4.1D-09 0.0D+00 2.2D-05 0.0D+00       25      186       25      250  S
      9      1   3.5301714357846048D-01 5.0D-09 0.0D+00 3.1D-01 0.0D+00       23      150       23      230  S
      9      1   3.5300945100602998D-01 8.1D-09 0.0D+00 1.3D-06 0.0D+00       23      178       23      230  S
      9      1   3.5299744134997418D-01 4.5D-09 0.0D+00 3.1D-01 0.0D+00       26      192       26      260  S
      9      1   3.5300953889457265D-01 8.2D-09 0.0D+00 1.9D-01 0.0D+00       24      180       24      240  S
      9      1   3.5298725197064318D-01 8.2D-09 0.0D+00 1.9D-01 0.0D+00       24      181       24      240  S
      9      1   3.5299752247534388D-01 3.7D-09 0.0D+00 1.9D-05 0.0D+00       25      210       25      250  S
      9      1   3.5298725404681897D-01 8.2D-09 0.0D+00 1.9D-01 0.0D+00       24      184       24      240  S
      9      1   3.5299826560196046D-01 4.1D-09 0.0D+00 2.2D-05 0.0D+00       25      208       25      250  S
      9      1   3.5298808058565379D-01 8.0D-09 0.0D+00 4.2D-02 0.0D+00       25      164       25      250  S
      9      1   3.5300552638478999D-01 5.0D-09 0.0D+00 3.0D-01 0.0D+00       25      194       25      250  S
      9      1   3.5300680925409794D-01 9.5D-09 0.0D+00 7.9D-05 0.0D+00       24      176       24      240  S
      9      1   3.5298883950176257D-01 7.3D-09 0.0D+00 4.8D-03 0.0D+00       24      196       24      240  S
      9      1   3.5300945102746201D-01 8.1D-09 0.0D+00 3.2D-06 0.0D+00       25      226       25      250  S
      9      1   3.5299440171674790D-01 5.0D-09 0.0D+00 3.1D-01 0.0D+00       25      162       25      250  S
      9      1   3.5299847842219179D-01 8.1D-09 0.0D+00 1.2D-05 0.0D+00       25      217       25      250  S
      9      1   3.5299250676562899D-01 9.5D-09 0.0D+00 7.8D-05 0.0D+00       24      172       24      240  S
      9      1   9.5796954965801284D-01 2.2D-16 0.0D+00 9.6D-01 0.0D+00        3       33        3       30  S
      9      1   3.5301498570987877D-01 9.5D-09 0.0D+00 7.8D-05 0.0D+00       25      168       25      250  S
      9      1   3.5298440978410950D-01 9.6D-09 0.0D+00 7.9D-05 0.0D+00       25      164       25      250  S
      9      1   3.5299927019283356D-01 3.8D-09 0.0D+00 1.9D-05 0.0D+00       26      247       26      260  S
      9      1   4.3236866830803750D-01 8.5D-09 0.0D+00 9.1D-09 0.0D+00       22      151       22      220  S
      9      1   3.5299649355114215D-01 4.1D-09 0.0D+00 2.2D-05 0.0D+00       26      181       26      260  S
      9      1   3.5300269927359701D-01 4.7D-09 0.0D+00 2.9D-01 0.0D+00       26      174       26      260  S
      9      1   3.5298631355156024D-01 9.6D-09 0.0D+00 7.9D-05 0.0D+00       23      212       23      230  S
      9      1   3.5301510331380909D-01 3.7D-09 0.0D+00 1.9D-05 0.0D+00       25      186       25      250  S
      9      1   3.5299627394090560D-01 4.9D-09 0.0D+00 3.6D-01 0.0D+00       25      189       25      250  S
      9      1   3.5298585646475733D-01 1.0D-08 0.0D+00 3.9D-01 0.0D+00       24      193       24      240  S
      9      1   3.5299746559313605D-01 3.7D-09 0.0D+00 1.9D-05 0.0D+00       25      204       25      250  S
      9      1   3.5298449237779922D-01 9.6D-09 0.0D+00 7.9D-05 0.0D+00       25      179       25      250  S
      9      1   3.5300550244035844D-01 3.7D-09 0.0D+00 1.9D-05 0.0D+00       25      207       25      250  S
      9      1   3.5300016611462537D-01 3.5D-09 0.0D+00 1.6D-05 0.0D+00       25      222       25      250  S
      9      1   3.5302817947339776D-01 3.6D-09 0.0D+00 1.8D-05 0.0D+00       25      197       25      250  S
      9      1   3.5300673923439818D-01 9.6D-09 0.0D+00 7.9D-05 0.0D+00       25      192       25      250  S
      9      1   3.5298529421429042D-01 9.1D-09 0.0D+00 7.4D-05 0.0D+00       23      153       23      230  S
      9      1   3.5299840473618277D-01 4.1D-09 0.0D+00 2.2D-05 0.0D+00       26      180       26      260  S
      9      1   3.5298807625562162D-01 8.1D-09 0.0D+00 4.2D-02 0.0D+00       25      161       25      250  S
      9      1   3.5298734863247483D-01 9.7D-09 0.0D+00 5.3D-02 0.0D+00       25      187       25      250  S
      9      1   3.5299932759123448D-01 3.7D-09 0.0D+00 1.9D-05 0.0D+00       26      186       26      260  S
      9      1   3.5299640929500292D-01 4.1D-09 0.0D+00 2.2D-05 0.0D+00       25      198       25      250  S
      9      1   3.5300269873497064D-01 4.7D-09 0.0D+00 2.9D-01 0.0D+00       26      177       26      260  S
      9      1   3.5299751774963029D-01 3.7D-09 0.0D+00 1.9D-05 0.0D+00       23      174       23      230  S
      9      1   3.5301160605926879D-01 9.6D-09 0.0D+00 8.0D-05 0.0D+00       25      197       25      250  S
      9      1   3.5299943463099137D-01 3.7D-09 0.0D+00 1.9D-05 0.0D+00       23      176       23      230  S
      9      1   3.5302122354600968D-01 3.4D-09 0.0D+00 1.6D-05 0.0D+00       23      188       23      230  S
      9      1   3.5301513501661891D-01 3.7D-09 0.0D+00 1.9D-05 0.0D+00       25      186       25      250  S
      9      1   3.5298712589119230D-01 8.2D-09 0.0D+00 6.2D-05 0.0D+00       24      201       24      240  S
      9      1   3.5299583399380352D-01 7.7D-09 0.0D+00 1.5D-03 0.0D+00       25      240       25      250  S
      9      1   3.5299736642327406D-01 3.8D-09 0.0D+00 1.9D-05 0.0D+00       26      208       26      260  S
      9      1   3.5301516306983804D-01 3.7D-09 0.0D+00 1.9D-05 0.0D+00       25      212       25      250  S
      9      1   3.5298907181211597D-01 8.1D-09 0.0D+00 3.0D-06 0.0D+00       25      191       25      250  S
      9      1   3.5299082870169879D-01 7.3D-09 0.0D+00 3.5D-05 0.0D+00       24      239       24      240  S
      9      1   3.5298712596388271D-01 8.2D-09 0.0D+00 6.2D-05 0.0D+00       24      203       24      240  S
      9      1   3.5301401620037393D-01 8.3D-09 0.0D+00 4.5D-03 0.0D+00       24      174       24      240  S
      9      1   3.5299753201814743D-01 3.7D-09 0.0D+00 1.9D-05 0.0D+00       25      173       25      250  S
      9      1   3.5299758545805920D-01 3.7D-09 0.0D+00 1.9D-05 0.0D+00       25      182       25      250  S
      9      1   3.5298916607617681D-01 8.2D-09 0.0D+00 1.9D-01 0.0D+00       24      169       24      240  S
      9      1   3.5299957301074369D-01 3.7D-09 0.0D+00 1.9D-05 0.0D+00       25      197       25      250  S
      9      1   3.5300763767270482D-01 3.7D-09 0.0D+00 1.9D-05 0.0D+00       24      180       24      240  S
      9      1   3.5299957318216668D-01 3.7D-09 0.0D+00 1.9D-05 0.0D+00       25      206       25      250  S
      9      1   3.5301529480330585D-01 3.7D-09 0.0D+00 1.9D-05 0.0D+00       24      234       24      240  S
      9      1   3.5299765540588524D-01 3.7D-09 0.0D+00 1.9D-05 0.0D+00       25      196       25      250  S
      9      1   3.5298716925219642D-01 8.1D-09 0.0D+00 3.6D-06 0.0D+00       24      199       24      240  S
      9      1   3.5300269306476345D-01 4.7D-09 0.0D+00 2.9D-01 0.0D+00       26      179       26      260  S
      9      1   3.5298916297125343D-01 8.2D-09 0.0D+00 1.9D-01 0.0D+00       24      188       24      240  S
      9      1   3.5300756992990240D-01 3.7D-09 0.0D+00 1.9D-05 0.0D+00       23      196       23      230  S
      9      1   3.5298631419854398D-01 9.6D-09 0.0D+00 7.9D-05 0.0D+00       25      196       25      250  S
      9      1   3.5299831826710731D-01 4.1D-09 0.0D+00 2.2D-05 0.0D+00       23      195       23      230  S
      9      1   3.5298684187744367D-01 8.3D-09 0.0D+00 4.5D-04 0.0D+00       24      210       24      240  S
      9      1   3.5299752280998148D-01 3.7D-09 0.0D+00 1.9D-05 0.0D+00       25      201       25      250  S
      9      1   3.5300047428935155D-01 3.4D-09 0.0D+00 1.6D-05 0.0D+00       25      172       25      250  S
      9      1   3.5300558850736835D-01 3.6D-09 0.0D+00 1.9D-05 0.0D+00       25      184       25      250  S
      9      1   3.5302366928127893D-01 4.1D-09 0.0D+00 2.2D-05 0.0D+00       25      194       25      250  S
      9      1   3.5298713090576456D-01 8.1D-09 0.0D+00 2.6D-01 0.0D+00       24      182       24      240  S
      9      1   3.5299753450793142D-01 3.7D-09 0.0D+00 1.9D-05 0.0D+00       25      179       25      250  S
      9      1   3.5299936830875739D-01 3.7D-09 0.0D+00 1.9D-05 0.0D+00       25      203       25      250  S
      9      1   3.5298716872735553D-01 8.1D-09 0.0D+00 5.7D-05 0.0D+00       25      202       25      250  S
      9      1   3.5299995628682618D-01 3.5D-09 0.0D+00 1.8D-05 0.0D+00       25      197       25      250  S
      9      1   3.5299937043168200D-01 3.7D-09 0.0D+00 1.9D-05 0.0D+00       25      181       25      250  S
      9      1   3.5298997946288346D-01 8.1D-09 0.0D+00 4.0D-02 0.0D+00       25      176       25      250  S
      9      1   3.5298656544440549D-01 9.5D-09 0.0D+00 7.8D-05 0.0D+00       22      158       22      220  S
      9      1   3.5302822749765683D-01 3.6D-09 0.0D+00 1.8D-05 0.0D+00       25      178       25      250  S
      9      1   3.5298883980855089D-01 7.3D-09 0.0D+00 4.8D-03 0.0D+00       24      239       24      240  S
      9      1   3.5299774902273612D-01 3.6D-09 0.0D+00 1.9D-05 0.0D+00       25      218       25      250  S
      9      1   3.5301498946088411D-01 9.5D-09 0.0D+00 7.8D-05 0.0D+00       25      198       25      250  S
      9      1   3.5301478760308935D-01 3.8D-09 0.0D+00 2.0D-05 0.0D+00       25      194       25      250  S
      9   0.00    0.00    0.00   3.5298425697542168D-01 9.7D-09 0.0D+00 8.1D-05 0.0D+00       24      180       24      240     683     417     906     417     420   0.27     2    0    650  BR
      9      1   3.5298650724542635D-01 8.5D-09 0.0D+00 6.6D-05 0.0D+00       24      215       24      240  S
      9      1   3.5298639616884120D-01 9.6D-09 0.0D+00 7.9D-05 0.0D+00       25      201       25      250  S
      9      1   3.5301869174890338D-01 4.1D-09 0.0D+00 2.2D-05 0.0D+00       23      170       23      230  S
      9      1   3.5301501131817165D-01 3.8D-09 0.0D+00 1.9D-05 0.0D+00       26      217       26      260  S
      9      1   3.5298716955556103D-01 8.1D-09 0.0D+00 1.4D-06 0.0D+00       25      244       25      250  S
      9      1   3.5298875404704139D-01 8.3D-09 0.0D+00 1.9D-02 0.0D+00       22      182       22      220  S
      9      1   3.5299765721314780D-01 3.7D-09 0.0D+00 1.9D-05 0.0D+00       25      184       25      250  S
      9      1   3.5299658690783675D-01 4.0D-09 0.0D+00 2.2D-05 0.0D+00       25      206       25      250  S
      9      1   3.5299957226915873D-01 3.7D-09 0.0D+00 1.9D-05 0.0D+00       25      223       25      250  S
      9      1   3.5298712625448075D-01 8.2D-09 0.0D+00 6.2D-05 0.0D+00       24      159       24      240  S
      9      1   3.5299747118032931D-01 3.7D-09 0.0D+00 1.9D-05 0.0D+00       25      199       25      250  S
      9      1   3.5298639896486322D-01 9.6D-09 0.0D+00 7.9D-05 0.0D+00       25      166       25      250  S
      9      1   3.5299936174268781D-01 3.7D-09 0.0D+00 1.9D-05 0.0D+00       25      219       25      250  S
      9      1   3.5299940687121079D-01 3.7D-09 0.0D+00 1.9D-05 0.0D+00       25      206       25      250  S
      9      1   3.5301443691753731D-01 8.1D-09 0.0D+00 2.8D-06 0.0D+00       25      240       25      250  S
      9      1   3.5299293084523742D-01 6.3D-09 0.0D+00 4.2D-05 0.0D+00       24      182       24      240  S
      9      1   3.5300213272669906D-01 9.6D-09 0.0D+00 7.9D-05 0.0D+00       25      179       25      250  S
      9      1   3.5300933193071837D-01 8.2D-09 0.0D+00 6.3D-05 0.0D+00       24      208       24      240  S
      9      1   3.5299752308351839D-01 3.7D-09 0.0D+00 1.9D-05 0.0D+00       25      210       25      250  S
      9      1   3.5301141974197997D-01 9.8D-09 0.0D+00 1.3D-01 0.0D+00       24      180       24      240  S
      9      1   3.5298716924009199D-01 8.1D-09 0.0D+00 6.2D-06 0.0D+00       25      199       25      250  S
      9      1   3.5300913579255971D-01 8.3D-09 0.0D+00 1.9D-02 0.0D+00       24      170       24      240  S
      9      1   3.5302534433584781D-01 4.7D-09 0.0D+00 2.9D-01 0.0D+00       26      227       26      260  S
      9      1   3.5301529603381643D-01 3.7D-09 0.0D+00 1.9D-05 0.0D+00       25      210       25      250  S
      9      1   3.5299775068027150D-01 3.6D-09 0.0D+00 1.9D-05 0.0D+00       25      214       25      250  S
      9      1   3.5300763301001897D-01 3.7D-09 0.0D+00 1.9D-05 0.0D+00       25      177       25      250  S
      9      1   3.5301473876372741D-01 9.6D-09 0.0D+00 8.0D-05 0.0D+00       24      159       24      240  S
      9      1   3.5298907110918892D-01 8.1D-09 0.0D+00 8.0D-05 0.0D+00       25      218       25      250  S
      9      1   3.5298907176216077D-01 8.1D-09 0.0D+00 4.8D-06 0.0D+00       25      207       25      250  S
      9      1   3.5298907165503596D-01 8.1D-09 0.0D+00 1.6D-05 0.0D+00       25      190       25      250  S
      9      1   3.5300213271737324D-01 9.6D-09 0.0D+00 7.9D-05 0.0D+00       24      166       24      240  S
      9      1   3.5298631359869670D-01 9.6D-09 0.0D+00 7.9D-05 0.0D+00       25      212       25      250  S
      9      1   3.5298674836930344D-01 8.3D-09 0.0D+00 4.5D-03 0.0D+00       24      177       24      240  S
      9      1   3.5298716929814289D-01 8.1D-09 0.0D+00 2.6D-06 0.0D+00       25      170       25      250  S
      9      1   3.5299635336892521D-01 4.1D-09 0.0D+00 2.2D-05 0.0D+00       25      209       25      250  S
      9      1   3.5299957607727578D-01 3.7D-09 0.0D+00 1.9D-05 0.0D+00       23      197       23      230  S
      9      1   3.5299641013250654D-01 4.1D-09 0.0D+00 2.2D-05 0.0D+00       25      190       25      250  S
      9      1   3.5299753132653083D-01 3.7D-09 0.0D+00 1.9D-05 0.0D+00       25      183       25      250  S
      9      1   3.5298807615719674D-01 8.1D-09 0.0D+00 4.2D-02 0.0D+00       25      162       25      250  S
      9      1   3.5299957348042077D-01 3.7D-09 0.0D+00 1.9D-05 0.0D+00       25      198       25      250  S
      9      1   3.5299766206713473D-01 3.7D-09 0.0D+00 1.9D-05 0.0D+00       25      199       25      250  S
      9      1   3.5302462663038847D-01 5.0D-09 0.0D+00 3.0D-01 0.0D+00       25      187       25      250  S
      9      1   3.5298894627613236D-01 8.2D-09 0.0D+00 6.3D-05 0.0D+00       24      222       24      240  S
      9      1   3.5299749464715158D-01 3.7D-09 0.0D+00 1.9D-05 0.0D+00       25      171       25      250  S
      9      1   3.5299486409554304D-01 4.7D-09 0.0D+00 2.9D-01 0.0D+00       24      155       24      240  S
      9      1   3.5301160045994023D-01 9.6D-09 0.0D+00 8.0D-05 0.0D+00       25      188       25      250  S
      9      1   3.5300011396759645D-01 3.5D-09 0.0D+00 1.7D-05 0.0D+00       25      179       25      250  S
      9      1   3.5302496855842097D-01 3.7D-09 0.0D+00 1.9D-05 0.0D+00       24      211       24      240  S
      9      1   3.5301758296968810D-01 8.1D-09 0.0D+00 6.1D-06 0.0D+00       25      189       25      250  S
      9      1   3.5299753863514005D-01 3.7D-09 0.0D+00 1.9D-05 0.0D+00       26      187       26      260  S
      9      1   3.5300165198555644D-01 9.8D-09 0.0D+00 1.5D-02 0.0D+00       25      186       25      250  S
      9      1   3.5298916382129358D-01 8.2D-09 0.0D+00 1.9D-01 0.0D+00       24      178       24      240  S
      9      1   3.5300549169864753D-01 3.7D-09 0.0D+00 1.9D-05 0.0D+00       25      191       25      250  S
      9      1   3.5298631211284753D-01 9.6D-09 0.0D+00 7.9D-05 0.0D+00       25      220       25      250  S
      9      1   3.5299940968378579D-01 3.7D-09 0.0D+00 1.9D-05 0.0D+00       25      199       25      250  S
      9      1   3.5298892697257606D-01 7.3D-09 0.0D+00 7.4D-04 0.0D+00       24      200       24      240  S
      9      1   3.5299957762798317D-01 3.7D-09 0.0D+00 1.9D-05 0.0D+00       25      228       25      250  S
      9      1   3.5302818005470815D-01 3.6D-09 0.0D+00 1.8D-05 0.0D+00       25      202       25      250  S
      9      1   3.5302718417103157D-01 4.0D-09 0.0D+00 2.1D-05 0.0D+00       26      184       26      260  S
      9      1   3.5299635532815327D-01 4.1D-09 0.0D+00 2.2D-05 0.0D+00       25      207       25      250  S
      9      1   3.5299860815898360D-01 4.0D-09 0.0D+00 2.1D-05 0.0D+00       26      185       26      260  S
      9      1   3.5298641852662255D-01 9.5D-09 0.0D+00 7.9D-05 0.0D+00       24      184       24      240  S
      9      1   3.5301495955765477D-01 3.8D-09 0.0D+00 2.0D-05 0.0D+00       25      199       25      250  S
      9      1   3.5298642183773937D-01 8.5D-09 0.0D+00 4.4D-02 0.0D+00       24      181       24      240  S
      9      1   3.5299737411209464D-01 3.8D-09 0.0D+00 1.9D-05 0.0D+00       26      238       26      260  S
      9      1   3.5298807629818812D-01 8.1D-09 0.0D+00 4.2D-02 0.0D+00       25      171       25      250  S
      9      1   3.5301185760910164D-01 9.5D-09 0.0D+00 7.8D-05 0.0D+00       25      173       25      250  S
      9      1   4.9921748930161874D-01 9.0D-09 0.0D+00 8.4D-09 0.0D+00       20      175       20      200  S
      9      1   3.5298883929608643D-01 7.3D-09 0.0D+00 4.9D-03 0.0D+00       24      211       24      240  S
      9      1   3.5299224582308858D-01 9.6D-09 0.0D+00 7.9D-05 0.0D+00       23      173       23      230  S
      9      1   3.5298631411066755D-01 9.6D-09 0.0D+00 7.9D-05 0.0D+00       25      210       25      250  S
      9      1   3.5300384252417771D-01 8.6D-09 0.0D+00 6.8D-05 0.0D+00       25      174       25      250  S
      9      1   3.5301665425081658D-01 4.9D-09 0.0D+00 3.6D-01 0.0D+00       25      171       25      250  S
      9      1   3.5301576797257433D-01 3.5D-09 0.0D+00 1.7D-05 0.0D+00       23      171       23      230  S
      9      1   3.5299957590272157D-01 3.7D-09 0.0D+00 1.9D-05 0.0D+00       25      235       25      250  S
      9      1   3.5299754183325288D-01 3.7D-09 0.0D+00 1.9D-05 0.0D+00       25      175       25      250  S
      9      1   3.5299957197141613D-01 3.7D-09 0.0D+00 1.9D-05 0.0D+00       25      196       25      250  S
      9      1   3.5301981251420289D-01 3.7D-09 0.0D+00 1.9D-05 0.0D+00       25      175       25      250  S
      9      1   3.5301204297262767D-01 4.9D-09 0.0D+00 3.6D-01 0.0D+00       25      180       25      250  S
      9      1   3.5299942818612373D-01 3.7D-09 0.0D+00 1.9D-05 0.0D+00       25      188       25      250  S
      9      1   3.5298452082683512D-01 9.5D-09 0.0D+00 7.9D-05 0.0D+00       25      167       25      250  S
      9      1   3.5302816177956592D-01 3.6D-09 0.0D+00 1.9D-05 0.0D+00       25      184       25      250  S
      9      1   3.5300011394647451D-01 3.5D-09 0.0D+00 1.7D-05 0.0D+00       25      176       25      250  S
      9      1   3.5299969953502930D-01 3.6D-09 0.0D+00 1.8D-05 0.0D+00       25      226       25      250  S
      9      1   3.5299741319300376D-01 3.7D-09 0.0D+00 1.9D-05 0.0D+00       26      200       26      260  S
      9      1   3.5299746666707543D-01 3.7D-09 0.0D+00 1.9D-05 0.0D+00       25      181       25      250  S
      9      1   3.5300953820049658D-01 8.2D-09 0.0D+00 1.9D-01 0.0D+00       24      183       24      240  S
      9      1   3.5298716924991486D-01 8.1D-09 0.0D+00 3.2D-06 0.0D+00       24      213       24      240  S
      9      1   3.5298448546249078D-01 9.6D-09 0.0D+00 7.9D-05 0.0D+00       25      175       25      250  S
      9      1   3.5301250364925707D-01 4.7D-09 0.0D+00 2.9D-01 0.0D+00       26      174       26      260  S
      9      1   3.5301510968181937D-01 3.7D-09 0.0D+00 1.9D-05 0.0D+00       24      171       24      240  S
      9      1   3.5299831708817886D-01 4.1D-09 0.0D+00 2.2D-05 0.0D+00       25      203       25      250  S
      9      1   3.5299486437466260D-01 4.7D-09 0.0D+00 2.9D-01 0.0D+00       26      167       26      260  S
      9      1   3.5300945100804582D-01 8.1D-09 0.0D+00 6.7D-07 0.0D+00       25      211       25      250  S
      9      1   3.5302463738662493D-01 3.8D-09 0.0D+00 1.9D-05 0.0D+00       26      199       26      260  S
      9      1   3.5300438991774757D-01 8.3D-09 0.0D+00 4.5D-03 0.0D+00       24      187       24      240  S
      9      1   3.5301528685059497D-01 3.7D-09 0.0D+00 1.9D-05 0.0D+00       25      206       25      250  S
      9      1   3.5301968488734820D-01 3.7D-09 0.0D+00 1.9D-05 0.0D+00       25      188       25      250  S
      9      1   3.5299766086024609D-01 3.7D-09 0.0D+00 1.9D-05 0.0D+00       25      187       25      250  S
      9      1   3.5299635082089881D-01 4.1D-09 0.0D+00 2.2D-05 0.0D+00       25      212       25      250  S
      9      1   3.5298862090669236D-01 8.4D-09 0.0D+00 2.2D-03 0.0D+00       24      193       24      240  S
      9      1   3.5299840309841696D-01 4.1D-09 0.0D+00 2.2D-05 0.0D+00       25      185       25      250  S
      9      1   3.5299905296885359D-01 3.8D-09 0.0D+00 2.0D-05 0.0D+00       25      180       25      250  S
      9      1   3.5298725195224101D-01 8.2D-09 0.0D+00 1.9D-01 0.0D+00       24      169       24      240  S
      9      1   3.5300945095571412D-01 8.1D-09 0.0D+00 7.5D-06 0.0D+00       24      182       24      240  S
      9      1   3.5302818425215760D-01 3.6D-09 0.0D+00 1.8D-05 0.0D+00       25      204       25      250  S
      9      1   3.5298647107458631D-01 8.5D-09 0.0D+00 6.6D-05 0.0D+00       24      169       24      240  S
      9      1   3.5300945101326653D-01 8.1D-09 0.0D+00 1.2D-06 0.0D+00       24      171       24      240  S
      9      1   4.3236756420332179D-01 8.5D-09 0.0D+00 2.0D-10 0.0D+00       22      160       22      220  S
      9      1   3.5300213569972366D-01 9.6D-09 0.0D+00 7.9D-05 0.0D+00       25      177       25      250  S
      9      1   3.5299441808128473D-01 4.9D-09 0.0D+00 3.6D-01 0.0D+00       25      186       25      250  S
      9      1   3.5301879839758499D-01 4.1D-09 0.0D+00 2.2D-05 0.0D+00       26      185       26      260  S
      9      1   3.5299785601334732D-01 3.6D-09 0.0D+00 1.8D-05 0.0D+00       25      155       25      250  S
      9      1   3.5300558853678637D-01 3.6D-09 0.0D+00 1.9D-05 0.0D+00       24      172       24      240  S
      9      1   3.5298998400903336D-01 8.1D-09 0.0D+00 4.0D-02 0.0D+00       25      183       25      250  S
      9      1   3.5299832882298271D-01 4.1D-09 0.0D+00 2.2D-05 0.0D+00       25      211       25      250  S
      9      1   3.5299648318843246D-01 4.1D-09 0.0D+00 2.2D-05 0.0D+00       25      205       25      250  S
      9      1   3.5298904993120833D-01 8.1D-09 0.0D+00 6.2D-05 0.0D+00       24      166       24      240  S
      9      1   3.5302868862871845D-01 3.4D-09 0.0D+00 1.7D-05 0.0D+00       25      173       25      250  S
      9      1   3.5299753636620274D-01 3.7D-09 0.0D+00 1.9D-05 0.0D+00       25      168       25      250  S
      9      1   3.5298631403855740D-01 9.6D-09 0.0D+00 7.9D-05 0.0D+00       25      207       25      250  S
      9      1   3.5298631939092923D-01 9.6D-09 0.0D+00 7.9D-05 0.0D+00       24      179       24      240  S
      9      1   3.5298529553165597D-01 9.1D-09 0.0D+00 7.4D-05 0.0D+00       25      162       25      250  S
      9      1   3.5299957309610347D-01 3.7D-09 0.0D+00 1.9D-05 0.0D+00       25      206       25      250  S
      9      1   3.5299491064502236D-01 4.7D-09 0.0D+00 2.9D-01 0.0D+00       26      237       26      260  S
      9      1   3.5299232918597501D-01 9.6D-09 0.0D+00 7.9D-05 0.0D+00       25      179       25      250  S
      9      1   3.5299845516607403D-01 4.0D-09 0.0D+00 2.2D-05 0.0D+00       26      196       26      260  S
      9      1   3.5300677837308497D-01 4.0D-09 0.0D+00 2.1D-05 0.0D+00       23      190       23      230  S
      9      1   3.5302817235345790D-01 3.6D-09 0.0D+00 1.8D-05 0.0D+00       25      194       25      250  S
      9      1   3.5298440860501284D-01 9.6D-09 0.0D+00 7.9D-05 0.0D+00       25      216       25      250  S
      9      1   3.5298639637107376D-01 9.6D-09 0.0D+00 7.9D-05 0.0D+00       25      214       25      250  S
      9      1   3.5299746999466314D-01 3.7D-09 0.0D+00 1.9D-05 0.0D+00       25      181       25      250  S
      9      1   3.5299745965066515D-01 3.7D-09 0.0D+00 1.9D-05 0.0D+00       25      201       25      250  S
      9      1   3.5299082896831491D-01 7.3D-09 0.0D+00 1.9D-05 0.0D+00       24      214       24      240  S
      9      1   3.5299060570727114D-01 7.4D-09 0.0D+00 1.3D-02 0.0D+00       24      235       24      240  S
      9      1   3.5301529911603852D-01 3.7D-09 0.0D+00 1.9D-05 0.0D+00       23      188       23      230  S
      9      1   3.5298449895278389D-01 9.5D-09 0.0D+00 7.9D-05 0.0D+00       25      169       25      250  S
      9      1   3.5298639631359530D-01 9.6D-09 0.0D+00 7.9D-05 0.0D+00       25      214       25      250  S
      9      1   3.5298449220136074D-01 9.6D-09 0.0D+00 7.9D-05 0.0D+00       25      188       25      250  S
      9      1   3.5298916289180421D-01 8.2D-09 0.0D+00 1.9D-01 0.0D+00       24      166       24      240  S
      9      1   3.5299746375074320D-01 3.7D-09 0.0D+00 1.9D-05 0.0D+00       25      226       25      250  S
      9      1   3.5300489136037005D-01 8.2D-09 0.0D+00 1.9D-01 0.0D+00       22      161       22      220  S
      9      1   3.5300682926762261D-01 9.5D-09 0.0D+00 7.8D-05 0.0D+00       24      165       24      240  S
      9      1   3.5299936976818519D-01 3.7D-09 0.0D+00 1.9D-05 0.0D+00       25      205       25      250  S
      9      1   3.5299636437214288D-01 4.1D-09 0.0D+00 2.2D-05 0.0D+00       25      220       25      250  S
      9      1   3.5299746360764778D-01 3.7D-09 0.0D+00 1.9D-05 0.0D+00       25      211       25      250  S
      9      1   3.5299942586417865D-01 3.7D-09 0.0D+00 1.9D-05 0.0D+00       25      191       25      250  S
      9      1   3.5298631445854406D-01 9.6D-09 0.0D+00 7.9D-05 0.0D+00       25      207       25      250  S
      9      1   3.5300530438847649D-01 3.7D-09 0.0D+00 1.9D-05 0.0D+00       25      240       25      250  S
      9      1   3.5301415490513921D-01 4.1D-09 0.0D+00 2.2D-05 0.0D+00       26      180       26      260  S
      9      1   3.5299926949337823D-01 3.8D-09 0.0D+00 1.9D-05 0.0D+00       26      236       26      260  S
      9      1   3.5300529985616386D-01 3.7D-09 0.0D+00 1.9D-05 0.0D+00       25      194       25      250  S
      9      1   3.5300530322931561D-01 3.7D-09 0.0D+00 1.9D-05 0.0D+00       25      203       25      250  S
      9      1   3.5301605374717315D-01 3.4D-09 0.0D+00 1.6D-05 0.0D+00       25      205       25      250  S
      9      1   3.5299937220356853D-01 3.7D-09 0.0D+00 1.9D-05 0.0D+00       25      170       25      250  S
      9      1   3.5299842561271105D-01 4.1D-09 0.0D+00 2.2D-05 0.0D+00       26      190       26      260  S
      9      1   3.5298692226968131D-01 8.3D-09 0.0D+00 6.3D-05 0.0D+00       25      204       25      250  S
      9      1   3.5299766249192871D-01 3.7D-09 0.0D+00 1.9D-05 0.0D+00       25      195       25      250  S
      9      1   3.5298486970979182D-01 9.3D-09 0.0D+00 7.6D-05 0.0D+00       24      160       24      240  S
      9      1   3.5299957299623358D-01 3.7D-09 0.0D+00 1.9D-05 0.0D+00       25      201       25      250  S
      9      1   3.5299746646677371D-01 3.7D-09 0.0D+00 1.9D-05 0.0D+00       25      191       25      250  S
      9      1   3.5298572411492385D-01 8.9D-09 0.0D+00 7.1D-05 0.0D+00       25      209       25      250  S
      9      1   3.5299928275462000D-01 3.8D-09 0.0D+00 1.9D-05 0.0D+00       26      211       26      260  S
      9      1   3.5299742252637362D-01 3.7D-09 0.0D+00 1.9D-05 0.0D+00       26      169       26      260  S
      9      1   3.5300943716582339D-01 8.1D-09 0.0D+00 6.2D-05 0.0D+00       24      167       24      240  S
      9      1   3.5300416859731898D-01 8.5D-09 0.0D+00 1.7D-04 0.0D+00       24      212       24      240  S
      9      1   3.5298768689562993D-01 8.9D-09 0.0D+00 7.0D-05 0.0D+00       25      191       25      250  S
      9      1   3.5298582259059413D-01 8.8D-09 0.0D+00 7.0D-05 0.0D+00       25      174       25      250  S
      9      1   3.5299940631214277D-01 3.7D-09 0.0D+00 1.9D-05 0.0D+00       25      217       25      250  S
      9      1   3.5299451394501447D-01 9.6D-09 0.0D+00 8.0D-05 0.0D+00       22      161       22      220  S
      9      1   3.5300481075441831D-01 8.1D-09 0.0D+00 4.7D-06 0.0D+00       25      233       25      250  S
      9      1   3.5298715337188619D-01 8.1D-09 0.0D+00 6.2D-05 0.0D+00       24      176       24      240  S
      9      1   3.5301723516482914D-01 8.3D-09 0.0D+00 3.0D-03 0.0D+00       24      174       24      240  S
      9      1   3.5300489112777461D-01 8.2D-09 0.0D+00 1.9D-01 0.0D+00       24      170       24      240  S
      9      1   3.5301227426417564D-01 4.8D-09 0.0D+00 2.9D-01 0.0D+00       25      208       25      250  S
      9      1   3.5299993112707717D-01 3.5D-09 0.0D+00 1.8D-05 0.0D+00       25      208       25      250  S
      9      1   3.5298454560760306D-01 9.5D-09 0.0D+00 7.9D-05 0.0D+00       22      139       22      220  S
      9      1   3.5299695297303368D-01 8.3D-09 0.0D+00 1.9D-02 0.0D+00       22      163       22      220  S
      9      1   3.5299813641793243D-01 3.5D-09 0.0D+00 1.8D-05 0.0D+00       25      196       25      250  S
      9      1   3.5300530058185098D-01 3.7D-09 0.0D+00 1.9D-05 0.0D+00       25      213       25      250  S
      9      1   3.5298883860738395D-01 7.3D-09 0.0D+00 4.9D-03 0.0D+00       24      207       24      240  S
      9      1   3.5300481078781215D-01 8.1D-09 0.0D+00 2.8D-07 0.0D+00       24      186       24      240  S
      9      1   3.5301500992930757D-01 3.8D-09 0.0D+00 1.9D-05 0.0D+00       26      231       26      260  S
      9      1   3.5301517232987956D-01 3.7D-09 0.0D+00 1.9D-05 0.0D+00       24      178       24      240  S
      9      1   3.5300904847955750D-01 8.3D-09 0.0D+00 2.3D-02 0.0D+00       24      156       24      240  S
      9      1   3.5298582081080770D-01 8.8D-09 0.0D+00 7.0D-05 0.0D+00       25      178       25      250  S
      9      1   3.5299957025354256D-01 3.7D-09 0.0D+00 1.9D-05 0.0D+00       25      204       25      250  S
      9      1   3.5301502135974838D-01 3.8D-09 0.0D+00 1.9D-05 0.0D+00       26      228       26      260  S
      9      1   3.5301981268685684D-01 3.7D-09 0.0D+00 1.9D-05 0.0D+00       23      170       23      230  S
      9      1   3.5300468376597610D-01 8.2D-09 0.0D+00 6.3D-05 0.0D+00       24      185       24      240  S
      9      1   3.5301415467516334D-01 4.1D-09 0.0D+00 2.2D-05 0.0D+00       26      183       26      260  S
      9      1   3.5299765928594934D-01 3.7D-09 0.0D+00 1.9D-05 0.0D+00       25      202       25      250  S
      9      1   3.5299956987229064D-01 3.7D-09 0.0D+00 1.9D-05 0.0D+00       24      202       24      240  S
      9      1   3.5298673807165282D-01 8.3D-09 0.0D+00 8.3D-06 0.0D+00       25      207       25      250  S
      9      1   3.5299542475503709D-01 5.2D-09 0.0D+00 3.2D-05 0.0D+00       25      174       25      250  S
      9      1   3.5300945102420100D-01 8.1D-09 0.0D+00 6.4D-07 0.0D+00       25      222       25      250  S
      9      1   3.5301983399491366D-01 3.7D-09 0.0D+00 1.9D-05 0.0D+00       26      187       26      260  S
      9      1   3.5299942735627715D-01 3.7D-09 0.0D+00 1.9D-05 0.0D+00       25      188       25      250  S
      9      1   3.5302814736948818D-01 3.6D-09 0.0D+00 1.8D-05 0.0D+00       25      189       25      250  S
      9      1   4.3237168587088787D-01 8.5D-09 0.0D+00 1.8D-09 0.0D+00       22      172       22      220  S
      9      1   3.5299753026288622D-01 3.7D-09 0.0D+00 1.9D-05 0.0D+00       23      164       23      230  S
      9      1   3.5299727588922980D-01 8.1D-09 0.0D+00 1.9D-06 0.0D+00       24      214       24      240  S
      9      1   3.5299994398410534D-01 3.5D-09 0.0D+00 1.8D-05 0.0D+00       25      211       25      250  S
      9      1   3.5300896088761069D-01 8.4D-09 0.0D+00 6.5D-05 0.0D+00       24      175       24      240  S
      9      1   3.5298757715039702D-01 8.9D-09 0.0D+00 7.1D-05 0.0D+00       25      244       25      250  S
      9      1   3.5301514233802134D-01 3.7D-09 0.0D+00 1.9D-05 0.0D+00       24      204       24      240  S
      9      1   3.5298646943000317D-01 8.5D-09 0.0D+00 6.6D-05 0.0D+00       24      190       24      240  S
      9      1   3.5299942714592603D-01 3.7D-09 0.0D+00 1.9D-05 0.0D+00       25      181       25      250  S
      9      1   3.5299736645765800D-01 3.8D-09 0.0D+00 1.9D-05 0.0D+00       26      215       26      260  S
      9      1   3.5299484972467177D-01 8.2D-09 0.0D+00 6.3D-05 0.0D+00       24      188       24      240  S
      9      1   3.5298666858167099D-01 8.4D-09 0.0D+00 6.5D-05 0.0D+00       24      195       24      240  S
      9      1   3.5301169416324196D-01 9.6D-09 0.0D+00 7.9D-05 0.0D+00       24      167       24      240  S
      9      1   3.5299640870096027D-01 4.1D-09 0.0D+00 2.2D-05 0.0D+00       25      182       25      250  S
      9      1   3.5298750251050581D-01 8.0D-09 0.0D+00 6.0D-05 0.0D+00       24      174       24      240  S
      9      1   3.5300536149526851D-01 3.7D-09 0.0D+00 1.9D-05 0.0D+00       25      199       25      250  S
      9      1   3.5298907178630912D-01 8.1D-09 0.0D+00 1.8D-06 0.0D+00       24      186       24      240  S
      9      1   3.5300793215766268D-01 8.9D-09 0.0D+00 7.1D-05 0.0D+00       25      207       25      250  S
      9      1   3.5299486083779219D-01 4.7D-09 0.0D+00 2.9D-01 0.0D+00       26      170       26      260  S
      9      1   3.5298631262888386D-01 9.6D-09 0.0D+00 7.9D-05 0.0D+00       25      216       25      250  S
      9      1   3.5302817270590181D-01 3.6D-09 0.0D+00 1.8D-05 0.0D+00       25      208       25      250  S
      9      1   3.5299765992541182D-01 3.7D-09 0.0D+00 1.9D-05 0.0D+00       25      193       25      250  S
      9      1   3.5299676455604578D-01 7.3D-09 0.0D+00 4.3D-06 0.0D+00       24      214       24      240  S
      9      1   3.5298572562446962D-01 8.9D-09 0.0D+00 7.1D-05 0.0D+00       25      237       25      250  S
      9      1   3.5300530241790123D-01 3.7D-09 0.0D+00 1.9D-05 0.0D+00       25      226       25      250  S
      9      1   3.5298808116631186D-01 7.7D-09 0.0D+00 5.7D-05 0.0D+00       23      163       23      230  S
      9      1   3.5299943905131037D-01 3.7D-09 0.0D+00 1.9D-05 0.0D+00       25      185       25      250  S
      9      1   3.5300549486111765D-01 3.7D-09 0.0D+00 1.9D-05 0.0D+00       25      203       25      250  S
      9      1   3.5298907182550243D-01 8.1D-09 0.0D+00 4.5D-06 0.0D+00       25      182       25      250  S
      9      1   3.5298916295716704D-01 8.2D-09 0.0D+00 1.9D-01 0.0D+00       24      179       24      240  S
      9      1   3.5298449199546866D-01 9.6D-09 0.0D+00 7.9D-05 0.0D+00       25      169       25      250  S
      9      1   3.5299291042114667D-01 6.3D-09 0.0D+00 4.2D-05 0.0D+00       25      205       25      250  S
      9      1   3.5300434895787181D-01 4.1D-09 0.0D+00 2.2D-05 0.0D+00       26      196       26      260  S
      9      1   3.5299740113838424D-01 3.7D-09 0.0D+00 1.9D-05 0.0D+00       26      214       26      260  S
      9      1   3.5299500750060292D-01 8.1D-09 0.0D+00 2.1D-06 0.0D+00       25      226       25      250  S
      9      1   3.5298618979474400D-01 8.6D-09 0.0D+00 6.8D-05 0.0D+00       25      179       25      250  S
      9      1   3.5299746399391702D-01 3.7D-09 0.0D+00 1.9D-05 0.0D+00       25      202       25      250  S
      9      1   3.5299232898950395D-01 9.6D-09 0.0D+00 7.9D-05 0.0D+00       25      177       25      250  S
      9      1   3.5299749459575741D-01 3.7D-09 0.0D+00 1.9D-05 0.0D+00       25      186       25      250  S
      9      1   3.5299765558433860D-01 3.7D-09 0.0D+00 1.9D-05 0.0D+00       25      194       25      250  S
      9      1   3.5299463386273622D-01 4.8D-09 0.0D+00 2.9D-01 0.0D+00       25      188       25      250  S
      9      1   3.5298656607603240D-01 9.5D-09 0.0D+00 7.8D-05 0.0D+00       24      176       24      240  S
      9      1   3.5299957505556434D-01 3.7D-09 0.0D+00 1.9D-05 0.0D+00       25      192       25      250  S
      9      1   3.5301405517565021D-01 4.1D-09 0.0D+00 2.2D-05 0.0D+00       25      230       25      250  S
      9      1   3.5301501217057690D-01 3.8D-09 0.0D+00 1.9D-05 0.0D+00       26      216       26      260  S
      9      1   3.5301386590869860D-01 8.4D-09 0.0D+00 6.5D-05 0.0D+00       24      203       24      240  S
      9      1   3.5298639661120551D-01 9.6D-09 0.0D+00 7.9D-05 0.0D+00       25      224       25      250  S
      9      1   3.5299936889796363D-01 3.7D-09 0.0D+00 1.9D-05 0.0D+00       25      205       25      250  S
      9      1   3.5300191436016037D-01 9.7D-09 0.0D+00 8.0D-05 0.0D+00       24      176       24      240  S
      9      1   3.5302816144509047D-01 3.6D-09 0.0D+00 1.9D-05 0.0D+00       25      194       25      250  S
      9      1   3.5298898117404293D-01 8.2D-09 0.0D+00 1.7D-06 0.0D+00       25      195       25      250  S
      9      1   3.5299500770238790D-01 8.1D-09 0.0D+00 3.6D-06 0.0D+00       23      204       23      230  S
      9      1   3.5298907171818711D-01 8.1D-09 0.0D+00 8.5D-06 0.0D+00       24      202       24      240  S
      9      1   3.5301499041365697D-01 9.5D-09 0.0D+00 7.8D-05 0.0D+00       25      180       25      250  S
      9      1   3.5299942544500917D-01 3.7D-09 0.0D+00 1.9D-05 0.0D+00       25      206       25      250  S
      9      1   3.5299678547408947D-01 8.4D-09 0.0D+00 6.5D-05 0.0D+00       24      193       24      240  S
      9      1   3.5299943602250777D-01 3.7D-09 0.0D+00 1.9D-05 0.0D+00       25      191       25      250  S
      9      1   3.5299676416230452D-01 4.7D-09 0.0D+00 2.9D-01 0.0D+00       26      190       26      260  S
      9      1   3.5299752532907824D-01 3.7D-09 0.0D+00 1.9D-05 0.0D+00       25      187       25      250  S
      9      1   3.5298716926650853D-01 8.1D-09 0.0D+00 1.8D-06 0.0D+00       24      206       24      240  S
      9      1   3.5302816326740821D-01 3.6D-09 0.0D+00 1.9D-05 0.0D+00       25      188       25      250  S
      9      1   3.5298635633402020D-01 9.6D-09 0.0D+00 7.9D-05 0.0D+00       25      214       25      250  S
      9      1   3.5299939282507309D-01 3.7D-09 0.0D+00 1.9D-05 0.0D+00       25      188       25      250  S
      9      1   3.5300247576447341D-01 4.8D-09 0.0D+00 2.9D-01 0.0D+00       25      202       25      250  S
      9      1   3.5299486352515108D-01 4.7D-09 0.0D+00 2.9D-01 0.0D+00       26      171       26      260  S
      9      1   3.5301510460320495D-01 3.7D-09 0.0D+00 1.9D-05 0.0D+00       25      207       25      250  S
      9      1   3.5298631393947705D-01 9.6D-09 0.0D+00 7.9D-05 0.0D+00       25      226       25      250  S
      9      1   3.5299225953183383D-01 9.6D-09 0.0D+00 7.9D-05 0.0D+00       22      161       22      220  S
      9      1   3.5299752254678213D-01 3.7D-09 0.0D+00 1.9D-05 0.0D+00       25      201       25      250  S
      9      1   3.5299242027784083D-01 6.5D-09 0.0D+00 4.4D-05 0.0D+00       25      215       25      250  S
      9      1   3.5298849960647027D-01 8.4D-09 0.0D+00 6.5D-05 0.0D+00       24      193       24      240  S
      9      1   3.5299740800827661D-01 3.7D-09 0.0D+00 1.9D-05 0.0D+00       26      211       26      260  S
      9      1   3.5299957177168345D-01 3.7D-09 0.0D+00 1.9D-05 0.0D+00       25      198       25      250  S
      9      1   3.5298817721342052D-01 8.6D-09 0.0D+00 6.7D-05 0.0D+00       24      199       24      240  S
      9      1   3.5299640856095255D-01 4.1D-09 0.0D+00 2.2D-05 0.0D+00       25      187       25      250  S
      9      1   3.5298716927633567D-01 8.1D-09 0.0D+00 5.8D-06 0.0D+00       25      216       25      250  S
      9      1   3.5301530040534052D-01 3.7D-09 0.0D+00 1.9D-05 0.0D+00       24      191       24      240  S
      9      1   3.5300412090998262D-01 8.5D-09 0.0D+00 4.0D-02 0.0D+00       24      178       24      240  S
      9      1   3.5300548800358844D-01 3.7D-09 0.0D+00 1.9D-05 0.0D+00       25      222       25      250  S
      9      1   3.5298639635216583D-01 9.6D-09 0.0D+00 7.9D-05 0.0D+00       25      216       25      250  S
      9      1   3.5299936577646468D-01 3.7D-09 0.0D+00 1.9D-05 0.0D+00       25      222       25      250  S
      9      1   3.5298916288863191D-01 8.2D-09 0.0D+00 1.9D-01 0.0D+00       24      178       24      240  S
      9      1   3.5301968349522284D-01 3.7D-09 0.0D+00 1.9D-05 0.0D+00       24      192       24      240  S
      9      1   3.5300943425973286D-01 8.1D-09 0.0D+00 6.2D-05 0.0D+00       22      164       22      220  S
      9      1   3.5299752257006317D-01 3.7D-09 0.0D+00 1.9D-05 0.0D+00       25      201       25      250  S
      9      1   3.5301250315407939D-01 4.7D-09 0.0D+00 2.9D-01 0.0D+00       26      181       26      260  S
      9      1   3.5299463515850110D-01 4.8D-09 0.0D+00 2.9D-01 0.0D+00       25      193       25      250  S
      9      1   3.5299441632577422D-01 4.9D-09 0.0D+00 3.6D-01 0.0D+00       25      188       25      250  S
      9      1   3.5300611186295489D-01 3.4D-09 0.0D+00 1.7D-05 0.0D+00       23      161       23      230  S
      9      1   3.5298865109235422D-01 8.3D-09 0.0D+00 4.5D-03 0.0D+00       24      199       24      240  S
      9      1   3.5299640775672708D-01 4.1D-09 0.0D+00 2.2D-05 0.0D+00       25      199       25      250  S
      9      1   3.5301443706196289D-01 8.1D-09 0.0D+00 7.3D-07 0.0D+00       25      243       25      250  S
      9      1   3.5300945101020620D-01 8.1D-09 0.0D+00 1.5D-07 0.0D+00       24      208       24      240  S
      9      1   3.5301023295724904D-01 7.7D-09 0.0D+00 1.1D-06 0.0D+00       26      249       26      260  S
      9      1   3.5301529938331838D-01 3.7D-09 0.0D+00 1.9D-05 0.0D+00       25      197       25      250  S
      9      1   3.5302534422564752D-01 4.7D-09 0.0D+00 2.9D-01 0.0D+00       26      224       26      260  S
      9      1   3.5298674854975703D-01 8.3D-09 0.0D+00 4.5D-03 0.0D+00       24      175       24      240  S
      9      1   3.5298898377587368D-01 8.2D-09 0.0D+00 6.3D-05 0.0D+00       24      208       24      240  S
      9      1   3.5298675038932792D-01 8.3D-09 0.0D+00 4.3D-03 0.0D+00       24      184       24      240  S
      9      1   3.5298916635047334D-01 8.2D-09 0.0D+00 1.9D-01 0.0D+00       24      178       24      240  S
      9      1   3.5299459984131154D-01 9.6D-09 0.0D+00 7.9D-05 0.0D+00       24      211       24      240  S
      9      1   3.5300943465444656D-01 8.1D-09 0.0D+00 6.2D-05 0.0D+00       24      168       24      240  S
      9      1   3.5301814184365060D-01 8.1D-09 0.0D+00 2.3D-09 0.0D+00       21      124       21      210  S
      9      1   3.5298440862790437D-01 9.6D-09 0.0D+00 7.9D-05 0.0D+00       25      201       25      250  S
      9      1   3.5301431103043462D-01 8.2D-09 0.0D+00 6.3D-05 0.0D+00       24      178       24      240  S
      9      1   3.5299630797613762D-01 5.0D-09 0.0D+00 3.1D-01 0.0D+00       25      166       25      250  S
      9      1   3.5299232914895989D-01 9.6D-09 0.0D+00 7.9D-05 0.0D+00       25      186       25      250  S
      9      1   3.5299640776364732D-01 4.1D-09 0.0D+00 2.2D-05 0.0D+00       25      193       25      250  S
      9      1   3.5299936640858381D-01 3.7D-09 0.0D+00 1.9D-05 0.0D+00       25      219       25      250  S
      9      1   3.5299812992283652D-01 3.5D-09 0.0D+00 1.7D-05 0.0D+00       25      166       25      250  S
      9      1   3.5301869209323394D-01 4.1D-09 0.0D+00 2.2D-05 0.0D+00       24      201       24      240  S
      9      1   3.5298904630165562D-01 8.1D-09 0.0D+00 6.2D-05 0.0D+00       24      178       24      240  S
      9      1   3.5300903025701658D-01 8.3D-09 0.0D+00 4.5D-03 0.0D+00       24      180       24      240  S
      9      1   3.5298886434834942D-01 7.3D-09 0.0D+00 5.3D-05 0.0D+00       25      188       25      250  S
      9      1   3.5299774710025739D-01 3.6D-09 0.0D+00 1.9D-05 0.0D+00       25      208       25      250  S
      9      1   3.5299831630095385D-01 4.1D-09 0.0D+00 2.2D-05 0.0D+00       25      206       25      250  S
      9      1   3.5298675572210997D-01 8.3D-09 0.0D+00 2.4D-02 0.0D+00       25      186       25      250  S
      9      1   3.5299486366674676D-01 4.7D-09 0.0D+00 2.9D-01 0.0D+00       26      169       26      260  S
      9      1   3.5298905578718864D-01 8.3D-09 0.0D+00 1.9D-01 0.0D+00       22      172       22      220  S
      9      1   3.5299754734943811D-01 3.7D-09 0.0D+00 1.9D-05 0.0D+00       25      178       25      250  S
      9      1   3.5300945100803977D-01 8.1D-09 0.0D+00 2.3D-06 0.0D+00       24      185       24      240  S
      9      1   3.5298781555032366D-01 8.8D-09 0.0D+00 7.0D-05 0.0D+00       25      171       25      250  S
      9      1   3.5300489157693649D-01 8.2D-09 0.0D+00 1.9D-01 0.0D+00       24      193       24      240  S
      9      1   3.5301720210288456D-01 8.3D-09 0.0D+00 6.4D-05 0.0D+00       24      175       24      240  S
      9      1   3.5299930852569150D-01 3.7D-09 0.0D+00 1.9D-05 0.0D+00       26      216       26      260  S
      9      1   3.5299744069903233D-01 4.5D-09 0.0D+00 3.1D-01 0.0D+00       26      187       26      260  S
      9      1   3.5299404816339025D-01 8.6D-09 0.0D+00 6.8D-05 0.0D+00       25      178       25      250  S
      9      1   3.5301811617420764D-01 7.9D-09 0.0D+00 5.9D-05 0.0D+00       25      197       25      250  S
      9      1   3.5301686332011262D-01 8.5D-09 0.0D+00 4.3D-02 0.0D+00       24      188       24      240  S
      9      1   3.5299082900292017D-01 7.3D-09 0.0D+00 4.2D-06 0.0D+00       24      245       24      240  S
      9      1   3.5298816038546010D-01 8.6D-09 0.0D+00 7.4D-06 0.0D+00       24      194       24      240  S
      9      1   3.5298883612256149D-01 7.3D-09 0.0D+00 5.0D-03 0.0D+00       24      206       24      240  S
      9      1   3.5298717506356203D-01 8.1D-09 0.0D+00 6.5D-05 0.0D+00       25      191       25      250  S
      9      1   3.5299232930295632D-01 9.6D-09 0.0D+00 7.9D-05 0.0D+00       25      180       25      250  S
      9      1   3.5301510767000044D-01 3.7D-09 0.0D+00 1.9D-05 0.0D+00       25      207       25      250  S
      9      1   3.5301675028808288D-01 8.6D-09 0.0D+00 4.9D-02 0.0D+00       24      203       24      240  S
      9      1   3.5299931427549791D-01 3.7D-09 0.0D+00 1.9D-05 0.0D+00       26      214       26      260  S
      9      1   3.5299570971077865D-01 5.2D-09 0.0D+00 3.0D-01 0.0D+00       25      185       25      250  S
      9      1   3.5300532956897285D-01 3.7D-09 0.0D+00 1.9D-05 0.0D+00       25      192       25      250  S
      9      1   3.5301250403184559D-01 4.7D-09 0.0D+00 2.9D-01 0.0D+00       26      178       26      260  S
      9      1   3.5299641283575178D-01 8.4D-09 0.0D+00 2.8D-01 0.0D+00       23      229       23      230  S
      9      1   3.5299927139515963D-01 3.8D-09 0.0D+00 1.9D-05 0.0D+00       24      208       24      240  S
      9      1   3.5298907207757413D-01 8.1D-09 0.0D+00 2.4D-06 0.0D+00       24      228       24      240  S
      9      1   3.5302433114271864D-01 5.0D-09 0.0D+00 3.0D-05 0.0D+00       25      198       25      250  S
      9      1   3.5299746918821556D-01 3.7D-09 0.0D+00 1.9D-05 0.0D+00       25      186       25      250  S
      9      1   3.5299666085970677D-01 7.3D-09 0.0D+00 5.8D-03 0.0D+00       24      215       24      240  S
      9      1   3.5298857513384169D-01 8.4D-09 0.0D+00 6.5D-05 0.0D+00       22      194       22      220  S
      9      1   3.5299927665572045D-01 3.8D-09 0.0D+00 1.9D-05 0.0D+00       26      235       26      260  S
      9      1   3.5301489333626423D-01 9.6D-09 0.0D+00 7.9D-05 0.0D+00       24      172       24      240  S
      9      1   3.5299811308968382D-01 3.5D-09 0.0D+00 1.5D-05 0.0D+00       25      195       25      250  S
      9      1   3.5298703724939101D-01 8.2D-09 0.0D+00 6.3D-05 0.0D+00       24      171       24      240  S
