     11      1   3.0418060575683931D-01 6.7D-09 0.0D+00 8.0D-09 0.0D+00       22      121       22      220  S
     11      1   3.0417199421163199D-01 6.7D-09 0.0D+00 6.6D-09 0.0D+00       22      123       22      220  S
     11      1   3.0417453281826973D-01 6.7D-09 0.0D+00 9.2D-09 0.0D+00       22      127       22      220  S
     11      1   3.0417465836480340D-01 6.7D-09 0.0D+00 1.5D-09 0.0D+00       22      125       22      220  S
     11      1   4.3236756420180716D-01 8.5D-09 0.0D+00 7.4D-08 0.0D+00       24      177       24      240  S
     11      1   3.0417465836357077D-01 6.7D-09 0.0D+00 9.2D-09 0.0D+00       22      116       22      220  S
     11      1   3.0417453281856049D-01 6.7D-09 0.0D+00 1.6D-09 0.0D+00       22      127       22      220  S
     11      1   3.0417453281842599D-01 6.7D-09 0.0D+00 4.7D-09 0.0D+00       22      131       22      220  S
     11      1   3.0417465836341567D-01 6.7D-09 0.0D+00 9.4D-09 0.0D+00       22      120       22      220  S
     11      1   3.5299500692122576D-01 8.1D-09 0.0D+00 3.2D-09 0.0D+00       22      150       22      220  S
     11      1   3.0417952130945886D-01 6.7D-09 0.0D+00 4.6D-09 0.0D+00       22      120       22      220  S
     11      1   3.0418062830274162D-01 6.7D-09 0.0D+00 2.4D-10 0.0D+00       20      112       20      200  S
     11      1   3.0417465836490476D-01 6.7D-09 0.0D+00 2.5D-09 0.0D+00       22      123       22      220  S
     11      1   3.0418783718155984D-01 6.7D-09 0.0D+00 5.8D-09 0.0D+00       22      117       22      220  S
     11      1   3.0417465836476781D-01 6.7D-09 0.0D+00 8.2D-09 0.0D+00       22      123       22      220  S
     11      1   3.0417952130965437D-01 6.7D-09 0.0D+00 4.5D-09 0.0D+00       22      119       22      220  S
     11      1   3.0417952130939663D-01 6.7D-09 0.0D+00 8.6D-09 0.0D+00       22      119       22      220  S
     11      1   3.0418376353318544D-01 6.7D-09 0.0D+00 6.9D-09 0.0D+00       22      128       22      220  S
     11      1   3.0417465836363161D-01 6.7D-09 0.0D+00 9.5D-09 0.0D+00       22      114       22      220  S
     11      1   3.0417199421169377D-01 6.7D-09 0.0D+00 7.8D-09 0.0D+00       22      121       22      220  S
     11      1   3.0417453281851969D-01 6.7D-09 0.0D+00 9.6D-09 0.0D+00       22      126       22      220  S
     11      1   3.0418062830305842D-01 6.7D-09 0.0D+00 6.1D-09 0.0D+00       22      115       22      220  S
     11      1   3.0417453281857082D-01 6.7D-09 0.0D+00 3.9D-09 0.0D+00       22      128       22      220  S
     11      1   3.5300282616538065D-01 8.1D-09 0.0D+00 7.1D-09 0.0D+00       22      143       22      220  S
     11      1   3.0418376353315518D-01 6.7D-09 0.0D+00 2.3D-09 0.0D+00       22      119       22      220  S
     11      1   3.0417807082327919D-01 6.7D-09 0.0D+00 5.5D-09 0.0D+00       22      127       22      220  S
     11      1   3.0417465836496471D-01 6.7D-09 0.0D+00 3.8D-09 0.0D+00       22      120       22      220  S
     11      1   3.0417199421162339D-01 6.7D-09 0.0D+00 8.6D-09 0.0D+00       22      120       22      220  S
     11      1   3.0417807082341264D-01 6.7D-09 0.0D+00 4.8D-09 0.0D+00       22      120       22      220  S
     11      1   3.0418570576596310D-01 6.7D-09 0.0D+00 5.3D-09 0.0D+00       22      114       22      220  S
     11      1   3.0418570576583109D-01 6.7D-09 0.0D+00 4.4D-09 0.0D+00       22      122       22      220  S
     11      1   3.0418130343086719D-01 6.7D-09 0.0D+00 1.2D-09 0.0D+00       22      119       22      220  S
     11      1   3.0417807082329573D-01 6.7D-09 0.0D+00 3.8D-09 0.0D+00       22      122       22      220  S
     11      1   3.0417453281849832D-01 6.7D-09 0.0D+00 3.0D-09 0.0D+00       22      123       22      220  S
     11      1   3.0417465836360580D-01 6.7D-09 0.0D+00 5.1D-09 0.0D+00       22      118       22      220  S
     11      1   3.0417807082329068D-01 6.7D-09 0.0D+00 3.5D-09 0.0D+00       22      125       22      220  S
     11      1   3.0417453281852608D-01 6.7D-09 0.0D+00 8.3D-10 0.0D+00       22      132       22      220  S
     11      1   3.0417199421186669D-01 6.7D-09 0.0D+00 8.6D-09 0.0D+00       22      122       22      220  S
     11      1   3.0417465836499169D-01 6.7D-09 0.0D+00 4.0D-09 0.0D+00       22      119       22      220  S
     11      1   3.0417807082346376D-01 6.7D-09 0.0D+00 8.6D-09 0.0D+00       22      121       22      220  S
     11      1   3.0417465836344715D-01 6.7D-09 0.0D+00 7.3D-09 0.0D+00       22      115       22      220  S
     11      1   3.0418783718141557D-01 6.7D-09 0.0D+00 4.7D-10 0.0D+00       22      125       22      220  S
     11      1   3.0417807082343706D-01 6.7D-09 0.0D+00 1.8D-09 0.0D+00       22      121       22      220  S
     11      1   3.0417465836493934D-01 6.7D-09 0.0D+00 4.4D-10 0.0D+00       22      122       22      220  S
     11      1   3.0417453281844359D-01 6.7D-09 0.0D+00 8.5D-09 0.0D+00       22      128       22      220  S
     11      1   3.0418169888240937D-01 6.7D-09 0.0D+00 6.9D-09 0.0D+00       22      114       22      220  S
     11      1   3.0417952130964898D-01 6.7D-09 0.0D+00 3.3D-09 0.0D+00       22      118       22      220  S
     11      1   3.0417807082347381D-01 6.7D-09 0.0D+00 6.2D-09 0.0D+00       22      121       22      220  S
     11      1   3.0417453281847806D-01 6.7D-09 0.0D+00 6.6D-09 0.0D+00       22      133       22      220  S
     11      1   3.0418570576606080D-01 6.7D-09 0.0D+00 5.0D-09 0.0D+00       22      120       22      220  S
     11      1   3.0417465836487229D-01 6.7D-09 0.0D+00 4.3D-09 0.0D+00       22      123       22      220  S
     11      1   3.0417952130942277D-01 6.7D-09 0.0D+00 5.4D-09 0.0D+00       22      122       22      220  S
     11      1   3.5300282616575801D-01 8.1D-09 0.0D+00 1.5D-08 0.0D+00       24      204       24      240  S
     11      1   3.0417199421181373D-01 6.7D-09 0.0D+00 4.2D-09 0.0D+00       22      116       22      220  S
     11      1   3.0417465836371127D-01 6.7D-09 0.0D+00 3.5D-10 0.0D+00       22      129       22      220  S
     11      1   3.0417807082334075D-01 6.7D-09 0.0D+00 4.2D-09 0.0D+00       22      126       22      220  S
     11      1   3.0418570576605802D-01 6.7D-09 0.0D+00 5.6D-09 0.0D+00       22      120       22      220  S
     11      1   3.0418783718160930D-01 6.7D-09 0.0D+00 7.3D-09 0.0D+00       22      129       22      220  S
     11      1   3.0417453281848678D-01 6.7D-09 0.0D+00 8.9D-09 0.0D+00       22      124       22      220  S
     11      1   3.0418376353317994D-01 6.7D-09 0.0D+00 9.5D-09 0.0D+00       22      124       22      220  S
     11      1   3.0418130343082167D-01 6.7D-09 0.0D+00 2.9D-10 0.0D+00       22      118       22      220  S
     11      1   3.0417453281837475D-01 6.7D-09 0.0D+00 1.3D-09 0.0D+00       22      128       22      220  S
     11      1   3.0417199421181640D-01 6.7D-09 0.0D+00 7.9D-09 0.0D+00       22      120       22      220  S
     11      1   3.0417453281836043D-01 6.7D-09 0.0D+00 6.4D-09 0.0D+00       22      128       22      220  S
     11      1   3.0418783718161130D-01 6.7D-09 0.0D+00 1.7D-09 0.0D+00       22      121       22      220  S
     11      1   3.0417453281838003D-01 6.7D-09 0.0D+00 5.2D-09 0.0D+00       22      126       22      220  S
     11      1   3.0417952130960685D-01 6.7D-09 0.0D+00 6.8D-10 0.0D+00       22      124       22      220  S
     11      1   3.0418570576605053D-01 6.7D-09 0.0D+00 2.5D-09 0.0D+00       22      122       22      220  S
     11      1   3.0417952130951498D-01 6.7D-09 0.0D+00 4.4D-10 0.0D+00       22      126       22      220  S
     11      1   3.0417199421177044D-01 6.7D-09 0.0D+00 2.6D-09 0.0D+00       22      122       22      220  S
     11      1   3.0417952130948933D-01 6.7D-09 0.0D+00 2.4D-09 0.0D+00       22      118       22      220  S
     11      1   3.0417453281845908D-01 6.7D-09 0.0D+00 7.7D-09 0.0D+00       22      123       22      220  S
     11      1   3.0417453281865270D-01 6.7D-09 0.0D+00 8.2D-09 0.0D+00       22      132       22      220  S
     11      1   3.0417952130953124D-01 6.7D-09 0.0D+00 5.6D-09 0.0D+00       22      120       22      220  S
     11      1   3.0417453281839724D-01 6.7D-09 0.0D+00 2.4D-09 0.0D+00       22      127       22      220  S
     11      1   3.0417465836474811D-01 6.7D-09 0.0D+00 3.5D-09 0.0D+00       22      123       22      220  S
     11      1   3.0417807082348097D-01 6.7D-09 0.0D+00 5.6D-09 0.0D+00       22      119       22      220  S
     11      1   3.0417199421175495D-01 6.7D-09 0.0D+00 9.5D-09 0.0D+00       22      124       22      220  S
     11      1   3.0418060575693001D-01 6.7D-09 0.0D+00 4.7D-09 0.0D+00       22      115       22      220  S
     11      1   3.0417952130949238D-01 6.7D-09 0.0D+00 2.4D-09 0.0D+00       22      120       22      220  S
     11      1   3.5299500692103930D-01 8.1D-09 0.0D+00 5.5D-09 0.0D+00       22      136       22      220  S
     11      1   3.0417453281840595D-01 6.7D-09 0.0D+00 4.7D-09 0.0D+00       22      131       22      220  S
     11      1   3.0418376353311571D-01 6.7D-09 0.0D+00 1.6D-09 0.0D+00       22      119       22      220  S
     11      1   3.0418570576594561D-01 6.7D-09 0.0D+00 2.0D-10 0.0D+00       22      123       22      220  S
     11      1   3.0418060575670380D-01 6.7D-09 0.0D+00 4.3D-09 0.0D+00       22      114       22      220  S
     11      1   3.0417453281831369D-01 6.7D-09 0.0D+00 5.6D-09 0.0D+00       22      122       22      220  S
     11      1   3.0418376353308685D-01 6.7D-09 0.0D+00 2.0D-09 0.0D+00       22      129       22      220  S
     11      1   3.0418783718144526D-01 6.7D-09 0.0D+00 6.9D-09 0.0D+00       22      121       22      220  S
     11      1   3.0417952130968401D-01 6.7D-09 0.0D+00 4.7D-09 0.0D+00       22      120       22      220  S
     11      1   3.0417952130949033D-01 6.7D-09 0.0D+00 3.5D-09 0.0D+00       22      128       22      220  S
     11      1   3.0417453281844270D-01 6.7D-09 0.0D+00 6.3D-09 0.0D+00       22      122       22      220  S
     11      1   3.0418783718159104D-01 6.7D-09 0.0D+00 6.4D-09 0.0D+00       22      118       22      220  S
     11      1   3.0417952130940057D-01 6.7D-09 0.0D+00 3.1D-10 0.0D+00       22      121       22      220  S
     11      1   3.0417453281845747D-01 6.7D-09 0.0D+00 2.4D-09 0.0D+00       22      120       22      220  S
     11      1   3.0417465836471763D-01 6.7D-09 0.0D+00 9.2D-09 0.0D+00       22      122       22      220  S
     11      1   3.0417199421310037D-01 6.7D-09 0.0D+00 3.4D-09 0.0D+00       22      122       22      220  S
     11      1   3.0418062830315457D-01 6.7D-09 0.0D+00 5.0D-09 0.0D+00       22      122       22      220  S
     11      1   3.0417807082347009D-01 6.7D-09 0.0D+00 8.9D-09 0.0D+00       22      124       22      220  S
     11      1   3.0418130343092092D-01 6.7D-09 0.0D+00 6.7D-09 0.0D+00       22      124       22      220  S
     11      1   3.0417453281846213D-01 6.7D-09 0.0D+00 6.9D-09 0.0D+00       22      124       22      220  S
     11      1   3.0417453281853946D-01 6.7D-09 0.0D+00 9.3D-09 0.0D+00       22      128       22      220  S
     11      1   3.0417453281846896D-01 6.7D-09 0.0D+00 9.0D-10 0.0D+00       22      121       22      220  S
     11      1   3.5299847768267617D-01 8.1D-09 0.0D+00 5.3D-10 0.0D+00       22      135       22      220  S
     11      1   3.0417813575976926D-01 6.7D-09 0.0D+00 4.3D-09 0.0D+00       22      128       22      220  S
     11      1   3.0418060575677952D-01 6.7D-09 0.0D+00 3.2D-09 0.0D+00       22      118       22      220  S
     11      1   3.0417813575979497D-01 6.7D-09 0.0D+00 2.1D-09 0.0D+00       22      130       22      220  S
     11      1   3.0418783718158787D-01 6.7D-09 0.0D+00 6.9D-09 0.0D+00       22      119       22      220  S
     11      1   3.0418376353316107D-01 6.7D-09 0.0D+00 5.3D-09 0.0D+00       22      130       22      220  S
     11      1   3.0417952130961229D-01 6.7D-09 0.0D+00 7.2D-09 0.0D+00       22      121       22      220  S
     11      1   3.0418783718156339D-01 6.7D-09 0.0D+00 6.6D-09 0.0D+00       22      120       22      220  S
     11      1   3.0417453281842977D-01 6.7D-09 0.0D+00 1.1D-09 0.0D+00       22      130       22      220  S
     11      1   3.0418060575680000D-01 6.7D-09 0.0D+00 4.4D-09 0.0D+00       22      116       22      220  S
     11      1   3.0417453281847323D-01 6.7D-09 0.0D+00 1.3D-10 0.0D+00       22      127       22      220  S
     11      1   3.0417952130943876D-01 6.7D-09 0.0D+00 5.1D-09 0.0D+00       22      123       22      220  S
     11      1   3.0417465836350538D-01 6.7D-09 0.0D+00 7.4D-09 0.0D+00       22      113       22      220  S
     11      1   3.5298716929866020D-01 8.1D-09 0.0D+00 1.0D-05 0.0D+00       24      235       24      240  S
     11      1   3.0417952130945958D-01 6.7D-09 0.0D+00 7.8D-10 0.0D+00       22      123       22      220  S
     11      1   3.0418060575674588D-01 6.7D-09 0.0D+00 4.1D-09 0.0D+00       22      118       22      220  S
     11      1   3.5300282616618434D-01 8.1D-09 0.0D+00 8.0D-09 0.0D+00       22      152       22      220  S
     11      1   3.0418060575688366D-01 6.7D-09 0.0D+00 1.5D-08 0.0D+00       23      138       23      230  S
     11      1   3.0418060575687228D-01 6.7D-09 0.0D+00 1.0D-09 0.0D+00       22      114       22      220  S
     11      1   3.0417952130952391D-01 6.7D-09 0.0D+00 3.6D-09 0.0D+00       22      112       22      220  S
     11      1   3.0417952130951792D-01 6.7D-09 0.0D+00 8.5D-09 0.0D+00       22      119       22      220  S
     11      1   3.0417952130975423D-01 6.7D-09 0.0D+00 2.4D-08 0.0D+00       23      124       23      230  S
     11      1   3.0417199421170904D-01 6.7D-09 0.0D+00 1.4D-09 0.0D+00       22      115       22      220  S
     11      1   3.0417465836364316D-01 6.7D-09 0.0D+00 9.5D-10 0.0D+00       22      118       22      220  S
     11      1   3.0418130343071326D-01 6.7D-09 0.0D+00 8.1D-10 0.0D+00       22      118       22      220  S
     11      1   3.0418130343088551D-01 6.7D-09 0.0D+00 6.7D-09 0.0D+00       22      118       22      220  S
     11      1   3.0417807082355253D-01 6.7D-09 0.0D+00 2.2D-09 0.0D+00       22      128       22      220  S
     11      1   3.0417807082340326D-01 6.7D-09 0.0D+00 1.7D-09 0.0D+00       22      120       22      220  S
     11      1   3.0418130343103028D-01 6.7D-09 0.0D+00 6.8D-09 0.0D+00       22      121       22      220  S
     11      1   3.0417453281835788D-01 6.7D-09 0.0D+00 3.0D-10 0.0D+00       22      129       22      220  S
     11      1   3.0418376353311921D-01 6.7D-09 0.0D+00 8.6D-09 0.0D+00       22      118       22      220  S
     11      1   3.0418060575678874D-01 6.7D-09 0.0D+00 1.5D-09 0.0D+00       22      119       22      220  S
     11      1   3.0417952130937531D-01 6.7D-09 0.0D+00 5.3D-09 0.0D+00       22      123       22      220  S
     11      1   3.0417952130944365D-01 6.7D-09 0.0D+00 3.5D-09 0.0D+00       22      122       22      220  S
     11      1   3.0418062830321940D-01 6.7D-09 0.0D+00 8.8D-10 0.0D+00       22      121       22      220  S
     11      1   3.0417465836496554D-01 6.7D-09 0.0D+00 8.4D-09 0.0D+00       22      132       22      220  S
     11      1   3.0417465836489854D-01 6.7D-09 0.0D+00 4.1D-10 0.0D+00       22      122       22      220  S
     11      1   3.0417465836478791D-01 6.7D-09 0.0D+00 5.1D-09 0.0D+00       22      132       22      220  S
     11      1   3.0417453281844226D-01 6.7D-09 0.0D+00 7.6D-09 0.0D+00       22      124       22      220  S
     11      1   3.0417465836492757D-01 6.7D-09 0.0D+00 2.3D-10 0.0D+00       22      128       22      220  S
     11      1   3.0418060575703271D-01 6.7D-09 0.0D+00 8.8D-09 0.0D+00       22      116       22      220  S
     11      1   3.0418169888237295D-01 6.7D-09 0.0D+00 3.2D-09 0.0D+00       22      121       22      220  S
     11      1   3.0418130343069394D-01 6.7D-09 0.0D+00 9.6D-09 0.0D+00       22      119       22      220  S
     11      1   3.0417813575931590D-01 6.7D-09 0.0D+00 5.0D-09 0.0D+00       20      108       20      200  S
     11      1   3.0417952130964887D-01 6.7D-09 0.0D+00 1.4D-09 0.0D+00       22      122       22      220  S
     11      1   3.0418130343073568D-01 6.7D-09 0.0D+00 7.9D-09 0.0D+00       22      119       22      220  S
     11      1   3.0417465836488800D-01 6.7D-09 0.0D+00 2.8D-10 0.0D+00       22      121       22      220  S
     11      1   3.0417199421174229D-01 6.7D-09 0.0D+00 4.2D-09 0.0D+00       22      124       22      220  S
     11      1   3.0417465836316349D-01 6.7D-09 0.0D+00 2.6D-09 0.0D+00       21      111       21      210  S
     11      1   3.0418376353272231D-01 6.7D-09 0.0D+00 3.2D-09 0.0D+00       21      120       21      210  S
     11      1   3.0417465836477420D-01 6.7D-09 0.0D+00 7.6D-09 0.0D+00       22      128       22      220  S
     11      1   3.0417453281841395D-01 6.7D-09 0.0D+00 3.4D-09 0.0D+00       22      129       22      220  S
     11      1   3.0417453281847512D-01 6.7D-09 0.0D+00 2.0D-09 0.0D+00       22      120       22      220  S
     11      1   3.5298716926795448D-01 8.1D-09 0.0D+00 1.7D-06 0.0D+00       24      259       24      240  S
     11      1   3.0418570576611992D-01 6.7D-09 0.0D+00 1.2D-09 0.0D+00       22      123       22      220  S
     11      1   3.0417453281858936D-01 6.7D-09 0.0D+00 4.1D-09 0.0D+00       22      128       22      220  S
     11      1   3.0417453281839330D-01 6.7D-09 0.0D+00 4.6D-09 0.0D+00       22      122       22      220  S
     11      1   3.0418783718166170D-01 6.7D-09 0.0D+00 3.0D-09 0.0D+00       22      119       22      220  S
     11      1   3.0418783718145598D-01 6.7D-09 0.0D+00 8.1D-09 0.0D+00       22      121       22      220  S
     11      1   3.0417453281857237D-01 6.7D-09 0.0D+00 9.2D-09 0.0D+00       22      127       22      220  S
     11      1   3.0418062830316051D-01 6.7D-09 0.0D+00 6.3D-09 0.0D+00       22      116       22      220  S
     11      1   3.0418376353314064D-01 6.7D-09 0.0D+00 5.9D-09 0.0D+00       22      114       22      220  S
     11      1   3.0418783718146086D-01 6.7D-09 0.0D+00 1.1D-09 0.0D+00       22      120       22      220  S
     11      1   3.0417453281848461D-01 6.7D-09 0.0D+00 3.0D-10 0.0D+00       22      125       22      220  S
     11      1   3.0418570576594672D-01 6.7D-09 0.0D+00 1.4D-09 0.0D+00       22      122       22      220  S
     11      1   3.0417453281845191D-01 6.7D-09 0.0D+00 7.7D-09 0.0D+00       22      122       22      220  S
     11      1   3.0417453281854773D-01 6.7D-09 0.0D+00 9.0D-09 0.0D+00       22      130       22      220  S
     11      1   3.5299847767813142D-01 8.1D-09 0.0D+00 2.4D-07 0.0D+00       24      170       24      240  S
     11      1   3.0417952130942522D-01 6.7D-09 0.0D+00 1.5D-09 0.0D+00       22      121       22      220  S
     11      1   3.0417199421177077D-01 6.7D-09 0.0D+00 9.1D-09 0.0D+00       22      121       22      220  S
     11      1   3.0418376353314786D-01 6.7D-09 0.0D+00 9.1D-09 0.0D+00       22      117       22      220  S
     11      1   3.0417465836468827D-01 6.7D-09 0.0D+00 7.4D-09 0.0D+00       22      130       22      220  S
     11      1   3.0417465836487884D-01 6.7D-09 0.0D+00 4.7D-09 0.0D+00       22      127       22      220  S
     11      1   3.0418783718159914D-01 6.7D-09 0.0D+00 6.0D-09 0.0D+00       22      124       22      220  S
     11      1   3.0417952130943704D-01 6.7D-09 0.0D+00 4.2D-09 0.0D+00       22      118       22      220  S
     11      1   3.0418060575683703D-01 6.7D-09 0.0D+00 6.6D-10 0.0D+00       22      119       22      220  S
     11      1   3.0417807082353548D-01 6.7D-09 0.0D+00 8.8D-09 0.0D+00       22      114       22      220  S
     11      1   3.0418169888237317D-01 6.7D-09 0.0D+00 4.7D-09 0.0D+00       22      117       22      220  S
     11      1   3.0417465836472285D-01 6.7D-09 0.0D+00 9.6D-09 0.0D+00       22      116       22      220  S
     11      1   3.0417807082330328D-01 6.7D-09 0.0D+00 8.7D-09 0.0D+00       22      122       22      220  S
     11      1   3.0418570576585374D-01 6.7D-09 0.0D+00 2.9D-09 0.0D+00       22      118       22      220  S
     11      1   3.0418570576607457D-01 6.7D-09 0.0D+00 5.6D-09 0.0D+00       22      122       22      220  S
     11      1   3.0417453281841084D-01 6.7D-09 0.0D+00 2.8D-09 0.0D+00       22      127       22      220  S
     11      1   3.0418130343095978D-01 6.7D-09 0.0D+00 3.2D-09 0.0D+00       22      128       22      220  S
     11      1   3.0418060575695621D-01 6.7D-09 0.0D+00 6.2D-09 0.0D+00       22      123       22      220  S
     11      1   3.0417952130948955D-01 6.7D-09 0.0D+00 9.0D-09 0.0D+00       22      123       22      220  S
     11      1   3.0417453281852280D-01 6.7D-09 0.0D+00 8.4D-09 0.0D+00       22      123       22      220  S
     11      1   3.0418062830266712D-01 6.7D-09 0.0D+00 2.5D-09 0.0D+00       20      109       20      200  S
     11      1   3.0418376353311211D-01 6.7D-09 0.0D+00 3.4D-09 0.0D+00       22      119       22      220  S
     11      1   3.0417199421172564D-01 6.7D-09 0.0D+00 3.9D-09 0.0D+00       22      123       22      220  S
     11      1   3.0418169888246643D-01 6.7D-09 0.0D+00 2.4D-09 0.0D+00       22      124       22      220  S
     11      1   3.0418783718161668D-01 6.7D-09 0.0D+00 8.2D-09 0.0D+00       22      122       22      220  S
     11      1   3.5300483249627024D-01 8.1D-09 0.0D+00 1.3D-03 0.0D+00       24      252       24      240  S
     11      1   3.5300945101256448D-01 8.1D-09 0.0D+00 2.4D-05 0.0D+00       23      228       23      230  S
     11      1   3.0417952130965348D-01 6.7D-09 0.0D+00 4.9D-09 0.0D+00       22      120       22      220  S
     11      1   3.0417465836501295D-01 6.7D-09 0.0D+00 2.8D-09 0.0D+00       22      120       22      220  S
     11      1   3.0417453281850731D-01 6.7D-09 0.0D+00 9.4D-09 0.0D+00       22      121       22      220  S
     11      1   3.5300945035923403D-01 8.1D-09 0.0D+00 1.9D-09 0.0D+00       22      165       22      220  S
     11      1   3.0417952130955705D-01 6.7D-09 0.0D+00 7.0D-09 0.0D+00       22      123       22      220  S
     11      1   3.0417453281847490D-01 6.7D-09 0.0D+00 9.6D-10 0.0D+00       22      124       22      220  S
     11      1   3.0418783718146203D-01 6.7D-09 0.0D+00 5.8D-09 0.0D+00       22      119       22      220  S
     11      1   3.0417453281833462D-01 6.7D-09 0.0D+00 2.8D-10 0.0D+00       22      121       22      220  S
     11      1   3.0417952130947151D-01 6.7D-09 0.0D+00 2.4D-09 0.0D+00       22      120       22      220  S
     11      1   3.0418570576595128D-01 6.7D-09 0.0D+00 8.8D-09 0.0D+00       22      124       22      220  S
     11      1   3.0417453281847479D-01 6.7D-09 0.0D+00 1.0D-09 0.0D+00       22      130       22      220  S
     11      1   3.5298907182121236D-01 8.1D-09 0.0D+00 1.6D-06 0.0D+00       24      276       24      240  S
     11      1   3.0417465836476282D-01 6.7D-09 0.0D+00 7.1D-09 0.0D+00       22      120       22      220  S
     11      1   3.0417807082354248D-01 6.7D-09 0.0D+00 7.3D-09 0.0D+00       22      120       22      220  S
     11      1   3.0417453281838014D-01 6.7D-09 0.0D+00 3.0D-09 0.0D+00       22      122       22      220  S
     11      1   3.0417453281856816D-01 6.7D-09 0.0D+00 5.3D-09 0.0D+00       22      127       22      220  S
     11      1   3.0417453281849804D-01 6.7D-09 0.0D+00 8.2D-09 0.0D+00       22      126       22      220  S
     11      1   3.0417465836358043D-01 6.7D-09 0.0D+00 8.1D-09 0.0D+00       22      116       22      220  S
     11      1   3.0417807082333315D-01 6.7D-09 0.0D+00 7.7D-11 0.0D+00       22      121       22      220  S
     11      1   3.0417952130962961D-01 6.7D-09 0.0D+00 5.0D-09 0.0D+00       22      122       22      220  S
     11      1   3.0417199421183599D-01 6.7D-09 0.0D+00 5.8D-09 0.0D+00       22      128       22      220  S
     11      1   3.0418130343088612D-01 6.7D-09 0.0D+00 6.8D-09 0.0D+00       22      120       22      220  S
     11      1   3.0417199421316560D-01 6.7D-09 0.0D+00 1.9D-09 0.0D+00       22      122       22      220  S
     11      1   3.0418062830262921D-01 6.7D-09 0.0D+00 3.7D-09 0.0D+00       20      110       20      200  S
     11      1   3.0418376353313875D-01 6.7D-09 0.0D+00 5.8D-09 0.0D+00       22      118       22      220  S
     11      1   3.0417453281839174D-01 6.7D-09 0.0D+00 6.8D-10 0.0D+00       22      119       22      220  S
     11      1   3.0417952130961201D-01 6.7D-09 0.0D+00 1.3D-09 0.0D+00       22      123       22      220  S
     11      1   3.0418060575684086D-01 6.7D-09 0.0D+00 4.9D-10 0.0D+00       22      118       22      220  S
     11      1   3.0417807082341292D-01 6.7D-09 0.0D+00 1.8D-09 0.0D+00       22      119       22      220  S
     11      1   3.0418376353319754D-01 6.7D-09 0.0D+00 7.3D-09 0.0D+00       22      132       22      220  S
     11      1   3.0417465836488200D-01 6.7D-09 0.0D+00 2.4D-09 0.0D+00       22      125       22      220  S
     11      1   3.0417199421180796D-01 6.7D-09 0.0D+00 6.8D-09 0.0D+00       22      122       22      220  S
     11      1   3.0418376353321436D-01 6.7D-09 0.0D+00 8.9D-09 0.0D+00       22      119       22      220  S
     11      1   3.0418783718154507D-01 6.7D-09 0.0D+00 4.6D-09 0.0D+00       22      121       22      220  S
     11      1   3.0418060575690331D-01 6.7D-09 0.0D+00 2.5D-09 0.0D+00       22      115       22      220  S
     11      1   3.0417807082337339D-01 6.7D-09 0.0D+00 8.5D-10 0.0D+00       22      125       22      220  S
     11      1   3.0417453281843748D-01 6.7D-09 0.0D+00 1.0D-09 0.0D+00       22      127       22      220  S
     11      1   3.0417453281837753D-01 6.7D-09 0.0D+00 4.8D-09 0.0D+00       22      124       22      220  S
     11      1   3.5299500692111208D-01 8.1D-09 0.0D+00 9.7D-10 0.0D+00       22      149       22      220  S
     11      1   3.0417465836350693D-01 6.7D-09 0.0D+00 5.0D-09 0.0D+00       22      121       22      220  S
     11      1   3.5300945035486586D-01 8.1D-09 0.0D+00 3.0D-07 0.0D+00       24      179       24      240  S
     11      1   3.0417465836481256D-01 6.7D-09 0.0D+00 9.0D-09 0.0D+00       22      121       22      220  S
     11      1   3.0418169888243718D-01 6.7D-09 0.0D+00 4.1D-10 0.0D+00       22      121       22      220  S
     11      1   3.0418570576585119D-01 6.7D-09 0.0D+00 5.2D-09 0.0D+00       22      120       22      220  S
     11      1   3.0417952130950726D-01 6.7D-09 0.0D+00 5.5D-10 0.0D+00       22      129       22      220  S
     11      1   3.0417465836486890D-01 6.7D-09 0.0D+00 4.5D-09 0.0D+00       22      121       22      220  S
     11      1   3.0417807082339704D-01 6.7D-09 0.0D+00 6.7D-09 0.0D+00       22      120       22      220  S
     11      1   3.0417952130949721D-01 6.7D-09 0.0D+00 4.2D-11 0.0D+00       22      117       22      220  S
     11      1   3.0417465836358143D-01 6.7D-09 0.0D+00 5.4D-09 0.0D+00       22      121       22      220  S
     11      1   3.0417465836506197D-01 6.7D-09 0.0D+00 5.7D-09 0.0D+00       22      124       22      220  S
     11      1   3.0417465836490232D-01 6.7D-09 0.0D+00 1.5D-09 0.0D+00       22      120       22      220  S
     11      1   3.0417465836350593D-01 6.7D-09 0.0D+00 4.1D-09 0.0D+00       22      119       22      220  S
     11      1   3.0417465836352631D-01 6.7D-09 0.0D+00 3.9D-09 0.0D+00       22      118       22      220  S
     11      1   3.0417952130942916D-01 6.7D-09 0.0D+00 6.4D-09 0.0D+00       22      127       22      220  S
     11      1   3.0417453281839529D-01 6.7D-09 0.0D+00 4.0D-09 0.0D+00       22      131       22      220  S
     11      1   3.0418376353322085D-01 6.7D-09 0.0D+00 7.9D-09 0.0D+00       22      122       22      220  S
     11      1   3.0418169888235408D-01 6.7D-09 0.0D+00 4.6D-09 0.0D+00       22      121       22      220  S
     11      1   3.0417952130948733D-01 6.7D-09 0.0D+00 2.8D-09 0.0D+00       22      123       22      220  S
     11      1   3.0418060575682232D-01 6.7D-09 0.0D+00 7.7D-09 0.0D+00       22      115       22      220  S
     11      1   3.0417952130958609D-01 6.7D-09 0.0D+00 6.4D-09 0.0D+00       22      116       22      220  S
     11      1   3.0417465836354396D-01 6.7D-09 0.0D+00 7.1D-09 0.0D+00       22      123       22      220  S
     11      1   3.0417453281849977D-01 6.7D-09 0.0D+00 2.6D-09 0.0D+00       22      123       22      220  S
     11      1   3.0417952130955567D-01 6.7D-09 0.0D+00 7.4D-09 0.0D+00       22      114       22      220  S
     11      1   3.0417465836358970D-01 6.7D-09 0.0D+00 8.6D-09 0.0D+00       22      120       22      220  S
     11      1   3.0418376353316334D-01 6.7D-09 0.0D+00 5.9D-09 0.0D+00       22      117       22      220  S
     11      1   3.0417465836347340D-01 6.7D-09 0.0D+00 1.9D-09 0.0D+00       22      123       22      220  S
     11      1   3.0418060575672035D-01 6.7D-09 0.0D+00 5.8D-09 0.0D+00       22      119       22      220  S
     11      1   3.0417453281846624D-01 6.7D-09 0.0D+00 5.1D-09 0.0D+00       22      133       22      220  S
     11      1   3.0417952130957254D-01 6.7D-09 0.0D+00 7.2D-09 0.0D+00       22      120       22      220  S
     11      1   3.0418376353329241D-01 6.7D-09 0.0D+00 6.8D-09 0.0D+00       22      120       22      220  S
     11      1   3.0418060575699041D-01 6.7D-09 0.0D+00 7.1D-09 0.0D+00       22      119       22      220  S
     11      1   3.0418783718166098D-01 6.7D-09 0.0D+00 2.5D-09 0.0D+00       22      120       22      220  S
     11      1   3.0417952130940767D-01 6.7D-09 0.0D+00 9.9D-10 0.0D+00       22      124       22      220  S
     11      1   3.5300990783642172D-01 8.1D-09 0.0D+00 8.4D-07 0.0D+00       24      290       24      240  S
     11      1   3.0417465836369534D-01 6.7D-09 0.0D+00 3.3D-09 0.0D+00       22      117       22      220  S
     11      1   3.0418376353321847D-01 6.7D-09 0.0D+00 8.4D-09 0.0D+00       22      119       22      220  S
     11      1   3.0417465836357821D-01 6.7D-09 0.0D+00 6.5D-11 0.0D+00       22      122       22      220  S
     11      1   3.0417952130954157D-01 6.7D-09 0.0D+00 7.7D-09 0.0D+00       22      120       22      220  S
     11      1   3.0418062830321230D-01 6.7D-09 0.0D+00 9.5D-09 0.0D+00       22      117       22      220  S
     11      1   3.0417465836348917D-01 6.7D-09 0.0D+00 2.0D-09 0.0D+00       22      121       22      220  S
     11      1   3.0418783718156500D-01 6.7D-09 0.0D+00 6.2D-09 0.0D+00       22      123       22      220  S
     11      1   3.0417465836471741D-01 6.7D-09 0.0D+00 4.9D-09 0.0D+00       22      125       22      220  S
     11      1   3.0418062830302117D-01 6.7D-09 0.0D+00 2.8D-09 0.0D+00       22      118       22      220  S
     11      1   3.0418570576589299D-01 6.7D-09 0.0D+00 5.0D-09 0.0D+00       22      121       22      220  S
     11      1   3.0417465836488916D-01 6.7D-09 0.0D+00 1.4D-09 0.0D+00       22      127       22      220  S
     11      1   3.0417952130935177D-01 6.7D-09 0.0D+00 8.5D-09 0.0D+00       22      117       22      220  S
     11      1   3.0417465836475643D-01 6.7D-09 0.0D+00 8.9D-09 0.0D+00       22      124       22      220  S
     11      1   3.0418060575680428D-01 6.7D-09 0.0D+00 8.3D-10 0.0D+00       22      125       22      220  S
     11      1   3.0417807082353859D-01 6.7D-09 0.0D+00 5.7D-09 0.0D+00       22      119       22      220  S
     11      1   3.0418570576592341D-01 6.7D-09 0.0D+00 1.7D-09 0.0D+00       22      124       22      220  S
     11      1   3.0418060575686312D-01 6.7D-09 0.0D+00 1.7D-09 0.0D+00       22      121       22      220  S
     11      1   3.0417453281846651D-01 6.7D-09 0.0D+00 7.1D-09 0.0D+00       22      126       22      220  S
     11      1   3.0417199421187352D-01 6.7D-09 0.0D+00 6.9D-10 0.0D+00       22      120       22      220  S
     11      1   3.0417807082340670D-01 6.7D-09 0.0D+00 2.3D-09 0.0D+00       22      125       22      220  S
     11      1   3.0418130343091188D-01 6.7D-09 0.0D+00 6.5D-09 0.0D+00       22      121       22      220  S
     11      1   3.0417952130964532D-01 6.7D-09 0.0D+00 5.3D-09 0.0D+00       22      122       22      220  S
     11      1   3.0417952130960041D-01 6.7D-09 0.0D+00 9.7D-10 0.0D+00       22      122       22      220  S
     11      1   3.5299727523466573D-01 8.1D-09 0.0D+00 3.4D-09 0.0D+00       22      150       22      220  S
     11      1   3.0417453281849177D-01 6.7D-09 0.0D+00 6.0D-09 0.0D+00       22      128       22      220  S
     11      1   3.0418570576601162D-01 6.7D-09 0.0D+00 9.3D-09 0.0D+00       22      120       22      220  S
     11      1   3.0417465836352492D-01 6.7D-09 0.0D+00 1.9D-09 0.0D+00       22      121       22      220  S
     11      1   3.0418060575686484D-01 6.7D-09 0.0D+00 1.4D-09 0.0D+00       22      120       22      220  S
     11      1   3.0418376353294929D-01 6.7D-09 0.0D+00 6.9D-09 0.0D+00       21      115       21      210  S
     11      1   3.5300990719533282D-01 8.1D-09 0.0D+00 4.9D-09 0.0D+00       22      165       22      220  S
     11      1   3.0418130343098387D-01 6.7D-09 0.0D+00 6.4D-09 0.0D+00       22      124       22      220  S
     11      1   3.0417465836352775D-01 6.7D-09 0.0D+00 1.1D-09 0.0D+00       22      115       22      220  S
     11      1   3.0417465836489194D-01 6.7D-09 0.0D+00 5.9D-09 0.0D+00       22      123       22      220  S
     11      1   3.0417199421179408D-01 6.7D-09 0.0D+00 1.5D-09 0.0D+00       22      121       22      220  S
     11      1   3.0418376353317123D-01 6.7D-09 0.0D+00 1.7D-09 0.0D+00       22      128       22      220  S
     11      1   3.0417952130965448D-01 6.7D-09 0.0D+00 5.0D-09 0.0D+00       22      121       22      220  S
     11      1   3.0418060575691513D-01 6.7D-09 0.0D+00 2.6D-09 0.0D+00       22      114       22      220  S
     11      1   3.0417813575932284D-01 6.7D-09 0.0D+00 4.6D-09 0.0D+00       21      115       21      210  S
     11      1   3.0418376353316351D-01 6.7D-09 0.0D+00 6.1D-09 0.0D+00       22      118       22      220  S
     11      1   3.0418376353313015D-01 6.7D-09 0.0D+00 5.7D-09 0.0D+00       22      123       22      220  S
     11      1   3.0417453281841339D-01 6.7D-09 0.0D+00 1.9D-09 0.0D+00       22      124       22      220  S
     11      1   3.0418060575690947D-01 6.7D-09 0.0D+00 3.5D-09 0.0D+00       22      112       22      220  S
     11      1   3.0418376353323240D-01 6.7D-09 0.0D+00 6.0D-09 0.0D+00       22      118       22      220  S
     11      1   3.0418570576593040D-01 6.7D-09 0.0D+00 3.0D-10 0.0D+00       22      128       22      220  S
     11      1   3.0417453281841794D-01 6.7D-09 0.0D+00 4.8D-09 0.0D+00       22      125       22      220  S
     11      1   3.0417453281845658D-01 6.7D-09 0.0D+00 1.8D-09 0.0D+00       22      120       22      220  S
     11      1   3.0418783718150932D-01 6.7D-09 0.0D+00 2.8D-09 0.0D+00       22      118       22      220  S
     11      1   3.0418060575689337D-01 6.7D-09 0.0D+00 9.8D-10 0.0D+00       22      124       22      220  S
     11      1   3.0417453281844403D-01 6.7D-09 0.0D+00 5.0D-09 0.0D+00       22      120       22      220  S
     11      1   3.0418060575676759D-01 6.7D-09 0.0D+00 4.6D-09 0.0D+00       22      119       22      220  S
     11      1   3.0417465836345720D-01 6.7D-09 0.0D+00 4.6D-09 0.0D+00       22      117       22      220  S
     11      1   3.0417453281845486D-01 6.7D-09 0.0D+00 7.8D-09 0.0D+00       22      123       22      220  S
     11      1   3.0418060575696909D-01 6.7D-09 0.0D+00 5.7D-09 0.0D+00       22      123       22      220  S
     11      1   3.0417952130932102D-01 6.7D-09 0.0D+00 7.3D-09 0.0D+00       22      124       22      220  S
     11      1   3.0417952130946097D-01 6.7D-09 0.0D+00 1.3D-09 0.0D+00       22      123       22      220  S
     11      1   3.0418376353313309D-01 6.7D-09 0.0D+00 2.1D-09 0.0D+00       22      117       22      220  S
     11      1   3.0418783718138376D-01 6.7D-09 0.0D+00 7.9D-09 0.0D+00       22      120       22      220  S
     11      1   3.0417199421171071D-01 6.7D-09 0.0D+00 4.2D-09 0.0D+00       22      117       22      220  S
     11      1   3.0418376353325483D-01 6.7D-09 0.0D+00 2.2D-09 0.0D+00       22      116       22      220  S
     11      1   3.0417807082319287D-01 6.7D-09 0.0D+00 6.6D-09 0.0D+00       21      113       21      210  S
     11      1   3.5298907421108799D-01 8.1D-09 0.0D+00 1.9D-06 0.0D+00       24      218       24      240  S
     11      1   3.0417465836490687D-01 6.7D-09 0.0D+00 6.8D-09 0.0D+00       22      119       22      220  S
     11      1   3.0417453281850371D-01 6.7D-09 0.0D+00 3.0D-09 0.0D+00       22      120       22      220  S
     11      1   3.0417807082342507D-01 6.7D-09 0.0D+00 3.5D-09 0.0D+00       22      119       22      220  S
     11      1   3.5300481689124369D-01 8.1D-09 0.0D+00 3.5D-04 0.0D+00       24      266       24      240  S
     11      1   3.0417952130949910D-01 6.7D-09 0.0D+00 6.5D-09 0.0D+00       22      121       22      220  S
     11      1   3.0417952130956299D-01 6.7D-09 0.0D+00 1.1D-09 0.0D+00       22      120       22      220  S
     11      1   3.0417465836354368D-01 6.7D-09 0.0D+00 2.3D-09 0.0D+00       22      115       22      220  S
     11      1   3.0417813575951397D-01 6.7D-09 0.0D+00 2.4D-10 0.0D+00       21      115       21      210  S
     11      1   3.0418783718161818D-01 6.7D-09 0.0D+00 4.8D-09 0.0D+00       22      117       22      220  S
     11      1   3.0417453281849632D-01 6.7D-09 0.0D+00 1.9D-09 0.0D+00       22      127       22      220  S
     11      1   3.0417952130949011D-01 6.7D-09 0.0D+00 7.3D-09 0.0D+00       22      118       22      220  S
     11      1   3.0417952130958759D-01 6.7D-09 0.0D+00 4.7D-09 0.0D+00       22      117       22      220  S
     11      1   3.0418570576556370D-01 6.7D-09 0.0D+00 7.1D-09 0.0D+00       21      111       21      210  S
     11      1   3.0417199421168106D-01 6.7D-09 0.0D+00 5.7D-09 0.0D+00       22      123       22      220  S
     11      1   3.0417453281839990D-01 6.7D-09 0.0D+00 4.2D-09 0.0D+00       22      127       22      220  S
     11      1   3.0417807082333026D-01 6.7D-09 0.0D+00 6.7D-09 0.0D+00       22      129       22      220  S
     11      1   3.0418376353327903D-01 6.7D-09 0.0D+00 8.9D-09 0.0D+00       22      123       22      220  S
     11      1   3.0417952130970982D-01 6.7D-09 0.0D+00 8.0D-09 0.0D+00       22      121       22      220  S
     11      1   3.0418783718160475D-01 6.7D-09 0.0D+00 7.2D-09 0.0D+00       22      121       22      220  S
     11      1   3.0417453281848456D-01 6.7D-09 0.0D+00 2.9D-09 0.0D+00       22      129       22      220  S
     11      1   3.0417465836358060D-01 6.7D-09 0.0D+00 6.4D-09 0.0D+00       22      115       22      220  S
     11      1   3.0417453281829593D-01 6.7D-09 0.0D+00 5.9D-09 0.0D+00       22      122       22      220  S
     11      1   3.0417807082341564D-01 6.7D-09 0.0D+00 7.6D-09 0.0D+00       22      120       22      220  S
     11      1   3.0417199421181251D-01 6.7D-09 0.0D+00 9.5D-10 0.0D+00       22      123       22      220  S
     11      1   3.0417465836479490D-01 6.7D-09 0.0D+00 8.3D-10 0.0D+00       22      124       22      220  S
     11      1   3.0418060575686084D-01 6.7D-09 0.0D+00 7.3D-10 0.0D+00       22      120       22      220  S
     11      1   3.0417453281840251D-01 6.7D-09 0.0D+00 9.1D-09 0.0D+00       22      122       22      220  S
     11      1   3.0418169888245333D-01 6.7D-09 0.0D+00 1.0D-10 0.0D+00       22      116       22      220  S
     11      1   3.0417453281830598D-01 6.7D-09 0.0D+00 8.7D-09 0.0D+00       22      128       22      220  S
     11      1   3.0417813575977265D-01 6.7D-09 0.0D+00 9.5D-09 0.0D+00       22      127       22      220  S
     11      1   3.0418570576607140D-01 6.7D-09 0.0D+00 8.3D-09 0.0D+00       22      122       22      220  S
     11      1   3.0418570576594239D-01 6.7D-09 0.0D+00 7.2D-09 0.0D+00       22      119       22      220  S
     11      1   3.0417453281849766D-01 6.7D-09 0.0D+00 8.2D-09 0.0D+00       22      129       22      220  S
     11      1   3.0417807082349468D-01 6.7D-09 0.0D+00 5.3D-09 0.0D+00       22      118       22      220  S
     11      1   3.0417952130940312D-01 6.7D-09 0.0D+00 6.8D-09 0.0D+00       22      122       22      220  S
     11      1   3.0417453281848855D-01 6.7D-09 0.0D+00 9.1D-09 0.0D+00       22      118       22      220  S
     11      1   3.0417199421193319D-01 6.7D-09 0.0D+00 7.9D-09 0.0D+00       22      114       22      220  S
     11      1   3.0418570576580023D-01 6.7D-09 0.0D+00 6.7D-09 0.0D+00       22      119       22      220  S
     11      1   3.5300481026558961D-01 8.1D-09 0.0D+00 5.7D-06 0.0D+00       24      259       24      240  S
     11      1   3.0418060575697553D-01 6.7D-09 0.0D+00 5.3D-09 0.0D+00       22      124       22      220  S
     11      1   3.0417453281844076D-01 6.7D-09 0.0D+00 1.4D-09 0.0D+00       22      127       22      220  S
     11      1   3.5299500691468139D-01 8.1D-09 0.0D+00 3.2D-07 0.0D+00       23      163       23      230  S
     11      1   3.0418060575700318D-01 6.7D-09 0.0D+00 4.1D-10 0.0D+00       22      116       22      220  S
     11      1   3.0417453281844209D-01 6.7D-09 0.0D+00 7.1D-09 0.0D+00       22      123       22      220  S
     11      1   3.0417952130949688D-01 6.7D-09 0.0D+00 8.9D-09 0.0D+00       22      123       22      220  S
     11      1   3.0417807082338810D-01 6.7D-09 0.0D+00 4.9D-09 0.0D+00       22      120       22      220  S
     11      1   3.0417199421182467D-01 6.7D-09 0.0D+00 2.1D-09 0.0D+00       22      123       22      220  S
     11      1   3.0418570576599557D-01 6.7D-09 0.0D+00 5.8D-09 0.0D+00       22      121       22      220  S
     11      1   3.0417453281841350D-01 6.7D-09 0.0D+00 5.1D-09 0.0D+00       22      133       22      220  S
     11      1   3.0417199421177921D-01 6.7D-09 0.0D+00 1.5D-09 0.0D+00       22      115       22      220  S
     11      1   3.0417453281842921D-01 6.7D-09 0.0D+00 4.6D-09 0.0D+00       22      124       22      220  S
     11      1   3.0417453281818019D-01 6.7D-09 0.0D+00 6.4D-09 0.0D+00       21      117       21      210  S
     11      1   3.0417952130956155D-01 6.7D-09 0.0D+00 1.5D-09 0.0D+00       22      122       22      220  S
     11      1   3.0417453281852141D-01 6.7D-09 0.0D+00 3.3D-09 0.0D+00       22      124       22      220  S
     11      1   3.0418570576597176D-01 6.7D-09 0.0D+00 4.3D-09 0.0D+00       22      119       22      220  S
     11      1   3.0418060575681055D-01 6.7D-09 0.0D+00 7.5D-09 0.0D+00       22      113       22      220  S
     11      1   3.0418570576593074D-01 6.7D-09 0.0D+00 7.0D-09 0.0D+00       22      125       22      220  S
     11      1   3.5300282616513373D-01 8.1D-09 0.0D+00 2.8D-09 0.0D+00       22      132       22      220  S
     11      1   3.0418570576597759D-01 6.7D-09 0.0D+00 8.1D-09 0.0D+00       22      123       22      220  S
     11      1   3.0418060575691580D-01 6.7D-09 0.0D+00 6.2D-09 0.0D+00       22      123       22      220  S
     11      1   3.0418570576593096D-01 6.7D-09 0.0D+00 7.9D-09 0.0D+00       22      118       22      220  S
     11      1   3.0418062830316084D-01 6.7D-09 0.0D+00 6.5D-09 0.0D+00       22      119       22      220  S
     11      1   3.0417453281840717D-01 6.7D-09 0.0D+00 3.0D-09 0.0D+00       22      130       22      220  S
     11      1   3.0418062830262460D-01 6.7D-09 0.0D+00 3.0D-09 0.0D+00       20      108       20      200  S
     11      1   3.0417453281837026D-01 6.7D-09 0.0D+00 2.7D-09 0.0D+00       22      126       22      220  S
     11      1   3.0417453281838391D-01 6.7D-09 0.0D+00 2.6D-09 0.0D+00       22      127       22      220  S
     11      1   3.0418570576560117D-01 6.7D-09 0.0D+00 1.3D-09 0.0D+00       21      117       21      210  S
     11      1   3.0417807082338083D-01 6.7D-09 0.0D+00 2.0D-09 0.0D+00       22      124       22      220  S
     11      1   3.5299847768261616D-01 8.1D-09 0.0D+00 8.0D-09 0.0D+00       22      153       22      220  S
     11      1   3.0417199421174396D-01 6.7D-09 0.0D+00 2.1D-09 0.0D+00       22      118       22      220  S
     11      1   3.0417807082335246D-01 6.7D-09 0.0D+00 2.7D-11 0.0D+00       22      127       22      220  S
     11      1   3.0417453281844936D-01 6.7D-09 0.0D+00 4.4D-09 0.0D+00       22      129       22      220  S
     11      1   3.0418062830320858D-01 6.7D-09 0.0D+00 5.4D-09 0.0D+00       22      119       22      220  S
     11      1   3.0417807082344167D-01 6.7D-09 0.0D+00 5.6D-09 0.0D+00       22      123       22      220  S
     11      1   3.0417465836350072D-01 6.7D-09 0.0D+00 4.9D-09 0.0D+00       22      114       22      220  S
     11      1   3.0418376353311383D-01 6.7D-09 0.0D+00 5.0D-09 0.0D+00       22      117       22      220  S
     11      1   3.0418376353310728D-01 6.7D-09 0.0D+00 4.4D-09 0.0D+00       22      126       22      220  S
     11      1   3.0417453281797480D-01 6.7D-09 0.0D+00 5.9D-09 0.0D+00       20      108       20      200  S
     11      1   3.0417199421178565D-01 6.7D-09 0.0D+00 4.2D-09 0.0D+00       22      125       22      220  S
     11      1   3.0417807082340703D-01 6.7D-09 0.0D+00 1.8D-09 0.0D+00       22      121       22      220  S
     11      1   3.0417453281846213D-01 6.7D-09 0.0D+00 6.2D-09 0.0D+00       22      123       22      220  S
     11      1   3.0418060575670636D-01 6.7D-09 0.0D+00 3.7D-09 0.0D+00       22      119       22      220  S
     11      1   3.0417813575938357D-01 6.7D-09 0.0D+00 2.0D-09 0.0D+00       21      124       21      210  S
     11      1   3.0418783718154924D-01 6.7D-09 0.0D+00 2.0D-09 0.0D+00       22      119       22      220  S
     11      1   3.0418169888240465D-01 6.7D-09 0.0D+00 6.8D-09 0.0D+00       22      119       22      220  S
     11      1   3.0418570576587822D-01 6.7D-09 0.0D+00 2.2D-09 0.0D+00       22      118       22      220  S
     11      1   3.0417199421169233D-01 6.7D-09 0.0D+00 4.5D-09 0.0D+00       22      124       22      220  S
     11      1   3.0417465836489743D-01 6.7D-09 0.0D+00 4.6D-09 0.0D+00       22      129       22      220  S
     11      1   3.0418060575700490D-01 6.7D-09 0.0D+00 7.4D-09 0.0D+00       22      121       22      220  S
     11      1   3.0417465836475827D-01 6.7D-09 0.0D+00 8.0D-09 0.0D+00       22      122       22      220  S
     11      1   3.0418130343081173D-01 6.7D-09 0.0D+00 2.1D-09 0.0D+00       22      117       22      220  S
     11      1   3.0417453281850665D-01 6.7D-09 0.0D+00 7.9D-09 0.0D+00       22      118       22      220  S
     11      1   3.0418062830305048D-01 6.7D-09 0.0D+00 3.6D-09 0.0D+00       22      118       22      220  S
     11      1   3.0417465836362784D-01 6.7D-09 0.0D+00 5.5D-09 0.0D+00       22      126       22      220  S
     11      1   3.0417465836470009D-01 6.7D-09 0.0D+00 9.6D-09 0.0D+00       22      125       22      220  S
     11      1   3.0417453281845586D-01 6.7D-09 0.0D+00 5.6D-09 0.0D+00       22      126       22      220  S
     11      1   3.0418376353341853D-01 6.7D-09 0.0D+00 4.7D-09 0.0D+00       22      118       22      220  S
     11      1   3.0417465836472468D-01 6.7D-09 0.0D+00 8.8D-09 0.0D+00       22      128       22      220  S
     11      1   3.0417199421308333D-01 6.7D-09 0.0D+00 2.8D-09 0.0D+00       22      125       22      220  S
     11      1   3.0418130343086275D-01 6.7D-09 0.0D+00 7.5D-09 0.0D+00       22      115       22      220  S
     11      1   3.0417453281843071D-01 6.7D-09 0.0D+00 6.2D-09 0.0D+00       22      129       22      220  S
     11      1   3.0418062830317549D-01 6.7D-09 0.0D+00 1.3D-09 0.0D+00       22      117       22      220  S
     11      1   3.0417465836480884D-01 6.7D-09 0.0D+00 2.8D-10 0.0D+00       22      123       22      220  S
     11      1   3.0417465836345831D-01 6.7D-09 0.0D+00 2.9D-09 0.0D+00       22      123       22      220  S
     11      1   3.0418169888254720D-01 6.7D-09 0.0D+00 6.6D-09 0.0D+00       22      120       22      220  S
     11      1   3.0417453281845952D-01 6.7D-09 0.0D+00 9.1D-10 0.0D+00       22      127       22      220  S
     11      1   3.0417807082334042D-01 6.7D-09 0.0D+00 1.6D-09 0.0D+00       22      125       22      220  S
     11      1   3.5298907300923504D-01 8.1D-09 0.0D+00 1.1D-04 0.0D+00       24      294       24      240  S
     11      1   3.0417465836344076D-01 6.7D-09 0.0D+00 5.2D-12 0.0D+00       22      122       22      220  S
     11      1   3.0417453281866225D-01 6.7D-09 0.0D+00 2.2D-09 0.0D+00       22      126       22      220  S
     11      1   3.0417453281851820D-01 6.7D-09 0.0D+00 6.0D-09 0.0D+00       22      131       22      220  S
     11      1   3.0418783718167425D-01 6.7D-09 0.0D+00 3.9D-09 0.0D+00       22      124       22      220  S
     11      1   3.0417952130956150D-01 6.7D-09 0.0D+00 1.3D-09 0.0D+00       22      119       22      220  S
     11      1   3.0417453281851697D-01 6.7D-09 0.0D+00 2.1D-09 0.0D+00       22      128       22      220  S
     11      1   3.0417453281839651D-01 6.7D-09 0.0D+00 3.0D-09 0.0D+00       22      121       22      220  S
     11      1   3.0417453281841006D-01 6.7D-09 0.0D+00 9.1D-09 0.0D+00       22      124       22      220  S
     11      1   3.0417453281836737D-01 6.7D-09 0.0D+00 2.1D-09 0.0D+00       22      121       22      220  S
     11      1   3.0418062830307263D-01 6.7D-09 0.0D+00 5.2D-09 0.0D+00       22      116       22      220  S
     11      1   3.5300481012993556D-01 8.1D-09 0.0D+00 2.8D-07 0.0D+00       23      165       23      230  S
     11      1   3.0417453281847939D-01 6.7D-09 0.0D+00 1.0D-09 0.0D+00       22      125       22      220  S
     11      1   3.0417952130946019D-01 6.7D-09 0.0D+00 3.1D-09 0.0D+00       22      122       22      220  S
     11      1   3.0417453281841095D-01 6.7D-09 0.0D+00 1.2D-10 0.0D+00       22      123       22      220  S
     11      1   3.0417465836360708D-01 6.7D-09 0.0D+00 8.2D-09 0.0D+00       22      123       22      220  S
     11      1   3.0417952130955778D-01 6.7D-09 0.0D+00 1.6D-09 0.0D+00       22      122       22      220  S
     11      1   3.0417453281849166D-01 6.7D-09 0.0D+00 2.0D-09 0.0D+00       22      122       22      220  S
     11      1   3.0417465836341556D-01 6.7D-09 0.0D+00 8.9D-09 0.0D+00       22      113       22      220  S
     11      1   3.0417807082336668D-01 6.7D-09 0.0D+00 3.8D-09 0.0D+00       22      122       22      220  S
     11      1   3.0417807082351278D-01 6.7D-09 0.0D+00 2.0D-10 0.0D+00       22      127       22      220  S
     11      1   3.0417465836483792D-01 6.7D-09 0.0D+00 5.0D-09 0.0D+00       22      127       22      220  S
     11      1   3.0417952130963993D-01 6.7D-09 0.0D+00 3.7D-09 0.0D+00       22      119       22      220  S
     11      1   3.0417952130948878D-01 6.7D-09 0.0D+00 1.6D-09 0.0D+00       22      122       22      220  S
     11      1   3.0418060575694356D-01 6.7D-09 0.0D+00 4.6D-09 0.0D+00       22      123       22      220  S
     11      1   3.0418130343091254D-01 6.7D-09 0.0D+00 4.9D-09 0.0D+00       22      118       22      220  S
     11      1   3.0418060575683542D-01 6.7D-09 0.0D+00 6.3D-09 0.0D+00       22      112       22      220  S
     11      1   3.0417465836351087D-01 6.7D-09 0.0D+00 2.8D-09 0.0D+00       22      117       22      220  S
     11      1   3.0418570576600251D-01 6.7D-09 0.0D+00 8.3D-09 0.0D+00       22      120       22      220  S
     11      1   3.0418060575678041D-01 6.7D-09 0.0D+00 8.8D-09 0.0D+00       22      122       22      220  S
     11      1   3.0418060575702238D-01 6.7D-09 0.0D+00 9.8D-09 0.0D+00       22      117       22      220  S
     11      1   3.0417952130952930D-01 6.7D-09 0.0D+00 6.5D-09 0.0D+00       22      120       22      220  S
     11      1   3.0417807082334403D-01 6.7D-09 0.0D+00 1.9D-09 0.0D+00       22      129       22      220  S
     11      1   3.0418060575690720D-01 6.7D-09 0.0D+00 2.6D-09 0.0D+00       22      120       22      220  S
     11      1   3.0418376353320276D-01 6.7D-09 0.0D+00 6.4D-09 0.0D+00       22      130       22      220  S
     11      1   3.0417453281829443D-01 6.7D-09 0.0D+00 2.4D-09 0.0D+00       22      124       22      220  S
     11      1   3.0418060575689454D-01 6.7D-09 0.0D+00 1.8D-09 0.0D+00       22      115       22      220  S
     11      1   3.5301758219291879D-01 8.1D-09 0.0D+00 1.2D-07 0.0D+00       23      166       23      230  S
     11      1   3.0417453281843471D-01 6.7D-09 0.0D+00 8.7D-09 0.0D+00       22      122       22      220  S
     11      1   3.0418060575696398D-01 6.7D-09 0.0D+00 4.6D-09 0.0D+00       22      115       22      220  S
     11      1   3.0418376353304588D-01 6.7D-09 0.0D+00 6.3D-09 0.0D+00       22      117       22      220  S
     11      1   3.0417453281851453D-01 6.7D-09 0.0D+00 1.9D-09 0.0D+00       22      127       22      220  S
     11      1   3.0417465836498342D-01 6.7D-09 0.0D+00 8.9D-09 0.0D+00       22      126       22      220  S
     11      1   3.0417453281847068D-01 6.7D-09 0.0D+00 2.8D-10 0.0D+00       22      124       22      220  S
     11      1   3.0417453281843077D-01 6.7D-09 0.0D+00 6.3D-09 0.0D+00       22      127       22      220  S
     11      1   3.0418783718166059D-01 6.7D-09 0.0D+00 8.6D-09 0.0D+00       22      119       22      220  S
     11      1   3.5298717610329000D-01 8.1D-09 0.0D+00 3.5D-04 0.0D+00       24      226       24      240  S
     11      1   3.0418570576592530D-01 6.7D-09 0.0D+00 7.2D-09 0.0D+00       22      118       22      220  S
     11      1   3.0418062830309356D-01 6.7D-09 0.0D+00 2.6D-09 0.0D+00       22      117       22      220  S
     11      1   3.0418062830268289D-01 6.7D-09 0.0D+00 1.4D-09 0.0D+00       20      110       20      200  S
     11      1   3.5298716844711525D-01 8.1D-09 0.0D+00 1.9D-05 0.0D+00       23      240       23      230  S
     11      1   3.0417453281827717D-01 6.7D-09 0.0D+00 9.4D-09 0.0D+00       22      126       22      220  S
     11      1   3.0417465836338342D-01 6.7D-09 0.0D+00 1.6D-09 0.0D+00       22      114       22      220  S
     11      1   3.0418783718159498D-01 6.7D-09 0.0D+00 8.8D-09 0.0D+00       22      125       22      220  S
     11      1   3.0417453281851037D-01 6.7D-09 0.0D+00 8.5D-09 0.0D+00       22      122       22      220  S
     11      1   3.0418376353323101D-01 6.7D-09 0.0D+00 2.5D-10 0.0D+00       22      120       22      220  S
     11      1   3.0417465836353469D-01 6.7D-09 0.0D+00 1.8D-09 0.0D+00       22      125       22      220  S
     11      1   3.0417453281838819D-01 6.7D-09 0.0D+00 2.6D-09 0.0D+00       22      125       22      220  S
     11      1   3.0418376353317211D-01 6.7D-09 0.0D+00 6.8D-09 0.0D+00       22      126       22      220  S
     11      1   3.0417453281838625D-01 6.7D-09 0.0D+00 3.6D-09 0.0D+00       22      131       22      220  S
     11      1   3.0417465836357710D-01 6.7D-09 0.0D+00 6.5D-09 0.0D+00       22      126       22      220  S
     11      1   3.0417453281845269D-01 6.7D-09 0.0D+00 5.7D-09 0.0D+00       22      123       22      220  S
