     15      1   2.4963791293386392D-01 6.8D-09 0.0D+00 9.1D-09 0.0D+00       21      107       21      210  S
     15      1   2.4963083452700602D-01 6.8D-09 0.0D+00 7.2D-09 0.0D+00       22      120       22      220  S
     15      1   2.4963081382886496D-01 6.8D-09 0.0D+00 7.6D-10 0.0D+00       22      119       22      220  S
     15      1   2.4963083516306811D-01 6.8D-09 0.0D+00 4.8D-09 0.0D+00       21      118       21      210  S
     15      1   2.4963083516334608D-01 6.8D-09 0.0D+00 1.3D-09 0.0D+00       22      111       22      220  S
     15      1   2.4963083452676715D-01 6.8D-09 0.0D+00 8.5D-09 0.0D+00       21      108       21      210  S
     15      1   2.4963309850355622D-01 6.8D-09 0.0D+00 1.3D-09 0.0D+00       21      113       21      210  S
     15      1   2.4963791293418036D-01 6.8D-09 0.0D+00 5.7D-09 0.0D+00       22      110       22      220  S
     15      1   2.4963083516353513D-01 6.8D-09 0.0D+00 1.4D-09 0.0D+00       22      113       22      220  S
     15      1   2.4963083452713034D-01 6.8D-09 0.0D+00 1.6D-09 0.0D+00       22      111       22      220  S
     15      1   2.4963791293406429D-01 6.8D-09 0.0D+00 6.3D-09 0.0D+00       22      122       22      220  S
     15      1   2.4963791293418142D-01 6.8D-09 0.0D+00 4.4D-09 0.0D+00       22      112       22      220  S
     15      1   2.4964402571894556D-01 6.8D-09 0.0D+00 1.4D-09 0.0D+00       22      113       22      220  S
     15      1   2.6190997391720233D-01 5.5D-09 0.0D+00 8.7D-08 0.0D+00       23      131       23      230  S
     15      1   2.4963083516352763D-01 6.8D-09 0.0D+00 7.6D-09 0.0D+00       22      110       22      220  S
     15      1   2.4963083516348816D-01 6.8D-09 0.0D+00 5.2D-09 0.0D+00       22      111       22      220  S
     15      1   2.4963083516349208D-01 6.8D-09 0.0D+00 2.2D-09 0.0D+00       22      111       22      220  S
     15      1   2.4963083516351880D-01 6.8D-09 0.0D+00 6.7D-09 0.0D+00       22      116       22      220  S
     15      1   2.4963081382892660D-01 6.8D-09 0.0D+00 8.0D-09 0.0D+00       22      113       22      220  S
     15      1   2.4963083452698542D-01 6.8D-09 0.0D+00 4.7D-09 0.0D+00       22      112       22      220  S
     15      1   2.6191568307672886D-01 5.5D-09 0.0D+00 1.8D-09 0.0D+00       21      118       21      210  S
     15      1   2.4963083516344153D-01 6.8D-09 0.0D+00 7.2D-09 0.0D+00       22      113       22      220  S
     15      1   2.4963791293397850D-01 6.8D-09 0.0D+00 7.7D-09 0.0D+00       21      109       21      210  S
     15      1   2.4963083516387113D-01 6.8D-09 0.0D+00 9.9D-09 0.0D+00       22      116       22      220  S
     15      1   2.4963309850375712D-01 6.8D-09 0.0D+00 4.1D-09 0.0D+00       22      113       22      220  S
     15      1   2.6190290014305190D-01 5.5D-09 0.0D+00 5.1D-09 0.0D+00       21      117       21      210  S
     15      1   2.4963791293382623D-01 6.8D-09 0.0D+00 5.4D-10 0.0D+00       21      107       21      210  S
     15      1   2.4963083452700185D-01 6.8D-09 0.0D+00 5.1D-09 0.0D+00       22      113       22      220  S
     15      1   2.4963083516354012D-01 6.8D-09 0.0D+00 2.2D-09 0.0D+00       22      114       22      220  S
     15      1   2.4963081382863220D-01 6.8D-09 0.0D+00 5.4D-09 0.0D+00       22      111       22      220  S
     15      1   2.4963081382873886D-01 6.8D-09 0.0D+00 2.8D-09 0.0D+00       22      112       22      220  S
     15      1   2.4963083516341364D-01 6.8D-09 0.0D+00 8.6D-10 0.0D+00       22      110       22      220  S
     15      1   2.4963309850390034D-01 6.8D-09 0.0D+00 9.3D-09 0.0D+00       22      113       22      220  S
     15      1   2.4963083516346107D-01 6.8D-09 0.0D+00 9.9D-09 0.0D+00       22      115       22      220  S
     15      1   2.4963083516338480D-01 6.8D-09 0.0D+00 6.2D-09 0.0D+00       22      113       22      220  S
     15      1   2.4963900159624361D-01 6.8D-09 0.0D+00 4.6D-09 0.0D+00       21      106       21      210  S
     15      1   2.4963083516348100D-01 6.8D-09 0.0D+00 5.1D-09 0.0D+00       22      110       22      220  S
     15      1   2.4963309850375537D-01 6.8D-09 0.0D+00 3.6D-09 0.0D+00       22      115       22      220  S
     15      1   2.4963083452708379D-01 6.8D-09 0.0D+00 5.7D-09 0.0D+00       22      115       22      220  S
     15      1   2.4963791293391935D-01 6.8D-09 0.0D+00 8.0D-09 0.0D+00       21      110       21      210  S
     15      1   2.4963083516330364D-01 6.8D-09 0.0D+00 6.6D-09 0.0D+00       22      108       22      220  S
     15      1   2.4963791293420057D-01 6.8D-09 0.0D+00 9.2D-09 0.0D+00       22      121       22      220  S
     15      1   2.4964402571878666D-01 6.8D-09 0.0D+00 2.6D-09 0.0D+00       22      113       22      220  S
     15      1   2.4963900159619942D-01 6.8D-09 0.0D+00 6.4D-09 0.0D+00       21      108       21      210  S
     15      1   2.4963083452695339D-01 6.8D-09 0.0D+00 1.8D-09 0.0D+00       22      116       22      220  S
     15      1   2.4963791293419826D-01 6.8D-09 0.0D+00 6.2D-09 0.0D+00       22      114       22      220  S
     15      1   2.4963791293414728D-01 6.8D-09 0.0D+00 3.2D-10 0.0D+00       22      112       22      220  S
     15      1   2.4963309850367277D-01 6.8D-09 0.0D+00 8.2D-10 0.0D+00       22      112       22      220  S
     15      1   2.4963083516330684D-01 6.8D-09 0.0D+00 2.5D-09 0.0D+00       22      111       22      220  S
     15      1   2.4963309850393511D-01 6.8D-09 0.0D+00 2.2D-09 0.0D+00       22      116       22      220  S
     15      1   2.6190883227338596D-01 5.5D-09 0.0D+00 7.1D-09 0.0D+00       21      116       21      210  S
     15      1   2.4963083516334342D-01 6.8D-09 0.0D+00 2.2D-09 0.0D+00       22      113       22      220  S
     15      1   2.4963083452672830D-01 6.8D-09 0.0D+00 6.4D-09 0.0D+00       21      107       21      210  S
     15      1   2.4963791293460344D-01 6.8D-09 0.0D+00 9.4D-09 0.0D+00       22      115       22      220  S
     15      1   2.4963083452707530D-01 6.8D-09 0.0D+00 3.9D-09 0.0D+00       22      108       22      220  S
     15      1   2.4963083516336787D-01 6.8D-09 0.0D+00 7.8D-10 0.0D+00       22      115       22      220  S
     15      1   2.4963791293373430D-01 6.8D-09 0.0D+00 8.6D-09 0.0D+00       21      110       21      210  S
     15      1   2.4963791293393928D-01 6.8D-09 0.0D+00 9.1D-10 0.0D+00       21      109       21      210  S
     15      1   2.4963791293422044D-01 6.8D-09 0.0D+00 7.1D-09 0.0D+00       22      111       22      220  S
     15      1   2.4963083516351459D-01 6.8D-09 0.0D+00 1.0D-09 0.0D+00       22      116       22      220  S
     15      1   2.4963083516339404D-01 6.8D-09 0.0D+00 7.5D-09 0.0D+00       22      114       22      220  S
     15      1   2.4963081382906471D-01 6.8D-09 0.0D+00 8.5D-09 0.0D+00       22      113       22      220  S
     15      1   2.6191070992241861D-01 5.5D-09 0.0D+00 2.3D-08 0.0D+00       23      149       23      230  S
     15      1   2.4964402571905178D-01 6.8D-09 0.0D+00 2.7D-08 0.0D+00       23      120       23      230  S
     15      1   2.4963900159654465D-01 6.8D-09 0.0D+00 2.5D-09 0.0D+00       22      110       22      220  S
     15      1   2.6191070992231058D-01 5.5D-09 0.0D+00 5.9D-08 0.0D+00       23      157       23      230  S
     15      1   2.4963083516361784D-01 6.8D-09 0.0D+00 1.7D-10 0.0D+00       22      113       22      220  S
     15      1   2.4963081382891619D-01 6.8D-09 0.0D+00 5.4D-09 0.0D+00       22      115       22      220  S
     15      1   2.4963309850357560D-01 6.8D-09 0.0D+00 3.4D-09 0.0D+00       21      108       21      210  S
     15      1   2.4964402571846231D-01 6.8D-09 0.0D+00 2.4D-09 0.0D+00       21      103       21      210  S
     15      1   2.6190867061622447D-01 5.5D-09 0.0D+00 5.4D-09 0.0D+00       22      118       22      220  S
     15      1   2.4963083516357168D-01 6.8D-09 0.0D+00 6.2D-09 0.0D+00       22      113       22      220  S
     15      1   2.4963083516357537D-01 6.8D-09 0.0D+00 2.7D-09 0.0D+00       22      118       22      220  S
     15      1   2.4963309850350190D-01 6.8D-09 0.0D+00 7.5D-10 0.0D+00       21      112       21      210  S
     15      1   2.4963900159624394D-01 6.8D-09 0.0D+00 2.9D-09 0.0D+00       21      106       21      210  S
     15      1   2.4964402571849362D-01 6.8D-09 0.0D+00 4.2D-10 0.0D+00       21      102       21      210  S
     15      1   2.6190183453723836D-01 5.5D-09 0.0D+00 9.9D-09 0.0D+00       22      120       22      220  S
     15      1   2.4963083452710530D-01 6.8D-09 0.0D+00 3.3D-09 0.0D+00       22      113       22      220  S
     15      1   2.4963309850347448D-01 6.8D-09 0.0D+00 9.3D-09 0.0D+00       21      109       21      210  S
     15      1   2.4963083516350876D-01 6.8D-09 0.0D+00 8.9D-09 0.0D+00       22      111       22      220  S
     15      1   2.4963083452707938D-01 6.8D-09 0.0D+00 2.6D-09 0.0D+00       22      111       22      220  S
     15      1   2.4963309850376639D-01 6.8D-09 0.0D+00 1.7D-09 0.0D+00       22      121       22      220  S
     15      1   2.4963083516338092D-01 6.8D-09 0.0D+00 1.0D-09 0.0D+00       22      113       22      220  S
     15      1   2.4963900159654243D-01 6.8D-09 0.0D+00 8.0D-09 0.0D+00       22      118       22      220  S
     15      1   2.6190682777001312D-01 5.5D-09 0.0D+00 7.7D-09 0.0D+00       22      120       22      220  S
     15      1   2.4963083516344062D-01 6.8D-09 0.0D+00 2.1D-09 0.0D+00       22      110       22      220  S
     15      1   2.4963083516316451D-01 6.8D-09 0.0D+00 2.9D-09 0.0D+00       21      108       21      210  S
     15      1   2.4963791293450330D-01 6.8D-09 0.0D+00 3.8D-09 0.0D+00       22      117       22      220  S
     15      1   2.4963791293389487D-01 6.8D-09 0.0D+00 5.6D-09 0.0D+00       21      108       21      210  S
     15      1   2.4963083516339432D-01 6.8D-09 0.0D+00 6.0D-09 0.0D+00       22      115       22      220  S
     15      1   2.4963081382852906D-01 6.8D-09 0.0D+00 2.4D-09 0.0D+00       21      109       21      210  S
     15      1   2.4963791293401114D-01 6.8D-09 0.0D+00 4.2D-09 0.0D+00       21      109       21      210  S
     15      1   2.7809774620231886D-01 6.1D-09 0.0D+00 2.8D-09 0.0D+00       22      170       22      220  S
     15      1   2.4963083516346971D-01 6.8D-09 0.0D+00 5.6D-09 0.0D+00       22      113       22      220  S
     15      1   2.4963309850352344D-01 6.8D-09 0.0D+00 6.4D-10 0.0D+00       21      107       21      210  S
     15      1   2.4963083516349854D-01 6.8D-09 0.0D+00 4.8D-09 0.0D+00       22      112       22      220  S
     15      1   2.4963083452697196D-01 6.8D-09 0.0D+00 2.3D-09 0.0D+00       22      114       22      220  S
     15      1   2.4964402571864325D-01 6.8D-09 0.0D+00 7.1D-09 0.0D+00       21      105       21      210  S
     15      1   2.4963227466075841D-01 6.8D-09 0.0D+00 3.4D-09 0.0D+00       22      119       22      220  S
     15      1   2.6190174864900034D-01 5.5D-09 0.0D+00 4.7D-08 0.0D+00       23      131       23      230  S
