     15      1   2.6190867061671308D-01 5.5D-09 0.0D+00 8.3D-09 0.0D+00       22      125       22      220  S
     15      1   2.4964402571840619D-01 6.8D-09 0.0D+00 5.5D-09 0.0D+00       21      103       21      210  S
     15      1   2.4963081382895416D-01 6.8D-09 0.0D+00 4.6D-09 0.0D+00       22      112       22      220  S
     15      1   2.4963791293398871D-01 6.8D-09 0.0D+00 9.5D-09 0.0D+00       21      106       21      210  S
     15      1   2.4963083516341147D-01 6.8D-09 0.0D+00 4.7D-09 0.0D+00       22      115       22      220  S
     15      1   2.4963083516347895D-01 6.8D-09 0.0D+00 3.8D-09 0.0D+00       22      111       22      220  S
     15      1   2.4963081382883573D-01 6.8D-09 0.0D+00 4.9D-09 0.0D+00       22      115       22      220  S
     15      1   2.4963083516363754D-01 6.8D-09 0.0D+00 1.0D-09 0.0D+00       22      120       22      220  S
     15      1   2.7774898309476043D-01 5.7D-09 0.0D+00 1.5D-07 0.0D+00       23      172       23      230  S
     15      1   2.4963083516345169D-01 6.8D-09 0.0D+00 5.3D-09 0.0D+00       22      115       22      220  S
     15      1   2.4963551129176875D-01 6.8D-09 0.0D+00 4.6D-09 0.0D+00       22      110       22      220  S
     15      1   2.4963309850356985D-01 6.8D-09 0.0D+00 8.8D-09 0.0D+00       21      113       21      210  S
     15      1   2.6190826205679235D-01 5.5D-09 0.0D+00 9.4D-08 0.0D+00       22      139       22      220  S
     15      1   2.4963083516339390D-01 6.8D-09 0.0D+00 4.6D-09 0.0D+00       22      108       22      220  S
     15      1   2.4963083516337209D-01 6.8D-09 0.0D+00 4.0D-09 0.0D+00       22      114       22      220  S
     15      1   2.4963309850357426D-01 6.8D-09 0.0D+00 3.3D-09 0.0D+00       21      110       21      210  S
     15      1   2.4963083516352549D-01 6.8D-09 0.0D+00 4.0D-09 0.0D+00       22      117       22      220  S
     15      1   2.4963083516348603D-01 6.8D-09 0.0D+00 7.3D-09 0.0D+00       22      108       22      220  S
     15      1   2.4963083516344853D-01 6.8D-09 0.0D+00 6.9D-09 0.0D+00       22      110       22      220  S
     15      1   2.4963083516341020D-01 6.8D-09 0.0D+00 8.9D-09 0.0D+00       22      112       22      220  S
     15      1   2.4963081382875363D-01 6.8D-09 0.0D+00 6.1D-09 0.0D+00       22      111       22      220  S
     15      1   2.6190682777007396D-01 5.5D-09 0.0D+00 3.6D-09 0.0D+00       22      127       22      220  S
     15      1   2.4963083516355369D-01 6.8D-09 0.0D+00 1.3D-09 0.0D+00       22      112       22      220  S
     15      1   7.7803218388040329D-01 1.1D-16 0.0D+00 7.8D-01 0.0D+00        3       33        3       30  S
     15      1   2.4963083516308768D-01 6.8D-09 0.0D+00 4.9D-09 0.0D+00       21      116       21      210  S
     15      1   2.4963083516349163D-01 6.8D-09 0.0D+00 3.0D-09 0.0D+00       22      111       22      220  S
     15      1   2.4963083516347578D-01 6.8D-09 0.0D+00 2.0D-09 0.0D+00       22      113       22      220  S
     15      1   2.4963791293423790D-01 6.8D-09 0.0D+00 1.2D-11 0.0D+00       22      112       22      220  S
     15      1   2.4964402571843580D-01 6.8D-09 0.0D+00 2.5D-09 0.0D+00       21      104       21      210  S
     15      1   2.4963309850344292D-01 6.8D-09 0.0D+00 7.8D-10 0.0D+00       21      113       21      210  S
     15      1   2.4963083516321596D-01 6.8D-09 0.0D+00 5.1D-09 0.0D+00       21      110       21      210  S
     15      1   2.4963791293376883D-01 6.8D-09 0.0D+00 6.6D-09 0.0D+00       21      112       21      210  S
     15      1   2.4963083452689966D-01 6.8D-09 0.0D+00 7.0D-09 0.0D+00       22      112       22      220  S
     15      1   2.6190174864845572D-01 5.5D-09 0.0D+00 1.9D-08 0.0D+00       22      127       22      220  S
     15      1   2.6190641467309256D-01 5.5D-09 0.0D+00 7.3D-09 0.0D+00       22      124       22      220  S
     15      1   2.4964402571854735D-01 6.8D-09 0.0D+00 1.3D-09 0.0D+00       21      104       21      210  S
     15      1   2.4963791293379994D-01 6.8D-09 0.0D+00 5.3D-09 0.0D+00       21      111       21      210  S
     15      1   2.4963309850388479D-01 6.8D-09 0.0D+00 9.9D-09 0.0D+00       22      114       22      220  S
     15      1   2.4963083516318402D-01 6.8D-09 0.0D+00 8.6D-09 0.0D+00       21      111       21      210  S
     15      1   2.4964402571859681D-01 6.8D-09 0.0D+00 9.1D-09 0.0D+00       21      104       21      210  S
     15      1   2.4963083516326146D-01 6.8D-09 0.0D+00 1.8D-09 0.0D+00       21      112       21      210  S
     15      1   2.4963791293424975D-01 6.8D-09 0.0D+00 1.8D-10 0.0D+00       22      115       22      220  S
     15      1   2.4963081382890845D-01 6.8D-09 0.0D+00 4.5D-09 0.0D+00       22      114       22      220  S
     15      1   2.6191254989224139D-01 5.5D-09 0.0D+00 7.9D-09 0.0D+00       21      120       21      210  S
     15      1   2.4963900159621427D-01 6.8D-09 0.0D+00 3.6D-09 0.0D+00       21      105       21      210  S
     15      1   2.4963309850350962D-01 6.8D-09 0.0D+00 7.0D-09 0.0D+00       21      109       21      210  S
     15      1   2.4963791293395421D-01 6.8D-09 0.0D+00 7.2D-09 0.0D+00       21      107       21      210  S
     15      1   2.6190174864889126D-01 5.5D-09 0.0D+00 6.7D-09 0.0D+00       22      121       22      220  S
     15      1   2.4963081382894631D-01 6.8D-09 0.0D+00 4.2D-09 0.0D+00       22      114       22      220  S
     15      1   2.4963083516359541D-01 6.8D-09 0.0D+00 1.8D-09 0.0D+00       22      112       22      220  S
     15      1   2.6190183453672111D-01 5.5D-09 0.0D+00 5.6D-09 0.0D+00       22      123       22      220  S
     15      1   2.4963083516339368D-01 6.8D-09 0.0D+00 6.0D-09 0.0D+00       22      110       22      220  S
     15      1   2.4963081382872315D-01 6.8D-09 0.0D+00 4.6D-09 0.0D+00       22      117       22      220  S
     15      1   2.4963083452703852D-01 6.8D-09 0.0D+00 5.6D-09 0.0D+00       22      114       22      220  S
     15      1   2.4963083516346601D-01 6.8D-09 0.0D+00 2.2D-09 0.0D+00       22      112       22      220  S
     15      1   2.6190630418887551D-01 5.5D-09 0.0D+00 3.9D-08 0.0D+00       23      127       23      230  S
     15      1   2.4963083452698046D-01 6.8D-09 0.0D+00 5.1D-09 0.0D+00       22      114       22      220  S
     15      1   2.4963083516345952D-01 6.8D-09 0.0D+00 4.6D-09 0.0D+00       22      112       22      220  S
     15      1   2.4964402571880281D-01 6.8D-09 0.0D+00 5.2D-10 0.0D+00       22      115       22      220  S
     15      1   2.4963083516355675D-01 6.8D-09 0.0D+00 3.1D-09 0.0D+00       22      115       22      220  S
     15      1   2.4963900159630606D-01 6.8D-09 0.0D+00 3.8D-09 0.0D+00       22      111       22      220  S
     15      1   2.4963083452677171D-01 6.8D-09 0.0D+00 8.6D-09 0.0D+00       21      105       21      210  S
     15      1   2.6190867061689443D-01 5.5D-09 0.0D+00 2.7D-09 0.0D+00       22      122       22      220  S
     15      1   2.4963791293433601D-01 6.8D-09 0.0D+00 3.2D-09 0.0D+00       22      121       22      220  S
     15      1   2.4963083516356169D-01 6.8D-09 0.0D+00 7.2D-09 0.0D+00       22      118       22      220  S
     15      1   2.4963081382885535D-01 6.8D-09 0.0D+00 6.0D-09 0.0D+00       22      114       22      220  S
     15      1   2.4963083516339846D-01 6.8D-09 0.0D+00 6.7D-09 0.0D+00       22      116       22      220  S
     15      1   2.4963309850361193D-01 6.8D-09 0.0D+00 4.9D-09 0.0D+00       21      108       21      210  S
     15      1   2.4963900159626293D-01 6.8D-09 0.0D+00 8.8D-09 0.0D+00       21      106       21      210  S
     15      1   2.4963309850351631D-01 6.8D-09 0.0D+00 3.0D-10 0.0D+00       21      114       21      210  S
     15      1   2.4963083452702753D-01 6.8D-09 0.0D+00 1.0D-09 0.0D+00       22      121       22      220  S
     15      1   2.6190183453714527D-01 5.5D-09 0.0D+00 7.9D-09 0.0D+00       22      119       22      220  S
     15      1   2.4963083516361326D-01 6.8D-09 0.0D+00 1.6D-09 0.0D+00       22      130       22      220  S
     15      1   2.6190883227341671D-01 5.5D-09 0.0D+00 5.7D-09 0.0D+00       21      121       21      210  S
     15      1   2.4963309850419835D-01 6.8D-09 0.0D+00 6.8D-09 0.0D+00       22      121       22      220  S
     15      1   2.4963900159617064D-01 6.8D-09 0.0D+00 2.4D-09 0.0D+00       21      105       21      210  S
     15      1   2.4963081382872965D-01 6.8D-09 0.0D+00 6.3D-09 0.0D+00       22      113       22      220  S
     15      1   2.4963791293405513D-01 6.8D-09 0.0D+00 9.6D-09 0.0D+00       22      113       22      220  S
     15      1   2.4963083516331511D-01 6.8D-09 0.0D+00 7.1D-09 0.0D+00       22      108       22      220  S
     15      1   2.4963083516349685D-01 6.8D-09 0.0D+00 2.6D-08 0.0D+00       23      121       23      230  S
     15      1   2.4963900159609528D-01 6.8D-09 0.0D+00 2.8D-09 0.0D+00       21      106       21      210  S
     15      1   2.6190826205780665D-01 5.5D-09 0.0D+00 1.4D-07 0.0D+00       24      151       24      240  S
     15      1   2.4963791293427845D-01 6.8D-09 0.0D+00 8.2D-10 0.0D+00       22      118       22      220  S
     15      1   2.4963309850350629D-01 6.8D-09 0.0D+00 5.2D-09 0.0D+00       21      114       21      210  S
     15      1   2.4963791293432550D-01 6.8D-09 0.0D+00 6.2D-09 0.0D+00       22      120       22      220  S
     15      1   2.4963083452704971D-01 6.8D-09 0.0D+00 6.0D-09 0.0D+00       22      112       22      220  S
     15      1   2.4963083516348031D-01 6.8D-09 0.0D+00 2.4D-09 0.0D+00       22      111       22      220  S
     15      1   2.4963900159630720D-01 6.8D-09 0.0D+00 1.8D-09 0.0D+00       21      105       21      210  S
     15      1   2.6190290014321138D-01 5.5D-09 0.0D+00 8.0D-09 0.0D+00       22      120       22      220  S
     15      1   2.4963900159649582D-01 6.8D-09 0.0D+00 5.4D-09 0.0D+00       22      111       22      220  S
     15      1   2.6191568307692592D-01 5.5D-09 0.0D+00 5.0D-09 0.0D+00       22      126       22      220  S
     15      1   2.4963791293419524D-01 6.8D-09 0.0D+00 5.4D-09 0.0D+00       22      117       22      220  S
     15      1   2.6191418950890921D-01 5.5D-09 0.0D+00 3.7D-08 0.0D+00       24      146       24      240  S
     15      1   2.4964402571863145D-01 6.8D-09 0.0D+00 6.8D-09 0.0D+00       21      107       21      210  S
     15      1   2.4963083452704826D-01 6.8D-09 0.0D+00 7.6D-09 0.0D+00       22      113       22      220  S
     15      1   2.4963791293399312D-01 6.8D-09 0.0D+00 9.3D-09 0.0D+00       21      109       21      210  S
     15      1   2.4963083452709312D-01 6.8D-09 0.0D+00 7.2D-09 0.0D+00       22      119       22      220  S
     15      1   2.4963081382841407D-01 6.8D-09 0.0D+00 1.6D-09 0.0D+00       21      113       21      210  S
     15      1   2.4963083452704340D-01 6.8D-09 0.0D+00 4.2D-09 0.0D+00       22      115       22      220  S
     15      1   2.4963791293401061D-01 6.8D-09 0.0D+00 9.0D-09 0.0D+00       21      107       21      210  S
     15      1   2.4963083452682924D-01 6.8D-09 0.0D+00 8.4D-09 0.0D+00       22      113       22      220  S
     15      1   2.6190174864810895D-01 5.5D-09 0.0D+00 1.3D-07 0.0D+00       22      141       22      220  S
     15      1   2.4963309850346843D-01 6.8D-09 0.0D+00 1.2D-09 0.0D+00       21      105       21      210  S
     15      1   2.4963081382848740D-01 6.8D-09 0.0D+00 2.4D-09 0.0D+00       21      111       21      210  S
     15      1   2.4963791293409696D-01 6.8D-09 0.0D+00 2.5D-10 0.0D+00       22      114       22      220  S
     15      1   2.4963309850358201D-01 6.8D-09 0.0D+00 4.3D-09 0.0D+00       21      109       21      210  S
     15      1   2.4963083516329232D-01 6.8D-09 0.0D+00 3.7D-09 0.0D+00       21      109       21      210  S
     15      1   2.4963791293393078D-01 6.8D-09 0.0D+00 7.6D-09 0.0D+00       21      108       21      210  S
     15      1   2.6190290014311823D-01 5.5D-09 0.0D+00 1.2D-08 0.0D+00       22      130       22      220  S
     15      1   2.6191418950933248D-01 5.5D-09 0.0D+00 9.2D-08 0.0D+00       24      144       24      240  S
     15      1   2.4963083452690255D-01 6.8D-09 0.0D+00 6.3D-09 0.0D+00       22      117       22      220  S
     15      1   2.4963227466049009D-01 6.8D-09 0.0D+00 3.9D-09 0.0D+00       22      117       22      220  S
     15      1   2.4963309850352083D-01 6.8D-09 0.0D+00 9.6D-10 0.0D+00       21      110       21      210  S
     15      1   2.4963791293429138D-01 6.8D-09 0.0D+00 4.6D-09 0.0D+00       22      115       22      220  S
     15      1   2.4964402571887323D-01 6.8D-09 0.0D+00 4.8D-09 0.0D+00       22      109       22      220  S
     15      1   2.4963083452690230D-01 6.8D-09 0.0D+00 5.7D-09 0.0D+00       22      117       22      220  S
     15      1   2.4963791293440279D-01 6.8D-09 0.0D+00 1.7D-08 0.0D+00       23      121       23      230  S
     15      1   2.4963083516341564D-01 6.8D-09 0.0D+00 1.3D-09 0.0D+00       22      111       22      220  S
     15      1   2.4963081382877056D-01 6.8D-09 0.0D+00 4.0D-09 0.0D+00       22      110       22      220  S
     15      1   2.4963791293395193D-01 6.8D-09 0.0D+00 7.7D-09 0.0D+00       21      108       21      210  S
     15      1   2.6191568307703866D-01 5.5D-09 0.0D+00 2.6D-09 0.0D+00       22      122       22      220  S
     15      1   2.4963309850388585D-01 6.8D-09 0.0D+00 8.2D-09 0.0D+00       22      116       22      220  S
     15      1   2.4963083452706039D-01 6.8D-09 0.0D+00 8.4D-09 0.0D+00       22      115       22      220  S
     15      1   2.4963083516335793D-01 6.8D-09 0.0D+00 9.7D-09 0.0D+00       22      116       22      220  S
     15      1   2.4963791293387133D-01 6.8D-09 0.0D+00 5.5D-09 0.0D+00       21      114       21      210  S
     15      1   2.6190630418896338D-01 5.5D-09 0.0D+00 7.5D-09 0.0D+00       22      117       22      220  S
     15      1   2.4963083452698856D-01 6.8D-09 0.0D+00 3.7D-09 0.0D+00       22      112       22      220  S
     15      1   2.4963791293400173D-01 6.8D-09 0.0D+00 1.9D-09 0.0D+00       21      110       21      210  S
     15      1   2.4964402571857644D-01 6.8D-09 0.0D+00 2.1D-09 0.0D+00       21      103       21      210  S
     15      1   2.4963083516342915D-01 6.8D-09 0.0D+00 2.3D-09 0.0D+00       22      116       22      220  S
     15      1   2.6191568307654789D-01 5.5D-09 0.0D+00 2.7D-09 0.0D+00       21      117       21      210  S
     15      1   2.4963791293457060D-01 6.8D-09 0.0D+00 1.8D-09 0.0D+00       22      120       22      220  S
     15      1   2.4963900159648361D-01 6.8D-09 0.0D+00 5.1D-09 0.0D+00       22      115       22      220  S
     15      1   2.6191568307687357D-01 5.5D-09 0.0D+00 1.0D-09 0.0D+00       22      123       22      220  S
     15      1   2.6190641467343478D-01 5.5D-09 0.0D+00 3.8D-08 0.0D+00       23      136       23      230  S
     15      1   2.4963083452725254D-01 6.8D-09 0.0D+00 4.3D-09 0.0D+00       22      115       22      220  S
     15      1   2.4963900159615543D-01 6.8D-09 0.0D+00 8.7D-09 0.0D+00       21      107       21      210  S
     15      1   2.4963083516352352D-01 6.8D-09 0.0D+00 3.7D-09 0.0D+00       22      114       22      220  S
     15      1   2.4963083516335893D-01 6.8D-09 0.0D+00 8.2D-09 0.0D+00       22      111       22      220  S
     15      1   2.4964402571843325D-01 6.8D-09 0.0D+00 3.8D-09 0.0D+00       21      102       21      210  S
     15      1   2.4963083452674081D-01 6.8D-09 0.0D+00 8.0D-10 0.0D+00       21      110       21      210  S
     15      1   2.4963309850341608D-01 6.8D-09 0.0D+00 3.4D-09 0.0D+00       21      108       21      210  S
     15      1   2.4963083516331380D-01 6.8D-09 0.0D+00 4.1D-09 0.0D+00       22      110       22      220  S
     15      1   2.4963083516341408D-01 6.8D-09 0.0D+00 6.3D-09 0.0D+00       22      117       22      220  S
     15      1   2.4963081382890392D-01 6.8D-09 0.0D+00 6.0D-10 0.0D+00       22      115       22      220  S
     15      1   2.4963081382899818D-01 6.8D-09 0.0D+00 6.9D-09 0.0D+00       22      109       22      220  S
     15      1   2.4963083516359044D-01 6.8D-09 0.0D+00 6.8D-09 0.0D+00       22      120       22      220  S
     15      1   2.6191568307694790D-01 5.5D-09 0.0D+00 9.9D-09 0.0D+00       22      117       22      220  S
     15      1   4.0512477865620999D-01 1.4D-06 0.0D+00 2.0D-01 0.0D+00       24      203       25      250  S
     15      1   2.4963083516383314D-01 6.8D-09 0.0D+00 5.5D-09 0.0D+00       22      124       22      220  S
     15      1   2.4963309850341930D-01 6.8D-09 0.0D+00 5.9D-11 0.0D+00       21      111       21      210  S
     15      1   2.6190682776975610D-01 5.5D-09 0.0D+00 5.2D-08 0.0D+00       23      136       23      230  S
     15      1   2.4963791293392532D-01 6.8D-09 0.0D+00 4.6D-09 0.0D+00       21      110       21      210  S
     15      1   2.6190826205722834D-01 5.5D-09 0.0D+00 3.0D-09 0.0D+00       22      122       22      220  S
     15      1   2.4963083516345672D-01 6.8D-09 0.0D+00 7.4D-10 0.0D+00       22      114       22      220  S
     15      1   2.6190682776982632D-01 5.5D-09 0.0D+00 3.5D-08 0.0D+00       23      157       23      230  S
     15      1   2.4963791293389703D-01 6.8D-09 0.0D+00 5.3D-09 0.0D+00       21      111       21      210  S
     15      1   2.9328684592455795D-01 7.4D-09 0.0D+00 4.1D-09 0.0D+00       21      146       21      210  S
     15      1   2.4963791293407903D-01 6.8D-09 0.0D+00 6.2D-09 0.0D+00       21      108       21      210  S
     15      1   2.4963083516350984D-01 6.8D-09 0.0D+00 4.8D-09 0.0D+00       22      112       22      220  S
     15      1   2.4963083516362933D-01 6.8D-09 0.0D+00 3.6D-09 0.0D+00       22      111       22      220  S
     15      1   2.4963791293468071D-01 6.8D-09 0.0D+00 4.4D-09 0.0D+00       22      117       22      220  S
     15      1   2.4963083516348905D-01 6.8D-09 0.0D+00 2.1D-09 0.0D+00       22      114       22      220  S
     15      1   2.4963083516340578D-01 6.8D-09 0.0D+00 7.0D-09 0.0D+00       22      114       22      220  S
     15      1   2.4963791293434096D-01 6.8D-09 0.0D+00 6.0D-09 0.0D+00       22      115       22      220  S
     15      1   2.4963791293394544D-01 6.8D-09 0.0D+00 4.1D-10 0.0D+00       21      107       21      210  S
     15      1   2.4963083516322834D-01 6.8D-09 0.0D+00 1.9D-09 0.0D+00       21      115       21      210  S
     15      1   2.4963083516350046D-01 6.8D-09 0.0D+00 5.5D-09 0.0D+00       22      119       22      220  S
     15      1   2.4963900159618016D-01 6.8D-09 0.0D+00 6.6D-09 0.0D+00       21      107       21      210  S
     15      1   2.4963083516358159D-01 6.8D-09 0.0D+00 4.8D-09 0.0D+00       22      110       22      220  S
     15      1   2.4963083516337389D-01 6.8D-09 0.0D+00 4.5D-09 0.0D+00       22      112       22      220  S
     15      1   2.4963083516331544D-01 6.8D-09 0.0D+00 3.5D-09 0.0D+00       22      112       22      220  S
     15      1   2.4963083516346207D-01 6.8D-09 0.0D+00 9.7D-09 0.0D+00       22      115       22      220  S
     15      1   2.4963083516337742D-01 6.8D-09 0.0D+00 1.3D-09 0.0D+00       22      115       22      220  S
     15      1   2.4963083516344586D-01 6.8D-09 0.0D+00 1.6D-09 0.0D+00       22      112       22      220  S
     15      1   2.4963900159645358D-01 6.8D-09 0.0D+00 8.4D-09 0.0D+00       22      121       22      220  S
     15      1   2.4963081382888327D-01 6.8D-09 0.0D+00 2.2D-09 0.0D+00       22      109       22      220  S
     15      1   2.4963309850344839D-01 6.8D-09 0.0D+00 9.3D-09 0.0D+00       21      108       21      210  S
     15      1   2.4963081382883995D-01 6.8D-09 0.0D+00 7.4D-09 0.0D+00       22      111       22      220  S
     15      1   2.9328684591994825D-01 7.4D-09 0.0D+00 3.1D-07 0.0D+00       22      138       22      220  S
     15      1   2.4963083516313309D-01 6.8D-09 0.0D+00 1.4D-09 0.0D+00       21      113       21      210  S
     15      1   2.4963083516346107D-01 6.8D-09 0.0D+00 7.3D-09 0.0D+00       22      111       22      220  S
     15      1   2.4963083516371165D-01 6.8D-09 0.0D+00 6.8D-09 0.0D+00       22      120       22      220  S
     15      1   2.4963309850387733D-01 6.8D-09 0.0D+00 8.1D-09 0.0D+00       22      113       22      220  S
     15      1   2.4963083516374082D-01 6.8D-09 0.0D+00 1.3D-09 0.0D+00       22      114       22      220  S
     15      1   2.4963083452702933D-01 6.8D-09 0.0D+00 1.4D-09 0.0D+00       22      115       22      220  S
     15      1   2.4963791293432441D-01 6.8D-09 0.0D+00 8.1D-09 0.0D+00       22      113       22      220  S
     15      1   2.4963083516348383D-01 6.8D-09 0.0D+00 9.9D-09 0.0D+00       22      116       22      220  S
     15      1   2.4963551129149580D-01 6.8D-09 0.0D+00 8.7D-09 0.0D+00       21      109       21      210  S
     15      1   2.6190826205739481D-01 5.5D-09 0.0D+00 1.1D-08 0.0D+00       24      134       24      240  S
     15      1   2.6190174864852400D-01 5.5D-09 0.0D+00 8.8D-10 0.0D+00       22      127       22      220  S
     15      1   2.4963083516357226D-01 6.8D-09 0.0D+00 3.6D-09 0.0D+00       22      115       22      220  S
     15      1   2.4964402571852859D-01 6.8D-09 0.0D+00 1.8D-09 0.0D+00       21      104       21      210  S
     15      1   2.4963083516359949D-01 6.8D-09 0.0D+00 9.6D-09 0.0D+00       22      111       22      220  S
     15      1   2.4963083516371118D-01 6.8D-09 0.0D+00 8.2D-10 0.0D+00       22      117       22      220  S
     15      1   2.4964402571891009D-01 6.8D-09 0.0D+00 7.9D-09 0.0D+00       22      108       22      220  S
     15      1   2.6191532739085621D-01 5.5D-09 0.0D+00 2.7D-08 0.0D+00       22      140       22      220  S
     15      1   2.9328684592499582D-01 7.4D-09 0.0D+00 2.5D-08 0.0D+00       23      147       23      230  S
     15      1   2.4963791293411614D-01 6.8D-09 0.0D+00 8.5D-10 0.0D+00       22      111       22      220  S
     15      1   2.6191254989216595D-01 5.5D-09 0.0D+00 7.6D-09 0.0D+00       21      112       21      210  S
     15      1   2.4963309850349427D-01 6.8D-09 0.0D+00 7.4D-09 0.0D+00       21      111       21      210  S
     15      1   2.4963083516351767D-01 6.8D-09 0.0D+00 5.8D-09 0.0D+00       22      112       22      220  S
     15      1   2.6190641467311204D-01 5.5D-09 0.0D+00 4.5D-09 0.0D+00       22      122       22      220  S
     15      1   2.4963083516345394D-01 6.8D-09 0.0D+00 6.0D-09 0.0D+00       22      116       22      220  S
     15      1   2.4963083516342363D-01 6.8D-09 0.0D+00 9.1D-11 0.0D+00       22      110       22      220  S
     15      1   2.4963309850354226D-01 6.8D-09 0.0D+00 1.9D-09 0.0D+00       21      110       21      210  S
     15      1   2.6190682776959590D-01 5.5D-09 0.0D+00 1.1D-09 0.0D+00       22      128       22      220  S
     15      1   2.4963900159648730D-01 6.8D-09 0.0D+00 4.3D-11 0.0D+00       22      115       22      220  S
     15      1   2.4963309850348364D-01 6.8D-09 0.0D+00 6.8D-10 0.0D+00       21      114       21      210  S
     15      1   2.6191568307622776D-01 5.5D-09 0.0D+00 2.3D-09 0.0D+00       21      118       21      210  S
     15      1   2.4963900159646912D-01 6.8D-09 0.0D+00 5.9D-09 0.0D+00       22      113       22      220  S
     15      1   2.6190997391714482D-01 5.5D-09 0.0D+00 8.4D-09 0.0D+00       21      122       21      210  S
     15      1   2.6190682776938012D-01 5.5D-09 0.0D+00 6.5D-10 0.0D+00       21      114       21      210  S
     15      1   2.4963083516358553D-01 6.8D-09 0.0D+00 5.2D-09 0.0D+00       22      124       22      220  S
     15      1   2.4963791293380977D-01 6.8D-09 0.0D+00 8.9D-10 0.0D+00       21      110       21      210  S
     15      1   2.4963083516346971D-01 6.8D-09 0.0D+00 7.4D-12 0.0D+00       22      114       22      220  S
     15      1   2.4963083516337636D-01 6.8D-09 0.0D+00 6.2D-09 0.0D+00       22      112       22      220  S
     15      1   2.4963900159655633D-01 6.8D-09 0.0D+00 2.6D-09 0.0D+00       22      117       22      220  S
     15      1   2.4963081382890820D-01 6.8D-09 0.0D+00 2.7D-09 0.0D+00       22      112       22      220  S
     15      1   2.4964402571854441D-01 6.8D-09 0.0D+00 7.3D-09 0.0D+00       21      105       21      210  S
     15      1   2.4963900159649657D-01 6.8D-09 0.0D+00 1.3D-09 0.0D+00       22      123       22      220  S
     15      1   2.9329234676796084D-01 7.4D-09 0.0D+00 3.1D-07 0.0D+00       23      150       23      230  S
     15      1   2.4963083516353929D-01 6.8D-09 0.0D+00 2.1D-09 0.0D+00       22      107       22      220  S
     15      1   2.6190630418887867D-01 5.5D-09 0.0D+00 4.4D-08 0.0D+00       23      136       23      230  S
     15      1   2.4963309850374879D-01 6.8D-09 0.0D+00 4.8D-09 0.0D+00       22      110       22      220  S
     15      1   2.4963791293440810D-01 6.8D-09 0.0D+00 7.5D-10 0.0D+00       22      113       22      220  S
     15      1   2.4963083516357906D-01 6.8D-09 0.0D+00 8.5D-09 0.0D+00       22      111       22      220  S
     15      1   2.4963083452678683D-01 6.8D-09 0.0D+00 4.1D-09 0.0D+00       21      106       21      210  S
     15      1   2.4963900159614097D-01 6.8D-09 0.0D+00 2.4D-09 0.0D+00       21      105       21      210  S
     15      1   2.4964402571855163D-01 6.8D-09 0.0D+00 2.9D-10 0.0D+00       21      105       21      210  S
     15      1   2.6190183453708216D-01 5.5D-09 0.0D+00 7.7D-09 0.0D+00       22      122       22      220  S
     15      1   2.6190183453696053D-01 5.5D-09 0.0D+00 3.0D-09 0.0D+00       22      118       22      220  S
     15      1   2.4963083516354684D-01 6.8D-09 0.0D+00 9.4D-09 0.0D+00       22      108       22      220  S
     15      1   2.4963083516344817D-01 6.8D-09 0.0D+00 6.2D-09 0.0D+00       22      117       22      220  S
     15      1   2.4963083452712176D-01 6.8D-09 0.0D+00 8.4D-09 0.0D+00       22      117       22      220  S
     15      1   2.4963791293410706D-01 6.8D-09 0.0D+00 6.6D-09 0.0D+00       21      108       21      210  S
     15      1   2.4963900159647878D-01 6.8D-09 0.0D+00 6.8D-09 0.0D+00       22      119       22      220  S
     15      1   2.4963791293469068D-01 6.8D-09 0.0D+00 5.6D-09 0.0D+00       22      122       22      220  S
     15      1   5.4004326172120765D-01 2.2D-16 0.0D+00 1.0D+00 0.0D+00       24      192       25      250  S
     15      1   2.4963081382875585D-01 6.8D-09 0.0D+00 6.4D-09 0.0D+00       22      110       22      220  S
     15      1   2.6190391226087101D-01 5.5D-09 0.0D+00 3.2D-08 0.0D+00       23      131       23      230  S
     15      1   2.4963083516347956D-01 6.8D-09 0.0D+00 4.4D-10 0.0D+00       22      124       22      220  S
     15      1   2.4963083452658860D-01 6.8D-09 0.0D+00 3.3D-09 0.0D+00       21      110       21      210  S
     15      1   2.4963900159642394D-01 6.8D-09 0.0D+00 7.8D-09 0.0D+00       22      112       22      220  S
     15      1   2.4963081382883387D-01 6.8D-09 0.0D+00 9.3D-11 0.0D+00       22      115       22      220  S
     15      1   2.4963791293403784D-01 6.8D-09 0.0D+00 4.9D-09 0.0D+00       21      111       21      210  S
     15      1   2.7810125555231047D-01 6.1D-09 0.0D+00 6.9D-09 0.0D+00       22      172       22      220  S
     15      1   3.5301814182665797D-01 8.1D-09 0.0D+00 1.7D-06 0.0D+00       23      218       24      235  S
     15      1   2.6190630418820887D-01 5.5D-09 0.0D+00 2.8D-09 0.0D+00       21      116       21      210  S
     15      1   2.4963900159629127D-01 6.8D-09 0.0D+00 1.6D-09 0.0D+00       21      105       21      210  S
     15      1   2.4963309850351462D-01 6.8D-09 0.0D+00 9.5D-09 0.0D+00       21      111       21      210  S
     15      1   2.4963791293411050D-01 6.8D-09 0.0D+00 1.5D-09 0.0D+00       22      114       22      220  S
     15      1   2.4963791293432439D-01 6.8D-09 0.0D+00 8.4D-10 0.0D+00       22      123       22      220  S
     15      1   2.4963791293389598D-01 6.8D-09 0.0D+00 5.6D-09 0.0D+00       21      111       21      210  S
     15      1   2.4963081382880925D-01 6.8D-09 0.0D+00 7.5D-09 0.0D+00       22      113       22      220  S
     15      1   2.4963083516343207D-01 6.8D-09 0.0D+00 4.1D-09 0.0D+00       22      113       22      220  S
     15      1   2.4963083516342724D-01 6.8D-09 0.0D+00 8.8D-09 0.0D+00       22      116       22      220  S
     15      1   2.6190826205675843D-01 5.5D-09 0.0D+00 2.6D-09 0.0D+00       21      116       21      210  S
     15      1   2.4964402571860170D-01 6.8D-09 0.0D+00 4.7D-09 0.0D+00       21      105       21      210  S
     15      1   2.4963083516338380D-01 6.8D-09 0.0D+00 5.1D-09 0.0D+00       22      115       22      220  S
     15      1   2.4963227466049262D-01 6.8D-09 0.0D+00 4.9D-10 0.0D+00       22      113       22      220  S
     15      1   2.4963083516342741D-01 6.8D-09 0.0D+00 1.1D-09 0.0D+00       22      112       22      220  S
     15      1   2.4963083516357265D-01 6.8D-09 0.0D+00 4.9D-09 0.0D+00       22      109       22      220  S
     15      1   2.6190290014325501D-01 5.5D-09 0.0D+00 6.1D-09 0.0D+00       22      118       22      220  S
     15      1   2.4963081382877084D-01 6.8D-09 0.0D+00 7.8D-09 0.0D+00       22      112       22      220  S
     15      1   2.4963309850363455D-01 6.8D-09 0.0D+00 6.3D-09 0.0D+00       21      108       21      210  S
     15      1   2.6190682776990781D-01 5.5D-09 0.0D+00 8.4D-09 0.0D+00       22      120       22      220  S
     15      1   2.4963083452696672D-01 6.8D-09 0.0D+00 6.0D-10 0.0D+00       22      113       22      220  S
     15      1   2.4963791293420481D-01 6.8D-09 0.0D+00 2.4D-10 0.0D+00       22      117       22      220  S
     15      1   2.9328684592164506D-01 7.4D-09 0.0D+00 2.3D-07 0.0D+00       22      142       22      220  S
     15      1   2.4963081382840541D-01 6.8D-09 0.0D+00 6.2D-10 0.0D+00       21      113       21      210  S
     15      1   2.6190630418872607D-01 5.5D-09 0.0D+00 3.3D-09 0.0D+00       22      119       22      220  S
     15      1   2.4963083516344248D-01 6.8D-09 0.0D+00 5.5D-09 0.0D+00       22      112       22      220  S
     15      1   2.4963083452704427D-01 6.8D-09 0.0D+00 1.7D-09 0.0D+00       22      112       22      220  S
     15      1   2.4963083516311577D-01 6.8D-09 0.0D+00 4.1D-09 0.0D+00       21      111       21      210  S
     15      1   2.4963309850345103D-01 6.8D-09 0.0D+00 9.0D-09 0.0D+00       21      109       21      210  S
     15      1   2.4963791293428178D-01 6.8D-09 0.0D+00 9.3D-09 0.0D+00       22      111       22      220  S
     15      1   3.5299727523759900D-01 8.1D-09 0.0D+00 3.0D-10 0.0D+00       22      208       22      220  S
     15      1   2.4963083516339382D-01 6.8D-09 0.0D+00 2.8D-09 0.0D+00       22      116       22      220  S
     15      1   2.4963083452696205D-01 6.8D-09 0.0D+00 6.6D-10 0.0D+00       22      110       22      220  S
     15      1   2.4963791293429716D-01 6.8D-09 0.0D+00 4.1D-09 0.0D+00       22      113       22      220  S
     15      1   2.6191382228659643D-01 5.5D-09 0.0D+00 4.6D-08 0.0D+00       23      136       23      230  S
     15      1   2.4963083516352808D-01 6.8D-09 0.0D+00 5.6D-09 0.0D+00       22      116       22      220  S
     15      1   2.4963083516348727D-01 6.8D-09 0.0D+00 4.4D-09 0.0D+00       22      126       22      220  S
     15      1   2.4963227466050947D-01 6.8D-09 0.0D+00 9.6D-09 0.0D+00       22      117       22      220  S
     15      1   2.4963791293376139D-01 6.8D-09 0.0D+00 1.0D-09 0.0D+00       21      109       21      210  S
     15      1   2.4963083516348952D-01 6.8D-09 0.0D+00 3.8D-09 0.0D+00       22      108       22      220  S
     15      1   2.4963900159635685D-01 6.8D-09 0.0D+00 4.3D-09 0.0D+00       21      108       21      210  S
     15      1   2.6190391226069404D-01 5.5D-09 0.0D+00 8.4D-10 0.0D+00       22      121       22      220  S
     15      1   2.6190867061683032D-01 5.5D-09 0.0D+00 8.0D-09 0.0D+00       22      130       22      220  S
     15      1   2.4963309850358142D-01 6.8D-09 0.0D+00 3.7D-09 0.0D+00       21      113       21      210  S
     15      1   2.4963083452699938D-01 6.8D-09 0.0D+00 5.2D-09 0.0D+00       22      118       22      220  S
     15      1   2.6190391226042442D-01 5.5D-09 0.0D+00 4.9D-08 0.0D+00       22      131       22      220  S
     15      1   2.4964402571886568D-01 6.8D-09 0.0D+00 1.7D-10 0.0D+00       22      111       22      220  S
     15      1   2.4964402571898692D-01 6.8D-09 0.0D+00 3.3D-09 0.0D+00       22      116       22      220  S
     15      1   2.6190826205688789D-01 5.5D-09 0.0D+00 3.1D-09 0.0D+00       22      125       22      220  S
     15      1   2.4963081382864463D-01 6.8D-09 0.0D+00 8.6D-09 0.0D+00       22      114       22      220  S
     15      1   2.4963083516354259D-01 6.8D-09 0.0D+00 5.3D-09 0.0D+00       22      114       22      220  S
     15      1   2.6190883227371814D-01 5.5D-09 0.0D+00 3.7D-09 0.0D+00       21      118       21      210  S
     15      1   2.4963791293440038D-01 6.8D-09 0.0D+00 1.7D-09 0.0D+00       22      110       22      220  S
