     17      1   2.2221071579339652D-01 5.5D-09 0.0D+00 4.9D-09 0.0D+00       22      117       22      220  S
     17      1   2.2221234296668943D-01 5.5D-09 0.0D+00 7.5D-09 0.0D+00       22      129       22      220  S
     17      1   2.2220964268845841D-01 5.5D-09 0.0D+00 1.6D-09 0.0D+00       21      119       21      210  S
     17      1   2.4963083385473342D-01 6.8D-09 0.0D+00 3.2D-09 0.0D+00       22      149       22      220  S
     17      1   2.2220983009033407D-01 5.5D-09 0.0D+00 4.7D-09 0.0D+00       22      125       22      220  S
     17      1   2.2221289419938497D-01 5.5D-09 0.0D+00 1.8D-09 0.0D+00       22      120       22      220  S
     17      1   2.2221346338876261D-01 5.5D-09 0.0D+00 9.4D-10 0.0D+00       22      120       22      220  S
     17      1   2.2221289420035942D-01 5.5D-09 0.0D+00 3.9D-09 0.0D+00       22      158       22      220  S
     17      1   2.4963081251940708D-01 6.8D-09 0.0D+00 8.9D-09 0.0D+00       21      140       21      210  S
     17      1   2.4963791162520252D-01 6.8D-09 0.0D+00 7.3D-09 0.0D+00       22      141       22      220  S
     17      1   2.2221346805173783D-01 5.5D-09 0.0D+00 7.9D-09 0.0D+00       22      121       22      220  S
     17      1   2.2221289420023918D-01 5.5D-09 0.0D+00 8.1D-09 0.0D+00       22      117       22      220  S
     17      1   2.2221346338847955D-01 5.5D-09 0.0D+00 1.4D-09 0.0D+00       21      113       21      210  S
     17      1   2.2221234296673956D-01 5.5D-09 0.0D+00 6.1D-09 0.0D+00       22      117       22      220  S
     17      1   2.2221292524684169D-01 5.5D-09 0.0D+00 3.4D-09 0.0D+00       22      123       22      220  S
     17      1   2.2220983009005618D-01 5.5D-09 0.0D+00 5.5D-09 0.0D+00       21      120       21      210  S
     17      1   2.2220964268867030D-01 5.5D-09 0.0D+00 7.8D-09 0.0D+00       22      120       22      220  S
     17      1   2.2221346805171496D-01 5.5D-09 0.0D+00 1.8D-09 0.0D+00       22      121       22      220  S
     17      1   2.2220964268870194D-01 5.5D-09 0.0D+00 5.3D-09 0.0D+00       22      110       22      220  S
     17      1   2.2221346805180522D-01 5.5D-09 0.0D+00 7.4D-09 0.0D+00       22      119       22      220  S
     17      1   2.2221071579321600D-01 5.5D-09 0.0D+00 1.2D-09 0.0D+00       21      111       21      210  S
     17      1   2.2220964268853774D-01 5.5D-09 0.0D+00 9.3D-09 0.0D+00       22      112       22      220  S
     17      1   2.2221289420041415D-01 5.5D-09 0.0D+00 2.4D-09 0.0D+00       22      122       22      220  S
     17      1   2.4963081251955471D-01 6.8D-09 0.0D+00 3.7D-09 0.0D+00       21      141       21      210  S
     17      1   2.2220964268864540D-01 5.5D-09 0.0D+00 2.6D-09 0.0D+00       22      119       22      220  S
     17      1   2.2221292524679984D-01 5.5D-09 0.0D+00 2.1D-09 0.0D+00       22      113       22      220  S
     17      1   2.2221292524673644D-01 5.5D-09 0.0D+00 5.8D-09 0.0D+00       22      115       22      220  S
     17      1   2.2221289420022611D-01 5.5D-09 0.0D+00 1.6D-09 0.0D+00       22      119       22      220  S
     17      1   2.2220983009027606D-01 5.5D-09 0.0D+00 3.8D-09 0.0D+00       22      119       22      220  S
     17      1   2.4963083385488985D-01 6.8D-09 0.0D+00 2.2D-09 0.0D+00       22      170       22      220  S
     17      1   2.4963081251991284D-01 6.8D-09 0.0D+00 5.3D-09 0.0D+00       22      147       22      220  S
     17      1   2.4963791162583612D-01 6.8D-09 0.0D+00 1.9D-09 0.0D+00       22      166       22      220  S
     17      1   2.2220983009011350D-01 5.5D-09 0.0D+00 5.6D-09 0.0D+00       21      116       21      210  S
     17      1   2.2220983009029061D-01 5.5D-09 0.0D+00 5.9D-09 0.0D+00       22      133       22      220  S
     17      1   2.2221346338874054D-01 5.5D-09 0.0D+00 7.2D-09 0.0D+00       22      114       22      220  S
     17      1   2.4963081251840655D-01 6.8D-09 0.0D+00 9.6D-08 0.0D+00       24      182       24      240  S
     17      1   2.2221346338838660D-01 5.5D-09 0.0D+00 5.1D-10 0.0D+00       21      113       21      210  S
     17      1   2.4963309720132493D-01 6.8D-09 0.0D+00 1.1D-09 0.0D+00       21      157       21      210  S
     17      1   2.2221289420036022D-01 5.5D-09 0.0D+00 3.1D-10 0.0D+00       22      115       22      215  S
     17      1   2.4963227335054367D-01 6.8D-09 0.0D+00 7.1D-08 0.0D+00       23      159       23      230  S
     17      1   2.2220964268874632D-01 5.5D-09 0.0D+00 1.1D-09 0.0D+00       22      136       22      220  S
     17      1   2.2221346805171893D-01 5.5D-09 0.0D+00 1.4D-09 0.0D+00       22      139       22      220  S
     17      1   2.2221346338877204D-01 5.5D-09 0.0D+00 6.6D-09 0.0D+00       22      112       22      220  S
     17      1   2.2220964268855090D-01 5.5D-09 0.0D+00 2.9D-09 0.0D+00       22      121       22      220  S
     17      1   2.2220983009041739D-01 5.5D-09 0.0D+00 1.9D-08 0.0D+00       23      141       23      230  S
     17      1   2.2220964268877036D-01 5.5D-09 0.0D+00 7.3D-09 0.0D+00       22      113       22      220  S
     17      1   2.4963081251705133D-01 6.8D-09 0.0D+00 2.2D-07 0.0D+00       23      180       23      230  S
     17      1   2.2220964268852866D-01 5.5D-09 0.0D+00 1.1D-09 0.0D+00       21      106       21      210  S
     17      1   2.2220964268861679D-01 5.5D-09 0.0D+00 5.3D-09 0.0D+00       22      117       22      220  S
     17      1   2.2221289420040249D-01 5.5D-09 0.0D+00 1.3D-09 0.0D+00       22      121       22      220  S
     17      1   2.2220964268855573D-01 5.5D-09 0.0D+00 3.9D-09 0.0D+00       22      116       22      220  S
     17      1   2.2221289420008944D-01 5.5D-09 0.0D+00 1.3D-09 0.0D+00       21      112       21      210  S
     17      1   2.2221071579371790D-01 5.5D-09 0.0D+00 5.2D-08 0.0D+00       23      132       23      230  S
     17      1   2.2220964268882490D-01 5.5D-09 0.0D+00 3.2D-09 0.0D+00       22      122       22      220  S
     17      1   2.2220983009026324D-01 5.5D-09 0.0D+00 3.8D-09 0.0D+00       22      114       22      220  S
     17      1   2.2220983009031128D-01 5.5D-09 0.0D+00 1.1D-08 0.0D+00       23      123       23      230  S
     17      1   2.2220983009033457D-01 5.5D-09 0.0D+00 4.9D-09 0.0D+00       22      132       22      220  S
     17      1   2.2220964268847751D-01 5.5D-09 0.0D+00 8.5D-10 0.0D+00       22      115       22      220  S
     17      1   2.4963081251679226D-01 6.8D-09 0.0D+00 2.5D-07 0.0D+00       23      149       23      230  S
     17      1   2.4963227418040346D-01 6.8D-09 0.0D+00 6.3D-08 0.0D+00       22      138       22      220  S
     17      1   2.2220964268866328D-01 5.5D-09 0.0D+00 2.1D-09 0.0D+00       22      121       22      220  S
     17      1   2.2220969578207692D-01 5.5D-09 0.0D+00 3.8D-09 0.0D+00       22      117       22      220  S
     17      1   2.2221346338867157D-01 5.5D-09 0.0D+00 5.8D-09 0.0D+00       22      116       22      220  S
     17      1   2.2221292524681543D-01 5.5D-09 0.0D+00 4.1D-09 0.0D+00       22      116       22      220  S
     17      1   2.2221292524673703D-01 5.5D-09 0.0D+00 2.7D-09 0.0D+00       22      119       22      220  S
     17      1   2.2221071579336024D-01 5.5D-09 0.0D+00 8.8D-09 0.0D+00       22      113       22      220  S
     17      1   2.2220983009036585D-01 5.5D-09 0.0D+00 2.3D-09 0.0D+00       22      125       22      220  S
     17      1   2.2220983009030107D-01 5.5D-09 0.0D+00 4.3D-09 0.0D+00       22      133       22      220  S
     17      1   2.2220964268877744D-01 5.5D-09 0.0D+00 7.6D-09 0.0D+00       22      124       22      220  S
     17      1   2.4963083385462564D-01 6.8D-09 0.0D+00 4.1D-09 0.0D+00       22      156       22      220  S
     17      1   2.2220964268851595D-01 5.5D-09 0.0D+00 7.0D-09 0.0D+00       22      114       22      220  S
     17      1   2.2221346338879666D-01 5.5D-09 0.0D+00 4.2D-09 0.0D+00       22      120       22      220  S
     17      1   2.2220969578217956D-01 5.5D-09 0.0D+00 3.4D-09 0.0D+00       22      118       22      220  S
     17      1   2.2220983009042461D-01 5.5D-09 0.0D+00 6.5D-09 0.0D+00       22      122       22      220  S
     17      1   2.4963629233898404D-01 6.8D-09 0.0D+00 1.0D-09 0.0D+00       21      150       21      210  S
     17      1   2.2221289419948012D-01 5.5D-09 0.0D+00 3.0D-09 0.0D+00       22      120       22      220  S
     17      1   2.2220964268884258D-01 5.5D-09 0.0D+00 1.7D-08 0.0D+00       23      155       23      230  S
     17      1   2.2221292524675434D-01 5.5D-09 0.0D+00 5.6D-09 0.0D+00       22      117       22      220  S
     17      1   2.4963629316929273D-01 6.8D-09 0.0D+00 5.6D-09 0.0D+00       22      145       22      220  S
     17      1   2.4950636452253649D-01 3.0D-07 0.0D+00 6.8D-03 0.0D+00       25      155       26      260  S
     17      1   2.2220983009024980D-01 5.5D-09 0.0D+00 2.5D-10 0.0D+00       22      124       22      220  S
     17      1   2.2220969578217156D-01 5.5D-09 0.0D+00 5.9D-09 0.0D+00       22      119       22      220  S
     17      1   2.2221289419945528D-01 5.5D-09 0.0D+00 1.2D-09 0.0D+00       22      121       22      220  S
     17      1   2.2221289420022741D-01 5.5D-09 0.0D+00 1.0D-08 0.0D+00       22      125       22      220  S
     17      1   2.5313424419413616D-01 4.7D-09 0.0D+00 2.2D-08 0.0D+00       22      134       22      220  S
     17      1   2.4963083385467688D-01 6.8D-09 0.0D+00 3.7D-09 0.0D+00       22      134       22      220  S
     17      1   7.0636830106586923D-01 2.2D-16 0.0D+00 7.1D-01 0.0D+00        3       32        3       30  S
     17      1   2.2220983009049469D-01 5.5D-09 0.0D+00 3.1D-09 0.0D+00       22      133       22      220  S
     17      1   2.2221346338825959D-01 5.5D-09 0.0D+00 3.2D-09 0.0D+00       21      114       21      210  S
     17      1   2.2220964268875085D-01 5.5D-09 0.0D+00 5.0D-10 0.0D+00       22      124       22      220  S
     17      1   2.2220983009040496D-01 5.5D-09 0.0D+00 8.0D-09 0.0D+00       22      128       22      220  S
     17      1   2.2220983009026246D-01 5.5D-09 0.0D+00 4.4D-09 0.0D+00       22      113       22      220  S
     17      1   2.2220983009043338D-01 5.5D-09 0.0D+00 7.6D-10 0.0D+00       22      120       22      220  S
     17      1   2.2220964268832991D-01 5.5D-09 0.0D+00 6.0D-09 0.0D+00       21      114       21      210  S
     17      1   2.2221289420040594D-01 5.5D-09 0.0D+00 1.1D-10 0.0D+00       22      139       22      220  S
     17      1   2.2220964268862009D-01 5.5D-09 0.0D+00 3.8D-10 0.0D+00       22      123       22      220  S
     17      1   2.2220964268853405D-01 5.5D-09 0.0D+00 2.7D-10 0.0D+00       22      112       22      220  S
     17      1   2.2221346338874248D-01 5.5D-09 0.0D+00 3.1D-09 0.0D+00       22      120       22      220  S
     17      1   2.2220964268863139D-01 5.5D-09 0.0D+00 9.9D-09 0.0D+00       22      116       22      220  S
     17      1   2.2221071579347712D-01 5.5D-09 0.0D+00 9.8D-09 0.0D+00       22      130       22      220  S
