     17   0.00    0.00    0.00   2.2220983009041650D-01 5.5D-09 0.0D+00 7.0D-09 0.0D+00       22      125       22      220     189     343     386     343     345   0.31     0    0      1  BR
     17      1   2.2220983009030576D-01 5.5D-09 0.0D+00 5.3D-09 0.0D+00       22      119       22      220  S
     17      1   2.2220983009039322D-01 5.5D-09 0.0D+00 5.0D-09 0.0D+00       22      119       22      220  S
     17      1   2.4964402523895643D-01 6.8D-09 0.0D+00 8.9D-09 0.0D+00       22      177       22      220  S
     17      1   2.2220983009012810D-01 5.5D-09 0.0D+00 2.4D-09 0.0D+00       21      120       21      210  S
     17      1   2.2221071579343279D-01 5.5D-09 0.0D+00 5.9D-09 0.0D+00       22      114       22      220  S
     17      1   2.4963227334734783D-01 6.8D-09 0.0D+00 3.3D-07 0.0D+00       24      167       24      240  S
     17      1   2.4963081334790482D-01 6.8D-09 0.0D+00 1.3D-07 0.0D+00       23      195       23      230  S
     17      1   2.2220983009013026D-01 5.5D-09 0.0D+00 2.0D-09 0.0D+00       21      113       21      210  S
     17      1   2.2220983009030446D-01 5.5D-09 0.0D+00 1.5D-09 0.0D+00       22      120       22      220  S
     17      1   2.2221071579347432D-01 5.5D-09 0.0D+00 2.6D-09 0.0D+00       22      111       22      220  S
     17      1   2.6191444284410220D-01 5.5D-09 0.0D+00 1.9D-07 0.0D+00       23      216       23      230  S
     17      1   2.2221346338877188D-01 5.5D-09 0.0D+00 6.7D-09 0.0D+00       22      117       22      220  S
     17   0.00    0.00    0.00   2.2220969578206393D-01 5.5D-09 0.0D+00 6.0D-09 0.0D+00       22      117       22      220     181     338     381     338     337   0.33     0    0     14  BR
     17      1   2.2221346338869027D-01 5.5D-09 0.0D+00 6.6D-10 0.0D+00       22      120       22      220  S
     17   0.00    0.00    0.00   2.2220964268878193D-01 5.5D-09 0.0D+00 2.5D-10 0.0D+00       22      134       22      220     198     350     393     350     354   0.33     0    0     16  BR
     17      1   2.2221289420014623D-01 5.5D-09 0.0D+00 2.2D-09 0.0D+00       21      115       21      210  S
     17      1   2.2221289420034215D-01 5.5D-09 0.0D+00 1.5D-09 0.0D+00       22      121       22      220  S
     17      1   2.2220983009032338D-01 5.5D-09 0.0D+00 2.6D-09 0.0D+00       22      122       22      220  S
     17      1   2.2221346338874265D-01 5.5D-09 0.0D+00 4.3D-09 0.0D+00       22      120       22      220  S
     17      1   2.2220983009025885D-01 5.5D-09 0.0D+00 3.9D-09 0.0D+00       22      122       22      220  S
     17      1   2.2221289420037685D-01 5.5D-09 0.0D+00 5.5D-09 0.0D+00       22      131       22      220  S
     17      1   2.2221346338867642D-01 5.5D-09 0.0D+00 9.2D-09 0.0D+00       22      117       22      220  S
     17      1   2.2220983009043641D-01 5.5D-09 0.0D+00 9.9D-09 0.0D+00       22      120       22      220  S
     17      1   2.2221234296663553D-01 5.5D-09 0.0D+00 9.1D-10 0.0D+00       22      115       22      220  S
     17      1   2.2221289420043491D-01 5.5D-09 0.0D+00 1.1D-09 0.0D+00       22      127       22      220  S
     17      1   2.2220983009039472D-01 5.5D-09 0.0D+00 1.9D-09 0.0D+00       22      129       22      220  S
     17      1   2.2220964268860768D-01 5.5D-09 0.0D+00 1.8D-10 0.0D+00       22      114       22      220  S
     17      1   2.2221346805180511D-01 5.5D-09 0.0D+00 9.9D-09 0.0D+00       22      140       22      220  S
     17      1   2.4963083321479557D-01 6.8D-09 0.0D+00 2.6D-07 0.0D+00       24      183       24      240  S
     17      1   2.2220964268843402D-01 5.5D-09 0.0D+00 5.5D-09 0.0D+00       21      122       21      210  S
     17      1   2.2220964268864971D-01 5.5D-09 0.0D+00 7.9D-09 0.0D+00       22      124       22      220  S
     17      1   2.2220983009037540D-01 5.5D-09 0.0D+00 3.2D-09 0.0D+00       22      136       22      220  S
     17      1   2.2221346805178299D-01 5.5D-09 0.0D+00 2.2D-08 0.0D+00       23      136       23      230  S
     17      1   2.4963900111822668D-01 6.8D-09 0.0D+00 8.7D-09 0.0D+00       22      165       22      220  S
     17      1   2.2220983009037351D-01 5.5D-09 0.0D+00 4.6D-09 0.0D+00       22      117       22      220  S
     17      1   2.2221346338873929D-01 5.5D-09 0.0D+00 5.2D-09 0.0D+00       22      120       22      220  S
     17      1   2.2220983009031833D-01 5.5D-09 0.0D+00 7.9D-09 0.0D+00       22      120       22      220  S
     17      1   2.4963083385177934D-01 6.8D-09 0.0D+00 2.4D-07 0.0D+00       24      166       24      240  S
     17      1   2.2221289420015117D-01 5.5D-09 0.0D+00 9.6D-09 0.0D+00       21      112       21      210  S
     17      1   2.4963083385104268D-01 6.8D-09 0.0D+00 2.8D-07 0.0D+00       24      192       24      240  S
     17      1   2.2220964268863083D-01 5.5D-09 0.0D+00 1.9D-09 0.0D+00       22      110       22      220  S
     17      1   2.2220983009022638D-01 5.5D-09 0.0D+00 7.0D-09 0.0D+00       22      113       22      220  S
     17      1   2.2220964268848314D-01 5.5D-09 0.0D+00 2.0D-09 0.0D+00       22      121       22      220  S
     17      1   2.4963081251547312D-01 6.8D-09 0.0D+00 3.2D-07 0.0D+00       22      132       22      220  S
     17      1   2.2220983009038656D-01 5.5D-09 0.0D+00 5.5D-09 0.0D+00       22      124       22      220  S
     17      1   2.2221346338862905D-01 5.5D-09 0.0D+00 7.9D-09 0.0D+00       22      119       22      220  S
     17      1   2.4963081251972732D-01 6.8D-09 0.0D+00 1.9D-08 0.0D+00       24      183       24      240  S
     17      1   2.2220964268858331D-01 5.5D-09 0.0D+00 1.4D-09 0.0D+00       22      107       22      220  S
     17      1   2.2221289419922419D-01 5.5D-09 0.0D+00 4.7D-09 0.0D+00       22      121       22      220  S
     17      1   2.2221292524685693D-01 5.5D-09 0.0D+00 2.4D-09 0.0D+00       22      120       22      220  S
     17      1   2.2220969578212013D-01 5.5D-09 0.0D+00 2.5D-09 0.0D+00       22      120       22      220  S
     17      1   2.4963083385066454D-01 6.8D-09 0.0D+00 3.0D-07 0.0D+00       23      147       23      230  S
     17      1   2.2220964268860055D-01 5.5D-09 0.0D+00 2.0D-09 0.0D+00       22      114       22      220  S
     17      1   2.2220964268854965D-01 5.5D-09 0.0D+00 4.9D-09 0.0D+00       21      147       21      210  S
     17      1   2.2220983009037651D-01 5.5D-09 0.0D+00 7.3D-10 0.0D+00       22      124       22      220  S
     17      1   2.2221289419997153D-01 5.5D-09 0.0D+00 6.6D-09 0.0D+00       21      116       21      210  S
     17      1   2.4963081251953875D-01 6.8D-09 0.0D+00 2.8D-08 0.0D+00       23      166       23      230  S
     17      1   2.4963083385455753D-01 6.8D-09 0.0D+00 6.8D-09 0.0D+00       22      158       22      220  S
     17      1   2.2221289420046142D-01 5.5D-09 0.0D+00 6.8D-10 0.0D+00       22      128       22      220  S
     17      1   2.2220964268857984D-01 5.5D-09 0.0D+00 5.5D-09 0.0D+00       22      114       22      220  S
     17      1   2.5312681044394358D-01 4.7D-09 0.0D+00 4.9D-09 0.0D+00       22      127       22      220  S
     17      1   2.2220983009043074D-01 5.5D-09 0.0D+00 7.0D-09 0.0D+00       22      124       22      220  S
     17      1   2.2221346338852105D-01 5.5D-09 0.0D+00 1.6D-09 0.0D+00       21      112       21      210  S
     17      1   2.2221289420021928D-01 5.5D-09 0.0D+00 9.6D-10 0.0D+00       22      122       22      220  S
     17      1   2.2221289419949630D-01 5.5D-09 0.0D+00 4.7D-09 0.0D+00       22      117       22      220  S
     17      1   2.2221234296656461D-01 5.5D-09 0.0D+00 2.2D-09 0.0D+00       22      122       22      220  S
     17      1   2.2221289420030091D-01 5.5D-09 0.0D+00 1.4D-09 0.0D+00       22      124       22      220  S
     17      1   2.2221234296658354D-01 5.5D-09 0.0D+00 9.4D-09 0.0D+00       22      129       22      220  S
     17      1   2.2221292524693101D-01 5.5D-09 0.0D+00 9.3D-09 0.0D+00       22      117       22      220  S
     17      1   2.2220964268866869D-01 5.5D-09 0.0D+00 5.3D-09 0.0D+00       22      115       22      220  S
     17      1   2.2220969578212932D-01 5.5D-09 0.0D+00 3.8D-09 0.0D+00       22      128       22      220  S
     17      1   2.2220983009033851D-01 5.5D-09 0.0D+00 3.5D-09 0.0D+00       22      122       22      220  S
     17      1   2.2220983009038070D-01 5.5D-09 0.0D+00 8.8D-09 0.0D+00       22      126       22      220  S
     17      1   2.2220969578220165D-01 5.5D-09 0.0D+00 3.6D-09 0.0D+00       22      119       22      220  S
     17      1   2.2221346338876241D-01 5.5D-09 0.0D+00 3.7D-09 0.0D+00       22      126       22      220  S
     17      1   2.4963083385466825D-01 6.8D-09 0.0D+00 1.8D-09 0.0D+00       22      157       22      220  S
     17      1   2.2220983009037426D-01 5.5D-09 0.0D+00 8.4D-09 0.0D+00       22      113       22      220  S
     17      1   2.2220983009029449D-01 5.5D-09 0.0D+00 1.2D-09 0.0D+00       22      120       22      220  S
     17      1   2.2220964268861490D-01 5.5D-09 0.0D+00 7.4D-09 0.0D+00       22      115       22      220  S
     17      1   2.2221289419943280D-01 5.5D-09 0.0D+00 3.4D-10 0.0D+00       22      119       22      220  S
     17      1   2.2220964268867233D-01 5.5D-09 0.0D+00 3.0D-11 0.0D+00       22      120       22      220  S
     17      1   2.2220983009042855D-01 5.5D-09 0.0D+00 1.3D-09 0.0D+00       22      134       22      220  S
     17      1   2.2221234296653375D-01 5.5D-09 0.0D+00 9.2D-09 0.0D+00       22      115       22      220  S
     17      1   2.4963083385464621D-01 6.8D-09 0.0D+00 4.2D-09 0.0D+00       22      161       22      220  S
     17      1   2.2220983009035686D-01 5.5D-09 0.0D+00 8.8D-09 0.0D+00       22      118       22      220  S
     17      1   2.2220964268859092D-01 5.5D-09 0.0D+00 6.7D-09 0.0D+00       22      113       22      220  S
     17      1   2.2221346805184647D-01 5.5D-09 0.0D+00 1.5D-09 0.0D+00       22      130       22      220  S
     17      1   2.4963083385182508D-01 6.8D-09 0.0D+00 2.3D-07 0.0D+00       23      152       23      230  S
     17      1   2.2221346805187006D-01 5.5D-09 0.0D+00 2.8D-09 0.0D+00       22      116       22      220  S
     17      1   2.2220983009051218D-01 5.5D-09 0.0D+00 9.5D-09 0.0D+00       22      131       22      220  S
     17      1   2.4963083321803217D-01 6.8D-09 0.0D+00 2.5D-09 0.0D+00       22      156       22      220  S
     17      1   2.2221289419944218D-01 5.5D-09 0.0D+00 4.4D-09 0.0D+00       22      117       22      220  S
     17      1   2.2220964268856597D-01 5.5D-09 0.0D+00 6.7D-09 0.0D+00       22      115       22      220  S
     17      1   2.2220983009034007D-01 5.5D-09 0.0D+00 8.3D-09 0.0D+00       22      120       22      220  S
     17      1   2.4963083385431506D-01 6.8D-09 0.0D+00 2.4D-09 0.0D+00       21      125       21      210  S
     17      1   2.4963550998288395D-01 6.8D-09 0.0D+00 3.1D-09 0.0D+00       22      130       22      220  S
     17      1   2.2221289420010409D-01 5.5D-09 0.0D+00 2.2D-09 0.0D+00       21      119       21      210  S
     17      1   2.2221346805185030D-01 5.5D-09 0.0D+00 6.5D-10 0.0D+00       22      142       22      220  S
     17      1   2.2220983009011849D-01 5.5D-09 0.0D+00 2.7D-09 0.0D+00       21      115       21      210  S
