     13      1   2.7810125555184778D-01 6.1D-09 0.0D+00 2.7D-09 0.0D+00       21      113       21      210  S
     13      1   2.7809642305354293D-01 6.1D-09 0.0D+00 8.2D-09 0.0D+00       22      125       22      220  S
     13      1   2.9329234677293819D-01 7.4D-09 0.0D+00 3.1D-09 0.0D+00       21      153       21      210  S
     13      1   2.9329234677293892D-01 7.4D-09 0.0D+00 1.7D-09 0.0D+00       21      143       21      210  S
     13      1   2.9328684592057658D-01 7.4D-09 0.0D+00 3.1D-07 0.0D+00       22      159       22      220  S
     13      1   2.7813018987236782D-01 6.2D-09 0.0D+00 6.5D-09 0.0D+00       21      112       21      210  S
     13      1   2.7809774595932529D-01 6.1D-09 0.0D+00 2.7D-11 0.0D+00       22      129       22      220  S
     13      1   2.7809774595923437D-01 6.1D-09 0.0D+00 8.1D-09 0.0D+00       21      116       21      210  S
     13      1   2.9328684592443932D-01 7.4D-09 0.0D+00 8.1D-10 0.0D+00       21      146       21      210  S
     13      1   2.7809533259718050D-01 6.1D-09 0.0D+00 2.8D-09 0.0D+00       22      117       22      220  S
     13      1   2.9328684592571680D-01 7.4D-09 0.0D+00 1.3D-09 0.0D+00       22      150       22      220  S
     13      1   2.7809533259729829D-01 6.1D-09 0.0D+00 2.1D-09 0.0D+00       22      121       22      220  S
     13      1   2.7809533259706876D-01 6.1D-09 0.0D+00 2.7D-09 0.0D+00       21      118       21      210  S
     13      1   2.7809774620156702D-01 6.1D-09 0.0D+00 4.7D-10 0.0D+00       21      117       21      210  S
     13      1   2.7809533259716179D-01 6.1D-09 0.0D+00 7.8D-09 0.0D+00       22      121       22      220  S
     13      1   2.7809774595926900D-01 6.1D-09 0.0D+00 8.1D-09 0.0D+00       22      134       22      220  S
     13      1   2.7809533259730729D-01 6.1D-09 0.0D+00 4.7D-09 0.0D+00       22      127       22      220  S
     13      1   2.7809774620182259D-01 6.1D-09 0.0D+00 9.1D-09 0.0D+00       22      122       22      220  S
     13      1   2.7809533259749369D-01 6.1D-09 0.0D+00 6.1D-09 0.0D+00       22      130       22      220  S
     13      1   2.7813761700928624D-01 6.2D-09 0.0D+00 5.2D-09 0.0D+00       22      127       22      220  S
     13      1   2.7809533259689911D-01 6.1D-09 0.0D+00 4.9D-09 0.0D+00       21      118       21      210  S
     13      1   2.9329234677337862D-01 7.4D-09 0.0D+00 3.1D-09 0.0D+00       22      149       22      220  S
     13      1   2.9329234677247962D-01 7.4D-09 0.0D+00 3.8D-10 0.0D+00       21      143       21      210  S
     13      1   2.9329234677306726D-01 7.4D-09 0.0D+00 5.2D-09 0.0D+00       21      138       21      210  S
     13      1   2.7809533259706659D-01 6.1D-09 0.0D+00 6.5D-09 0.0D+00       21      109       21      210  S
     13      1   2.7810040583446138D-01 6.1D-09 0.0D+00 4.3D-09 0.0D+00       21      117       21      210  S
     13      1   2.9328684592481491D-01 7.4D-09 0.0D+00 2.2D-10 0.0D+00       21      142       21      210  S
     13      1   2.9328684592531673D-01 7.4D-09 0.0D+00 1.7D-09 0.0D+00       22      151       22      220  S
     13      1   2.7775000387656756D-01 5.7D-09 0.0D+00 3.2D-09 0.0D+00       22      128       22      220  S
     13      1   2.9328684592473120D-01 7.4D-09 0.0D+00 2.7D-09 0.0D+00       21      143       21      210  S
     13      1   2.7809533259703134D-01 6.1D-09 0.0D+00 3.2D-09 0.0D+00       21      115       21      210  S
     13      1   2.7809774595939529D-01 6.1D-09 0.0D+00 6.9D-09 0.0D+00       22      140       22      220  S
     13      1   2.9328684592461246D-01 7.4D-09 0.0D+00 9.3D-09 0.0D+00       21      129       21      210  S
     13      1   2.9328684592037085D-01 7.4D-09 0.0D+00 3.1D-07 0.0D+00       24      145       24      240  S
     13      1   2.7809642305318477D-01 6.1D-09 0.0D+00 6.1D-09 0.0D+00       21      116       21      210  S
     13      1   2.7809533259700320D-01 6.1D-09 0.0D+00 2.6D-09 0.0D+00       21      115       21      210  S
     13      1   2.9328684592452564D-01 7.4D-09 0.0D+00 1.3D-09 0.0D+00       21      129       21      210  S
     13      1   2.7809533259726288D-01 6.1D-09 0.0D+00 8.6D-09 0.0D+00       22      115       22      220  S
     13      1   2.7809533259735841D-01 6.1D-09 0.0D+00 4.0D-09 0.0D+00       22      128       22      220  S
     13      1   2.9328684592468351D-01 7.4D-09 0.0D+00 1.8D-09 0.0D+00       21      133       21      210  S
     13      1   2.7809533259725455D-01 6.1D-09 0.0D+00 4.5D-09 0.0D+00       22      127       22      220  S
     13      1   2.7810040583453022D-01 6.1D-09 0.0D+00 8.0D-09 0.0D+00       21      112       21      210  S
     13      1   2.7809642305318394D-01 6.1D-09 0.0D+00 7.1D-09 0.0D+00       21      117       21      210  S
     13      1   3.0418376353315224D-01 6.7D-09 0.0D+00 1.9D-08 0.0D+00       23      164       23      230  S
     13      1   2.9329234677356131D-01 7.4D-09 0.0D+00 1.6D-09 0.0D+00       21      165       21      210  S
     13      1   2.7809774595929887D-01 6.1D-09 0.0D+00 6.0D-09 0.0D+00       22      122       22      220  S
     13      1   2.9328684592555659D-01 7.4D-09 0.0D+00 7.6D-09 0.0D+00       21      145       21      210  S
     13      1   2.9329234677045274D-01 7.4D-09 0.0D+00 1.3D-07 0.0D+00       23      176       23      230  S
     13      1   2.7809533259721125D-01 6.1D-09 0.0D+00 4.1D-10 0.0D+00       22      122       22      220  S
     13      1   2.7809774620181288D-01 6.1D-09 0.0D+00 2.0D-09 0.0D+00       22      130       22      220  S
     13      1   2.7810125555185583D-01 6.1D-09 0.0D+00 1.5D-09 0.0D+00       21      117       21      210  S
     13      1   2.7809533259724351D-01 6.1D-09 0.0D+00 1.4D-09 0.0D+00       22      122       22      220  S
     13      1   2.7813018987251587D-01 6.2D-09 0.0D+00 2.6D-09 0.0D+00       22      133       22      220  S
     13      1   2.9328684592473897D-01 7.4D-09 0.0D+00 5.0D-09 0.0D+00       21      152       21      210  S
     13      1   2.9329234677115307D-01 7.4D-09 0.0D+00 1.1D-07 0.0D+00       23      141       23      230  S
     13      1   2.9328684592538512D-01 7.4D-09 0.0D+00 2.0D-09 0.0D+00       21      140       21      210  S
     13      1   2.7809642305330973D-01 6.1D-09 0.0D+00 8.7D-11 0.0D+00       21      117       21      210  S
     13      1   2.7809533259728209D-01 6.1D-09 0.0D+00 6.7D-09 0.0D+00       22      131       22      220  S
     13      1   2.9329234677354504D-01 7.4D-09 0.0D+00 2.7D-09 0.0D+00       21      139       21      210  S
     13      1   2.9328684592467208D-01 7.4D-09 0.0D+00 8.8D-09 0.0D+00       21      153       21      210  S
     13      1   2.9328684592056520D-01 7.4D-09 0.0D+00 3.1D-07 0.0D+00       23      173       23      230  S
     13      1   2.9329234677317473D-01 7.4D-09 0.0D+00 6.6D-09 0.0D+00       22      149       22      220  S
     13      1   2.7809533259725849D-01 6.1D-09 0.0D+00 8.5D-09 0.0D+00       22      125       22      220  S
     13      1   2.7809533259738162D-01 6.1D-09 0.0D+00 9.3D-10 0.0D+00       22      124       22      220  S
     13      1   2.9328684592478310D-01 7.4D-09 0.0D+00 9.5D-09 0.0D+00       21      150       21      210  S
     13      1   2.9328684592462589D-01 7.4D-09 0.0D+00 1.9D-09 0.0D+00       21      141       21      210  S
     13      1   2.9329234677281429D-01 7.4D-09 0.0D+00 5.7D-10 0.0D+00       22      143       22      220  S
     13      1   2.9328684592099608D-01 7.4D-09 0.0D+00 2.4D-07 0.0D+00       23      157       23      230  S
     13      1   2.9328684592574183D-01 7.4D-09 0.0D+00 3.1D-10 0.0D+00       22      123       22      220  S
     13      1   2.7809533259732100D-01 6.1D-09 0.0D+00 1.5D-09 0.0D+00       22      118       22      220  S
     13      1   2.7810040583456952D-01 6.1D-09 0.0D+00 6.3D-09 0.0D+00       21      108       21      210  S
     13      1   2.7810040583484053D-01 6.1D-09 0.0D+00 9.1D-09 0.0D+00       22      121       22      220  S
     13      1   2.9328684592285048D-01 7.4D-09 0.0D+00 1.6D-07 0.0D+00       23      151       23      230  S
     13      1   2.9328684592485299D-01 7.4D-09 0.0D+00 1.7D-10 0.0D+00       21      139       21      210  S
     13      1   2.7813761700921352D-01 6.2D-09 0.0D+00 2.2D-09 0.0D+00       22      115       22      220  S
     13      1   2.9329234677277194D-01 7.4D-09 0.0D+00 7.2D-09 0.0D+00       21      136       21      210  S
     13      1   2.7809533259726477D-01 6.1D-09 0.0D+00 7.7D-09 0.0D+00       22      127       22      220  S
     13      1   2.7809642305360588D-01 6.1D-09 0.0D+00 3.2D-09 0.0D+00       22      125       22      220  S
     13      1   2.7809774620175098D-01 6.1D-09 0.0D+00 3.2D-10 0.0D+00       22      122       22      220  S
     13      1   2.9329234677368921D-01 7.4D-09 0.0D+00 7.2D-09 0.0D+00       22      140       22      220  S
     13      1   2.9328684592536181D-01 7.4D-09 0.0D+00 1.8D-10 0.0D+00       22      152       22      220  S
     13      1   2.7809533259735358D-01 6.1D-09 0.0D+00 6.9D-09 0.0D+00       22      118       22      220  S
     13      1   2.9328684592085641D-01 7.4D-09 0.0D+00 2.5D-07 0.0D+00       23      144       23      230  S
     13      1   2.7810125555192017D-01 6.1D-09 0.0D+00 2.5D-09 0.0D+00       21      111       21      210  S
     13      1   2.7809533259733010D-01 6.1D-09 0.0D+00 2.2D-09 0.0D+00       22      126       22      220  S
     13      1   2.9328684592477583D-01 7.4D-09 0.0D+00 6.8D-10 0.0D+00       22      139       22      220  S
     13      1   2.9328684592514837D-01 7.4D-09 0.0D+00 1.2D-10 0.0D+00       22      133       22      220  S
     13      1   2.7810352851351833D-01 6.1D-09 0.0D+00 8.3D-10 0.0D+00       22      126       22      220  S
     13      1   2.9328684592143894D-01 7.4D-09 0.0D+00 2.0D-07 0.0D+00       22      172       22      220  S
     13      1   2.7809533259734465D-01 6.1D-09 0.0D+00 5.0D-09 0.0D+00       22      125       22      220  S
     13      1   2.7809533259722186D-01 6.1D-09 0.0D+00 1.9D-09 0.0D+00       22      119       22      220  S
     13      1   2.7809642305337889D-01 6.1D-09 0.0D+00 7.8D-10 0.0D+00       22      135       22      220  S
     13      1   2.7810040583455115D-01 6.1D-09 0.0D+00 7.5D-10 0.0D+00       21      113       21      210  S
     13      1   2.9329234677371663D-01 7.4D-09 0.0D+00 2.0D-09 0.0D+00       22      162       22      220  S
     13      1   2.7813018987255178D-01 6.2D-09 0.0D+00 1.7D-08 0.0D+00       23      141       23      230  S
     13      1   2.9328684592070597D-01 7.4D-09 0.0D+00 2.8D-07 0.0D+00       24      179       24      240  S
     13      1   2.9328684591981463D-01 7.4D-09 0.0D+00 3.2D-07 0.0D+00       22      135       22      220  S
     13      1   2.7774321536842167D-01 5.7D-09 0.0D+00 4.1D-09 0.0D+00       22      123       22      220  S
     13      1   2.7809774595923503D-01 6.1D-09 0.0D+00 9.9D-09 0.0D+00       22      122       22      220  S
     13      1   2.7809774595940545D-01 6.1D-09 0.0D+00 9.2D-09 0.0D+00       22      138       22      220  S
