      5      1   4.9926142426892811D-01 9.0D-09 0.0D+00 3.7D-09 0.0D+00       20      134       20      200  S
      5      1   4.9921748929704868D-01 9.0D-09 0.0D+00 2.9D-09 0.0D+00       18      105       18      180  S
      5      1   4.9923336296560028D-01 9.0D-09 0.0D+00 2.0D-09 0.0D+00       20      125       20      200  S
      5      1   4.9926142426894471D-01 9.0D-09 0.0D+00 3.7D-09 0.0D+00       20      132       20      200  S
      5      1   4.9926587988431748D-01 9.0D-09 0.0D+00 5.7D-09 0.0D+00       20      137       20      200  S
      5      1   4.9926111838153631D-01 9.0D-09 0.0D+00 2.5D-09 0.0D+00       20      121       20      200  S
      5      1   4.9923336296560655D-01 9.0D-09 0.0D+00 5.0D-10 0.0D+00       20      125       20      200  S
      5      1   4.9921748929696075D-01 9.0D-09 0.0D+00 8.7D-10 0.0D+00       18      110       18      180  S
      5      1   4.9921748929900911D-01 9.0D-09 0.0D+00 5.1D-10 0.0D+00       18      107       18      180  S
      5      1   4.9922503264436130D-01 9.0D-09 0.0D+00 1.9D-09 0.0D+00       18      127       18      180  S
      5      1   4.9926142426900938D-01 9.0D-09 0.0D+00 1.8D-09 0.0D+00       20      133       20      200  S
      5      1   4.9921748929901455D-01 9.0D-09 0.0D+00 2.0D-09 0.0D+00       18      110       18      180  S
      5      1   4.9926587988430832D-01 9.0D-09 0.0D+00 2.3D-09 0.0D+00       20      135       20      200  S
      5      1   4.9926142426417192D-01 9.0D-09 0.0D+00 3.2D-09 0.0D+00       18      109       18      180  S
      5      1   4.9926142426416903D-01 9.0D-09 0.0D+00 1.7D-09 0.0D+00       18      115       18      180  S
      5      1   4.9923336296559429D-01 9.0D-09 0.0D+00 2.0D-09 0.0D+00       20      128       20      200  S
      5      1   4.9926142426498510D-01 9.0D-09 0.0D+00 5.1D-09 0.0D+00       18      102       18      180  S
      5      1   4.9926142426418174D-01 9.0D-09 0.0D+00 3.5D-09 0.0D+00       18      111       18      180  S
      5      1   4.9921748930107279D-01 9.0D-09 0.0D+00 1.5D-09 0.0D+00       20      125       20      200  S
      5      1   4.9926142426905618D-01 9.0D-09 0.0D+00 8.5D-09 0.0D+00       20      126       20      200  S
      5      1   4.9926111837718301D-01 9.0D-09 0.0D+00 6.2D-09 0.0D+00       18      109       18      180  S
      5      1   4.9926142426420872D-01 9.0D-09 0.0D+00 1.7D-09 0.0D+00       18      110       18      180  S
      5      1   4.9926142426907077D-01 9.0D-09 0.0D+00 8.9D-09 0.0D+00       20      128       20      200  S
      5      1   4.9921748929900756D-01 9.0D-09 0.0D+00 4.7D-09 0.0D+00       18      107       18      180  S
      5      1   4.9926111837728576D-01 9.0D-09 0.0D+00 2.1D-09 0.0D+00       18      105       18      180  S
      5      1   4.9923336296559379D-01 9.0D-09 0.0D+00 1.6D-09 0.0D+00       20      124       20      200  S
      5      1   4.9926142426921549D-01 9.0D-09 0.0D+00 7.3D-09 0.0D+00       20      133       20      200  S
      5      1   4.9926111838153137D-01 9.0D-09 0.0D+00 1.1D-09 0.0D+00       20      119       20      200  S
      5      1   4.9921748930105531D-01 9.0D-09 0.0D+00 3.2D-09 0.0D+00       20      126       20      200  S
      5      1   4.9922503264442303D-01 9.0D-09 0.0D+00 2.5D-09 0.0D+00       18      122       18      180  S
      5      1   4.9926142426894909D-01 9.0D-09 0.0D+00 5.0D-09 0.0D+00       20      122       20      200  S
      5      1   4.9926142426896264D-01 9.0D-09 0.0D+00 8.2D-09 0.0D+00       20      125       20      200  S
      5      1   4.9926111838152237D-01 9.0D-09 0.0D+00 2.1D-09 0.0D+00       20      123       20      200  S
      5      1   4.9921748930112020D-01 9.0D-09 0.0D+00 6.8D-11 0.0D+00       20      124       20      200  S
      5      1   4.9921748930110177D-01 9.0D-09 0.0D+00 4.5D-09 0.0D+00       20      126       20      200  S
      5      1   4.9922503264435308D-01 9.0D-09 0.0D+00 2.5D-09 0.0D+00       18      121       18      180  S
      5      1   4.9927696683279948D-01 9.0D-09 0.0D+00 2.3D-09 0.0D+00       20      128       20      200  S
      5      1   4.9922503264441592D-01 9.0D-09 0.0D+00 5.7D-10 0.0D+00       18      129       18      180  S
      5      1   4.9923336296561421D-01 9.0D-09 0.0D+00 2.0D-09 0.0D+00       20      132       20      200  S
      5      1   4.9921748930104437D-01 9.0D-09 0.0D+00 3.9D-10 0.0D+00       20      125       20      200  S
      5      1   4.9923336296558191D-01 9.0D-09 0.0D+00 7.8D-09 0.0D+00       20      124       20      200  S
      5      1   4.9921748929902660D-01 9.0D-09 0.0D+00 3.1D-09 0.0D+00       18      104       18      180  S
      5      1   4.9923336296558546D-01 9.0D-09 0.0D+00 1.0D-09 0.0D+00       20      141       20      200  S
      5      1   4.9921748929901166D-01 9.0D-09 0.0D+00 2.7D-09 0.0D+00       18      108       18      180  S
      5      1   4.9923336296556753D-01 9.0D-09 0.0D+00 2.5D-09 0.0D+00       20      127       20      200  S
      5      1   4.9923336296557136D-01 9.0D-09 0.0D+00 6.1D-09 0.0D+00       20      123       20      200  S
      5      1   4.9921748929698817D-01 9.0D-09 0.0D+00 3.0D-09 0.0D+00       18      115       18      180  S
      5      1   4.9923336296560300D-01 9.0D-09 0.0D+00 9.4D-10 0.0D+00       20      138       20      200  S
      5      1   4.9922503264443319D-01 9.0D-09 0.0D+00 1.5D-09 0.0D+00       18      126       18      180  S
      5      1   4.9922503264440554D-01 9.0D-09 0.0D+00 3.9D-09 0.0D+00       18      119       18      180  S
      5      1   4.9926142426490600D-01 9.0D-09 0.0D+00 5.2D-09 0.0D+00       18      101       18      180  S
      5      1   4.9927489936291158D-01 9.0D-09 0.0D+00 4.2D-09 0.0D+00       19      122       19      190  S
      5      1   4.9921748929723819D-01 9.0D-09 0.0D+00 8.1D-10 0.0D+00       18      107       18      180  S
      5      1   4.9926587988432042D-01 9.0D-09 0.0D+00 2.0D-09 0.0D+00       20      132       20      200  S
      5      1   4.9923336296561011D-01 9.0D-09 0.0D+00 1.5D-09 0.0D+00       20      124       20      200  S
      5      1   4.9926111837725401D-01 9.0D-09 0.0D+00 5.3D-10 0.0D+00       18      108       18      180  S
      5      1   4.9921748929721338D-01 9.0D-09 0.0D+00 9.9D-11 0.0D+00       18      106       18      180  S
      5      1   4.9923336296559162D-01 9.0D-09 0.0D+00 3.0D-09 0.0D+00       20      142       20      200  S
      5      1   4.9921748929908821D-01 9.0D-09 0.0D+00 2.8D-09 0.0D+00       18      101       18      180  S
      5      1   4.9926142426418529D-01 9.0D-09 0.0D+00 3.3D-09 0.0D+00       18      107       18      180  S
      5      1   4.9922503264423473D-01 9.0D-09 0.0D+00 3.8D-09 0.0D+00       18      127       18      180  S
      5      1   4.9926142426984549D-01 9.0D-09 0.0D+00 7.6D-09 0.0D+00       18      117       18      180  S
      5      1   4.9923336296560644D-01 9.0D-09 0.0D+00 4.9D-09 0.0D+00       20      121       20      200  S
      5      1   4.9922503264438028D-01 9.0D-09 0.0D+00 3.1D-09 0.0D+00       18      125       18      180  S
      5      1   4.9926142426907022D-01 9.0D-09 0.0D+00 6.9D-09 0.0D+00       20      130       20      200  S
      5      1   4.9926142426496317D-01 9.0D-09 0.0D+00 3.3D-09 0.0D+00       18      103       18      180  S
      5      1   4.9926142427377246D-01 9.0D-09 0.0D+00 6.7D-09 0.0D+00       20      126       20      200  S
      5      1   4.9922503264436113D-01 9.0D-09 0.0D+00 1.1D-09 0.0D+00       18      123       18      180  S
      5      1   4.9922503264432072D-01 9.0D-09 0.0D+00 1.9D-09 0.0D+00       18      130       18      180  S
      5      1   4.9921748929700643D-01 9.0D-09 0.0D+00 1.4D-10 0.0D+00       18      106       18      180  S
      5      1   4.9926142426983228D-01 9.0D-09 0.0D+00 3.6D-09 0.0D+00       18      113       18      180  S
      5      1   4.9926111838145909D-01 9.0D-09 0.0D+00 4.4D-09 0.0D+00       20      122       20      200  S
      5      1   4.9922503264441259D-01 9.0D-09 0.0D+00 8.8D-10 0.0D+00       18      124       18      180  S
      5      1   4.9921748930113224D-01 9.0D-09 0.0D+00 1.5D-09 0.0D+00       20      122       20      200  S
      5      1   4.9922503264438817D-01 9.0D-09 0.0D+00 2.3D-10 0.0D+00       18      120       18      180  S
      5      1   4.9921748929723775D-01 9.0D-09 0.0D+00 7.8D-10 0.0D+00       18      106       18      180  S
      5      1   4.9923336296571186D-01 9.0D-09 0.0D+00 1.2D-09 0.0D+00       20      120       20      200  S
      5      1   4.9926142426419196D-01 9.0D-09 0.0D+00 1.2D-09 0.0D+00       18      110       18      180  S
      5      1   4.9926142426918418D-01 9.0D-09 0.0D+00 2.7D-10 0.0D+00       20      125       20      200  S
      5      1   4.9926142426903125D-01 9.0D-09 0.0D+00 5.4D-09 0.0D+00       20      127       20      200  S
      5      1   4.9923336296556753D-01 9.0D-09 0.0D+00 4.8D-09 0.0D+00       20      126       20      200  S
      5      1   4.9926142426899545D-01 9.0D-09 0.0D+00 2.1D-09 0.0D+00       20      125       20      200  S
      5      1   4.9921748929704252D-01 9.0D-09 0.0D+00 1.4D-09 0.0D+00       18      104       18      180  S
      5      1   4.9921748930106030D-01 9.0D-09 0.0D+00 2.1D-09 0.0D+00       20      125       20      200  S
      5      1   4.9926142426900849D-01 9.0D-09 0.0D+00 2.0D-11 0.0D+00       20      127       20      200  S
      5      1   4.9921748929727244D-01 9.0D-09 0.0D+00 3.7D-09 0.0D+00       18      112       18      180  S
      5      1   4.9922503264436929D-01 9.0D-09 0.0D+00 2.6D-09 0.0D+00       18      124       18      180  S
      5      1   4.9921748929723270D-01 9.0D-09 0.0D+00 5.3D-11 0.0D+00       18      107       18      180  S
      5      1   4.9922503264438189D-01 9.0D-09 0.0D+00 1.3D-09 0.0D+00       18      129       18      180  S
      5      1   4.9923336296558096D-01 9.0D-09 0.0D+00 3.3D-10 0.0D+00       20      123       20      200  S
      5      1   4.9927489936288999D-01 9.0D-09 0.0D+00 3.5D-09 0.0D+00       19      121       19      190  S
      5      1   4.9922503264439561D-01 9.0D-09 0.0D+00 3.2D-09 0.0D+00       18      122       18      180  S
      5      1   4.9923336296562260D-01 9.0D-09 0.0D+00 3.8D-09 0.0D+00       20      135       20      200  S
      5      1   4.9926111837727272D-01 9.0D-09 0.0D+00 2.4D-09 0.0D+00       18      105       18      180  S
      5      1   4.9923336296567977D-01 9.0D-09 0.0D+00 8.1D-10 0.0D+00       20      124       20      200  S
      5      1   4.9921748930110804D-01 9.0D-09 0.0D+00 2.1D-09 0.0D+00       20      127       20      200  S
      5      1   4.9923336296567328D-01 9.0D-09 0.0D+00 4.7D-09 0.0D+00       20      121       20      200  S
      5      1   4.9923336296557064D-01 9.0D-09 0.0D+00 4.0D-09 0.0D+00       20      124       20      200  S
      5      1   4.9922503264437956D-01 9.0D-09 0.0D+00 2.2D-09 0.0D+00       18      126       18      180  S
      5      1   4.9921748930109744D-01 9.0D-09 0.0D+00 1.9D-09 0.0D+00       20      124       20      200  S
      5      1   4.9926111837722414D-01 9.0D-09 0.0D+00 2.7D-09 0.0D+00       18      107       18      180  S
      5      1   4.9926111837723375D-01 9.0D-09 0.0D+00 1.4D-09 0.0D+00       18      107       18      180  S
      5      1   4.9926142426894105D-01 9.0D-09 0.0D+00 7.8D-10 0.0D+00       20      134       20      200  S
      5      1   4.9926111837725684D-01 9.0D-09 0.0D+00 9.5D-10 0.0D+00       18      110       18      180  S
      5      1   4.9921748930107013D-01 9.0D-09 0.0D+00 1.5D-09 0.0D+00       20      127       20      200  S
      5      1   4.9926142426899839D-01 9.0D-09 0.0D+00 1.7D-09 0.0D+00       20      125       20      200  S
      5      1   4.9926142426895487D-01 9.0D-09 0.0D+00 4.3D-09 0.0D+00       20      133       20      200  S
      5      1   4.9926142426412895D-01 9.0D-09 0.0D+00 7.1D-10 0.0D+00       18      110       18      180  S
      5      1   4.9926142426901748D-01 9.0D-09 0.0D+00 5.0D-10 0.0D+00       20      128       20      200  S
      5      1   4.9926142426898507D-01 9.0D-09 0.0D+00 4.1D-10 0.0D+00       20      127       20      200  S
      5      1   4.9927489936287556D-01 9.0D-09 0.0D+00 1.0D-09 0.0D+00       19      121       19      190  S
      5      1   4.9921748929704257D-01 9.0D-09 0.0D+00 1.1D-09 0.0D+00       18      111       18      180  S
      5      1   4.9926142426900405D-01 9.0D-09 0.0D+00 9.3D-09 0.0D+00       20      125       20      200  S
      5      1   4.9926111838152942D-01 9.0D-09 0.0D+00 1.6D-09 0.0D+00       20      118       20      200  S
      5      1   4.9921748930111326D-01 9.0D-09 0.0D+00 1.2D-09 0.0D+00       20      124       20      200  S
      5      1   4.9923336296570853D-01 9.0D-09 0.0D+00 3.5D-09 0.0D+00       20      119       20      200  S
      5      1   4.9921748929908411D-01 9.0D-09 0.0D+00 1.2D-09 0.0D+00       18      109       18      180  S
      5      1   4.9921748930746118D-01 9.0D-09 0.0D+00 4.1D-09 0.0D+00       19      121       19      190  S
      5      1   4.9921748930748189D-01 9.0D-09 0.0D+00 5.8D-09 0.0D+00       19      113       19      190  S
      5      1   4.9921748929909443D-01 9.0D-09 0.0D+00 2.4D-09 0.0D+00       18      101       18      180  S
      5      1   4.9922503264437068D-01 9.0D-09 0.0D+00 2.9D-09 0.0D+00       18      119       18      180  S
      5      1   4.9923336296556897D-01 9.0D-09 0.0D+00 5.0D-09 0.0D+00       20      123       20      200  S
      5      1   4.9926587988429671D-01 9.0D-09 0.0D+00 2.1D-09 0.0D+00       20      132       20      200  S
      5      1   4.9926142426420961D-01 9.0D-09 0.0D+00 8.7D-10 0.0D+00       18      110       18      180  S
      5      1   4.9927489936289898D-01 9.0D-09 0.0D+00 2.0D-09 0.0D+00       19      123       19      190  S
      5      1   4.9921748929898890D-01 9.0D-09 0.0D+00 1.9D-10 0.0D+00       18      105       18      180  S
      5      1   4.9921748930111071D-01 9.0D-09 0.0D+00 2.6D-09 0.0D+00       20      124       20      200  S
      5      1   4.9921748929724508D-01 9.0D-09 0.0D+00 9.8D-10 0.0D+00       18      104       18      180  S
      5      1   4.9926111838155607D-01 9.0D-09 0.0D+00 4.6D-09 0.0D+00       20      123       20      200  S
      5      1   4.9926111837726228D-01 9.0D-09 0.0D+00 3.4D-09 0.0D+00       18      103       18      180  S
      5      1   4.9927489936291897D-01 9.0D-09 0.0D+00 1.7D-09 0.0D+00       19      123       19      190  S
      5      1   4.9923336296561621D-01 9.0D-09 0.0D+00 8.9D-10 0.0D+00       20      122       20      200  S
      5      1   4.9926142426901782D-01 9.0D-09 0.0D+00 2.5D-09 0.0D+00       20      129       20      200  S
      5      1   4.9921748930746818D-01 9.0D-09 0.0D+00 2.6D-09 0.0D+00       19      115       19      190  S
      5      1   4.9921748930110582D-01 9.0D-09 0.0D+00 3.4D-09 0.0D+00       20      125       20      200  S
      5      1   4.9926587988429411D-01 9.0D-09 0.0D+00 5.2D-10 0.0D+00       20      135       20      200  S
      5      1   4.9922503264436974D-01 9.0D-09 0.0D+00 5.2D-10 0.0D+00       18      123       18      180  S
      5      1   4.9921748930104365D-01 9.0D-09 0.0D+00 2.3D-09 0.0D+00       20      122       20      200  S
      5      1   4.9921748929910809D-01 9.0D-09 0.0D+00 5.8D-10 0.0D+00       18      106       18      180  S
      5      1   4.9921748929906823D-01 9.0D-09 0.0D+00 4.8D-11 0.0D+00       18      106       18      180  S
      5      1   4.9926142426905135D-01 9.0D-09 0.0D+00 7.3D-09 0.0D+00       20      126       20      200  S
      5      1   4.9926142426898024D-01 9.0D-09 0.0D+00 6.6D-09 0.0D+00       20      125       20      200  S
      5      1   4.9926142426415404D-01 9.0D-09 0.0D+00 4.7D-09 0.0D+00       18      110       18      180  S
      5      1   4.9923336296559301D-01 9.0D-09 0.0D+00 1.7D-09 0.0D+00       20      136       20      200  S
      5      1   4.9923336296557730D-01 9.0D-09 0.0D+00 4.1D-09 0.0D+00       20      134       20      200  S
      5      1   4.9922503264438356D-01 9.0D-09 0.0D+00 1.3D-09 0.0D+00       18      119       18      180  S
      5      1   4.9922503264437101D-01 9.0D-09 0.0D+00 5.8D-10 0.0D+00       18      122       18      180  S
      5      1   4.9926111838153830D-01 9.0D-09 0.0D+00 1.8D-09 0.0D+00       20      122       20      200  S
      5      1   4.9926111837722759D-01 9.0D-09 0.0D+00 5.7D-09 0.0D+00       18      108       18      180  S
      5      1   4.9922503264437579D-01 9.0D-09 0.0D+00 7.0D-10 0.0D+00       18      125       18      180  S
      5      1   4.9921748930746218D-01 9.0D-09 0.0D+00 1.6D-09 0.0D+00       19      119       19      190  S
      5      1   4.9926111838155351D-01 9.0D-09 0.0D+00 1.7D-10 0.0D+00       20      120       20      200  S
      5      1   4.9926142426898668D-01 9.0D-09 0.0D+00 6.1D-09 0.0D+00       20      124       20      200  S
      5      1   4.9921748930106247D-01 9.0D-09 0.0D+00 4.5D-09 0.0D+00       20      125       20      200  S
      5      1   4.9921748929723259D-01 9.0D-09 0.0D+00 1.8D-09 0.0D+00       18      110       18      180  S
      5      1   4.9926111837721093D-01 9.0D-09 0.0D+00 3.5D-10 0.0D+00       18      108       18      180  S
      5      1   4.9926142426897696D-01 9.0D-09 0.0D+00 6.7D-09 0.0D+00       20      129       20      200  S
      5      1   4.9922503264443624D-01 9.0D-09 0.0D+00 8.1D-10 0.0D+00       18      118       18      180  S
      5      1   4.9921748930112403D-01 9.0D-09 0.0D+00 2.6D-09 0.0D+00       20      125       20      200  S
      5      1   4.9926142426903131D-01 9.0D-09 0.0D+00 5.5D-09 0.0D+00       20      128       20      200  S
      5      1   4.9922503264436885D-01 9.0D-09 0.0D+00 2.9D-09 0.0D+00       18      117       18      180  S
      5      1   4.9926142426894349D-01 9.0D-09 0.0D+00 6.3D-09 0.0D+00       20      124       20      200  S
      5      1   4.9922503264436940D-01 9.0D-09 0.0D+00 3.0D-09 0.0D+00       18      123       18      180  S
      5      1   4.9923336296570930D-01 9.0D-09 0.0D+00 6.0D-09 0.0D+00       20      121       20      200  S
      5      1   4.9926142426897413D-01 9.0D-09 0.0D+00 2.8D-10 0.0D+00       20      125       20      200  S
      5      1   4.9922503264436013D-01 9.0D-09 0.0D+00 5.5D-10 0.0D+00       18      127       18      180  S
      5      1   4.9923336296569260D-01 9.0D-09 0.0D+00 6.0D-10 0.0D+00       20      119       20      200  S
      5      1   4.9923336296559678D-01 9.0D-09 0.0D+00 3.1D-09 0.0D+00       20      124       20      200  S
      5      1   4.9921748930105714D-01 9.0D-09 0.0D+00 2.2D-09 0.0D+00       20      125       20      200  S
      5      1   4.9922503264427470D-01 9.0D-09 0.0D+00 2.6D-09 0.0D+00       18      126       18      180  S
      5      1   4.9921748929910087D-01 9.0D-09 0.0D+00 1.6D-09 0.0D+00       18      102       18      180  S
      5      1   4.9926111838151005D-01 9.0D-09 0.0D+00 2.6D-09 0.0D+00       20      123       20      200  S
      5      1   4.9921748930105936D-01 9.0D-09 0.0D+00 1.2D-10 0.0D+00       20      128       20      200  S
      5      1   4.9921748929705362D-01 9.0D-09 0.0D+00 5.4D-09 0.0D+00       18      105       18      180  S
      5      1   4.9921748929719001D-01 9.0D-09 0.0D+00 2.8D-09 0.0D+00       18      106       18      180  S
      5      1   4.9921748929698861D-01 9.0D-09 0.0D+00 9.2D-11 0.0D+00       18      107       18      180  S
      5      1   4.9921748930108001D-01 9.0D-09 0.0D+00 5.7D-10 0.0D+00       20      126       20      200  S
      5      1   4.9922503264438561D-01 9.0D-09 0.0D+00 7.6D-10 0.0D+00       18      123       18      180  S
      5      1   4.9922503264438045D-01 9.0D-09 0.0D+00 2.3D-09 0.0D+00       18      126       18      180  S
      5      1   4.9921748930104515D-01 9.0D-09 0.0D+00 5.1D-11 0.0D+00       20      124       20      200  S
      5      1   4.9921748930745669D-01 9.0D-09 0.0D+00 1.6D-09 0.0D+00       19      117       19      190  S
      5      1   4.9926142426897008D-01 9.0D-09 0.0D+00 8.7D-10 0.0D+00       20      126       20      200  S
      5      1   4.9921748930107757D-01 9.0D-09 0.0D+00 2.0D-09 0.0D+00       20      130       20      200  S
      5      1   4.9922503264438289D-01 9.0D-09 0.0D+00 3.8D-09 0.0D+00       18      124       18      180  S
      5      1   4.9921748929721904D-01 9.0D-09 0.0D+00 8.4D-10 0.0D+00       18      108       18      180  S
      5      1   4.9923336296566156D-01 9.0D-09 0.0D+00 3.0D-09 0.0D+00       20      122       20      200  S
      5      1   4.9922503264439783D-01 9.0D-09 0.0D+00 5.6D-09 0.0D+00       18      126       18      180  S
      5      1   4.9927489936292607D-01 9.0D-09 0.0D+00 3.1D-09 0.0D+00       19      123       19      190  S
      5      1   4.9921748930744020D-01 9.0D-09 0.0D+00 1.2D-09 0.0D+00       19      117       19      190  S
      5      1   4.9926111838154547D-01 9.0D-09 0.0D+00 1.3D-09 0.0D+00       20      121       20      200  S
      5      1   4.9921748929703857D-01 9.0D-09 0.0D+00 1.2D-09 0.0D+00       18      110       18      180  S
      5      1   4.9922503264441465D-01 9.0D-09 0.0D+00 5.2D-10 0.0D+00       18      117       18      180  S
      5      1   4.9923336296569515D-01 9.0D-09 0.0D+00 3.7D-09 0.0D+00       20      123       20      200  S
      5      1   4.9927489936288738D-01 9.0D-09 0.0D+00 2.0D-09 0.0D+00       19      123       19      190  S
      5      1   4.9923336296559184D-01 9.0D-09 0.0D+00 2.5D-09 0.0D+00       20      141       20      200  S
      5      1   4.9926142426910020D-01 9.0D-09 0.0D+00 4.0D-09 0.0D+00       20      125       20      200  S
      5      1   4.9926142426903974D-01 9.0D-09 0.0D+00 7.2D-09 0.0D+00       20      128       20      200  S
      5      1   4.9921748930743942D-01 9.0D-09 0.0D+00 2.0D-09 0.0D+00       19      118       19      190  S
      5      1   4.9926142426899278D-01 9.0D-09 0.0D+00 5.1D-09 0.0D+00       20      126       20      200  S
      5      1   4.9921748929706694D-01 9.0D-09 0.0D+00 2.9D-09 0.0D+00       18      105       18      180  S
      5      1   4.9922503264430779D-01 9.0D-09 0.0D+00 1.0D-10 0.0D+00       18      128       18      180  S
      5      1   4.9921748930105697D-01 9.0D-09 0.0D+00 2.1D-09 0.0D+00       20      126       20      200  S
      5      1   4.9921748930105048D-01 9.0D-09 0.0D+00 5.9D-10 0.0D+00       20      125       20      200  S
      5      1   4.9921748930109500D-01 9.0D-09 0.0D+00 3.5D-09 0.0D+00       20      127       20      200  S
      5      1   4.9926142426900572D-01 9.0D-09 0.0D+00 1.6D-09 0.0D+00       20      128       20      200  S
      5      1   4.9921748929906884D-01 9.0D-09 0.0D+00 9.1D-10 0.0D+00       18      110       18      180  S
      5      1   4.9926142426418074D-01 9.0D-09 0.0D+00 2.4D-09 0.0D+00       18      109       18      180  S
      5      1   4.9927489936291003D-01 9.0D-09 0.0D+00 8.1D-09 0.0D+00       19      121       19      190  S
      5      1   4.9921748930107568D-01 9.0D-09 0.0D+00 1.2D-09 0.0D+00       20      122       20      200  S
      5      1   4.9923336296561810D-01 9.0D-09 0.0D+00 3.1D-09 0.0D+00       20      123       20      200  S
      5      1   4.9926142426897452D-01 9.0D-09 0.0D+00 8.4D-09 0.0D+00       20      137       20      200  S
      5      1   4.9923336296560900D-01 9.0D-09 0.0D+00 4.1D-09 0.0D+00       20      121       20      200  S
      5      1   4.9926111837721387D-01 9.0D-09 0.0D+00 7.9D-09 0.0D+00       18      114       18      180  S
      5      1   4.9926111837723997D-01 9.0D-09 0.0D+00 3.8D-09 0.0D+00       18      105       18      180  S
      5      1   4.9923336296564980D-01 9.0D-09 0.0D+00 4.3D-09 0.0D+00       20      123       20      200  S
      5      1   4.9923336296557219D-01 9.0D-09 0.0D+00 3.7D-09 0.0D+00       20      122       20      200  S
      5      1   4.9921748929723797D-01 9.0D-09 0.0D+00 2.8D-09 0.0D+00       18      114       18      180  S
      5      1   4.9926142426901160D-01 9.0D-09 0.0D+00 7.1D-10 0.0D+00       20      128       20      200  S
      5      1   4.9921748930745369D-01 9.0D-09 0.0D+00 7.8D-10 0.0D+00       19      117       19      190  S
      5      1   4.9926111837724257D-01 9.0D-09 0.0D+00 1.5D-09 0.0D+00       18      115       18      180  S
      5      1   4.9926142426421755D-01 9.0D-09 0.0D+00 2.5D-09 0.0D+00       18      108       18      180  S
      5      1   4.9926142426491887D-01 9.0D-09 0.0D+00 6.7D-09 0.0D+00       18      101       18      180  S
      5      1   4.9927489936285774D-01 9.0D-09 0.0D+00 5.9D-09 0.0D+00       19      124       19      190  S
      5      1   4.9926142426903164D-01 9.0D-09 0.0D+00 5.1D-10 0.0D+00       20      130       20      200  S
      5      1   4.9926142426900244D-01 9.0D-09 0.0D+00 4.8D-09 0.0D+00       20      123       20      200  S
      5      1   4.9921748929910370D-01 9.0D-09 0.0D+00 1.9D-09 0.0D+00       18      105       18      180  S
      5      1   4.9926111837720860D-01 9.0D-09 0.0D+00 2.1D-09 0.0D+00       18      110       18      180  S
      5      1   4.9923336296557780D-01 9.0D-09 0.0D+00 4.1D-10 0.0D+00       20      124       20      200  S
      5      1   4.9921748929904824D-01 9.0D-09 0.0D+00 2.0D-09 0.0D+00       18      107       18      180  S
      5      1   4.9921748929756460D-01 9.0D-09 0.0D+00 4.9D-10 0.0D+00       18      118       18      180  S
      5      1   4.9921748929910720D-01 9.0D-09 0.0D+00 8.6D-10 0.0D+00       18      104       18      180  S
      5      1   4.9926142426934195D-01 9.0D-09 0.0D+00 1.4D-09 0.0D+00       20      125       20      200  S
      5      1   4.9921748930111121D-01 9.0D-09 0.0D+00 2.9D-09 0.0D+00       20      126       20      200  S
      5      1   4.9926142426903303D-01 9.0D-09 0.0D+00 3.5D-10 0.0D+00       20      127       20      200  S
      5      1   4.9921748930111198D-01 9.0D-09 0.0D+00 3.7D-09 0.0D+00       20      127       20      200  S
      5      1   4.9922503264437373D-01 9.0D-09 0.0D+00 3.1D-09 0.0D+00       18      127       18      180  S
      5      1   4.9921748930105164D-01 9.0D-09 0.0D+00 1.4D-09 0.0D+00       20      124       20      200  S
      5      1   4.9922503264438689D-01 9.0D-09 0.0D+00 1.3D-09 0.0D+00       18      125       18      180  S
      5      1   4.9921748930102433D-01 9.0D-09 0.0D+00 4.5D-09 0.0D+00       20      124       20      200  S
      5      1   4.9926142426898507D-01 9.0D-09 0.0D+00 1.9D-10 0.0D+00       20      127       20      200  S
      5      1   4.9921748929901727D-01 9.0D-09 0.0D+00 1.0D-09 0.0D+00       18      106       18      180  S
      5      1   4.9923336296566823D-01 9.0D-09 0.0D+00 7.9D-10 0.0D+00       20      122       20      200  S
      5      1   4.9922503264440521D-01 9.0D-09 0.0D+00 6.7D-09 0.0D+00       18      122       18      180  S
      5      1   4.9921748930110188D-01 9.0D-09 0.0D+00 4.3D-10 0.0D+00       20      127       20      200  S
      5      1   4.9926142426412889D-01 9.0D-09 0.0D+00 5.0D-09 0.0D+00       18      106       18      180  S
      5      1   4.9923336296570264D-01 9.0D-09 0.0D+00 2.6D-09 0.0D+00       20      122       20      200  S
      5      1   4.9923336296557874D-01 9.0D-09 0.0D+00 2.3D-09 0.0D+00       20      124       20      200  S
      5      1   4.9921748930114468D-01 9.0D-09 0.0D+00 6.1D-09 0.0D+00       20      124       20      200  S
      5      1   4.9926142426419895D-01 9.0D-09 0.0D+00 5.1D-11 0.0D+00       18      107       18      180  S
      5      1   4.9926142427475201D-01 9.0D-09 0.0D+00 7.6D-09 0.0D+00       20      125       20      200  S
      5      1   4.9921748930107218D-01 9.0D-09 0.0D+00 1.0D-09 0.0D+00       20      124       20      200  S
      5      1   4.9926142426491366D-01 9.0D-09 0.0D+00 3.8D-09 0.0D+00       18      103       18      180  S
      5      1   4.9921748930111393D-01 9.0D-09 0.0D+00 3.8D-10 0.0D+00       20      127       20      200  S
      5      1   4.9921748929777066D-01 9.0D-09 0.0D+00 2.2D-09 0.0D+00       18      122       18      180  S
      5      1   4.9926142426418152D-01 9.0D-09 0.0D+00 3.5D-10 0.0D+00       18      109       18      180  S
      5      1   4.9923336296557763D-01 9.0D-09 0.0D+00 3.2D-09 0.0D+00       20      124       20      200  S
      5      1   4.9921748930116472D-01 9.0D-09 0.0D+00 5.8D-09 0.0D+00       20      128       20      200  S
      5      1   4.9927489936293024D-01 9.0D-09 0.0D+00 1.7D-09 0.0D+00       19      123       19      190  S
      5      1   4.9921748929723836D-01 9.0D-09 0.0D+00 1.7D-09 0.0D+00       18      104       18      180  S
      5      1   4.9926142426421471D-01 9.0D-09 0.0D+00 4.1D-10 0.0D+00       18      109       18      180  S
      5      1   4.9921748930106608D-01 9.0D-09 0.0D+00 2.8D-09 0.0D+00       20      124       20      200  S
      5      1   4.9922503264435780D-01 9.0D-09 0.0D+00 1.6D-09 0.0D+00       18      125       18      180  S
      5      1   4.9923336296560811D-01 9.0D-09 0.0D+00 3.8D-09 0.0D+00       20      124       20      200  S
      5      1   4.9926142426898068D-01 9.0D-09 0.0D+00 1.1D-09 0.0D+00       20      129       20      200  S
      5      1   4.9921748930107351D-01 9.0D-09 0.0D+00 6.6D-09 0.0D+00       20      124       20      200  S
      5      1   4.9921748930105470D-01 9.0D-09 0.0D+00 4.8D-10 0.0D+00       20      127       20      200  S
      5      1   4.9926142426903802D-01 9.0D-09 0.0D+00 1.8D-09 0.0D+00       20      127       20      200  S
      5      1   4.9926587988429050D-01 9.0D-09 0.0D+00 8.0D-10 0.0D+00       20      133       20      200  S
      5      1   4.9926142427382009D-01 9.0D-09 0.0D+00 9.4D-09 0.0D+00       20      126       20      200  S
      5      1   4.9921748929705401D-01 9.0D-09 0.0D+00 6.3D-10 0.0D+00       18      106       18      180  S
      5      1   4.9926111837727266D-01 9.0D-09 0.0D+00 1.9D-09 0.0D+00       18      116       18      180  S
      5      1   4.9923336296558912D-01 9.0D-09 0.0D+00 2.5D-09 0.0D+00       20      138       20      200  S
      5      1   4.9921748930106957D-01 9.0D-09 0.0D+00 6.1D-10 0.0D+00       20      126       20      200  S
      5      1   4.9922503264433421D-01 9.0D-09 0.0D+00 4.9D-09 0.0D+00       18      122       18      180  S
      5      1   4.9922503264436208D-01 9.0D-09 0.0D+00 3.8D-09 0.0D+00       18      122       18      180  S
      5      1   4.9922503264439588D-01 9.0D-09 0.0D+00 2.0D-09 0.0D+00       18      125       18      180  S
      5      1   4.9923336296561072D-01 9.0D-09 0.0D+00 6.1D-09 0.0D+00       20      123       20      200  S
      5      1   4.9921748930744936D-01 9.0D-09 0.0D+00 2.8D-09 0.0D+00       19      118       19      190  S
      5      1   4.9926587988429760D-01 9.0D-09 0.0D+00 1.8D-09 0.0D+00       20      131       20      200  S
      5      1   4.9921748929706272D-01 9.0D-09 0.0D+00 1.7D-09 0.0D+00       18      105       18      180  S
      5      1   4.9926111837721593D-01 9.0D-09 0.0D+00 1.6D-09 0.0D+00       18      110       18      180  S
      5      1   4.9921748929724452D-01 9.0D-09 0.0D+00 3.8D-09 0.0D+00       18      108       18      180  S
      5      1   4.9926142426498626D-01 9.0D-09 0.0D+00 9.9D-09 0.0D+00       18      102       18      180  S
      5      1   4.9927489936286817D-01 9.0D-09 0.0D+00 5.3D-09 0.0D+00       19      121       19      190  S
      5      1   4.9921748930742382D-01 9.0D-09 0.0D+00 3.7D-09 0.0D+00       19      122       19      190  S
      5      1   4.9922503264436346D-01 9.0D-09 0.0D+00 2.3D-09 0.0D+00       18      128       18      180  S
      5      1   4.9926142426980147D-01 9.0D-09 0.0D+00 5.4D-10 0.0D+00       18      115       18      180  S
      5      1   4.9927489936295627D-01 9.0D-09 0.0D+00 8.1D-09 0.0D+00       19      121       19      190  S
      5      1   4.9921748930104493D-01 9.0D-09 0.0D+00 2.7D-09 0.0D+00       20      126       20      200  S
      5      1   4.9921748929911841D-01 9.0D-09 0.0D+00 3.2D-09 0.0D+00       18      108       18      180  S
      5      1   4.9926142426491971D-01 9.0D-09 0.0D+00 8.6D-10 0.0D+00       18      103       18      180  S
      5      1   4.9921748930107351D-01 9.0D-09 0.0D+00 3.7D-09 0.0D+00       20      123       20      200  S
      5      1   4.9926111838154374D-01 9.0D-09 0.0D+00 3.0D-09 0.0D+00       20      118       20      200  S
      5      1   4.9926142426498221D-01 9.0D-09 0.0D+00 9.1D-09 0.0D+00       18      101       18      180  S
      5      1   4.9921748929721765D-01 9.0D-09 0.0D+00 1.8D-09 0.0D+00       18      105       18      180  S
      5      1   4.9926111837722503D-01 9.0D-09 0.0D+00 2.0D-09 0.0D+00       18      103       18      180  S
      5      1   4.9926142426892628D-01 9.0D-09 0.0D+00 5.6D-09 0.0D+00       20      122       20      200  S
      5      1   4.9921748929909082D-01 9.0D-09 0.0D+00 2.4D-09 0.0D+00       18      102       18      180  S
      5      1   4.9923336296560406D-01 9.0D-09 0.0D+00 3.7D-09 0.0D+00       20      135       20      200  S
      5      1   4.9926142426904069D-01 9.0D-09 0.0D+00 1.1D-09 0.0D+00       20      125       20      200  S
      5      1   4.9922503264435381D-01 9.0D-09 0.0D+00 5.2D-11 0.0D+00       18      124       18      180  S
      5      1   4.9921748930115595D-01 9.0D-09 0.0D+00 2.9D-09 0.0D+00       20      124       20      200  S
      5      1   4.9926142426420872D-01 9.0D-09 0.0D+00 8.9D-09 0.0D+00       18      108       18      180  S
      5      1   4.9921748930110871D-01 9.0D-09 0.0D+00 8.8D-10 0.0D+00       20      130       20      200  S
      5      1   4.9927489936288583D-01 9.0D-09 0.0D+00 3.0D-09 0.0D+00       19      124       19      190  S
      5      1   4.9921748930108301D-01 9.0D-09 0.0D+00 2.9D-10 0.0D+00       20      125       20      200  S
      5      1   4.9921748930746318D-01 9.0D-09 0.0D+00 1.9D-09 0.0D+00       19      120       19      190  S
      5      1   4.9921748930106846D-01 9.0D-09 0.0D+00 1.2D-09 0.0D+00       20      127       20      200  S
      5      1   4.9923336296558901D-01 9.0D-09 0.0D+00 3.9D-10 0.0D+00       20      136       20      200  S
      5      1   4.9921748929706233D-01 9.0D-09 0.0D+00 8.6D-10 0.0D+00       18      103       18      180  S
      5      1   4.9923336296557930D-01 9.0D-09 0.0D+00 2.0D-09 0.0D+00       20      128       20      200  S
      5      1   4.9921748930106741D-01 9.0D-09 0.0D+00 2.5D-09 0.0D+00       20      122       20      200  S
      5      1   4.9921748929908893D-01 9.0D-09 0.0D+00 2.8D-09 0.0D+00       18      108       18      180  S
      5      1   4.9926587988431997D-01 9.0D-09 0.0D+00 2.0D-09 0.0D+00       20      133       20      200  S
      5      1   4.9926111838153442D-01 9.0D-09 0.0D+00 1.5D-09 0.0D+00       20      122       20      200  S
      5      1   4.9927489936287928D-01 9.0D-09 0.0D+00 3.9D-10 0.0D+00       19      120       19      190  S
      5      1   4.9922503264432588D-01 9.0D-09 0.0D+00 6.4D-10 0.0D+00       18      124       18      180  S
      5      1   4.9923336296559123D-01 9.0D-09 0.0D+00 4.0D-09 0.0D+00       20      122       20      200  S
      5      1   4.9922503264437884D-01 9.0D-09 0.0D+00 2.2D-09 0.0D+00       18      125       18      180  S
      5      1   4.9926142426899195D-01 9.0D-09 0.0D+00 4.6D-09 0.0D+00       20      126       20      200  S
      5      1   4.9923336296556164D-01 9.0D-09 0.0D+00 2.9D-09 0.0D+00       20      141       20      200  S
      5      1   4.9926111837724385D-01 9.0D-09 0.0D+00 4.1D-09 0.0D+00       18      107       18      180  S
      5      1   4.9922503264437418D-01 9.0D-09 0.0D+00 2.3D-10 0.0D+00       18      121       18      180  S
      5      1   4.9921748930103405D-01 9.0D-09 0.0D+00 1.7D-09 0.0D+00       20      125       20      200  S
      5      1   4.9922503264438650D-01 9.0D-09 0.0D+00 6.9D-10 0.0D+00       18      124       18      180  S
      5      1   4.9926142426898157D-01 9.0D-09 0.0D+00 1.8D-09 0.0D+00       20      128       20      200  S
      5      1   4.9926142426900172D-01 9.0D-09 0.0D+00 7.7D-09 0.0D+00       20      138       20      200  S
      5      1   4.9922503264439749D-01 9.0D-09 0.0D+00 3.1D-09 0.0D+00       18      124       18      180  S
      5      1   4.9927489936289510D-01 9.0D-09 0.0D+00 7.1D-10 0.0D+00       19      119       19      190  S
      5      1   4.9926111837749149D-01 9.0D-09 0.0D+00 3.5D-09 0.0D+00       18      111       18      180  S
      5      1   4.9926142426898584D-01 9.0D-09 0.0D+00 3.3D-09 0.0D+00       20      127       20      200  S
      5      1   4.9923336296560733D-01 9.0D-09 0.0D+00 1.2D-09 0.0D+00       20      135       20      200  S
      5      1   4.9922503264433060D-01 9.0D-09 0.0D+00 5.0D-09 0.0D+00       18      128       18      180  S
      5      1   4.9921748930108761D-01 9.0D-09 0.0D+00 3.3D-10 0.0D+00       20      126       20      200  S
      5      1   4.9923336296559129D-01 9.0D-09 0.0D+00 5.1D-10 0.0D+00       20      127       20      200  S
      5      1   4.9922503264435020D-01 9.0D-09 0.0D+00 2.9D-09 0.0D+00       18      125       18      180  S
      5      1   4.9921748929697768D-01 9.0D-09 0.0D+00 3.8D-09 0.0D+00       18      105       18      180  S
      5      1   4.9921748929907278D-01 9.0D-09 0.0D+00 2.2D-09 0.0D+00       18      103       18      180  S
      5      1   4.9921748930744908D-01 9.0D-09 0.0D+00 3.4D-10 0.0D+00       19      119       19      190  S
      5      1   4.9923336296570753D-01 9.0D-09 0.0D+00 5.9D-09 0.0D+00       20      120       20      200  S
      5      1   4.9926142426499576D-01 9.0D-09 0.0D+00 9.3D-10 0.0D+00       18      104       18      180  S
      5      1   4.9926142426496278D-01 9.0D-09 0.0D+00 1.1D-09 0.0D+00       18      102       18      180  S
      5      1   4.9921748929911836D-01 9.0D-09 0.0D+00 3.2D-09 0.0D+00       18      108       18      180  S
      5      1   4.9921748930106713D-01 9.0D-09 0.0D+00 1.9D-09 0.0D+00       20      123       20      200  S
      5      1   4.9926142426905817D-01 9.0D-09 0.0D+00 3.4D-09 0.0D+00       20      125       20      200  S
      5      1   4.9921748929908644D-01 9.0D-09 0.0D+00 2.8D-09 0.0D+00       18      102       18      180  S
      5      1   4.9922503264437268D-01 9.0D-09 0.0D+00 2.6D-09 0.0D+00       18      125       18      180  S
      5      1   4.9926142426900588D-01 9.0D-09 0.0D+00 1.8D-09 0.0D+00       20      129       20      200  S
      5      1   4.9921748929703186D-01 9.0D-09 0.0D+00 7.0D-09 0.0D+00       18      106       18      180  S
      5      1   4.9926111838159165D-01 9.0D-09 0.0D+00 8.8D-10 0.0D+00       20      119       20      200  S
      5      1   4.9926142426897302D-01 9.0D-09 0.0D+00 6.8D-09 0.0D+00       20      127       20      200  S
      5      1   4.9922503264435902D-01 9.0D-09 0.0D+00 1.9D-09 0.0D+00       18      126       18      180  S
      5      1   4.9923336296558246D-01 9.0D-09 0.0D+00 2.6D-10 0.0D+00       20      123       20      200  S
      5      1   4.9926142426901654D-01 9.0D-09 0.0D+00 2.1D-09 0.0D+00       20      128       20      200  S
      5      1   4.9926587988430476D-01 9.0D-09 0.0D+00 3.3D-09 0.0D+00       20      132       20      200  S
      5      1   4.9922503264438300D-01 9.0D-09 0.0D+00 1.3D-09 0.0D+00       18      124       18      180  S
      5      1   4.9926111838152198D-01 9.0D-09 0.0D+00 2.5D-09 0.0D+00       20      120       20      200  S
      5      1   4.9926111837724552D-01 9.0D-09 0.0D+00 2.0D-09 0.0D+00       18      109       18      180  S
      5      1   4.9926142426896225D-01 9.0D-09 0.0D+00 2.6D-09 0.0D+00       20      124       20      200  S
      5      1   4.9921748929902066D-01 9.0D-09 0.0D+00 1.5D-09 0.0D+00       18      106       18      180  S
      5      1   4.9926111837720855D-01 9.0D-09 0.0D+00 2.0D-09 0.0D+00       18      104       18      180  S
      5      1   4.9922503264436169D-01 9.0D-09 0.0D+00 8.6D-10 0.0D+00       18      124       18      180  S
      5      1   4.9923336296556575D-01 9.0D-09 0.0D+00 2.1D-09 0.0D+00       20      124       20      200  S
      5      1   4.9922503264443813D-01 9.0D-09 0.0D+00 1.9D-09 0.0D+00       18      124       18      180  S
      5      1   4.9922503264432000D-01 9.0D-09 0.0D+00 3.2D-09 0.0D+00       18      127       18      180  S
      5      1   4.9921748929720905D-01 9.0D-09 0.0D+00 6.5D-10 0.0D+00       18      108       18      180  S
      5      1   4.9921748930108167D-01 9.0D-09 0.0D+00 3.0D-09 0.0D+00       20      126       20      200  S
      5      1   4.9926111838149295D-01 9.0D-09 0.0D+00 1.4D-10 0.0D+00       20      119       20      200  S
      5      1   4.9921748930104209D-01 9.0D-09 0.0D+00 1.3D-10 0.0D+00       20      122       20      200  S
      5      1   4.9921748930746385D-01 9.0D-09 0.0D+00 2.1D-09 0.0D+00       19      111       19      190  S
      5      1   4.9922503264440260D-01 9.0D-09 0.0D+00 4.2D-09 0.0D+00       18      127       18      180  S
      5      1   4.9921748930110077D-01 9.0D-09 0.0D+00 4.3D-10 0.0D+00       20      126       20      200  S
      5      1   4.9926142426900372D-01 9.0D-09 0.0D+00 2.6D-09 0.0D+00       20      125       20      200  S
      5      1   4.9926142426892778D-01 9.0D-09 0.0D+00 9.5D-09 0.0D+00       20      128       20      200  S
      5      1   4.9926111837727688D-01 9.0D-09 0.0D+00 8.3D-10 0.0D+00       18      113       18      180  S
      5      1   4.9923336296561222D-01 9.0D-09 0.0D+00 4.5D-09 0.0D+00       20      126       20      200  S
      5      1   4.9926142426496001D-01 9.0D-09 0.0D+00 4.4D-09 0.0D+00       18      102       18      180  S
      5      1   4.9926142426420633D-01 9.0D-09 0.0D+00 1.6D-09 0.0D+00       18      119       18      180  S
      5      1   4.9926142426900261D-01 9.0D-09 0.0D+00 9.4D-09 0.0D+00       20      128       20      200  S
      5      1   4.9927489936295472D-01 9.0D-09 0.0D+00 1.8D-09 0.0D+00       19      123       19      190  S
      5      1   4.9921748929904275D-01 9.0D-09 0.0D+00 3.7D-09 0.0D+00       18      104       18      180  S
      5      1   4.9923336296561971D-01 9.0D-09 0.0D+00 2.4D-09 0.0D+00       20      126       20      200  S
      5      1   4.9923336296561782D-01 9.0D-09 0.0D+00 8.9D-10 0.0D+00       20      138       20      200  S
      5      1   4.9926111838155207D-01 9.0D-09 0.0D+00 1.7D-09 0.0D+00       20      120       20      200  S
      5      1   4.9923336296563092D-01 9.0D-09 0.0D+00 5.2D-09 0.0D+00       20      135       20      200  S
      5      1   4.9926142426897635D-01 9.0D-09 0.0D+00 3.1D-09 0.0D+00       20      122       20      200  S
      5      1   4.9926142426899922D-01 9.0D-09 0.0D+00 5.4D-09 0.0D+00       20      126       20      200  S
      5      1   4.9921748929911908D-01 9.0D-09 0.0D+00 5.9D-09 0.0D+00       18      108       18      180  S
      5      1   4.9921748930741128D-01 9.0D-09 0.0D+00 1.7D-09 0.0D+00       19      120       19      190  S
      5      1   4.9921748930750159D-01 9.0D-09 0.0D+00 1.3D-09 0.0D+00       19      115       19      190  S
      5      1   4.9926111837722564D-01 9.0D-09 0.0D+00 6.0D-09 0.0D+00       18      101       18      180  S
      5      1   4.9926111837725673D-01 9.0D-09 0.0D+00 2.0D-09 0.0D+00       18      108       18      180  S
      5      1   4.9921748929909182D-01 9.0D-09 0.0D+00 2.9D-09 0.0D+00       18      101       18      180  S
      5      1   5.0004083142843980D-01 1.0D-08 0.0D+00 2.0D-06 0.0D+00       21      155       21      210  S
      5      1   4.9921748930745535D-01 9.0D-09 0.0D+00 2.4D-10 0.0D+00       19      115       19      190  S
      5      1   4.9926142426418785D-01 9.0D-09 0.0D+00 1.4D-09 0.0D+00       18      111       18      180  S
      5      1   4.9921748929718612D-01 9.0D-09 0.0D+00 8.9D-10 0.0D+00       18      110       18      180  S
      5      1   4.9922503264439244D-01 9.0D-09 0.0D+00 2.0D-10 0.0D+00       18      123       18      180  S
      5      1   4.9921748929903853D-01 9.0D-09 0.0D+00 5.5D-10 0.0D+00       18      111       18      180  S
      5      1   4.9926142426980374D-01 9.0D-09 0.0D+00 4.8D-09 0.0D+00       18      114       18      180  S
      5      1   4.9926142426894732D-01 9.0D-09 0.0D+00 1.2D-09 0.0D+00       20      125       20      200  S
      5      1   4.9926142426421355D-01 9.0D-09 0.0D+00 8.4D-09 0.0D+00       18      107       18      180  S
      5      1   4.9922503264441109D-01 9.0D-09 0.0D+00 3.1D-09 0.0D+00       18      125       18      180  S
      5      1   4.9926142426491033D-01 9.0D-09 0.0D+00 3.7D-09 0.0D+00       18      101       18      180  S
      5      1   4.9926587988428500D-01 9.0D-09 0.0D+00 7.0D-10 0.0D+00       20      132       20      200  S
      5      1   4.9927489936289177D-01 9.0D-09 0.0D+00 3.6D-09 0.0D+00       19      125       19      190  S
      5      1   4.9926142426898451D-01 9.0D-09 0.0D+00 5.0D-09 0.0D+00       20      128       20      200  S
      5      1   4.9922503264440332D-01 9.0D-09 0.0D+00 1.1D-09 0.0D+00       18      124       18      180  S
      5      1   4.9926142426411174D-01 9.0D-09 0.0D+00 6.7D-09 0.0D+00       18      112       18      180  S
      5      1   4.9922503264432971D-01 9.0D-09 0.0D+00 1.7D-09 0.0D+00       18      128       18      180  S
      5      1   4.9923336296559473D-01 9.0D-09 0.0D+00 4.2D-09 0.0D+00       20      127       20      200  S
      5      1   4.9921748929908588D-01 9.0D-09 0.0D+00 4.3D-09 0.0D+00       18      102       18      180  S
      5      1   4.9921748930105875D-01 9.0D-09 0.0D+00 1.9D-09 0.0D+00       20      124       20      200  S
      5      1   4.9921748930111681D-01 9.0D-09 0.0D+00 2.9D-09 0.0D+00       20      126       20      200  S
      5      1   4.9923336296559112D-01 9.0D-09 0.0D+00 2.0D-09 0.0D+00       20      138       20      200  S
      5      1   4.9926111838119314D-01 9.0D-09 0.0D+00 3.5D-09 0.0D+00       20      126       20      200  S
      5      1   4.9923336296557896D-01 9.0D-09 0.0D+00 8.3D-09 0.0D+00       20      125       20      200  S
      5      1   4.9923336296559495D-01 9.0D-09 0.0D+00 1.3D-09 0.0D+00       20      123       20      200  S
      5      1   4.9921748930743332D-01 9.0D-09 0.0D+00 5.2D-09 0.0D+00       19      118       19      190  S
      5      1   4.9921748929717152D-01 9.0D-09 0.0D+00 1.4D-09 0.0D+00       18      112       18      180  S
      5      1   4.9921748929908949D-01 9.0D-09 0.0D+00 2.8D-09 0.0D+00       18      100       18      180  S
      5      1   4.9923336296559140D-01 9.0D-09 0.0D+00 1.7D-09 0.0D+00       20      127       20      200  S
      5      1   4.9923336296558024D-01 9.0D-09 0.0D+00 2.6D-09 0.0D+00       20      125       20      200  S
      5      1   4.9923336296559345D-01 9.0D-09 0.0D+00 1.5D-10 0.0D+00       20      126       20      200  S
      5      1   4.9923336296558318D-01 9.0D-09 0.0D+00 2.6D-09 0.0D+00       20      126       20      200  S
      5      1   4.9921748930747412D-01 9.0D-09 0.0D+00 2.8D-09 0.0D+00       19      115       19      190  S
      5      1   4.9921748930107640D-01 9.0D-09 0.0D+00 2.3D-09 0.0D+00       20      126       20      200  S
      5      1   4.9921748930103615D-01 9.0D-09 0.0D+00 2.7D-09 0.0D+00       20      126       20      200  S
      5      1   4.9926587988430005D-01 9.0D-09 0.0D+00 2.5D-09 0.0D+00       20      131       20      200  S
      5      1   4.9926142426898185D-01 9.0D-09 0.0D+00 6.6D-09 0.0D+00       20      127       20      200  S
      5      1   4.9926142426897441D-01 9.0D-09 0.0D+00 2.1D-09 0.0D+00       20      127       20      200  S
      5      1   4.9921748929903037D-01 9.0D-09 0.0D+00 2.0D-09 0.0D+00       18      105       18      180  S
      5      1   4.9922503264440571D-01 9.0D-09 0.0D+00 3.1D-09 0.0D+00       18      120       18      180  S
      5      1   4.9926142426899661D-01 9.0D-09 0.0D+00 2.1D-09 0.0D+00       20      129       20      200  S
      5      1   4.9923336296558851D-01 9.0D-09 0.0D+00 1.6D-09 0.0D+00       20      122       20      200  S
      5      1   4.9921748930749726D-01 9.0D-09 0.0D+00 5.1D-10 0.0D+00       19      115       19      190  S
      5      1   4.9923336296564252D-01 9.0D-09 0.0D+00 5.6D-09 0.0D+00       20      124       20      200  S
      5      1   4.9923336296561616D-01 9.0D-09 0.0D+00 4.3D-09 0.0D+00       20      124       20      200  S
      5      1   4.9921748929719512D-01 9.0D-09 0.0D+00 4.8D-09 0.0D+00       18      104       18      180  S
      5      1   4.9922503264434259D-01 9.0D-09 0.0D+00 1.7D-09 0.0D+00       18      124       18      180  S
      5      1   4.9922503264436535D-01 9.0D-09 0.0D+00 1.3D-09 0.0D+00       18      123       18      180  S
      5      1   4.9921748929706533D-01 9.0D-09 0.0D+00 7.0D-09 0.0D+00       18      105       18      180  S
      5      1   4.9927489936293407D-01 9.0D-09 0.0D+00 6.6D-09 0.0D+00       19      125       19      190  S
      5      1   4.9926142426497272D-01 9.0D-09 0.0D+00 3.7D-09 0.0D+00       18      104       18      180  S
      5      1   4.9922503264436685D-01 9.0D-09 0.0D+00 3.1D-09 0.0D+00       18      124       18      180  S
      5      1   4.9921748930112098D-01 9.0D-09 0.0D+00 2.0D-09 0.0D+00       20      127       20      200  S
      5      1   4.9921748930746274D-01 9.0D-09 0.0D+00 7.0D-09 0.0D+00       19      120       19      190  S
      5      1   4.9921748930742754D-01 9.0D-09 0.0D+00 2.4D-09 0.0D+00       19      119       19      190  S
      5      1   4.9926142426898368D-01 9.0D-09 0.0D+00 4.0D-10 0.0D+00       20      126       20      200  S
      5      1   4.9922503264437329D-01 9.0D-09 0.0D+00 4.8D-09 0.0D+00       18      124       18      180  S
      5      1   4.9926587988427634D-01 9.0D-09 0.0D+00 5.7D-10 0.0D+00       20      132       20      200  S
      5      1   4.9921748930107895D-01 9.0D-09 0.0D+00 2.1D-09 0.0D+00       20      123       20      200  S
      5      1   4.9922503264439883D-01 9.0D-09 0.0D+00 2.9D-09 0.0D+00       18      123       18      180  S
      5      1   4.9922503264435342D-01 9.0D-09 0.0D+00 1.9D-10 0.0D+00       18      124       18      180  S
      5      1   4.9921748930110305D-01 9.0D-09 0.0D+00 6.8D-09 0.0D+00       20      127       20      200  S
      5      1   4.9921748930742477D-01 9.0D-09 0.0D+00 2.6D-09 0.0D+00       19      120       19      190  S
      5      1   4.9927489936289310D-01 9.0D-09 0.0D+00 3.1D-09 0.0D+00       19      124       19      190  S
      5      1   4.9926142426978493D-01 9.0D-09 0.0D+00 2.8D-09 0.0D+00       18      120       18      180  S
      5      1   4.9926142426500331D-01 9.0D-09 0.0D+00 2.8D-09 0.0D+00       18      104       18      180  S
      5      1   4.9921748930107585D-01 9.0D-09 0.0D+00 1.6D-09 0.0D+00       20      122       20      200  S
      5      1   4.9921748929910570D-01 9.0D-09 0.0D+00 1.1D-09 0.0D+00       18      106       18      180  S
      5      1   4.9921748930112164D-01 9.0D-09 0.0D+00 3.5D-09 0.0D+00       20      125       20      200  S
      5      1   4.9921748929707976D-01 9.0D-09 0.0D+00 4.2D-09 0.0D+00       18      105       18      180  S
      5      1   4.9922503264440510D-01 9.0D-09 0.0D+00 6.8D-09 0.0D+00       18      122       18      180  S
      5      1   4.9926111838153575D-01 9.0D-09 0.0D+00 1.7D-09 0.0D+00       20      122       20      200  S
      5      1   4.9926587988430754D-01 9.0D-09 0.0D+00 4.5D-09 0.0D+00       20      130       20      200  S
      5      1   4.9922503264433543D-01 9.0D-09 0.0D+00 5.1D-09 0.0D+00       18      128       18      180  S
      5      1   4.9927489936293662D-01 9.0D-09 0.0D+00 5.3D-09 0.0D+00       19      124       19      190  S
      5      1   4.9921748930146742D-01 9.0D-09 0.0D+00 2.4D-09 0.0D+00       20      131       20      200  S
      5      1   4.9922503264439211D-01 9.0D-09 0.0D+00 7.6D-10 0.0D+00       18      122       18      180  S
      5      1   4.9923336296558612D-01 9.0D-09 0.0D+00 2.2D-09 0.0D+00       20      124       20      200  S
      5      1   4.9923336296561532D-01 9.0D-09 0.0D+00 9.4D-10 0.0D+00       20      139       20      200  S
      5      1   4.9923336296559612D-01 9.0D-09 0.0D+00 5.8D-09 0.0D+00       20      123       20      200  S
      5      1   4.9921748929908677D-01 9.0D-09 0.0D+00 2.6D-09 0.0D+00       18      102       18      180  S
      5      1   4.9926111837718351D-01 9.0D-09 0.0D+00 6.9D-09 0.0D+00       18      112       18      180  S
      5      1   4.9926142426495218D-01 9.0D-09 0.0D+00 6.3D-10 0.0D+00       18      104       18      180  S
      5      1   4.9926142426898645D-01 9.0D-09 0.0D+00 6.3D-09 0.0D+00       20      131       20      200  S
      5      1   4.9926142426899767D-01 9.0D-09 0.0D+00 7.3D-10 0.0D+00       20      130       20      200  S
      5      1   4.9926142426901199D-01 9.0D-09 0.0D+00 2.6D-09 0.0D+00       20      125       20      200  S
      5      1   4.9921748930751125D-01 9.0D-09 0.0D+00 4.8D-10 0.0D+00       19      113       19      190  S
      5      1   4.9923336296556808D-01 9.0D-09 0.0D+00 2.2D-09 0.0D+00       20      124       20      200  S
      5      1   4.9926142426899717D-01 9.0D-09 0.0D+00 2.2D-09 0.0D+00       20      128       20      200  S
      5      1   4.9926142426895431D-01 9.0D-09 0.0D+00 8.5D-10 0.0D+00       20      132       20      200  S
      5      1   4.9926142426902326D-01 9.0D-09 0.0D+00 7.8D-10 0.0D+00       20      129       20      200  S
      5      1   4.9921748930747145D-01 9.0D-09 0.0D+00 3.3D-09 0.0D+00       19      114       19      190  S
      5      1   4.9927489936289626D-01 9.0D-09 0.0D+00 1.3D-09 0.0D+00       19      123       19      190  S
      5      1   4.9923336296569232D-01 9.0D-09 0.0D+00 3.7D-09 0.0D+00       20      121       20      200  S
      5      1   4.9926142426490994D-01 9.0D-09 0.0D+00 9.3D-10 0.0D+00       18      108       18      180  S
      5      1   4.9927489936292646D-01 9.0D-09 0.0D+00 2.3D-09 0.0D+00       19      126       19      190  S
      5      1   4.9926142426977377D-01 9.0D-09 0.0D+00 6.2D-09 0.0D+00       18      115       18      180  S
      5      1   4.9926142426901088D-01 9.0D-09 0.0D+00 1.3D-10 0.0D+00       20      128       20      200  S
      5      1   4.9926142426977910D-01 9.0D-09 0.0D+00 2.7D-09 0.0D+00       18      109       18      180  S
      5      1   4.9922503264441331D-01 9.0D-09 0.0D+00 4.2D-09 0.0D+00       18      123       18      180  S
      5      1   4.9923336296560894D-01 9.0D-09 0.0D+00 3.8D-09 0.0D+00       20      125       20      200  S
      5      1   4.9926142426976422D-01 9.0D-09 0.0D+00 2.8D-09 0.0D+00       18      116       18      180  S
      5      1   4.9921748929907139D-01 9.0D-09 0.0D+00 2.5D-09 0.0D+00       18      105       18      180  S
      5      1   4.9926111838157011D-01 9.0D-09 0.0D+00 1.0D-09 0.0D+00       20      119       20      200  S
      5      1   4.9926111838151876D-01 9.0D-09 0.0D+00 2.2D-09 0.0D+00       20      116       20      200  S
      5      1   4.9923336296570603D-01 9.0D-09 0.0D+00 6.2D-09 0.0D+00       20      122       20      200  S
      5      1   4.9923336296569742D-01 9.0D-09 0.0D+00 3.3D-09 0.0D+00       20      121       20      200  S
