      3   0.00    0.00    0.00   5.0004175813990903D-01 8.1D-09 0.0D+00 7.3D-09 0.0D+00       19       95       19      190     125     274     285     274     285   0.06     0    0      1  BR
      3   0.00    0.00    0.00   5.0004164245864335D-01 8.3D-09 0.0D+00 1.3D-09 0.0D+00       19       95       19      190     129     274     289     274     285   0.06     0    0      2  BR
      3   0.00    0.00    0.00   5.0004083140473032D-01 1.0D-08 0.0D+00 2.0D-06 0.0D+00       21      113       21      210     160     310     336     310     323   0.06     0    0      3  BR
      3      1   5.0004083140474909D-01 1.0D-08 0.0D+00 2.0D-06 0.0D+00       21      112       21      210  S
      3      1   5.0004083140465405D-01 1.0D-08 0.0D+00 2.0D-06 0.0D+00       21      107       21      210  S
      3      1   5.0004083140465694D-01 1.0D-08 0.0D+00 2.0D-06 0.0D+00       21      109       21      210  S
      3      1   5.0004088844499650D-01 9.8D-09 0.0D+00 1.9D-06 0.0D+00       21      108       21      203  S
      3      1   5.0004089286202258D-01 9.8D-09 0.0D+00 1.9D-06 0.0D+00       20       98       20      193  S
      3      1   5.0004083140474587D-01 1.0D-08 0.0D+00 2.0D-06 0.0D+00       21      110       21      210  S
      3      1   5.0004083140473388D-01 1.0D-08 0.0D+00 2.0D-06 0.0D+00       21      106       21      210  S
      3      1   5.0004083140574529D-01 1.0D-08 0.0D+00 2.0D-06 0.0D+00       20       99       20      200  S
      3      1   5.0004083140563516D-01 1.0D-08 0.0D+00 2.0D-06 0.0D+00       21      111       21      210  S
      3      1   5.0004083140578270D-01 1.0D-08 0.0D+00 2.0D-06 0.0D+00       21      109       21      210  S
      3      1   5.0004083140474453D-01 1.0D-08 0.0D+00 2.0D-06 0.0D+00       21      113       21      210  S
      3      1   5.0004120422087450D-01 9.2D-09 0.0D+00 4.3D-09 0.0D+00       19       91       19      190  S
      3      1   5.0004083140471156D-01 1.0D-08 0.0D+00 2.0D-06 0.0D+00       21      109       21      210  S
      3      1   5.0004083140464839D-01 1.0D-08 0.0D+00 2.0D-06 0.0D+00       22      123       22      220  S
      3      1   5.0004083140572431D-01 1.0D-08 0.0D+00 2.0D-06 0.0D+00       20      101       20      200  S
      3      1   5.0004083140573907D-01 1.0D-08 0.0D+00 2.0D-06 0.0D+00       20       99       20      200  S
      3      1   5.0004083140569766D-01 1.0D-08 0.0D+00 2.0D-06 0.0D+00       20       99       20      200  S
      3      1   5.0004083140472855D-01 1.0D-08 0.0D+00 2.0D-06 0.0D+00       21      111       21      210  S
      3      1   5.0004161261124969D-01 8.4D-09 0.0D+00 5.1D-09 0.0D+00       19       94       19      190  S
      3      1   5.0004083140469890D-01 1.0D-08 0.0D+00 2.0D-06 0.0D+00       21      120       21      210  S
      3      1   5.0004083140564937D-01 1.0D-08 0.0D+00 2.0D-06 0.0D+00       21      114       21      210  S
      3      1   5.0004147992744619D-01 8.6D-09 0.0D+00 5.9D-10 0.0D+00       19       90       19      190  S
      3      1   5.0004083140473898D-01 1.0D-08 0.0D+00 2.0D-06 0.0D+00       21      106       21      210  S
      3      1   5.0004083140471378D-01 1.0D-08 0.0D+00 2.0D-06 0.0D+00       21      105       21      210  S
      3      1   5.0004083140473632D-01 1.0D-08 0.0D+00 2.0D-06 0.0D+00       21      112       21      210  S
      3      1   5.0004083140475364D-01 1.0D-08 0.0D+00 2.0D-06 0.0D+00       22      120       22      220  S
      3      1   5.0004083140568834D-01 1.0D-08 0.0D+00 2.0D-06 0.0D+00       21      114       21      210  S
      3      1   5.0004118707549028D-01 9.2D-09 0.0D+00 7.9D-09 0.0D+00       19       93       19      190  S
      3      1   5.0004184256907425D-01 7.9D-09 0.0D+00 9.0D-09 0.0D+00       19       92       19      190  S
      3      1   5.0004083140570377D-01 1.0D-08 0.0D+00 2.0D-06 0.0D+00       20      101       20      200  S
      3      1   5.0004083140569999D-01 1.0D-08 0.0D+00 2.0D-06 0.0D+00       20      101       20      200  S
      3      1   5.0004083140575295D-01 1.0D-08 0.0D+00 2.0D-06 0.0D+00       20      102       20      200  S
      3      1   5.0004083140574818D-01 1.0D-08 0.0D+00 2.0D-06 0.0D+00       20       97       20      200  S
      3      1   5.0004083140570232D-01 1.0D-08 0.0D+00 2.0D-06 0.0D+00       20       97       20      200  S
      3      1   5.0004159843796936D-01 8.4D-09 0.0D+00 4.1D-09 0.0D+00       19       96       19      190  S
      3      1   5.0004083140579936D-01 1.0D-08 0.0D+00 2.0D-06 0.0D+00       21      112       21      210  S
      3      1   5.0004083140569966D-01 1.0D-08 0.0D+00 2.0D-06 0.0D+00       20       97       20      200  S
      3      1   5.0004083140570132D-01 1.0D-08 0.0D+00 2.0D-06 0.0D+00       20      100       20      200  S
      3      1   5.0004083140566868D-01 1.0D-08 0.0D+00 2.0D-06 0.0D+00       20      100       20      200  S
      3      1   5.0004083140572919D-01 1.0D-08 0.0D+00 2.0D-06 0.0D+00       20       97       20      200  S
      3      1   5.0004083140574440D-01 1.0D-08 0.0D+00 2.0D-06 0.0D+00       20       98       20      200  S
      3      1   5.0004083140567956D-01 1.0D-08 0.0D+00 2.0D-06 0.0D+00       20      101       20      200  S
      3      1   5.0004083140472255D-01 1.0D-08 0.0D+00 2.0D-06 0.0D+00       21      108       21      210  S
      3      1   5.0004116979560009D-01 9.2D-09 0.0D+00 8.2D-09 0.0D+00       19       91       19      190  S
      3      1   5.0004086534995107D-01 9.9D-09 0.0D+00 2.0D-06 0.0D+00       20       98       20      193  S
      3      1   5.0004089589244050D-01 9.8D-09 0.0D+00 1.9D-06 0.0D+00       20      103       20      193  S
      3      1   5.0004092576028636D-01 9.8D-09 0.0D+00 1.9D-06 0.0D+00       20       97       20      200  S
      3      1   5.0004083909180486D-01 9.9D-09 0.0D+00 2.5D-09 0.0D+00       19       89       19      190  S
      3      1   5.0004086976865847D-01 9.9D-09 0.0D+00 4.0D-09 0.0D+00       19       91       19      190  S
      3      1   5.0004082683478235D-01 1.0D-08 0.0D+00 2.5D-09 0.0D+00       19       90       19      190  S
      3      1   5.0004140565409216D-01 8.8D-09 0.0D+00 8.0D-09 0.0D+00       19       96       19      190  S
      3      1   5.0004126842287044D-01 9.0D-09 0.0D+00 2.7D-09 0.0D+00       19       89       19      190  S
      3      1   5.0004083140572753D-01 1.0D-08 0.0D+00 2.0D-06 0.0D+00       20       99       20      200  S
      3      1   5.0004144963895270D-01 8.7D-09 0.0D+00 2.9D-10 0.0D+00       19       95       19      190  S
      3      1   5.0004083140576439D-01 1.0D-08 0.0D+00 2.0D-06 0.0D+00       20      101       20      200  S
      3      1   5.0004083140567301D-01 1.0D-08 0.0D+00 2.0D-06 0.0D+00       20       97       20      200  S
      3      1   5.0004130608124353D-01 9.0D-09 0.0D+00 1.0D-08 0.0D+00       19       96       19      190  S
      3      1   5.0004083140468991D-01 1.0D-08 0.0D+00 2.0D-06 0.0D+00       21      109       21      210  S
      3      1   5.0004083140468969D-01 1.0D-08 0.0D+00 2.0D-06 0.0D+00       21      110       21      210  S
      3      1   5.0004083140574018D-01 1.0D-08 0.0D+00 2.0D-06 0.0D+00       20       97       20      200  S
      3      1   5.0004120693102105D-01 9.2D-09 0.0D+00 6.7D-09 0.0D+00       19       89       19      190  S
      3      1   5.0004123271574896D-01 9.1D-09 0.0D+00 6.4D-10 0.0D+00       19       93       19      190  S
      3      1   5.0004125820066758D-01 9.1D-09 0.0D+00 2.6D-10 0.0D+00       19       93       19      190  S
      3      1   5.0004128339200116D-01 9.0D-09 0.0D+00 1.6D-09 0.0D+00       19       92       19      190  S
      3      1   5.0004130829549831D-01 9.0D-09 0.0D+00 7.2D-09 0.0D+00       19       92       19      190  S
      3      1   5.0004092417117929D-01 9.8D-09 0.0D+00 1.9D-06 0.0D+00       20       94       20      200  S
      3      1   5.0004156980391212D-01 8.4D-09 0.0D+00 1.6D-09 0.0D+00       19       92       19      190  S
      3      1   5.0004138133694487D-01 8.8D-09 0.0D+00 4.6D-09 0.0D+00       19       94       19      190  S
      3      1   5.0004140514595685D-01 8.8D-09 0.0D+00 9.9D-09 0.0D+00       19       94       19      190  S
      3      1   5.0004142869449220D-01 8.7D-09 0.0D+00 7.8D-10 0.0D+00       19       96       19      190  S
      3      1   5.0004145198760930D-01 8.7D-09 0.0D+00 7.7D-09 0.0D+00       19       91       19      190  S
      3      1   5.0004147502874186D-01 8.6D-09 0.0D+00 4.9D-09 0.0D+00       19       95       19      190  S
      3      1   5.0004149782315255D-01 8.6D-09 0.0D+00 3.9D-09 0.0D+00       19       93       19      190  S
      3      1   5.0004083140473410D-01 1.0D-08 0.0D+00 2.0D-06 0.0D+00       21      111       21      210  S
      3      1   5.0004083140573374D-01 1.0D-08 0.0D+00 2.0D-06 0.0D+00       20       96       20      200  S
      3      1   5.0004156477753536D-01 8.5D-09 0.0D+00 2.3D-09 0.0D+00       19       93       19      190  S
      3      1   5.0004158663389753D-01 8.4D-09 0.0D+00 2.9D-09 0.0D+00       19       96       19      190  S
      3      1   5.0004160826643351D-01 8.4D-09 0.0D+00 2.7D-09 0.0D+00       19       94       19      190  S
      3      1   5.0004162967389298D-01 8.3D-09 0.0D+00 9.9D-09 0.0D+00       18       89       18      180  S
      3      1   5.0004165087599572D-01 8.3D-09 0.0D+00 2.0D-09 0.0D+00       19       93       19      190  S
      3      1   5.0004181664746528D-01 8.0D-09 0.0D+00 2.4D-09 0.0D+00       19       93       19      190  S
      3      1   5.0004090455821004D-01 9.8D-09 0.0D+00 1.9D-06 0.0D+00       22      116       22      220  S
      3      1   5.0004117444153895D-01 9.2D-09 0.0D+00 6.0D-09 0.0D+00       19       91       19      190  S
      3      1   5.0004165353879104D-01 8.3D-09 0.0D+00 4.0D-10 0.0D+00       19       94       19      190  S
      3      1   5.0004132587188244D-01 8.9D-09 0.0D+00 7.6D-09 0.0D+00       19       95       19      190  S
      3      1   5.0004118334876735D-01 9.2D-09 0.0D+00 9.6D-09 0.0D+00       19       93       19      190  S
      3      1   5.0004172580767470D-01 8.1D-09 0.0D+00 3.1D-09 0.0D+00       19       95       19      190  S
      3      1   5.0004086554359106D-01 9.9D-09 0.0D+00 6.9D-09 0.0D+00       19       94       19      190  S
      3      1   5.0004181583794738D-01 8.0D-09 0.0D+00 2.8D-09 0.0D+00       19       96       19      190  S
      3      1   5.0004083140469124D-01 1.0D-08 0.0D+00 2.0D-06 0.0D+00       21      110       21      210  S
      3      1   5.0004083140569333D-01 1.0D-08 0.0D+00 2.0D-06 0.0D+00       21      121       21      210  S
      3      1   5.0004083140474576D-01 1.0D-08 0.0D+00 2.0D-06 0.0D+00       22      114       22      220  S
      3      1   5.0004083140469746D-01 1.0D-08 0.0D+00 2.0D-06 0.0D+00       21      111       21      210  S
      3      1   5.0004083140465161D-01 1.0D-08 0.0D+00 2.0D-06 0.0D+00       21      111       21      210  S
      3      1   5.0004083140468714D-01 1.0D-08 0.0D+00 2.0D-06 0.0D+00       21      110       21      210  S
      3      1   5.0004083140478039D-01 1.0D-08 0.0D+00 2.0D-06 0.0D+00       22      123       22      220  S
      3      1   5.0004083140471167D-01 1.0D-08 0.0D+00 2.0D-06 0.0D+00       21      110       21      210  S
