     13   0.00    0.00    0.00   2.7809642305343152D-01 6.1D-09 0.0D+00 9.3D-09 0.0D+00       22      127       22      220     181     334     369     334     347   0.22     0    0      1  BR
     13      1   2.9328684592492466D-01 7.4D-09 0.0D+00 1.1D-09 0.0D+00       22      137       22      220  S
     13      1   2.7809642305345134D-01 6.1D-09 0.0D+00 2.8D-09 0.0D+00       22      133       22      220  S
     13      1   2.9328684592424054D-01 7.4D-09 0.0D+00 8.0D-08 0.0D+00       24      160       24      240  S
     13   0.00    0.00    0.00   2.7809533259730956D-01 6.1D-09 0.0D+00 8.1D-09 0.0D+00       22      120       22      220     175     333     366     333     340   0.29     0    0      5  BR
     13      1   2.9328684592469001D-01 7.4D-09 0.0D+00 1.4D-09 0.0D+00       21      135       21      210  S
     13      1   2.7809774595928599D-01 6.1D-09 0.0D+00 4.1D-09 0.0D+00       22      124       22      220  S
     13      1   2.7809533259728436D-01 6.1D-09 0.0D+00 1.7D-08 0.0D+00       23      129       23      230  S
     13      1   2.9329234676951116D-01 7.4D-09 0.0D+00 2.3D-07 0.0D+00       23      133       23      230  S
     13      1   2.7809991511463961D-01 6.1D-09 0.0D+00 3.2D-09 0.0D+00       22      143       22      220  S
     13      1   2.7809774595909081D-01 6.1D-09 0.0D+00 2.3D-09 0.0D+00       21      115       21      210  S
     13      1   2.9328684592549586D-01 7.4D-09 0.0D+00 6.0D-09 0.0D+00       21      134       21      210  S
     13      1   2.7809533259744390D-01 6.1D-09 0.0D+00 6.8D-10 0.0D+00       22      125       22      220  S
     13      1   2.9328684592480753D-01 7.4D-09 0.0D+00 2.9D-09 0.0D+00       21      141       21      210  S
     13      1   2.9328684592551690D-01 7.4D-09 0.0D+00 8.7D-09 0.0D+00       22      150       22      220  S
     13      1   2.9328684592148330D-01 7.4D-09 0.0D+00 2.6D-07 0.0D+00       24      150       24      240  S
     13      1   2.9328684592031584D-01 7.4D-09 0.0D+00 2.8D-07 0.0D+00       23      165       23      230  S
     13      1   2.9328684592525223D-01 7.4D-09 0.0D+00 9.6D-09 0.0D+00       21      139       21      210  S
     13      1   2.9328684592529503D-01 7.4D-09 0.0D+00 6.9D-09 0.0D+00       22      139       22      220  S
     13      1   2.7809533259728686D-01 6.1D-09 0.0D+00 9.4D-09 0.0D+00       22      121       22      220  S
     13      1   2.9328684592501147D-01 7.4D-09 0.0D+00 5.7D-09 0.0D+00       22      152       22      220  S
     13      1   2.7809533259715169D-01 6.1D-09 0.0D+00 9.2D-09 0.0D+00       21      117       21      210  S
     13      1   2.7809642305322246D-01 6.1D-09 0.0D+00 6.1D-09 0.0D+00       21      116       21      210  S
     13      1   2.9329234676847044D-01 7.4D-09 0.0D+00 3.2D-07 0.0D+00       23      156       23      230  S
     13      1   2.7809642305319521D-01 6.1D-09 0.0D+00 8.0D-09 0.0D+00       21      112       21      210  S
     13      1   2.7809642305363996D-01 6.1D-09 0.0D+00 1.7D-09 0.0D+00       22      127       22      220  S
     13      1   2.7809642305318361D-01 6.1D-09 0.0D+00 1.0D-09 0.0D+00       21      108       21      210  S
     13      1   2.7810360998169126D-01 6.1D-09 0.0D+00 4.9D-10 0.0D+00       22      135       22      220  S
     13      1   2.7809642305325422D-01 6.1D-09 0.0D+00 1.2D-09 0.0D+00       21      113       21      210  S
     13      1   2.7809533259723229D-01 6.1D-09 0.0D+00 9.8D-09 0.0D+00       22      135       22      220  S
     13      1   2.9329234677287069D-01 7.4D-09 0.0D+00 1.4D-08 0.0D+00       22      163       22      220  S
     13      1   2.7810352851344916D-01 6.1D-09 0.0D+00 6.4D-09 0.0D+00       22      123       22      220  S
     13      1   2.7809533259728841D-01 6.1D-09 0.0D+00 3.4D-10 0.0D+00       22      122       22      220  S
     13      1   2.7809774620158811D-01 6.1D-09 0.0D+00 5.3D-09 0.0D+00       21      116       21      210  S
     13      1   2.9329234677268984D-01 7.4D-09 0.0D+00 5.5D-09 0.0D+00       21      149       21      210  S
     13      1   2.9328684592519372D-01 7.4D-09 0.0D+00 9.0D-09 0.0D+00       22      139       22      220  S
     13      1   2.9328684592528365D-01 7.4D-09 0.0D+00 9.5D-09 0.0D+00       22      168       22      220  S
     13      1   2.9328684592127335D-01 7.4D-09 0.0D+00 2.7D-07 0.0D+00       23      156       23      230  S
     13      1   2.9328684592453191D-01 7.4D-09 0.0D+00 5.4D-09 0.0D+00       21      141       21      210  S
     13      1   2.9328684592561755D-01 7.4D-09 0.0D+00 6.3D-10 0.0D+00       22      170       22      220  S
     13      1   2.9328684592040288D-01 7.4D-09 0.0D+00 3.2D-07 0.0D+00       23      151       23      230  S
     13      1   2.7809533259695202D-01 6.1D-09 0.0D+00 1.2D-09 0.0D+00       21      109       21      210  S
     13      1   2.9328684591979071D-01 7.4D-09 0.0D+00 3.2D-07 0.0D+00       22      155       22      220  S
     13      1   2.9328684592549492D-01 7.4D-09 0.0D+00 9.9D-09 0.0D+00       21      148       21      210  S
     13      1   2.9328684592537529D-01 7.4D-09 0.0D+00 4.2D-09 0.0D+00       22      149       22      220  S
     13      1   2.9328684592486276D-01 7.4D-09 0.0D+00 2.0D-08 0.0D+00       22      154       22      220  S
     13      1   2.9328684592454141D-01 7.4D-09 0.0D+00 2.3D-09 0.0D+00       21      149       21      210  S
     13      1   2.7809533259697411D-01 6.1D-09 0.0D+00 6.2D-09 0.0D+00       21      112       21      210  S
     13      1   2.7809642305334475D-01 6.1D-09 0.0D+00 8.7D-09 0.0D+00       22      117       22      220  S
     13      1   2.9329234677314886D-01 7.4D-09 0.0D+00 1.2D-09 0.0D+00       22      142       22      220  S
     13      1   2.7809533259727404D-01 6.1D-09 0.0D+00 9.9D-09 0.0D+00       22      129       22      220  S
     13      1   2.7809774620152300D-01 6.1D-09 0.0D+00 5.4D-09 0.0D+00       21      109       21      210  S
     13      1   2.7809533259731634D-01 6.1D-09 0.0D+00 1.0D-09 0.0D+00       22      121       22      220  S
     13      1   2.7813761700918410D-01 6.2D-09 0.0D+00 7.6D-09 0.0D+00       22      128       22      220  S
     13      1   2.7809774595929299D-01 6.1D-09 0.0D+00 6.1D-09 0.0D+00       22      139       22      220  S
     13      1   2.9328684592018467D-01 7.4D-09 0.0D+00 2.9D-07 0.0D+00       23      163       23      230  S
     13      1   2.9328684592265114D-01 7.4D-09 0.0D+00 1.3D-07 0.0D+00       23      156       23      230  S
     13      1   2.9328684592102067D-01 7.4D-09 0.0D+00 2.4D-07 0.0D+00       23      170       23      230  S
     13      1   2.9328684592001875D-01 7.4D-09 0.0D+00 3.3D-07 0.0D+00       24      152       24      240  S
     13      1   2.7810352851340120D-01 6.1D-09 0.0D+00 2.3D-09 0.0D+00       22      136       22      220  S
     13      1   2.9328684592565707D-01 7.4D-09 0.0D+00 6.6D-09 0.0D+00       22      144       22      220  S
     13      1   2.7809642305329729D-01 6.1D-09 0.0D+00 7.5D-09 0.0D+00       21      115       21      210  S
     13      1   2.7810040583475726D-01 6.1D-09 0.0D+00 4.3D-09 0.0D+00       22      115       22      220  S
     13      1   3.0418060575323858D-01 6.7D-09 0.0D+00 3.0D-07 0.0D+00       23      187       23      230  S
     13      1   2.7813018987228516D-01 6.2D-09 0.0D+00 1.7D-09 0.0D+00       21      114       21      210  S
     13      1   2.9328684592500753D-01 7.4D-09 0.0D+00 7.4D-10 0.0D+00       21      125       21      210  S
     13      1   2.7809533259737723D-01 6.1D-09 0.0D+00 7.2D-09 0.0D+00       22      129       22      220  S
     13      1   2.7809533259724195D-01 6.1D-09 0.0D+00 8.1D-09 0.0D+00       22      120       22      220  S
     13      1   2.7809533259734420D-01 6.1D-09 0.0D+00 1.5D-09 0.0D+00       22      125       22      220  S
     13      1   2.7809533259696845D-01 6.1D-09 0.0D+00 6.2D-09 0.0D+00       21      113       21      210  S
     13      1   2.7809533259714375D-01 6.1D-09 0.0D+00 2.0D-09 0.0D+00       21      112       21      210  S
     13      1   2.7810040583479789D-01 6.1D-09 0.0D+00 4.8D-09 0.0D+00       22      117       22      220  S
     13      1   2.9329234677299826D-01 7.4D-09 0.0D+00 5.7D-10 0.0D+00       21      151       21      210  S
     13      1   2.7809774595949788D-01 6.1D-09 0.0D+00 2.7D-09 0.0D+00       22      121       22      220  S
     13      1   2.7809533259725672D-01 6.1D-09 0.0D+00 7.2D-09 0.0D+00       22      131       22      220  S
     13   0.00    0.00    0.00   2.7774835845473800D-01 5.7D-09 0.0D+00 9.5D-09 0.0D+00       21      118       21      210     192     332     385     332     328   0.25     0    0     76  BR
     13      1   2.9328684592283893D-01 7.4D-09 0.0D+00 1.4D-07 0.0D+00       23      181       23      230  S
     13      1   2.7810040583471568D-01 6.1D-09 0.0D+00 1.3D-09 0.0D+00       22      116       22      220  S
     13      1   2.7810040583489926D-01 6.1D-09 0.0D+00 9.8D-09 0.0D+00       22      124       22      220  S
     13      1   2.7809642305326238D-01 6.1D-09 0.0D+00 6.4D-09 0.0D+00       21      109       21      210  S
     13   0.00    0.00    0.00   2.7774290410417679D-01 5.7D-09 0.0D+00 3.0D-09 0.0D+00       22      132       22      220     199     356     403     356     352   0.29     0    0     81  BR
     13      1   2.7809533259730940D-01 6.1D-09 0.0D+00 1.3D-09 0.0D+00       22      125       22      220  S
     13      1   2.7809774620160282D-01 6.1D-09 0.0D+00 4.7D-10 0.0D+00       21      117       21      210  S
     13      1   2.7809774620163047D-01 6.1D-09 0.0D+00 6.3D-09 0.0D+00       21      111       21      210  S
     13      1   2.9329234677312588D-01 7.4D-09 0.0D+00 7.4D-09 0.0D+00       22      145       22      220  S
     13      1   2.7809991511474613D-01 6.1D-09 0.0D+00 2.2D-09 0.0D+00       22      133       22      220  S
     13      1   2.7809533259727820D-01 6.1D-09 0.0D+00 6.9D-09 0.0D+00       22      123       22      220  S
     13      1   2.7813018987256777D-01 6.2D-09 0.0D+00 9.2D-09 0.0D+00       22      141       22      220  S
     13      1   2.9328684592132348D-01 7.4D-09 0.0D+00 2.2D-07 0.0D+00       22      154       22      220  S
     13      1   2.9329234677315386D-01 7.4D-09 0.0D+00 7.9D-09 0.0D+00       22      146       22      220  S
     13      1   2.9328684592488968D-01 7.4D-09 0.0D+00 5.9D-09 0.0D+00       21      128       21      210  S
     13      1   2.9328684592539683D-01 7.4D-09 0.0D+00 1.2D-08 0.0D+00       22      160       22      220  S
     13      1   2.7809533259732844D-01 6.1D-09 0.0D+00 2.0D-10 0.0D+00       22      125       22      220  S
     13      1   2.7809533259723390D-01 6.1D-09 0.0D+00 4.7D-09 0.0D+00       22      121       22      220  S
     13      1   2.7810040583471113D-01 6.1D-09 0.0D+00 2.5D-09 0.0D+00       21      113       21      210  S
     13      1   2.7810352851312220D-01 6.1D-09 0.0D+00 4.0D-09 0.0D+00       21      112       21      210  S
     13      1   2.9328684592490062D-01 7.4D-09 0.0D+00 2.0D-08 0.0D+00       22      152       22      220  S
     13      1   2.7810040583417867D-01 6.1D-09 0.0D+00 7.0D-09 0.0D+00       20      115       20      200  S
     13      1   2.7809774620160194D-01 6.1D-09 0.0D+00 4.1D-09 0.0D+00       21      114       21      210  S
     13      1   2.7809533259731994D-01 6.1D-09 0.0D+00 7.2D-10 0.0D+00       22      122       22      220  S
