     21   0.00    0.00    0.00   2.0233268283743072D-01 5.0D-09 0.0D+00 2.0D-08 0.0D+00       23      147       23      230     678     378     891     378     377   0.34     0    0      1  BR
     21   0.00    0.00    0.00   2.0037728271323429D-01 5.1D-09 0.0D+00 5.7D-09 0.0D+00       22      111       22      220     160     324     352     324     331   0.33     0    0      2  BR
     21      1   2.0364158878700625D-01 4.8D-09 0.0D+00 5.6D-09 0.0D+00       22      118       22      220  S
     21   0.00    0.00    0.00   2.0037400176204159D-01 5.1D-09 0.0D+00 2.7D-08 0.0D+00       22      131       22      220     313     354     513     354     351   0.31     0    0      4  BR
     21      1   2.0529273000764459D-01 5.0D-09 0.0D+00 3.0D-07 0.0D+00       23      148       23      230  S
     21      1   2.0037728271324856D-01 5.1D-09 0.0D+00 1.5D-09 0.0D+00       22      114       22      220  S
     21      1   2.0037718419578410D-01 5.1D-09 0.0D+00 3.0D-09 0.0D+00       22      115       22      220  S
     21      1   2.0038128386089160D-01 5.1D-09 0.0D+00 5.0D-09 0.0D+00       22      113       22      220  S
     21      1   2.4963999346773891D-01 6.8D-09 0.0D+00 1.0D-09 0.0D+00       21      159       21      210  S
     21   0.00    0.00    0.00   1.9719244908345734D-01 4.3D-09 0.0D+00 7.5D-09 0.0D+00       22      150       22      220     231     381     440     381     370   0.35     0    0     10  BR
     21      1   2.0037400176221015D-01 5.1D-09 0.0D+00 5.6D-09 0.0D+00       22      119       22      220  S
     21      1   2.0233966146325516D-01 5.0D-09 0.0D+00 1.3D-07 0.0D+00       24      161       24      240  S
     21      1   2.0233282828746760D-01 5.0D-09 0.0D+00 7.3D-10 0.0D+00       22      155       22      220  S
     21      1   2.0037400176190617D-01 5.1D-09 0.0D+00 8.5D-09 0.0D+00       21      125       21      210  S
     21      1   2.0037400176224640D-01 5.1D-09 0.0D+00 6.3D-09 0.0D+00       22      107       22      220  S
     21      1   1.9719244908332936D-01 4.3D-09 0.0D+00 7.2D-09 0.0D+00       22      142       22      220  S
     21      1   2.0037400176220577D-01 5.1D-09 0.0D+00 9.0D-09 0.0D+00       22      121       22      220  S
     21      1   2.0037294257556165D-01 5.1D-09 0.0D+00 2.6D-09 0.0D+00       22      116       22      220  S
     21      1   2.0037686753803341D-01 5.1D-09 0.0D+00 1.8D-10 0.0D+00       22      115       22      220  S
     21      1   2.1703727758598299D-01 6.0D-09 0.0D+00 3.6D-09 0.0D+00       22      164       22      220  S
     21      1   2.0046270907166763D-01 5.1D-09 0.0D+00 4.4D-09 0.0D+00       22      114       22      220  S
     21      1   2.0037662734096467D-01 5.1D-09 0.0D+00 5.6D-09 0.0D+00       22      120       22      220  S
     21      1   2.0046270907170194D-01 5.1D-09 0.0D+00 1.1D-09 0.0D+00       22      118       22      220  S
     21      1   2.0233431487298700D-01 5.0D-09 0.0D+00 3.0D-09 0.0D+00       22      143       22      220  S
     21      1   2.0037818638796509D-01 5.1D-09 0.0D+00 8.2D-10 0.0D+00       22      113       22      220  S
     21      1   2.0037294257552016D-01 5.1D-09 0.0D+00 2.1D-09 0.0D+00       22      113       22      220  S
     21      1   2.0037294257551996D-01 5.1D-09 0.0D+00 1.0D-09 0.0D+00       22      122       22      220  S
     21      1   2.0037662734095096D-01 5.1D-09 0.0D+00 5.3D-09 0.0D+00       22      118       22      220  S
     21      1   2.0037679639441666D-01 5.1D-09 0.0D+00 3.8D-08 0.0D+00       23      129       23      230  S
     21      1   2.0046270907174474D-01 5.1D-09 0.0D+00 6.0D-09 0.0D+00       22      117       22      220  S
     21      1   2.0038128386088230D-01 5.1D-09 0.0D+00 5.2D-09 0.0D+00       22      118       22      220  S
     21      1   2.0309101040339939D-01 5.2D-09 0.0D+00 1.6D-09 0.0D+00       21      153       21      210  S
     21      1   2.0037699390041458D-01 5.1D-09 0.0D+00 4.1D-09 0.0D+00       22      109       22      220  S
     21      1   2.0037686753803358D-01 5.1D-09 0.0D+00 2.3D-09 0.0D+00       22      110       22      220  S
     21      1   2.0037728271336183D-01 5.1D-09 0.0D+00 4.0D-09 0.0D+00       22      115       22      220  S
     21      1   2.0037400176213166D-01 5.1D-09 0.0D+00 3.2D-09 0.0D+00       22      114       22      220  S
     21      1   2.0038128386082601D-01 5.1D-09 0.0D+00 8.1D-09 0.0D+00       22      112       22      220  S
     21      1   2.0038064960524138D-01 5.1D-09 0.0D+00 1.8D-09 0.0D+00       22      111       22      220  S
     21      1   2.0037686753822012D-01 5.1D-09 0.0D+00 7.2D-09 0.0D+00       22      123       22      220  S
     21      1   2.0859565105702432D-01 5.3D-09 0.0D+00 5.6D-09 0.0D+00       22      142       22      220  S
     21      1   2.0037699390033217D-01 5.1D-09 0.0D+00 9.7D-09 0.0D+00       22      109       22      220  S
     21      1   2.0037686753818662D-01 5.1D-09 0.0D+00 6.0D-09 0.0D+00       22      112       22      220  S
     21      1   2.0038064960514554D-01 5.1D-09 0.0D+00 5.0D-09 0.0D+00       22      114       22      220  S
     21      1   2.1704098993441781D-01 6.0D-09 0.0D+00 8.5D-09 0.0D+00       22      164       22      220  S
     21      1   2.0037856774875409D-01 5.1D-09 0.0D+00 5.2D-09 0.0D+00       22      136       22      220  S
     21      1   2.0308954951646935D-01 5.2D-09 0.0D+00 3.2D-07 0.0D+00       22      184       22      220  S
     21      1   2.0233268283705555D-01 5.0D-09 0.0D+00 7.2D-09 0.0D+00       21      136       21      210  S
     21      1   2.0037400176225853D-01 5.1D-09 0.0D+00 9.2D-09 0.0D+00       22      116       22      220  S
     21      1   2.1704098993466553D-01 6.0D-09 0.0D+00 2.4D-09 0.0D+00       22      163       22      220  S
     21      1   2.0037718419582784D-01 5.1D-09 0.0D+00 7.1D-09 0.0D+00       22      125       22      220  S
     21      1   2.0037718419576847D-01 5.1D-09 0.0D+00 6.1D-09 0.0D+00       22      108       22      220  S
     21      1   2.1703749832896310D-01 6.0D-09 0.0D+00 2.4D-07 0.0D+00       22      146       22      220  S
     21      1   2.0037699390055791D-01 5.1D-09 0.0D+00 7.9D-09 0.0D+00       22      113       22      220  S
     21      1   2.0233431487259484D-01 5.0D-09 0.0D+00 2.2D-09 0.0D+00       22      132       22      220  S
     21      1   2.0037400176217079D-01 5.1D-09 0.0D+00 7.0D-09 0.0D+00       22      130       22      220  S
     21      1   2.0038128386090628D-01 5.1D-09 0.0D+00 6.8D-09 0.0D+00       22      109       22      220  S
     21      1   2.0037856774853513D-01 5.1D-09 0.0D+00 8.8D-09 0.0D+00       22      108       22      220  S
     21      1   2.0037686753803211D-01 5.1D-09 0.0D+00 8.6D-09 0.0D+00       22      131       22      220  S
     21      1   2.0037400176206085D-01 5.1D-09 0.0D+00 8.5D-09 0.0D+00       22      111       22      220  S
     21      1   2.1703774541252080D-01 6.0D-09 0.0D+00 3.3D-07 0.0D+00       24      168       24      240  S
     21      1   2.0038064960518537D-01 5.1D-09 0.0D+00 2.0D-08 0.0D+00       23      118       23      230  S
     21      1   2.0038064960512486D-01 5.1D-09 0.0D+00 8.2D-09 0.0D+00       22      115       22      220  S
     21      1   2.0037294257561314D-01 5.1D-09 0.0D+00 1.0D-08 0.0D+00       22      110       22      220  S
     21      1   2.0037662734087722D-01 5.1D-09 0.0D+00 4.2D-09 0.0D+00       22      133       22      220  S
     21      1   2.0233966146367732D-01 5.0D-09 0.0D+00 1.6D-07 0.0D+00       23      163       23      230  S
     21      1   2.1703873345150726D-01 6.0D-09 0.0D+00 1.5D-08 0.0D+00       24      175       24      240  S
     21      1   2.0233570510340657D-01 5.0D-09 0.0D+00 8.0D-08 0.0D+00       23      135       23      230  S
     21      1   2.0233431487274198D-01 5.0D-09 0.0D+00 9.3D-09 0.0D+00       22      141       22      220  S
     21      1   2.0037679639434597D-01 5.1D-09 0.0D+00 3.1D-09 0.0D+00       22      112       22      220  S
     21      1   2.0233431487273754D-01 5.0D-09 0.0D+00 4.0D-08 0.0D+00       23      162       23      230  S
     21      1   2.0037856774867230D-01 5.1D-09 0.0D+00 8.9D-09 0.0D+00       22      124       22      220  S
     21      1   2.0038064960513680D-01 5.1D-09 0.0D+00 7.1D-09 0.0D+00       22      119       22      220  S
     21      1   2.0037718419569117D-01 5.1D-09 0.0D+00 3.5D-09 0.0D+00       22      109       22      220  S
     21      1   1.9719411303826195D-01 4.3D-09 0.0D+00 8.6D-09 0.0D+00       21      118       21      210  S
     21      1   2.0037686753811454D-01 5.1D-09 0.0D+00 1.6D-09 0.0D+00       22      118       22      220  S
     21      1   2.0037679639441697D-01 5.1D-09 0.0D+00 2.8D-09 0.0D+00       22      120       22      220  S
     21      1   2.0046270907171398D-01 5.1D-09 0.0D+00 7.8D-10 0.0D+00       22      123       22      220  S
     21      1   2.0046270907174807D-01 5.1D-09 0.0D+00 2.0D-09 0.0D+00       22      116       22      220  S
     21      1   1.9719244908328287D-01 4.3D-09 0.0D+00 3.0D-09 0.0D+00       22      137       22      220  S
     21      1   2.0038128386091444D-01 5.1D-09 0.0D+00 7.2D-09 0.0D+00       22      134       22      220  S
     21      1   2.0233570510398055D-01 5.0D-09 0.0D+00 6.4D-09 0.0D+00       22      142       22      220  S
     21      1   2.0037728271305968D-01 5.1D-09 0.0D+00 6.0D-09 0.0D+00       21      115       21      210  S
     21      1   2.0038128386095266D-01 5.1D-09 0.0D+00 1.5D-08 0.0D+00       23      139       23      230  S
     21      1   2.0037718419575717D-01 5.1D-09 0.0D+00 8.0D-09 0.0D+00       22      120       22      220  S
     21      1   2.0037679639433359D-01 5.1D-09 0.0D+00 4.9D-09 0.0D+00       22      124       22      220  S
     21      1   2.0037856774857754D-01 5.1D-09 0.0D+00 9.0D-10 0.0D+00       22      124       22      220  S
     21      1   2.0037679639413292D-01 5.1D-09 0.0D+00 3.4D-09 0.0D+00       21      106       21      210  S
     21      1   2.0038064960521507D-01 5.1D-09 0.0D+00 1.6D-09 0.0D+00       22      109       22      220  S
     21      1   2.0037728271326294D-01 5.1D-09 0.0D+00 9.0D-09 0.0D+00       22      118       22      220  S
     21      1   2.0233268283756806D-01 5.0D-09 0.0D+00 6.7D-09 0.0D+00       22      154       22      220  S
     21      1   2.0037662734081507D-01 5.1D-09 0.0D+00 3.4D-09 0.0D+00       22      114       22      220  S
     21      1   2.1704043621488397D-01 6.0D-09 0.0D+00 1.7D-08 0.0D+00       23      164       23      230  S
     21      1   2.0233282828541882D-01 5.0D-09 0.0D+00 2.3D-07 0.0D+00       24      172       24      240  S
     21      1   2.0309107140817062D-01 5.2D-09 0.0D+00 9.5D-09 0.0D+00       22      175       22      220  S
     21      1   2.0037679639419731D-01 5.1D-09 0.0D+00 6.0D-09 0.0D+00       21      110       21      210  S
     21      1   2.0038064960517005D-01 5.1D-09 0.0D+00 6.2D-09 0.0D+00       22      113       22      220  S
     21      1   2.1704035393489629D-01 6.0D-09 0.0D+00 2.6D-08 0.0D+00       23      182       23      230  S
     21      1   2.0233570510397020D-01 5.0D-09 0.0D+00 6.9D-09 0.0D+00       22      126       22      220  S
     21      1   2.0037662734106790D-01 5.1D-09 0.0D+00 8.0D-09 0.0D+00       22      112       22      220  S
     21      1   2.0037728271319549D-01 5.1D-09 0.0D+00 6.5D-09 0.0D+00       22      125       22      220  S
