      5      1   4.9926142426901682D-01 9.0D-09 0.0D+00 9.1D-10 0.0D+00       20      125       20      200  S
      5      1   4.9921748930107884D-01 9.0D-09 0.0D+00 2.1D-09 0.0D+00       20      121       20      200  S
      5      1   4.9921748930114734D-01 9.0D-09 0.0D+00 7.7D-10 0.0D+00       20      126       20      200  S
      5      1   4.9921748930750376D-01 9.0D-09 0.0D+00 6.2D-09 0.0D+00       19      121       19      190  S
      5      1   4.9921748930746562D-01 9.0D-09 0.0D+00 3.8D-09 0.0D+00       19      118       19      190  S
      5      1   4.9926111838150172D-01 9.0D-09 0.0D+00 7.1D-10 0.0D+00       20      120       20      200  S
      5      1   4.9922503264438617D-01 9.0D-09 0.0D+00 1.3D-09 0.0D+00       18      130       18      180  S
      5      1   4.9926142426493259D-01 9.0D-09 0.0D+00 2.6D-10 0.0D+00       18      100       18      180  S
      5      1   4.9922503264439755D-01 9.0D-09 0.0D+00 5.2D-10 0.0D+00       18      124       18      180  S
      5      1   4.9926142426897496D-01 9.0D-09 0.0D+00 7.2D-10 0.0D+00       20      123       20      200  S
      5      1   4.9921748930108134D-01 9.0D-09 0.0D+00 2.1D-09 0.0D+00       20      122       20      200  S
      5      1   4.9921748930744303D-01 9.0D-09 0.0D+00 2.0D-09 0.0D+00       19      115       19      190  S
      5      1   4.9923336296564047D-01 9.0D-09 0.0D+00 4.4D-10 0.0D+00       20      125       20      200  S
      5      1   4.9921748929706550D-01 9.0D-09 0.0D+00 7.0D-10 0.0D+00       18      106       18      180  S
      5      1   4.9923336296563031D-01 9.0D-09 0.0D+00 1.2D-09 0.0D+00       20      121       20      200  S
      5      1   4.9921748930105858D-01 9.0D-09 0.0D+00 7.7D-10 0.0D+00       20      124       20      200  S
      5      1   4.9921748929910326D-01 9.0D-09 0.0D+00 1.4D-09 0.0D+00       18      104       18      180  S
      5      1   4.9922503264435375D-01 9.0D-09 0.0D+00 2.4D-09 0.0D+00       18      123       18      180  S
      5      1   4.9923336296560067D-01 9.0D-09 0.0D+00 4.6D-09 0.0D+00       20      124       20      200  S
      5      1   4.9923336296566911D-01 9.0D-09 0.0D+00 1.7D-09 0.0D+00       20      124       20      200  S
      5      1   4.9921748930107629D-01 9.0D-09 0.0D+00 8.3D-10 0.0D+00       20      120       20      200  S
      5      1   4.9922503264439499D-01 9.0D-09 0.0D+00 4.6D-09 0.0D+00       18      121       18      180  S
      5      1   4.9922503264437557D-01 9.0D-09 0.0D+00 2.0D-09 0.0D+00       18      126       18      180  S
      5      1   4.9926111837725046D-01 9.0D-09 0.0D+00 1.8D-09 0.0D+00       18      108       18      180  S
      5      1   4.9926142426897802D-01 9.0D-09 0.0D+00 2.5D-09 0.0D+00       20      128       20      200  S
      5      1   4.9923336296571669D-01 9.0D-09 0.0D+00 2.6D-09 0.0D+00       20      121       20      200  S
      5      1   4.9926142426900511D-01 9.0D-09 0.0D+00 3.2D-09 0.0D+00       20      124       20      200  S
      5      1   4.9921748929909132D-01 9.0D-09 0.0D+00 1.2D-10 0.0D+00       18      104       18      180  S
      5      1   4.9926111838148929D-01 9.0D-09 0.0D+00 1.3D-09 0.0D+00       20      114       20      200  S
      5      1   4.9921748929699106D-01 9.0D-09 0.0D+00 2.0D-09 0.0D+00       18      109       18      180  S
      5      1   4.9921748929909171D-01 9.0D-09 0.0D+00 2.7D-09 0.0D+00       18      107       18      180  S
      5      1   4.9923336296558896D-01 9.0D-09 0.0D+00 8.2D-09 0.0D+00       20      139       20      200  S
      5      1   4.9921748929908827D-01 9.0D-09 0.0D+00 2.8D-09 0.0D+00       18      108       18      180  S
      5      1   4.9926111837723430D-01 9.0D-09 0.0D+00 3.1D-09 0.0D+00       18      108       18      180  S
      5      1   4.9922503264438750D-01 9.0D-09 0.0D+00 1.1D-09 0.0D+00       18      121       18      180  S
      5      1   4.9926111837726572D-01 9.0D-09 0.0D+00 4.9D-09 0.0D+00       18      108       18      180  S
      5      1   4.9926142426496434D-01 9.0D-09 0.0D+00 5.9D-10 0.0D+00       18      116       18      180  S
      5      1   4.9926111838153781D-01 9.0D-09 0.0D+00 3.2D-10 0.0D+00       20      120       20      200  S
      5      1   4.9926111837725590D-01 9.0D-09 0.0D+00 3.1D-09 0.0D+00       18      110       18      180  S
      5      1   4.9922503264437063D-01 9.0D-09 0.0D+00 1.9D-09 0.0D+00       18      126       18      180  S
      5      1   4.9921748930107157D-01 9.0D-09 0.0D+00 9.2D-10 0.0D+00       20      126       20      200  S
      5      1   4.9926142426900427D-01 9.0D-09 0.0D+00 1.0D-09 0.0D+00       20      131       20      200  S
      5      1   4.9922503264437318D-01 9.0D-09 0.0D+00 2.7D-09 0.0D+00       18      123       18      180  S
      5      1   4.9923336296559034D-01 9.0D-09 0.0D+00 3.3D-09 0.0D+00       20      139       20      200  S
      5      1   4.9926142426903763D-01 9.0D-09 0.0D+00 5.5D-09 0.0D+00       20      131       20      200  S
      5      1   4.9926142426900333D-01 9.0D-09 0.0D+00 5.8D-09 0.0D+00       20      124       20      200  S
      5      1   4.9921748930108178D-01 9.0D-09 0.0D+00 3.3D-09 0.0D+00       20      127       20      200  S
      5      1   4.9921748930111615D-01 9.0D-09 0.0D+00 7.7D-11 0.0D+00       20      127       20      200  S
      5      1   4.9923336296558490D-01 9.0D-09 0.0D+00 3.1D-09 0.0D+00       20      137       20      200  S
      5      1   4.9921748929702392D-01 9.0D-09 0.0D+00 5.3D-09 0.0D+00       18      107       18      180  S
      5      1   4.9923336296558585D-01 9.0D-09 0.0D+00 2.1D-09 0.0D+00       20      139       20      200  S
      5      1   4.9923336296558890D-01 9.0D-09 0.0D+00 3.1D-09 0.0D+00       20      140       20      200  S
      5      1   4.9922503264438822D-01 9.0D-09 0.0D+00 4.9D-10 0.0D+00       18      122       18      180  S
      5      1   4.9926142426417702D-01 9.0D-09 0.0D+00 5.7D-09 0.0D+00       18      107       18      180  S
      5      1   4.9921748930130189D-01 9.0D-09 0.0D+00 8.0D-10 0.0D+00       20      126       20      200  S
      5      1   4.9927489936286057D-01 9.0D-09 0.0D+00 8.9D-09 0.0D+00       19      119       19      190  S
      5      1   4.9921748929901233D-01 9.0D-09 0.0D+00 2.2D-10 0.0D+00       18      105       18      180  S
      5      1   4.9926142426894599D-01 9.0D-09 0.0D+00 6.4D-09 0.0D+00       20      128       20      200  S
      5      1   4.9921748930744664D-01 9.0D-09 0.0D+00 2.4D-10 0.0D+00       19      120       19      190  S
      5      1   4.9926111837723874D-01 9.0D-09 0.0D+00 1.3D-09 0.0D+00       18      107       18      180  S
      5      1   4.9923336296567811D-01 9.0D-09 0.0D+00 9.9D-10 0.0D+00       20      121       20      200  S
      5      1   4.9923336296569232D-01 9.0D-09 0.0D+00 4.1D-09 0.0D+00       20      118       20      200  S
      5      1   4.9922503264438578D-01 9.0D-09 0.0D+00 9.9D-10 0.0D+00       18      124       18      180  S
      5      1   4.9926587988427890D-01 9.0D-09 0.0D+00 9.6D-10 0.0D+00       20      132       20      200  S
      5      1   4.9923336296572651D-01 9.0D-09 0.0D+00 5.5D-09 0.0D+00       20      123       20      200  S
      5      1   4.9922503264440654D-01 9.0D-09 0.0D+00 2.1D-09 0.0D+00       18      124       18      180  S
      5      1   4.9923336296557863D-01 9.0D-09 0.0D+00 3.1D-09 0.0D+00       20      122       20      200  S
      5      1   4.9923336296560339D-01 9.0D-09 0.0D+00 7.2D-10 0.0D+00       20      124       20      200  S
      5      1   4.9921748929722076D-01 9.0D-09 0.0D+00 1.7D-09 0.0D+00       18      107       18      180  S
      5      1   4.9926587988427928D-01 9.0D-09 0.0D+00 2.6D-09 0.0D+00       20      132       20      200  S
      5      1   4.9926111838153353D-01 9.0D-09 0.0D+00 3.1D-10 0.0D+00       20      118       20      200  S
      5      1   4.9922503264434115D-01 9.0D-09 0.0D+00 1.9D-09 0.0D+00       18      130       18      180  S
      5      1   4.9926142426495090D-01 9.0D-09 0.0D+00 4.0D-09 0.0D+00       18      106       18      180  S
      5      1   4.9923336296559401D-01 9.0D-09 0.0D+00 4.4D-09 0.0D+00       20      140       20      200  S
      5      1   4.9922503264437956D-01 9.0D-09 0.0D+00 1.1D-09 0.0D+00       18      122       18      180  S
      5      1   4.9923336296559445D-01 9.0D-09 0.0D+00 1.3D-09 0.0D+00       20      126       20      200  S
      5      1   4.9922503264441059D-01 9.0D-09 0.0D+00 1.3D-09 0.0D+00       18      122       18      180  S
      5      1   4.9927489936285752D-01 9.0D-09 0.0D+00 4.0D-09 0.0D+00       19      120       19      190  S
      5      1   4.9922503264439738D-01 9.0D-09 0.0D+00 5.9D-09 0.0D+00       18      123       18      180  S
      5      1   4.9921748929718823D-01 9.0D-09 0.0D+00 1.7D-09 0.0D+00       18      105       18      180  S
      5      1   4.9921748930105936D-01 9.0D-09 0.0D+00 1.4D-09 0.0D+00       20      127       20      200  S
      5      1   4.9921748930105520D-01 9.0D-09 0.0D+00 6.4D-10 0.0D+00       20      122       20      200  S
      5      1   4.9921748930108301D-01 9.0D-09 0.0D+00 2.0D-10 0.0D+00       20      124       20      200  S
      5      1   4.9922503264433338D-01 9.0D-09 0.0D+00 1.1D-09 0.0D+00       18      121       18      180  S
      5      1   4.9921748930106530D-01 9.0D-09 0.0D+00 3.1D-10 0.0D+00       20      124       20      200  S
      5      1   4.9923336296559429D-01 9.0D-09 0.0D+00 1.9D-09 0.0D+00       20      139       20      200  S
      5      1   4.9921748929907289D-01 9.0D-09 0.0D+00 4.7D-09 0.0D+00       18      104       18      180  S
      5      1   4.9926587988430315D-01 9.0D-09 0.0D+00 5.0D-09 0.0D+00       20      135       20      200  S
      5      1   4.9926111838159348D-01 9.0D-09 0.0D+00 2.0D-09 0.0D+00       20      120       20      200  S
      5      1   4.9921748930751597D-01 9.0D-09 0.0D+00 2.0D-09 0.0D+00       19      113       19      190  S
      5      1   4.9921748929705623D-01 9.0D-09 0.0D+00 3.4D-09 0.0D+00       18      105       18      180  S
      5      1   4.9926142426420328D-01 9.0D-09 0.0D+00 2.9D-09 0.0D+00       18      112       18      180  S
      5      1   4.9926111837791753D-01 9.0D-09 0.0D+00 4.6D-09 0.0D+00       18      119       18      180  S
      5      1   4.9921748929908977D-01 9.0D-09 0.0D+00 1.0D-10 0.0D+00       18      105       18      180  S
      5      1   4.9923336296559173D-01 9.0D-09 0.0D+00 3.1D-09 0.0D+00       20      125       20      200  S
      5      1   4.9921748929906551D-01 9.0D-09 0.0D+00 2.0D-10 0.0D+00       18      103       18      180  S
      5      1   4.9923336296569759D-01 9.0D-09 0.0D+00 3.3D-09 0.0D+00       20      120       20      200  S
      5      1   4.9923336296560833D-01 9.0D-09 0.0D+00 5.8D-09 0.0D+00       20      120       20      200  S
      5      1   4.9921748929699239D-01 9.0D-09 0.0D+00 5.6D-09 0.0D+00       18      113       18      180  S
      5      1   4.9926142426425424D-01 9.0D-09 0.0D+00 6.8D-09 0.0D+00       18      112       18      180  S
