      5   0.00    0.00    0.00   4.9926142426897763D-01 9.0D-09 0.0D+00 4.0D-10 0.0D+00       20      124       20      200     185     321     362     321     324   0.13     0    0      1  BR
      5      1   4.9926142426903292D-01 9.0D-09 0.0D+00 4.8D-10 0.0D+00       20      127       20      200  S
      5   0.00    0.00    0.00   4.9921748929701953D-01 9.0D-09 0.0D+00 1.7D-09 0.0D+00       18      108       18      180     150     280     304     280     288   0.11     0    0      3  BR
      5      1   4.9922503264439927D-01 9.0D-09 0.0D+00 5.3D-10 0.0D+00       18      124       18      180  S
      5      1   4.9921748929909060D-01 9.0D-09 0.0D+00 2.2D-09 0.0D+00       18      102       18      180  S
      5      1   4.9926111838151721D-01 9.0D-09 0.0D+00 2.0D-10 0.0D+00       20      122       20      200  S
      5      1   4.9921748930742837D-01 9.0D-09 0.0D+00 2.4D-09 0.0D+00       19      117       19      190  S
      5      1   4.9926142426493936D-01 9.0D-09 0.0D+00 9.2D-10 0.0D+00       18      102       18      180  S
      5      1   4.9926111838154247D-01 9.0D-09 0.0D+00 7.7D-10 0.0D+00       20      121       20      200  S
      5      1   4.9921748930114934D-01 9.0D-09 0.0D+00 4.4D-09 0.0D+00       20      124       20      200  S
      5      1   4.9923336296556992D-01 9.0D-09 0.0D+00 3.0D-09 0.0D+00       20      122       20      200  S
      5      1   4.9922503264464074D-01 9.0D-09 0.0D+00 1.9D-09 0.0D+00       18      136       18      180  S
      5      1   4.9921748930114501D-01 9.0D-09 0.0D+00 1.1D-09 0.0D+00       20      127       20      200  S
      5      1   4.9923336296558807D-01 9.0D-09 0.0D+00 6.3D-09 0.0D+00       20      123       20      200  S
      5      1   4.9921748930105869D-01 9.0D-09 0.0D+00 3.3D-10 0.0D+00       20      126       20      200  S
      5      1   4.9926142426902737D-01 9.0D-09 0.0D+00 4.9D-11 0.0D+00       20      129       20      200  S
      5      1   4.9921748929909587D-01 9.0D-09 0.0D+00 2.1D-09 0.0D+00       18      107       18      180  S
      5      1   4.9926111837721854D-01 9.0D-09 0.0D+00 1.1D-09 0.0D+00       18      111       18      180  S
      5      1   4.9921748930109977D-01 9.0D-09 0.0D+00 2.1D-09 0.0D+00       20      124       20      200  S
      5      1   4.9921748930106402D-01 9.0D-09 0.0D+00 2.7D-09 0.0D+00       20      128       20      200  S
      5      1   4.9926142426891740D-01 9.0D-09 0.0D+00 8.6D-09 0.0D+00       20      123       20      200  S
      5      1   4.9922503264435347D-01 9.0D-09 0.0D+00 2.5D-09 0.0D+00       18      119       18      180  S
      5      1   4.9922503264437562D-01 9.0D-09 0.0D+00 2.5D-09 0.0D+00       18      126       18      180  S
      5      1   4.9926111838150294D-01 9.0D-09 0.0D+00 2.5D-10 0.0D+00       20      120       20      200  S
      5      1   4.9923336296558563D-01 9.0D-09 0.0D+00 1.7D-09 0.0D+00       20      124       20      200  S
      5      1   4.9923336296567189D-01 9.0D-09 0.0D+00 2.5D-09 0.0D+00       20      123       20      200  S
      5      1   4.9923336296561138D-01 9.0D-09 0.0D+00 1.1D-09 0.0D+00       20      123       20      200  S
      5      1   4.9926142426886216D-01 9.0D-09 0.0D+00 4.3D-09 0.0D+00       20      130       20      200  S
      5      1   4.9926142426902853D-01 9.0D-09 0.0D+00 5.2D-09 0.0D+00       20      122       20      200  S
      5      1   4.9926142426901027D-01 9.0D-09 0.0D+00 3.4D-09 0.0D+00       20      122       20      200  S
      5      1   4.9923336296568338D-01 9.0D-09 0.0D+00 3.1D-09 0.0D+00       20      117       20      200  S
      5      1   4.9926111837722714D-01 9.0D-09 0.0D+00 2.6D-09 0.0D+00       18      106       18      180  S
      5      1   4.9926142426900205D-01 9.0D-09 0.0D+00 5.7D-10 0.0D+00       20      127       20      200  S
      5      1   4.9922503264434026D-01 9.0D-09 0.0D+00 1.7D-09 0.0D+00       18      121       18      180  S
      5      1   4.9921748929906978D-01 9.0D-09 0.0D+00 2.6D-10 0.0D+00       18      104       18      180  S
      5      1   4.9921748930746229D-01 9.0D-09 0.0D+00 2.5D-09 0.0D+00       19      113       19      190  S
      5      1   4.9926111837729054D-01 9.0D-09 0.0D+00 2.7D-09 0.0D+00       18      114       18      180  S
      5      1   4.9922503264434992D-01 9.0D-09 0.0D+00 2.8D-09 0.0D+00       18      127       18      180  S
      5      1   4.9926111837719944D-01 9.0D-09 0.0D+00 8.8D-10 0.0D+00       18      106       18      180  S
      5      1   4.9921748929900489D-01 9.0D-09 0.0D+00 1.0D-09 0.0D+00       18      107       18      180  S
      5      1   4.9921748930745530D-01 9.0D-09 0.0D+00 3.1D-09 0.0D+00       19      113       19      190  S
      5      1   4.9923336296573662D-01 9.0D-09 0.0D+00 3.5D-10 0.0D+00       20      122       20      200  S
      5      1   4.9926142426496856D-01 9.0D-09 0.0D+00 2.2D-09 0.0D+00       18      102       18      180  S
      5      1   4.9926142426421377D-01 9.0D-09 0.0D+00 1.9D-09 0.0D+00       18      110       18      180  S
      5      1   4.9926142426420833D-01 9.0D-09 0.0D+00 4.7D-09 0.0D+00       18      109       18      180  S
      5      1   4.9921748929746979D-01 9.0D-09 0.0D+00 6.7D-10 0.0D+00       18      129       18      180  S
      5      1   4.9926142426898307D-01 9.0D-09 0.0D+00 7.0D-09 0.0D+00       20      129       20      200  S
      5      1   4.9926142426421177D-01 9.0D-09 0.0D+00 6.1D-09 0.0D+00       18      109       18      180  S
      5      1   4.9921748930111837D-01 9.0D-09 0.0D+00 2.6D-09 0.0D+00       20      125       20      200  S
      5      1   4.9921748929719645D-01 9.0D-09 0.0D+00 1.7D-09 0.0D+00       18      107       18      180  S
      5      1   4.9922503264437379D-01 9.0D-09 0.0D+00 2.5D-09 0.0D+00       18      122       18      180  S
      5      1   4.9923336296560361D-01 9.0D-09 0.0D+00 5.6D-09 0.0D+00       20      123       20      200  S
      5      1   4.9927489936290936D-01 9.0D-09 0.0D+00 1.3D-10 0.0D+00       19      121       19      190  S
      5      1   4.9926142426892872D-01 9.0D-09 0.0D+00 4.9D-09 0.0D+00       20      125       20      200  S
      5      1   4.9921748930748927D-01 9.0D-09 0.0D+00 1.3D-09 0.0D+00       19      117       19      190  S
      5      1   4.9921748930110948D-01 9.0D-09 0.0D+00 6.0D-09 0.0D+00       20      127       20      200  S
      5      1   4.9921748929906007D-01 9.0D-09 0.0D+00 1.6D-09 0.0D+00       18      104       18      180  S
      5      1   4.9921748930746207D-01 9.0D-09 0.0D+00 1.8D-09 0.0D+00       19      117       19      190  S
      5      1   4.9921748929704290D-01 9.0D-09 0.0D+00 1.5D-10 0.0D+00       18      108       18      180  S
      5      1   4.9923336296557291D-01 9.0D-09 0.0D+00 6.4D-09 0.0D+00       20      123       20      200  S
      5      1   4.9926111838153464D-01 9.0D-09 0.0D+00 7.2D-10 0.0D+00       20      121       20      200  S
      5      1   4.9926142426906456D-01 9.0D-09 0.0D+00 3.8D-09 0.0D+00       20      124       20      200  S
      5      1   4.9921748930743348D-01 9.0D-09 0.0D+00 2.0D-09 0.0D+00       19      115       19      190  S
      5      1   4.9926142426901493D-01 9.0D-09 0.0D+00 4.5D-09 0.0D+00       20      130       20      200  S
      5      1   4.9926142426897629D-01 9.0D-09 0.0D+00 6.1D-10 0.0D+00       20      127       20      200  S
      5      1   4.9926587988428722D-01 9.0D-09 0.0D+00 1.2D-09 0.0D+00       20      131       20      200  S
      5      1   4.9926111837725212D-01 9.0D-09 0.0D+00 2.1D-09 0.0D+00       18      106       18      180  S
      5      1   4.9926587988434823D-01 9.0D-09 0.0D+00 5.4D-09 0.0D+00       20      131       20      200  S
      5      1   4.9922503264439527D-01 9.0D-09 0.0D+00 5.1D-10 0.0D+00       18      126       18      180  S
      5      1   4.9926142426901121D-01 9.0D-09 0.0D+00 1.8D-09 0.0D+00       20      129       20      200  S
      5      1   4.9921748929706072D-01 9.0D-09 0.0D+00 1.1D-09 0.0D+00       18      104       18      180  S
      5      1   4.9927489936292901D-01 9.0D-09 0.0D+00 7.9D-09 0.0D+00       19      120       19      190  S
      5      1   4.9921748930745530D-01 9.0D-09 0.0D+00 8.5D-10 0.0D+00       19      120       19      190  S
      5      1   4.9926142426900094D-01 9.0D-09 0.0D+00 5.6D-09 0.0D+00       20      132       20      200  S
      5      1   4.9922503264428997D-01 9.0D-09 0.0D+00 4.4D-09 0.0D+00       18      126       18      180  S
      5      1   4.9921748929696924D-01 9.0D-09 0.0D+00 3.0D-09 0.0D+00       18      109       18      180  S
      5      1   4.9922503264433538D-01 9.0D-09 0.0D+00 4.0D-09 0.0D+00       18      129       18      180  S
      5      1   4.9921748929704807D-01 9.0D-09 0.0D+00 7.0D-10 0.0D+00       18      104       18      180  S
      5      1   4.9923336296560861D-01 9.0D-09 0.0D+00 3.1D-09 0.0D+00       20      136       20      200  S
      5      1   4.9921748930111653D-01 9.0D-09 0.0D+00 5.4D-11 0.0D+00       20      126       20      200  S
      5      1   4.9923336296568793D-01 9.0D-09 0.0D+00 5.8D-10 0.0D+00       20      124       20      200  S
      5      1   4.9923336296560505D-01 9.0D-09 0.0D+00 5.7D-10 0.0D+00       20      135       20      200  S
      5      1   4.9923336296558463D-01 9.0D-09 0.0D+00 3.0D-09 0.0D+00       20      123       20      200  S
      5      1   4.9926142427374343D-01 9.0D-09 0.0D+00 3.2D-09 0.0D+00       20      126       20      200  S
      5      1   4.9922503264435869D-01 9.0D-09 0.0D+00 7.3D-10 0.0D+00       18      122       18      180  S
      5      1   4.9926142426903231D-01 9.0D-09 0.0D+00 7.7D-09 0.0D+00       20      128       20      200  S
      5      1   4.9921748930743309D-01 9.0D-09 0.0D+00 1.6D-09 0.0D+00       19      121       19      190  S
      5      1   4.9926587988428267D-01 9.0D-09 0.0D+00 3.2D-09 0.0D+00       20      130       20      200  S
      5      1   4.9921748930103160D-01 9.0D-09 0.0D+00 1.2D-09 0.0D+00       20      123       20      200  S
      5      1   4.9926111837723064D-01 9.0D-09 0.0D+00 2.8D-09 0.0D+00       18      108       18      180  S
      5      1   4.9926111837723647D-01 9.0D-09 0.0D+00 4.8D-10 0.0D+00       18      109       18      180  S
      5      1   4.9926142426978198D-01 9.0D-09 0.0D+00 2.6D-09 0.0D+00       18      114       18      180  S
      5      1   4.9921748929705101D-01 9.0D-09 0.0D+00 7.3D-10 0.0D+00       18      104       18      180  S
      5      1   4.9921748930108278D-01 9.0D-09 0.0D+00 2.3D-09 0.0D+00       20      124       20      200  S
      5      1   4.9921748930111509D-01 9.0D-09 0.0D+00 1.4D-10 0.0D+00       20      126       20      200  S
      5      1   4.9922503264437135D-01 9.0D-09 0.0D+00 2.0D-09 0.0D+00       18      122       18      180  S
      5      1   4.9926587988431720D-01 9.0D-09 0.0D+00 9.8D-09 0.0D+00       20      131       20      200  S
      5      1   5.0004083143119205D-01 1.0D-08 0.0D+00 2.0D-06 0.0D+00       23      145       23      230  S
      5      1   4.9926111837723458D-01 9.0D-09 0.0D+00 2.2D-09 0.0D+00       18      109       18      180  S
      5      1   4.9923336296562681D-01 9.0D-09 0.0D+00 2.9D-09 0.0D+00       20      123       20      200  S
