      5      1   4.9923336296559762D-01 9.0D-09 0.0D+00 3.2D-09 0.0D+00       20      125       20      200  S
      5      1   4.9922503264442081D-01 9.0D-09 0.0D+00 1.5D-11 0.0D+00       18      124       18      180  S
      5      1   4.9922503264439455D-01 9.0D-09 0.0D+00 1.3D-09 0.0D+00       18      125       18      180  S
      5      1   4.9921748930747567D-01 9.0D-09 0.0D+00 4.6D-09 0.0D+00       19      117       19      190  S
      5      1   4.9922503264441181D-01 9.0D-09 0.0D+00 3.3D-09 0.0D+00       18      123       18      180  S
      5      1   4.9923336296563647D-01 9.0D-09 0.0D+00 8.1D-09 0.0D+00       20      139       20      200  S
      5      1   4.9926142426899078D-01 9.0D-09 0.0D+00 8.7D-10 0.0D+00       20      125       20      200  S
      5      1   4.9923336296559934D-01 9.0D-09 0.0D+00 2.1D-09 0.0D+00       20      121       20      200  S
      5      1   4.9926111838155174D-01 9.0D-09 0.0D+00 4.1D-09 0.0D+00       20      119       20      200  S
      5      1   4.9926142427381587D-01 9.0D-09 0.0D+00 3.6D-09 0.0D+00       20      127       20      200  S
      5      1   4.9921748929721799D-01 9.0D-09 0.0D+00 2.0D-09 0.0D+00       18      109       18      180  S
      5      1   4.9921748930115006D-01 9.0D-09 0.0D+00 3.6D-09 0.0D+00       20      126       20      200  S
      5      1   4.9922503264440371D-01 9.0D-09 0.0D+00 1.3D-09 0.0D+00       18      125       18      180  S
      5      1   4.9922503264442369D-01 9.0D-09 0.0D+00 5.4D-10 0.0D+00       18      122       18      180  S
      5      1   4.9923336296560250D-01 9.0D-09 0.0D+00 9.6D-10 0.0D+00       20      136       20      200  S
      5      1   4.9922503264437429D-01 9.0D-09 0.0D+00 4.9D-09 0.0D+00       18      123       18      180  S
      5      1   4.9926142426500175D-01 9.0D-09 0.0D+00 1.7D-09 0.0D+00       18      102       18      180  S
      5      1   4.9923336296558796D-01 9.0D-09 0.0D+00 5.7D-09 0.0D+00       20      136       20      200  S
      5      1   4.9926111838156018D-01 9.0D-09 0.0D+00 3.0D-09 0.0D+00       20      122       20      200  S
      5      1   4.9927489936289021D-01 9.0D-09 0.0D+00 6.2D-09 0.0D+00       19      129       19      190  S
      5      1   4.9921748929909371D-01 9.0D-09 0.0D+00 2.8D-09 0.0D+00       18      104       18      180  S
      5      1   4.9921748930112075D-01 9.0D-09 0.0D+00 2.6D-09 0.0D+00       20      125       20      200  S
      5      1   4.9926142426897613D-01 9.0D-09 0.0D+00 1.4D-09 0.0D+00       20      132       20      200  S
      5      1   4.9922503264437218D-01 9.0D-09 0.0D+00 2.6D-09 0.0D+00       18      122       18      180  S
      5      1   4.9922503264440415D-01 9.0D-09 0.0D+00 1.6D-09 0.0D+00       18      129       18      180  S
      5      1   4.9926142426424419D-01 9.0D-09 0.0D+00 5.6D-09 0.0D+00       18      109       18      180  S
      5      1   4.9927489936288127D-01 9.0D-09 0.0D+00 3.4D-09 0.0D+00       19      122       19      190  S
      5      1   4.9926142426900305D-01 9.0D-09 0.0D+00 2.0D-09 0.0D+00       20      127       20      200  S
      5      1   4.9921748930747972D-01 9.0D-09 0.0D+00 2.1D-10 0.0D+00       19      117       19      190  S
      5      1   4.9922503264434964D-01 9.0D-09 0.0D+00 5.7D-10 0.0D+00       18      125       18      180  S
      5      1   4.9921748929705234D-01 9.0D-09 0.0D+00 5.8D-10 0.0D+00       18      108       18      180  S
      5      1   4.9926142426898967D-01 9.0D-09 0.0D+00 6.3D-09 0.0D+00       20      128       20      200  S
      5      1   4.9926142426898656D-01 9.0D-09 0.0D+00 7.1D-10 0.0D+00       20      126       20      200  S
      5      1   4.9926111837722675D-01 9.0D-09 0.0D+00 5.9D-09 0.0D+00       18      106       18      180  S
      5      1   4.9926142426426812D-01 9.0D-09 0.0D+00 3.8D-09 0.0D+00       18      109       18      180  S
      5      1   4.9926111837725401D-01 9.0D-09 0.0D+00 4.5D-09 0.0D+00       18      107       18      180  S
      5      1   4.9921748930111720D-01 9.0D-09 0.0D+00 8.7D-12 0.0D+00       20      125       20      200  S
      5      1   4.9922503264437817D-01 9.0D-09 0.0D+00 8.3D-12 0.0D+00       18      125       18      180  S
      5      1   4.9927489936290143D-01 9.0D-09 0.0D+00 6.9D-09 0.0D+00       19      126       19      190  S
      5      1   4.9926142426902770D-01 9.0D-09 0.0D+00 4.5D-09 0.0D+00       20      128       20      200  S
      5      1   4.9927489936287806D-01 9.0D-09 0.0D+00 6.5D-09 0.0D+00       19      124       19      190  S
      5      1   4.9923336296566528D-01 9.0D-09 0.0D+00 2.4D-11 0.0D+00       20      121       20      200  S
      5      1   4.9926111837725073D-01 9.0D-09 0.0D+00 4.9D-10 0.0D+00       18      109       18      180  S
      5      1   4.9922503264436158D-01 9.0D-09 0.0D+00 1.3D-09 0.0D+00       18      125       18      180  S
      5      1   4.9926142426897568D-01 9.0D-09 0.0D+00 4.5D-09 0.0D+00       20      125       20      200  S
      5      1   4.9927489936289027D-01 9.0D-09 0.0D+00 1.3D-09 0.0D+00       19      121       19      190  S
      5      1   4.9926111838161419D-01 9.0D-09 0.0D+00 4.0D-09 0.0D+00       20      118       20      200  S
      5      1   4.9921748930111531D-01 9.0D-09 0.0D+00 2.9D-09 0.0D+00       20      123       20      200  S
      5      1   4.9926111837724302D-01 9.0D-09 0.0D+00 7.0D-09 0.0D+00       18      104       18      180  S
      5      1   4.9926587988430826D-01 9.0D-09 0.0D+00 3.8D-09 0.0D+00       20      129       20      200  S
      5      1   4.9926142426982395D-01 9.0D-09 0.0D+00 2.6D-09 0.0D+00       18      116       18      180  S
      5      1   4.9922503264437745D-01 9.0D-09 0.0D+00 2.0D-09 0.0D+00       18      122       18      180  S
      5      1   4.9922503264438584D-01 9.0D-09 0.0D+00 7.2D-10 0.0D+00       18      123       18      180  S
      5      1   4.9926111837727599D-01 9.0D-09 0.0D+00 8.6D-09 0.0D+00       18      104       18      180  S
      5      1   4.9921748929708243D-01 9.0D-09 0.0D+00 7.4D-09 0.0D+00       18      113       18      180  S
      5      1   4.9926111838159876D-01 9.0D-09 0.0D+00 1.0D-08 0.0D+00       20      119       20      200  S
      5      1   4.9921748930113602D-01 9.0D-09 0.0D+00 2.2D-09 0.0D+00       20      126       20      200  S
      5      1   4.9921748929721449D-01 9.0D-09 0.0D+00 2.5D-09 0.0D+00       18      105       18      180  S
      5      1   4.9922503264439794D-01 9.0D-09 0.0D+00 2.7D-09 0.0D+00       18      127       18      180  S
      5      1   4.9923336296560245D-01 9.0D-09 0.0D+00 2.0D-09 0.0D+00       20      123       20      200  S
      5      1   4.9922503264438978D-01 9.0D-09 0.0D+00 1.9D-09 0.0D+00       18      122       18      180  S
      5      1   4.9921748930708243D-01 9.0D-09 0.0D+00 4.2D-09 0.0D+00       19      119       19      190  S
      5      1   4.9926111837718234D-01 9.0D-09 0.0D+00 6.9D-09 0.0D+00       18      105       18      180  S
      5      1   4.9926142426901193D-01 9.0D-09 0.0D+00 7.7D-10 0.0D+00       20      132       20      200  S
      5      1   4.9923336296569681D-01 9.0D-09 0.0D+00 2.2D-09 0.0D+00       20      123       20      200  S
      5      1   4.9926111838151416D-01 9.0D-09 0.0D+00 8.2D-09 0.0D+00       20      121       20      200  S
      5      1   4.9926587988431870D-01 9.0D-09 0.0D+00 3.8D-09 0.0D+00       20      133       20      200  S
      5      1   4.9921748930745496D-01 9.0D-09 0.0D+00 8.1D-10 0.0D+00       19      117       19      190  S
      5      1   4.9926142426895714D-01 9.0D-09 0.0D+00 7.5D-09 0.0D+00       20      130       20      200  S
      5      1   4.9921748929910126D-01 9.0D-09 0.0D+00 1.4D-09 0.0D+00       18      103       18      180  S
      5      1   4.9921748929909016D-01 9.0D-09 0.0D+00 2.3D-10 0.0D+00       18      103       18      180  S
      5      1   4.9922503264433993D-01 9.0D-09 0.0D+00 1.7D-09 0.0D+00       18      128       18      180  S
      5      1   4.9922503264441703D-01 9.0D-09 0.0D+00 5.6D-10 0.0D+00       18      119       18      180  S
      5      1   4.9926142426904419D-01 9.0D-09 0.0D+00 3.6D-09 0.0D+00       20      124       20      200  S
      5      1   4.9921748929902149D-01 9.0D-09 0.0D+00 3.0D-09 0.0D+00       18      105       18      180  S
      5      1   4.9922503264437895D-01 9.0D-09 0.0D+00 3.1D-09 0.0D+00       18      126       18      180  S
      5      1   4.9926111838154058D-01 9.0D-09 0.0D+00 2.5D-09 0.0D+00       20      121       20      200  S
      5      1   4.9921748929904930D-01 9.0D-09 0.0D+00 2.4D-09 0.0D+00       18      106       18      180  S
      5      1   4.9921748929721865D-01 9.0D-09 0.0D+00 3.4D-10 0.0D+00       18      105       18      180  S
      5      1   4.9921748929719384D-01 9.0D-09 0.0D+00 2.3D-09 0.0D+00       18      106       18      180  S
      5      1   4.9921748930744347D-01 9.0D-09 0.0D+00 1.6D-09 0.0D+00       19      118       19      190  S
      5      1   4.9926142426423953D-01 9.0D-09 0.0D+00 5.8D-09 0.0D+00       18      109       18      180  S
      5      1   4.9923336296560833D-01 9.0D-09 0.0D+00 4.8D-09 0.0D+00       20      136       20      200  S
      5      1   4.9921748929703064D-01 9.0D-09 0.0D+00 2.2D-09 0.0D+00       18      103       18      180  S
      5      1   4.9926142426898951D-01 9.0D-09 0.0D+00 8.8D-10 0.0D+00       20      126       20      200  S
      5      1   4.9921748929899379D-01 9.0D-09 0.0D+00 4.8D-09 0.0D+00       18      105       18      180  S
      5      1   4.9923336296561160D-01 9.0D-09 0.0D+00 4.9D-10 0.0D+00       20      142       20      200  S
      5      1   4.9921748929698995D-01 9.0D-09 0.0D+00 3.0D-09 0.0D+00       18      104       18      180  S
      5      1   4.9926587988434534D-01 9.0D-09 0.0D+00 2.1D-09 0.0D+00       20      132       20      200  S
      5      1   4.9921748929697041D-01 9.0D-09 0.0D+00 3.0D-11 0.0D+00       18      109       18      180  S
      5      1   4.9923336296560872D-01 9.0D-09 0.0D+00 2.7D-09 0.0D+00       20      134       20      200  S
      5      1   4.9921748929907322D-01 9.0D-09 0.0D+00 2.7D-09 0.0D+00       18      105       18      180  S
      5      1   4.9923336296561160D-01 9.0D-09 0.0D+00 4.5D-09 0.0D+00       20      137       20      200  S
      5      1   4.9921748929722903D-01 9.0D-09 0.0D+00 1.9D-09 0.0D+00       18      105       18      180  S
      5      1   4.9926142426903081D-01 9.0D-09 0.0D+00 2.6D-09 0.0D+00       20      125       20      200  S
      5      1   4.9926111838150389D-01 9.0D-09 0.0D+00 1.6D-09 0.0D+00       20      119       20      200  S
      5      1   4.9926142426905568D-01 9.0D-09 0.0D+00 8.2D-09 0.0D+00       20      132       20      200  S
      5      1   4.9926142426977638D-01 9.0D-09 0.0D+00 3.4D-09 0.0D+00       18      118       18      180  S
      5      1   4.9926142426419190D-01 9.0D-09 0.0D+00 5.3D-10 0.0D+00       18      110       18      180  S
      5      1   4.9926587988433313D-01 9.0D-09 0.0D+00 4.3D-09 0.0D+00       20      131       20      200  S
      5      1   4.9921748930106491D-01 9.0D-09 0.0D+00 1.4D-09 0.0D+00       20      126       20      200  S
      5      1   4.9921748929911164D-01 9.0D-09 0.0D+00 2.2D-09 0.0D+00       18      106       18      180  S
      5      1   4.9922503264445128D-01 9.0D-09 0.0D+00 4.3D-09 0.0D+00       18      125       18      180  S
      5      1   4.9921748930747795D-01 9.0D-09 0.0D+00 2.0D-09 0.0D+00       19      113       19      190  S
      5      1   4.9923336296560655D-01 9.0D-09 0.0D+00 6.5D-09 0.0D+00       20      139       20      200  S
      5      1   4.9921748929722465D-01 9.0D-09 0.0D+00 1.5D-09 0.0D+00       18      106       18      180  S
      5      1   4.9922503264436224D-01 9.0D-09 0.0D+00 2.0D-09 0.0D+00       18      124       18      180  S
      5      1   4.9926142426979991D-01 9.0D-09 0.0D+00 3.2D-09 0.0D+00       18      112       18      180  S
      5      1   4.9926142426901654D-01 9.0D-09 0.0D+00 1.8D-09 0.0D+00       20      128       20      200  S
      5      1   4.9921748930106974D-01 9.0D-09 0.0D+00 1.9D-09 0.0D+00       20      127       20      200  S
      5      1   4.9926142426901077D-01 9.0D-09 0.0D+00 3.0D-09 0.0D+00       20      128       20      200  S
      5      1   4.9926587988430066D-01 9.0D-09 0.0D+00 2.6D-10 0.0D+00       20      130       20      200  S
      5      1   4.9922503264437773D-01 9.0D-09 0.0D+00 1.8D-10 0.0D+00       18      128       18      180  S
      5      1   4.9926111837723064D-01 9.0D-09 0.0D+00 4.2D-09 0.0D+00       18      107       18      180  S
      5      1   4.9926142426897757D-01 9.0D-09 0.0D+00 6.3D-09 0.0D+00       20      129       20      200  S
      5      1   4.9923336296563253D-01 9.0D-09 0.0D+00 6.7D-09 0.0D+00       20      126       20      200  S
      5      1   4.9922503264437473D-01 9.0D-09 0.0D+00 2.4D-09 0.0D+00       18      122       18      180  S
      5      1   4.9922503264429335D-01 9.0D-09 0.0D+00 4.6D-10 0.0D+00       18      136       18      180  S
      5      1   4.9923336296570175D-01 9.0D-09 0.0D+00 5.2D-09 0.0D+00       20      118       20      200  S
      5      1   4.9921748929724447D-01 9.0D-09 0.0D+00 1.3D-09 0.0D+00       18      109       18      180  S
      5      1   4.9923336296557391D-01 9.0D-09 0.0D+00 6.6D-09 0.0D+00       20      122       20      200  S
      5      1   4.9923336296562215D-01 9.0D-09 0.0D+00 2.9D-09 0.0D+00       20      135       20      200  S
      5      1   4.9922503264441564D-01 9.0D-09 0.0D+00 1.7D-09 0.0D+00       18      126       18      180  S
      5      1   4.9926111838153620D-01 9.0D-09 0.0D+00 4.6D-09 0.0D+00       20      119       20      200  S
      5      1   4.9922503264437956D-01 9.0D-09 0.0D+00 2.0D-09 0.0D+00       18      128       18      180  S
      5      1   4.9926142426981107D-01 9.0D-09 0.0D+00 2.6D-09 0.0D+00       18      115       18      180  S
      5      1   4.9926142426494580D-01 9.0D-09 0.0D+00 5.2D-10 0.0D+00       18      104       18      180  S
      5      1   4.9926142426976805D-01 9.0D-09 0.0D+00 1.8D-09 0.0D+00       18      114       18      180  S
      5      1   4.9921748929725851D-01 9.0D-09 0.0D+00 8.6D-10 0.0D+00       18      107       18      180  S
      5      1   4.9922503264441714D-01 9.0D-09 0.0D+00 3.9D-09 0.0D+00       18      123       18      180  S
      5      1   4.9926111838150161D-01 9.0D-09 0.0D+00 1.2D-09 0.0D+00       20      120       20      200  S
      5      1   4.9921748929705745D-01 9.0D-09 0.0D+00 3.7D-09 0.0D+00       18      108       18      180  S
      5      1   4.9926142426495318D-01 9.0D-09 0.0D+00 4.9D-09 0.0D+00       18      105       18      180  S
      5      1   4.9921748930103194D-01 9.0D-09 0.0D+00 3.8D-09 0.0D+00       20      127       20      200  S
      5      1   4.9926142426495684D-01 9.0D-09 0.0D+00 3.3D-09 0.0D+00       18      103       18      180  S
      5      1   4.9926142426419401D-01 9.0D-09 0.0D+00 7.2D-10 0.0D+00       18      110       18      180  S
      5      1   4.9926142426897541D-01 9.0D-09 0.0D+00 5.0D-09 0.0D+00       20      127       20      200  S
      5      1   4.9926142426984188D-01 9.0D-09 0.0D+00 5.4D-09 0.0D+00       18      114       18      180  S
      5      1   4.9926142426417836D-01 9.0D-09 0.0D+00 2.9D-09 0.0D+00       18      109       18      180  S
      5      1   4.9922503264439572D-01 9.0D-09 0.0D+00 6.1D-09 0.0D+00       18      124       18      180  S
      5      1   4.9922503264443147D-01 9.0D-09 0.0D+00 3.1D-09 0.0D+00       18      127       18      180  S
      5      1   4.9926142426979175D-01 9.0D-09 0.0D+00 3.6D-09 0.0D+00       18      114       18      180  S
      5      1   4.9926111837741166D-01 9.0D-09 0.0D+00 4.3D-09 0.0D+00       18      112       18      180  S
      5      1   4.9927489936289043D-01 9.0D-09 0.0D+00 8.4D-09 0.0D+00       19      125       19      190  S
      5      1   4.9926111837724885D-01 9.0D-09 0.0D+00 5.4D-09 0.0D+00       18      108       18      180  S
      5      1   4.9921748929699522D-01 9.0D-09 0.0D+00 1.3D-09 0.0D+00       18      106       18      180  S
      5      1   4.9923336296568771D-01 9.0D-09 0.0D+00 3.2D-09 0.0D+00       20      122       20      200  S
      5      1   4.9926142426903231D-01 9.0D-09 0.0D+00 3.0D-09 0.0D+00       20      128       20      200  S
      5      1   4.9923336296567927D-01 9.0D-09 0.0D+00 2.8D-09 0.0D+00       20      121       20      200  S
      5      1   4.9921748930105392D-01 9.0D-09 0.0D+00 4.0D-09 0.0D+00       20      125       20      200  S
      5      1   4.9921748930742366D-01 9.0D-09 0.0D+00 2.3D-09 0.0D+00       19      123       19      190  S
      5      1   4.9921748929725412D-01 9.0D-09 0.0D+00 3.4D-09 0.0D+00       18      113       18      180  S
      5      1   4.9922503264434959D-01 9.0D-09 0.0D+00 4.4D-10 0.0D+00       18      121       18      180  S
      5      1   4.9921748929703530D-01 9.0D-09 0.0D+00 1.8D-09 0.0D+00       18      105       18      180  S
      5      1   4.9926111838152926D-01 9.0D-09 0.0D+00 1.3D-09 0.0D+00       20      121       20      200  S
      5      1   4.9923336296558868D-01 9.0D-09 0.0D+00 4.1D-09 0.0D+00       20      138       20      200  S
      5      1   4.9922503264437124D-01 9.0D-09 0.0D+00 7.0D-12 0.0D+00       18      123       18      180  S
      5      1   4.9921748930104975D-01 9.0D-09 0.0D+00 1.9D-09 0.0D+00       20      125       20      200  S
      5      1   4.9926142426900838D-01 9.0D-09 0.0D+00 4.6D-09 0.0D+00       20      128       20      200  S
      5      1   4.9923336296555226D-01 9.0D-09 0.0D+00 2.4D-09 0.0D+00       20      127       20      200  S
      5      1   4.9922503264439788D-01 9.0D-09 0.0D+00 5.6D-09 0.0D+00       18      123       18      180  S
      5      1   4.9921748930752313D-01 9.0D-09 0.0D+00 2.8D-09 0.0D+00       19      122       19      190  S
      5      1   4.9922503264434948D-01 9.0D-09 0.0D+00 9.4D-10 0.0D+00       18      126       18      180  S
      5      1   4.9926587988424975D-01 9.0D-09 0.0D+00 3.1D-09 0.0D+00       20      136       20      200  S
      5      1   4.9921748929900844D-01 9.0D-09 0.0D+00 3.2D-10 0.0D+00       18      104       18      180  S
      5      1   4.9921748930106052D-01 9.0D-09 0.0D+00 3.0D-10 0.0D+00       20      127       20      200  S
      5      1   4.9921748930104531D-01 9.0D-09 0.0D+00 1.2D-09 0.0D+00       20      125       20      200  S
      5      1   4.9926111837733111D-01 9.0D-09 0.0D+00 4.6D-10 0.0D+00       18      114       18      180  S
      5      1   4.9921748929722698D-01 9.0D-09 0.0D+00 1.8D-09 0.0D+00       18      108       18      180  S
      5      1   4.9926111837725951D-01 9.0D-09 0.0D+00 6.5D-09 0.0D+00       18      103       18      180  S
      5      1   4.9926587988410653D-01 9.0D-09 0.0D+00 2.2D-10 0.0D+00       20      129       20      200  S
      5      1   4.9923336296558507D-01 9.0D-09 0.0D+00 1.1D-09 0.0D+00       20      136       20      200  S
      5      1   4.9926142426977660D-01 9.0D-09 0.0D+00 2.8D-09 0.0D+00       18      110       18      180  S
      5      1   4.9921748930747939D-01 9.0D-09 0.0D+00 1.3D-09 0.0D+00       19      114       19      190  S
      5      1   4.9926142426898601D-01 9.0D-09 0.0D+00 4.7D-09 0.0D+00       20      129       20      200  S
      5      1   4.9926142426893638D-01 9.0D-09 0.0D+00 6.1D-09 0.0D+00       20      128       20      200  S
      5      1   4.9926142426493508D-01 9.0D-09 0.0D+00 3.5D-09 0.0D+00       18      101       18      180  S
      5      1   4.9926587988430127D-01 9.0D-09 0.0D+00 6.7D-09 0.0D+00       20      130       20      200  S
      5      1   4.9921748930102605D-01 9.0D-09 0.0D+00 1.6D-10 0.0D+00       20      130       20      200  S
      5      1   4.9922503264437940D-01 9.0D-09 0.0D+00 2.6D-09 0.0D+00       18      121       18      180  S
      5      1   4.9921748930745419D-01 9.0D-09 0.0D+00 7.8D-10 0.0D+00       19      118       19      190  S
      5      1   4.9923336296561355D-01 9.0D-09 0.0D+00 4.1D-09 0.0D+00       20      126       20      200  S
      5      1   4.9926111838154613D-01 9.0D-09 0.0D+00 6.0D-09 0.0D+00       20      121       20      200  S
      5      1   4.9921748930748600D-01 9.0D-09 0.0D+00 2.2D-09 0.0D+00       19      121       19      190  S
      5      1   4.9923336296562865D-01 9.0D-09 0.0D+00 2.6D-09 0.0D+00       20      138       20      200  S
      5      1   4.9921748930106163D-01 9.0D-09 0.0D+00 2.2D-09 0.0D+00       20      122       20      200  S
      5      1   4.9921748930105037D-01 9.0D-09 0.0D+00 1.8D-09 0.0D+00       20      125       20      200  S
      5      1   4.9923336296558324D-01 9.0D-09 0.0D+00 2.0D-09 0.0D+00       20      124       20      200  S
      5      1   4.9923336296567011D-01 9.0D-09 0.0D+00 3.2D-09 0.0D+00       20      121       20      200  S
      5      1   4.9921748929911552D-01 9.0D-09 0.0D+00 5.8D-09 0.0D+00       18      102       18      180  S
      5      1   4.9921748930105786D-01 9.0D-09 0.0D+00 3.5D-10 0.0D+00       20      130       20      200  S
      5      1   4.9921748930109194D-01 9.0D-09 0.0D+00 1.2D-09 0.0D+00       20      126       20      200  S
      5      1   4.9921748929721332D-01 9.0D-09 0.0D+00 8.2D-11 0.0D+00       18      108       18      180  S
      5      1   4.9921748929721427D-01 9.0D-09 0.0D+00 8.5D-11 0.0D+00       18      105       18      180  S
      5      1   4.9926142426420878D-01 9.0D-09 0.0D+00 3.5D-09 0.0D+00       18      111       18      180  S
      5      1   4.9926142426899373D-01 9.0D-09 0.0D+00 1.3D-10 0.0D+00       20      127       20      200  S
      5      1   4.9921748930107368D-01 9.0D-09 0.0D+00 1.3D-09 0.0D+00       20      125       20      200  S
      5      1   4.9923336296559240D-01 9.0D-09 0.0D+00 6.0D-10 0.0D+00       20      139       20      200  S
      5      1   4.9926142426900860D-01 9.0D-09 0.0D+00 3.0D-10 0.0D+00       20      127       20      200  S
      5      1   4.9921748930745885D-01 9.0D-09 0.0D+00 1.1D-09 0.0D+00       19      120       19      190  S
      5      1   4.9923336296568283D-01 9.0D-09 0.0D+00 3.5D-11 0.0D+00       20      120       20      200  S
      5      1   4.9926142426424142D-01 9.0D-09 0.0D+00 3.3D-09 0.0D+00       18      108       18      180  S
      5      1   4.9922503264436252D-01 9.0D-09 0.0D+00 1.8D-09 0.0D+00       18      122       18      180  S
      5      1   4.9926587988429033D-01 9.0D-09 0.0D+00 3.7D-09 0.0D+00       20      132       20      200  S
      5      1   4.9926142427380266D-01 9.0D-09 0.0D+00 9.2D-10 0.0D+00       20      124       20      200  S
      5      1   4.9923336296564114D-01 9.0D-09 0.0D+00 3.4D-10 0.0D+00       20      122       20      200  S
      5      1   4.9921748929702392D-01 9.0D-09 0.0D+00 3.0D-09 0.0D+00       18      103       18      180  S
      5      1   4.9926142426895614D-01 9.0D-09 0.0D+00 5.1D-09 0.0D+00       20      126       20      200  S
      5      1   4.9921748929706222D-01 9.0D-09 0.0D+00 1.7D-09 0.0D+00       18      104       18      180  S
      5      1   4.9926587988430138D-01 9.0D-09 0.0D+00 3.2D-09 0.0D+00       20      132       20      200  S
      5      1   4.9923336296562865D-01 9.0D-09 0.0D+00 5.6D-09 0.0D+00       20      125       20      200  S
      5      1   4.9926142426983589D-01 9.0D-09 0.0D+00 9.2D-09 0.0D+00       18      118       18      180  S
      5      1   4.9926587988427312D-01 9.0D-09 0.0D+00 1.5D-09 0.0D+00       20      130       20      200  S
      5      1   4.9921748930113724D-01 9.0D-09 0.0D+00 4.8D-09 0.0D+00       20      126       20      200  S
      5      1   4.9921748929910770D-01 9.0D-09 0.0D+00 3.2D-10 0.0D+00       18      105       18      180  S
      5      1   4.9921748930105941D-01 9.0D-09 0.0D+00 7.2D-10 0.0D+00       20      125       20      200  S
      5      1   4.9923336296562393D-01 9.0D-09 0.0D+00 2.5D-09 0.0D+00       20      124       20      200  S
      5      1   4.9921748930115240D-01 9.0D-09 0.0D+00 4.1D-09 0.0D+00       20      126       20      200  S
      5      1   4.9926142426490183D-01 9.0D-09 0.0D+00 5.0D-09 0.0D+00       18      110       18      180  S
      5      1   4.9921748930103732D-01 9.0D-09 0.0D+00 2.7D-09 0.0D+00       20      127       20      200  S
      5      1   4.9922503264438473D-01 9.0D-09 0.0D+00 1.7D-10 0.0D+00       18      123       18      180  S
      5      1   4.9921748930744264D-01 9.0D-09 0.0D+00 5.8D-09 0.0D+00       19      117       19      190  S
      5      1   4.9927696683251088D-01 9.0D-09 0.0D+00 5.1D-09 0.0D+00       20      144       20      200  S
      5      1   4.9926142426903963D-01 9.0D-09 0.0D+00 1.0D-09 0.0D+00       20      125       20      200  S
      5      1   4.9921748929723553D-01 9.0D-09 0.0D+00 5.6D-09 0.0D+00       18      104       18      180  S
      5      1   4.9926142426903747D-01 9.0D-09 0.0D+00 6.0D-09 0.0D+00       20      127       20      200  S
      5      1   4.9926142426898001D-01 9.0D-09 0.0D+00 8.4D-12 0.0D+00       20      128       20      200  S
      5      1   4.9927489936291825D-01 9.0D-09 0.0D+00 9.2D-09 0.0D+00       19      120       19      190  S
      5      1   4.9926142426500575D-01 9.0D-09 0.0D+00 5.4D-09 0.0D+00       18      105       18      180  S
      5      1   4.9921748930106874D-01 9.0D-09 0.0D+00 2.0D-09 0.0D+00       20      126       20      200  S
      5      1   4.9923336296568444D-01 9.0D-09 0.0D+00 2.1D-09 0.0D+00       20      124       20      200  S
      5      1   4.9922503264440182D-01 9.0D-09 0.0D+00 1.2D-09 0.0D+00       18      123       18      180  S
      5      1   4.9923336296557647D-01 9.0D-09 0.0D+00 5.7D-09 0.0D+00       20      125       20      200  S
      5      1   4.9926142426902698D-01 9.0D-09 0.0D+00 3.0D-09 0.0D+00       20      127       20      200  S
      5      1   4.9921748930106352D-01 9.0D-09 0.0D+00 2.7D-09 0.0D+00       20      127       20      200  S
      5      1   4.9923336296557497D-01 9.0D-09 0.0D+00 3.1D-09 0.0D+00       20      123       20      200  S
      5      1   4.9922503264438511D-01 9.0D-09 0.0D+00 7.1D-10 0.0D+00       18      122       18      180  S
      5      1   4.9922503264439305D-01 9.0D-09 0.0D+00 3.1D-09 0.0D+00       18      122       18      180  S
      5      1   4.9921748929705650D-01 9.0D-09 0.0D+00 1.3D-09 0.0D+00       18      109       18      180  S
      5      1   4.9927489936287045D-01 9.0D-09 0.0D+00 3.8D-09 0.0D+00       19      116       19      190  S
      5      1   4.9926142427377690D-01 9.0D-09 0.0D+00 9.9D-09 0.0D+00       20      126       20      200  S
      5      1   4.9926111837723525D-01 9.0D-09 0.0D+00 6.7D-09 0.0D+00       18      111       18      180  S
      5      1   4.9923336296555149D-01 9.0D-09 0.0D+00 6.3D-10 0.0D+00       20      123       20      200  S
      5      1   4.9921748929911686D-01 9.0D-09 0.0D+00 6.6D-10 0.0D+00       18      100       18      180  S
      5      1   4.9926111837724479D-01 9.0D-09 0.0D+00 2.1D-09 0.0D+00       18      107       18      180  S
      5      1   4.9921748930741505D-01 9.0D-09 0.0D+00 7.3D-11 0.0D+00       19      118       19      190  S
      5      1   4.9926142426899822D-01 9.0D-09 0.0D+00 6.5D-09 0.0D+00       20      128       20      200  S
      5      1   4.9926587988431470D-01 9.0D-09 0.0D+00 5.8D-09 0.0D+00       20      134       20      200  S
      5      1   4.9921748930106680D-01 9.0D-09 0.0D+00 2.3D-09 0.0D+00       20      126       20      200  S
      5      1   4.9921748929705162D-01 9.0D-09 0.0D+00 9.1D-10 0.0D+00       18      109       18      180  S
      5      1   4.9926142426890169D-01 9.0D-09 0.0D+00 1.0D-09 0.0D+00       20      128       20      200  S
      5      1   4.9922503264436907D-01 9.0D-09 0.0D+00 3.1D-09 0.0D+00       18      123       18      180  S
      5      1   4.9926142426984244D-01 9.0D-09 0.0D+00 2.4D-09 0.0D+00       18      115       18      180  S
      5      1   4.9922503264438739D-01 9.0D-09 0.0D+00 7.8D-10 0.0D+00       18      123       18      180  S
      5      1   4.9922503264439655D-01 9.0D-09 0.0D+00 5.6D-10 0.0D+00       18      122       18      180  S
      5      1   4.9921748930104148D-01 9.0D-09 0.0D+00 3.0D-09 0.0D+00       20      129       20      200  S
      5      1   4.9926111838147064D-01 9.0D-09 0.0D+00 8.5D-09 0.0D+00       20      118       20      200  S
      5      1   4.9926111837721487D-01 9.0D-09 0.0D+00 4.0D-09 0.0D+00       18      103       18      180  S
      5      1   4.9926142426499026D-01 9.0D-09 0.0D+00 4.6D-10 0.0D+00       18      103       18      180  S
      5      1   4.9921748929908089D-01 9.0D-09 0.0D+00 1.4D-09 0.0D+00       18      103       18      180  S
      5      1   4.9922503264441642D-01 9.0D-09 0.0D+00 3.3D-09 0.0D+00       18      121       18      180  S
      5      1   4.9921748930107773D-01 9.0D-09 0.0D+00 2.5D-09 0.0D+00       20      124       20      200  S
      5      1   4.9926142426897224D-01 9.0D-09 0.0D+00 2.6D-09 0.0D+00       20      126       20      200  S
      5      1   4.9923336296560222D-01 9.0D-09 0.0D+00 3.2D-09 0.0D+00       20      128       20      200  S
      5      1   4.9923336296556425D-01 9.0D-09 0.0D+00 2.0D-09 0.0D+00       20      136       20      200  S
      5      1   4.9926587988433313D-01 9.0D-09 0.0D+00 3.8D-09 0.0D+00       20      130       20      200  S
      5      1   4.9921748930107679D-01 9.0D-09 0.0D+00 1.6D-09 0.0D+00       20      123       20      200  S
      5      1   4.9921748929900728D-01 9.0D-09 0.0D+00 2.8D-09 0.0D+00       18      104       18      180  S
      5      1   4.9921748930744675D-01 9.0D-09 0.0D+00 2.3D-10 0.0D+00       19      114       19      190  S
      5      1   4.9923336296563037D-01 9.0D-09 0.0D+00 3.7D-09 0.0D+00       20      122       20      200  S
      5      1   4.9926142426901315D-01 9.0D-09 0.0D+00 6.1D-09 0.0D+00       20      130       20      200  S
      5      1   4.9922503264433543D-01 9.0D-09 0.0D+00 2.5D-09 0.0D+00       18      126       18      180  S
      5      1   4.9921748929704857D-01 9.0D-09 0.0D+00 2.4D-09 0.0D+00       18      107       18      180  S
      5      1   4.9922503264437113D-01 9.0D-09 0.0D+00 2.8D-09 0.0D+00       18      123       18      180  S
      5      1   4.9923336296571602D-01 9.0D-09 0.0D+00 6.5D-09 0.0D+00       20      122       20      200  S
      5      1   4.9926142426899878D-01 9.0D-09 0.0D+00 4.8D-10 0.0D+00       20      125       20      200  S
      5      1   4.9923336296557130D-01 9.0D-09 0.0D+00 3.8D-09 0.0D+00       20      142       20      200  S
      5      1   4.9923336296562265D-01 9.0D-09 0.0D+00 5.0D-10 0.0D+00       20      121       20      200  S
      5      1   4.9921748930747628D-01 9.0D-09 0.0D+00 3.1D-09 0.0D+00       19      117       19      190  S
      5      1   4.9921748929905219D-01 9.0D-09 0.0D+00 2.3D-10 0.0D+00       18      107       18      180  S
      5      1   4.9921748930111165D-01 9.0D-09 0.0D+00 2.6D-09 0.0D+00       20      128       20      200  S
      5      1   4.9923336296559051D-01 9.0D-09 0.0D+00 2.6D-09 0.0D+00       20      139       20      200  S
      5      1   4.9921748929769799D-01 9.0D-09 0.0D+00 3.7D-09 0.0D+00       18      135       18      180  S
      5      1   4.9923336296561105D-01 9.0D-09 0.0D+00 1.5D-09 0.0D+00       20      123       20      200  S
      5      1   4.9921748930107934D-01 9.0D-09 0.0D+00 4.5D-10 0.0D+00       20      123       20      200  S
      5      1   4.9926142426899489D-01 9.0D-09 0.0D+00 6.4D-09 0.0D+00       20      127       20      200  S
      5      1   4.9921748930104737D-01 9.0D-09 0.0D+00 2.8D-09 0.0D+00       20      126       20      200  S
      5      1   4.9923336296561016D-01 9.0D-09 0.0D+00 3.6D-09 0.0D+00       20      124       20      200  S
      5      1   4.9921748929696041D-01 9.0D-09 0.0D+00 6.5D-09 0.0D+00       18      109       18      180  S
      5      1   4.9921748929703436D-01 9.0D-09 0.0D+00 1.9D-09 0.0D+00       18      106       18      180  S
      5      1   4.9921748930107102D-01 9.0D-09 0.0D+00 1.5D-09 0.0D+00       20      127       20      200  S
      5      1   4.9922503264436791D-01 9.0D-09 0.0D+00 2.3D-11 0.0D+00       18      125       18      180  S
      5      1   4.9921748930746418D-01 9.0D-09 0.0D+00 2.1D-09 0.0D+00       19      114       19      190  S
      5      1   4.9926142426893505D-01 9.0D-09 0.0D+00 2.7D-09 0.0D+00       20      131       20      200  S
      5      1   4.9926111838155529D-01 9.0D-09 0.0D+00 1.3D-09 0.0D+00       20      119       20      200  S
      5      1   4.9922503264440732D-01 9.0D-09 0.0D+00 6.5D-09 0.0D+00       18      124       18      180  S
      5      1   4.9922503264439505D-01 9.0D-09 0.0D+00 6.8D-10 0.0D+00       18      129       18      180  S
      5      1   4.9926142426909575D-01 9.0D-09 0.0D+00 8.6D-09 0.0D+00       20      128       20      200  S
      5      1   4.9923336296553872D-01 9.0D-09 0.0D+00 2.3D-09 0.0D+00       20      127       20      200  S
      5      1   4.9923336296560311D-01 9.0D-09 0.0D+00 3.9D-09 0.0D+00       20      140       20      200  S
