     13      1   2.9328684592488441D-01 7.4D-09 0.0D+00 1.6D-08 0.0D+00       22      161       22      220  S
     13      1   2.9329234677152088D-01 7.4D-09 0.0D+00 9.8D-08 0.0D+00       24      179       24      240  S
     13      1   2.7809533259703445D-01 6.1D-09 0.0D+00 1.6D-09 0.0D+00       21      114       21      210  S
     13      1   2.7774835845491280D-01 5.7D-09 0.0D+00 6.1D-09 0.0D+00       22      122       22      220  S
     13      1   2.7809533259730684D-01 6.1D-09 0.0D+00 2.4D-09 0.0D+00       22      120       22      220  S
     13      1   2.7809533259740643D-01 6.1D-09 0.0D+00 1.9D-09 0.0D+00       22      131       22      220  S
     13      1   2.7774334308047072D-01 5.7D-09 0.0D+00 1.0D-09 0.0D+00       22      122       22      220  S
     13      1   2.7809533259738117D-01 6.1D-09 0.0D+00 7.8D-09 0.0D+00       22      121       22      220  S
     13      1   2.7809774595916370D-01 6.1D-09 0.0D+00 2.9D-09 0.0D+00       21      113       21      210  S
     13      1   3.0418783718061609D-01 6.7D-09 0.0D+00 7.0D-08 0.0D+00       24      178       24      240  S
     13      1   2.9328684592556392D-01 7.4D-09 0.0D+00 2.0D-09 0.0D+00       22      165       22      220  S
     13      1   2.7809774620167688D-01 6.1D-09 0.0D+00 2.4D-08 0.0D+00       22      121       22      220  S
     13      1   2.7809533259723268D-01 6.1D-09 0.0D+00 1.9D-09 0.0D+00       22      123       22      220  S
     13      1   2.7810040583450818D-01 6.1D-09 0.0D+00 1.2D-08 0.0D+00       22      128       22      220  S
     13      1   2.9328684592574189D-01 7.4D-09 0.0D+00 9.8D-09 0.0D+00       22      165       22      220  S
     13      1   2.7809533259736008D-01 6.1D-09 0.0D+00 1.0D-09 0.0D+00       22      122       22      220  S
     13      1   2.9329234677292787D-01 7.4D-09 0.0D+00 5.7D-09 0.0D+00       21      139       21      210  S
     13      1   2.9328684592513377D-01 7.4D-09 0.0D+00 9.6D-09 0.0D+00       22      125       22      220  S
     13      1   2.9329234677317007D-01 7.4D-09 0.0D+00 7.8D-09 0.0D+00       22      134       22      220  S
     13      1   1.0042867526071362D+00 2.2D-16 0.0D+00 1.0D+00 0.0D+00        3       38        3       30  S
     13      1   2.7809642305323190D-01 6.1D-09 0.0D+00 4.4D-09 0.0D+00       21      112       21      210  S
     13      1   2.7810040583472062D-01 6.1D-09 0.0D+00 4.4D-09 0.0D+00       22      117       22      220  S
     13      1   2.7774334308035636D-01 5.7D-09 0.0D+00 1.7D-09 0.0D+00       22      129       22      220  S
     13      1   2.9328684592469240D-01 7.4D-09 0.0D+00 7.1D-09 0.0D+00       21      132       21      210  S
     13      1   2.7809774595913656D-01 6.1D-09 0.0D+00 5.6D-09 0.0D+00       21      118       21      210  S
     13      1   2.7809774595928938D-01 6.1D-09 0.0D+00 3.1D-09 0.0D+00       22      127       22      220  S
     13      1   2.7809533259734881D-01 6.1D-09 0.0D+00 5.6D-09 0.0D+00       22      115       22      220  S
     13      1   2.9328684592518561D-01 7.4D-09 0.0D+00 6.2D-09 0.0D+00       22      150       22      220  S
     13      1   2.7809533259730368D-01 6.1D-09 0.0D+00 1.7D-09 0.0D+00       22      120       22      220  S
     13      1   2.7809774595938569D-01 6.1D-09 0.0D+00 7.3D-11 0.0D+00       22      124       22      220  S
     13      1   2.7809774595912506D-01 6.1D-09 0.0D+00 6.2D-09 0.0D+00       21      126       21      210  S
     13      1   2.7810125555217313D-01 6.1D-09 0.0D+00 8.8D-09 0.0D+00       22      120       22      220  S
     13      1   2.9328684592286020D-01 7.4D-09 0.0D+00 1.1D-07 0.0D+00       22      158       22      220  S
     13      1   2.7809533259729974D-01 6.1D-09 0.0D+00 9.2D-09 0.0D+00       22      121       22      220  S
     13      1   2.9328684592462895D-01 7.4D-09 0.0D+00 4.9D-10 0.0D+00       21      138       21      210  S
     13      1   2.9329234676788812D-01 7.4D-09 0.0D+00 3.2D-07 0.0D+00       22      126       22      220  S
     13      1   2.7813761700933437D-01 6.2D-09 0.0D+00 2.3D-09 0.0D+00       22      138       22      220  S
     13      1   2.7809533259740443D-01 6.1D-09 0.0D+00 1.9D-09 0.0D+00       22      124       22      220  S
     13      1   2.9329234677274357D-01 7.4D-09 0.0D+00 1.0D-09 0.0D+00       21      148       21      210  S
     13      1   2.9329234677334459D-01 7.4D-09 0.0D+00 8.5D-09 0.0D+00       22      156       22      220  S
     13      1   2.9328684592475673D-01 7.4D-09 0.0D+00 8.9D-09 0.0D+00       21      127       21      210  S
     13      1   2.7809533259730329D-01 6.1D-09 0.0D+00 6.6D-09 0.0D+00       22      130       22      220  S
     13      1   2.7809533259712610D-01 6.1D-09 0.0D+00 4.8D-09 0.0D+00       22      114       22      220  S
     13      1   2.7809533259730912D-01 6.1D-09 0.0D+00 2.5D-09 0.0D+00       22      126       22      220  S
     13      1   2.9328684592531590D-01 7.4D-09 0.0D+00 2.3D-09 0.0D+00       21      145       21      210  S
     13      1   2.9328684592332560D-01 7.4D-09 0.0D+00 9.9D-08 0.0D+00       24      174       24      240  S
     13      1   2.9328684592506876D-01 7.4D-09 0.0D+00 1.9D-08 0.0D+00       23      143       23      230  S
     13      1   2.7809533259709751D-01 6.1D-09 0.0D+00 3.1D-09 0.0D+00       21      113       21      210  S
     13      1   2.9328684592508258D-01 7.4D-09 0.0D+00 2.5D-08 0.0D+00       23      159       23      230  S
     13      1   2.7809533259738994D-01 6.1D-09 0.0D+00 2.9D-09 0.0D+00       22      119       22      220  S
     13      1   2.7809533259733094D-01 6.1D-09 0.0D+00 6.6D-10 0.0D+00       22      118       22      220  S
     13      1   2.7809533259731051D-01 6.1D-09 0.0D+00 2.6D-09 0.0D+00       22      116       22      220  S
     13      1   2.9328684592352944D-01 7.4D-09 0.0D+00 1.1D-07 0.0D+00       23      165       23      230  S
     13      1   2.9328684592460991D-01 7.4D-09 0.0D+00 9.1D-09 0.0D+00       21      159       21      210  S
     13      1   2.7809642305320964D-01 6.1D-09 0.0D+00 2.3D-10 0.0D+00       21      108       21      210  S
     13      1   2.7809533259725594D-01 6.1D-09 0.0D+00 7.7D-09 0.0D+00       22      126       22      220  S
     13      1   2.9328684592251686D-01 7.4D-09 0.0D+00 1.2D-07 0.0D+00       23      187       23      230  S
     13      1   2.9328684592053544D-01 7.4D-09 0.0D+00 3.2D-07 0.0D+00       23      160       23      230  S
     13      1   2.7809774620154626D-01 6.1D-09 0.0D+00 8.8D-09 0.0D+00       21      108       21      210  S
     13      1   2.9329234677297639D-01 7.4D-09 0.0D+00 9.7D-09 0.0D+00       22      139       22      220  S
     13      1   2.9329234677322841D-01 7.4D-09 0.0D+00 4.4D-09 0.0D+00       21      151       21      210  S
     13      1   2.7813761700929873D-01 6.2D-09 0.0D+00 6.5D-09 0.0D+00       22      129       22      220  S
     13      1   2.7809533259723934D-01 6.1D-09 0.0D+00 9.0D-10 0.0D+00       22      115       22      220  S
     13      1   2.7809533259720842D-01 6.1D-09 0.0D+00 9.3D-09 0.0D+00       22      119       22      220  S
     13      1   2.7809533259723107D-01 6.1D-09 0.0D+00 6.7D-09 0.0D+00       22      120       22      220  S
     13      1   2.7809642305347476D-01 6.1D-09 0.0D+00 1.3D-09 0.0D+00       22      129       22      220  S
     13      1   2.7809533259735142D-01 6.1D-09 0.0D+00 6.9D-09 0.0D+00       22      119       22      220  S
     13      1   2.9329234677324578D-01 7.4D-09 0.0D+00 2.1D-09 0.0D+00       22      137       22      220  S
     13      1   2.9329234677297994D-01 7.4D-09 0.0D+00 3.8D-09 0.0D+00       22      138       22      220  S
     13      1   2.9328684592522269D-01 7.4D-09 0.0D+00 1.2D-08 0.0D+00       22      160       22      220  S
     13      1   2.7774083779390862D-01 5.7D-09 0.0D+00 5.7D-09 0.0D+00       22      121       22      220  S
     13      1   2.7809774595945647D-01 6.1D-09 0.0D+00 9.0D-09 0.0D+00       22      129       22      220  S
     13      1   2.7809533259710950D-01 6.1D-09 0.0D+00 6.9D-09 0.0D+00       21      112       21      210  S
     13      1   2.7810360998178718D-01 6.1D-09 0.0D+00 3.9D-09 0.0D+00       22      135       22      220  S
     13      1   2.9328684592534110D-01 7.4D-09 0.0D+00 1.3D-09 0.0D+00       21      132       21      210  S
     13      1   2.9328684592518534D-01 7.4D-09 0.0D+00 8.8D-10 0.0D+00       21      138       21      210  S
     13      1   2.9328684592045923D-01 7.4D-09 0.0D+00 3.1D-07 0.0D+00       23      169       23      230  S
     13      1   2.9329234676913413D-01 7.4D-09 0.0D+00 3.0D-07 0.0D+00       23      185       23      230  S
     13      1   2.7809774620164512D-01 6.1D-09 0.0D+00 7.5D-09 0.0D+00       21      109       21      210  S
     13      1   2.7809533259737895D-01 6.1D-09 0.0D+00 2.9D-09 0.0D+00       22      124       22      220  S
     13      1   2.7809533259693431D-01 6.1D-09 0.0D+00 3.0D-09 0.0D+00       21      117       21      210  S
     13      1   2.9329234676926536D-01 7.4D-09 0.0D+00 2.2D-07 0.0D+00       22      156       22      220  S
     13      1   2.9328684591995452D-01 7.4D-09 0.0D+00 3.2D-07 0.0D+00       23      164       23      230  S
     13      1   2.7809533259731251D-01 6.1D-09 0.0D+00 9.9D-09 0.0D+00       22      125       22      220  S
     13      1   2.7809642305328108D-01 6.1D-09 0.0D+00 6.8D-09 0.0D+00       21      114       21      210  S
     13      1   2.7813761700924561D-01 6.2D-09 0.0D+00 7.7D-09 0.0D+00       22      122       22      220  S
     13      1   2.7810040583451717D-01 6.1D-09 0.0D+00 9.8D-10 0.0D+00       21      114       21      210  S
     13      1   2.7809533259726377D-01 6.1D-09 0.0D+00 2.4D-09 0.0D+00       22      124       22      220  S
     13      1   2.7809774620160527D-01 6.1D-09 0.0D+00 4.3D-09 0.0D+00       21      109       21      210  S
     13      1   2.9328684592057863D-01 7.4D-09 0.0D+00 2.8D-07 0.0D+00       23      161       23      230  S
     13      1   2.7809533259732233D-01 6.1D-09 0.0D+00 4.1D-09 0.0D+00       22      116       22      220  S
     13      1   2.7809533259706354D-01 6.1D-09 0.0D+00 3.2D-09 0.0D+00       21      110       21      210  S
     13      1   2.9328684592468840D-01 7.4D-09 0.0D+00 4.9D-09 0.0D+00       21      142       21      210  S
     13      1   2.9328684591997867D-01 7.4D-09 0.0D+00 3.2D-07 0.0D+00       23      172       23      230  S
     13      1   2.7809774595941306D-01 6.1D-09 0.0D+00 2.1D-09 0.0D+00       22      123       22      220  S
     13      1   2.7809533259732067D-01 6.1D-09 0.0D+00 3.8D-10 0.0D+00       22      128       22      220  S
     13      1   2.9328684592059462D-01 7.4D-09 0.0D+00 3.3D-07 0.0D+00       24      159       24      240  S
     13      1   2.9328684592287446D-01 7.4D-09 0.0D+00 1.5D-07 0.0D+00       22      146       22      220  S
     13      1   2.9328684592478593D-01 7.4D-09 0.0D+00 9.7D-12 0.0D+00       21      144       21      210  S
     13      1   2.9328684592277010D-01 7.4D-09 0.0D+00 1.5D-07 0.0D+00       22      143       22      220  S
     13      1   2.9328684592451798D-01 7.4D-09 0.0D+00 6.6D-09 0.0D+00       21      139       21      210  S
     13      1   2.7809533259728303D-01 6.1D-09 0.0D+00 5.8D-09 0.0D+00       22      116       22      220  S
     13      1   2.9328684592556747D-01 7.4D-09 0.0D+00 1.9D-10 0.0D+00       22      161       22      220  S
     13      1   2.9329234677277227D-01 7.4D-09 0.0D+00 3.2D-09 0.0D+00       21      162       21      210  S
     13      1   2.7809774620190170D-01 6.1D-09 0.0D+00 5.2D-10 0.0D+00       22      128       22      220  S
     13      1   2.9328684591983994D-01 7.4D-09 0.0D+00 3.2D-07 0.0D+00       23      145       23      230  S
     13      1   2.9328684592538978D-01 7.4D-09 0.0D+00 4.5D-09 0.0D+00       22      137       22      220  S
     13      1   2.9329234677328875D-01 7.4D-09 0.0D+00 3.4D-09 0.0D+00       21      142       21      210  S
     13      1   2.9328684592534976D-01 7.4D-09 0.0D+00 9.4D-09 0.0D+00       22      146       22      220  S
     13      1   3.0418062830326886D-01 6.7D-09 0.0D+00 2.2D-08 0.0D+00       23      181       23      230  S
     13      1   2.9329234677281640D-01 7.4D-09 0.0D+00 5.0D-09 0.0D+00       21      170       21      210  S
     13      1   2.7809533259720243D-01 6.1D-09 0.0D+00 2.1D-09 0.0D+00       22      121       22      220  S
     13      1   2.7809533259739938D-01 6.1D-09 0.0D+00 7.4D-09 0.0D+00       22      117       22      220  S
     13      1   2.9329234677302485D-01 7.4D-09 0.0D+00 7.0D-10 0.0D+00       21      136       21      210  S
     13      1   2.9328684592494514D-01 7.4D-09 0.0D+00 1.8D-08 0.0D+00       23      172       23      230  S
     13      1   2.7813761700899747D-01 6.2D-09 0.0D+00 4.9D-09 0.0D+00       21      112       21      210  S
     13      1   2.7809774620169592D-01 6.1D-09 0.0D+00 8.3D-09 0.0D+00       21      116       21      210  S
     13      1   2.7810352851314574D-01 6.1D-09 0.0D+00 4.0D-09 0.0D+00       21      112       21      210  S
     13      1   2.9328684592452520D-01 7.4D-09 0.0D+00 9.9D-09 0.0D+00       21      139       21      210  S
     13      1   2.9329234677289295D-01 7.4D-09 0.0D+00 4.3D-09 0.0D+00       22      153       22      220  S
     13      1   2.7774535994267285D-01 5.7D-09 0.0D+00 2.2D-08 0.0D+00       23      130       23      230  S
     13      1   2.7775520827378636D-01 5.7D-09 0.0D+00 2.9D-09 0.0D+00       22      121       22      220  S
     13      1   2.9329234677051030D-01 7.4D-09 0.0D+00 1.6D-07 0.0D+00       24      155       24      240  S
     13      1   2.7809642305348498D-01 6.1D-09 0.0D+00 8.7D-09 0.0D+00       22      128       22      220  S
     13      1   2.9328684591934773D-01 7.4D-09 0.0D+00 3.3D-07 0.0D+00       21      130       21      210  S
     13      1   2.9328684592144477D-01 7.4D-09 0.0D+00 2.4D-07 0.0D+00       23      147       23      230  S
     13      1   2.9328684592288429D-01 7.4D-09 0.0D+00 1.4D-07 0.0D+00       23      168       23      230  S
     13      1   2.9328684592524629D-01 7.4D-09 0.0D+00 3.5D-09 0.0D+00       22      158       22      220  S
     13      1   2.9328684592173215D-01 7.4D-09 0.0D+00 2.3D-07 0.0D+00       23      163       23      230  S
     13      1   2.7809533259695168D-01 6.1D-09 0.0D+00 2.5D-09 0.0D+00       21      113       21      210  S
     13      1   7.0616028248708218D-01 0.0D+00 0.0D+00 7.1D-01 0.0D+00        3       37        3       30  S
     13      1   2.9328684592483428D-01 7.4D-09 0.0D+00 2.0D-08 0.0D+00       23      153       23      230  S
     13      1   2.7809642305347981D-01 6.1D-09 0.0D+00 4.9D-09 0.0D+00       22      133       22      220  S
     13      1   2.9328684592272414D-01 7.4D-09 0.0D+00 1.5D-07 0.0D+00       24      168       24      240  S
     13      1   2.7809774595932940D-01 6.1D-09 0.0D+00 1.7D-09 0.0D+00       22      138       22      220  S
     13      1   2.7774709834701378D-01 5.7D-09 0.0D+00 1.3D-10 0.0D+00       22      125       22      220  S
     13      1   2.7809533259734498D-01 6.1D-09 0.0D+00 3.5D-09 0.0D+00       22      119       22      220  S
     13      1   2.7809774595909842D-01 6.1D-09 0.0D+00 1.4D-09 0.0D+00       21      113       21      210  S
     13      1   2.7809533259721914D-01 6.1D-09 0.0D+00 4.9D-09 0.0D+00       22      121       22      220  S
     13      1   2.7810040583485973D-01 6.1D-09 0.0D+00 1.8D-09 0.0D+00       22      119       22      220  S
     13      1   2.7774709834700051D-01 5.7D-09 0.0D+00 4.6D-09 0.0D+00       22      128       22      220  S
     13      1   2.7810125555176396D-01 6.1D-09 0.0D+00 7.8D-09 0.0D+00       21      117       21      210  S
     13      1   2.9329234677270599D-01 7.4D-09 0.0D+00 1.0D-09 0.0D+00       21      133       21      210  S
     13      1   2.9329234677022253D-01 7.4D-09 0.0D+00 1.6D-07 0.0D+00       23      149       23      230  S
     13      1   2.7809533259724967D-01 6.1D-09 0.0D+00 1.0D-09 0.0D+00       22      119       22      220  S
     13      1   2.7813761700920331D-01 6.2D-09 0.0D+00 6.4D-09 0.0D+00       22      132       22      220  S
     13      1   2.7813761700921480D-01 6.2D-09 0.0D+00 9.8D-09 0.0D+00       22      121       22      220  S
     13      1   2.7809774595903214D-01 6.1D-09 0.0D+00 5.5D-10 0.0D+00       21      117       21      210  S
     13      1   2.9328684592067839D-01 7.4D-09 0.0D+00 2.8D-07 0.0D+00       23      158       23      230  S
     13      1   2.7809642305342874D-01 6.1D-09 0.0D+00 1.2D-09 0.0D+00       22      121       22      220  S
     13      1   2.7810352851338166D-01 6.1D-09 0.0D+00 6.5D-09 0.0D+00       22      131       22      220  S
     13      1   2.7813761700926920D-01 6.2D-09 0.0D+00 4.3D-10 0.0D+00       22      119       22      220  S
     13      1   2.9328684592503307D-01 7.4D-09 0.0D+00 4.9D-09 0.0D+00       21      144       21      210  S
     13      1   2.9329234676982952D-01 7.4D-09 0.0D+00 2.0D-07 0.0D+00       24      159       24      240  S
     13      1   2.7809533259707708D-01 6.1D-09 0.0D+00 3.7D-09 0.0D+00       21      111       21      210  S
     13      1   2.7810360998170763D-01 6.1D-09 0.0D+00 2.9D-09 0.0D+00       22      130       22      220  S
     13      1   2.7809533259732849D-01 6.1D-09 0.0D+00 1.6D-09 0.0D+00       22      117       22      220  S
     13      1   2.9329234677305982D-01 7.4D-09 0.0D+00 2.8D-09 0.0D+00       21      148       21      210  S
     13      1   2.9328684592099608D-01 7.4D-09 0.0D+00 2.4D-07 0.0D+00       22      150       22      220  S
     13      1   2.9328684591976334D-01 7.4D-09 0.0D+00 3.2D-07 0.0D+00       22      135       22      220  S
     13      1   2.7810125555192539D-01 6.1D-09 0.0D+00 1.0D-09 0.0D+00       21      111       21      210  S
     13      1   2.9328684592572746D-01 7.4D-09 0.0D+00 1.7D-08 0.0D+00       23      146       23      230  S
     13      1   2.7809533259737412D-01 6.1D-09 0.0D+00 6.1D-09 0.0D+00       22      126       22      220  S
     13      1   2.7810125555203136D-01 6.1D-09 0.0D+00 5.5D-09 0.0D+00       21      116       21      210  S
     13      1   2.9328684592499960D-01 7.4D-09 0.0D+00 6.5D-10 0.0D+00       21      141       21      210  S
     13      1   2.7809774620154698D-01 6.1D-09 0.0D+00 9.7D-10 0.0D+00       21      113       21      210  S
     13      1   2.7809533259726787D-01 6.1D-09 0.0D+00 6.4D-09 0.0D+00       22      117       22      220  S
     13      1   6.1281009232826245D-01 1.1D-16 0.0D+00 6.1D-01 0.0D+00        3       34        3       30  S
     13      1   2.9328684592503834D-01 7.4D-09 0.0D+00 7.9D-10 0.0D+00       21      154       21      210  S
     13      1   2.9328684592086385D-01 7.4D-09 0.0D+00 2.7D-07 0.0D+00       23      157       23      230  S
     13      1   2.7809533259714864D-01 6.1D-09 0.0D+00 6.9D-09 0.0D+00       21      108       21      210  S
     13      1   2.7809533259700980D-01 6.1D-09 0.0D+00 6.5D-09 0.0D+00       21      114       21      210  S
     13      1   2.9328684592056303D-01 7.4D-09 0.0D+00 3.1D-07 0.0D+00       24      157       24      240  S
     13      1   2.9328684592278365D-01 7.4D-09 0.0D+00 1.6D-07 0.0D+00       22      131       22      220  S
     13      1   2.7810360998164724D-01 6.1D-09 0.0D+00 7.5D-09 0.0D+00       22      133       22      220  S
     13      1   2.7809533259723551D-01 6.1D-09 0.0D+00 1.2D-09 0.0D+00       22      120       22      220  S
     13      1   2.7809774595934239D-01 6.1D-09 0.0D+00 1.8D-09 0.0D+00       22      126       22      220  S
     13      1   2.9328684592495879D-01 7.4D-09 0.0D+00 6.8D-09 0.0D+00       22      132       22      220  S
     13      1   2.9329234677320148D-01 7.4D-09 0.0D+00 6.2D-09 0.0D+00       22      139       22      220  S
     13      1   2.7809533259738239D-01 6.1D-09 0.0D+00 6.4D-09 0.0D+00       22      122       22      220  S
     13      1   2.9328684592519316D-01 7.4D-09 0.0D+00 8.0D-09 0.0D+00       21      150       21      210  S
     13      1   2.7809533259727759D-01 6.1D-09 0.0D+00 7.0D-09 0.0D+00       22      118       22      220  S
     13      1   2.7809533259714553D-01 6.1D-09 0.0D+00 2.3D-09 0.0D+00       22      119       22      220  S
     13      1   2.7809533259733937D-01 6.1D-09 0.0D+00 9.2D-09 0.0D+00       22      125       22      220  S
     13      1   2.7809533259702279D-01 6.1D-09 0.0D+00 1.7D-09 0.0D+00       21      115       21      210  S
     13      1   2.7809533259737573D-01 6.1D-09 0.0D+00 8.1D-09 0.0D+00       22      119       22      220  S
     13      1   2.9328684592060850D-01 7.4D-09 0.0D+00 3.0D-07 0.0D+00       23      163       23      230  S
     13      1   2.7774770792285242D-01 5.7D-09 0.0D+00 7.3D-09 0.0D+00       22      129       22      220  S
     13      1   2.7813761700927886D-01 6.2D-09 0.0D+00 4.7D-09 0.0D+00       22      126       22      220  S
     13      1   2.7809774595948067D-01 6.1D-09 0.0D+00 9.6D-09 0.0D+00       22      125       22      220  S
     13      1   2.7809533259718883D-01 6.1D-09 0.0D+00 2.1D-09 0.0D+00       22      126       22      220  S
     13      1   2.7809774595933612D-01 6.1D-09 0.0D+00 4.7D-09 0.0D+00       22      121       22      220  S
     13      1   2.7809774595905878D-01 6.1D-09 0.0D+00 8.5D-09 0.0D+00       21      116       21      210  S
     13      1   2.9328684591980153D-01 7.4D-09 0.0D+00 3.2D-07 0.0D+00       22      172       22      220  S
     13      1   2.7809774595934778D-01 6.1D-09 0.0D+00 1.9D-09 0.0D+00       22      127       22      220  S
     13      1   2.7774290410387725D-01 5.7D-09 0.0D+00 8.2D-10 0.0D+00       21      119       21      210  S
     13      1   2.9328684592096232D-01 7.4D-09 0.0D+00 3.2D-07 0.0D+00       23      160       23      230  S
     13      1   2.7809774595935682D-01 6.1D-09 0.0D+00 8.5D-09 0.0D+00       22      145       22      220  S
     13      1   2.7809774620159250D-01 6.1D-09 0.0D+00 3.1D-09 0.0D+00       21      107       21      210  S
     13      1   2.9328684592457965D-01 7.4D-09 0.0D+00 2.2D-09 0.0D+00       20      126       20      200  S
     13      1   2.7809533259725377D-01 6.1D-09 0.0D+00 7.8D-09 0.0D+00       22      122       22      220  S
     13   0.00    0.00    0.00   2.7755443445123112D-01 5.7D-09 0.0D+00 6.8D-09 0.0D+00       22      131       22      220     226     341     413     341     351   0.26     0    0    702  BR
     13      1   2.7813761700939293D-01 6.2D-09 0.0D+00 2.6D-09 0.0D+00       22      117       22      220  S
     13      1   2.7809533259703650D-01 6.1D-09 0.0D+00 2.2D-09 0.0D+00       21      116       21      210  S
     13      1   2.9328684592251453D-01 7.4D-09 0.0D+00 1.6D-07 0.0D+00       23      148       23      230  S
     13      1   2.7809533259723135D-01 6.1D-09 0.0D+00 4.4D-09 0.0D+00       22      130       22      220  S
     13      1   2.9328684592452570D-01 7.4D-09 0.0D+00 4.5D-09 0.0D+00       21      157       21      210  S
     13      1   2.9328684592113524D-01 7.4D-09 0.0D+00 3.2D-07 0.0D+00       23      178       23      230  S
     13      1   2.7809774595942377D-01 6.1D-09 0.0D+00 5.3D-09 0.0D+00       22      125       22      220  S
     13      1   2.9329234677324062D-01 7.4D-09 0.0D+00 1.4D-08 0.0D+00       23      168       23      230  S
     13      1   2.7813761700898448D-01 6.2D-09 0.0D+00 7.0D-09 0.0D+00       21      120       21      210  S
     13      1   2.7809533259737362D-01 6.1D-09 0.0D+00 5.8D-09 0.0D+00       22      135       22      220  S
     13      1   2.9328684592551457D-01 7.4D-09 0.0D+00 8.8D-09 0.0D+00       21      137       21      210  S
     13      1   2.7809774595938369D-01 6.1D-09 0.0D+00 2.0D-10 0.0D+00       22      143       22      220  S
     13      1   2.7809642305353272D-01 6.1D-09 0.0D+00 2.1D-09 0.0D+00       22      139       22      220  S
     13      1   2.7809774620193400D-01 6.1D-09 0.0D+00 7.3D-09 0.0D+00       22      135       22      220  S
     13      1   2.9328684592466947D-01 7.4D-09 0.0D+00 1.1D-09 0.0D+00       21      155       21      210  S
     13      1   2.7809774620154182D-01 6.1D-09 0.0D+00 1.3D-09 0.0D+00       21      115       21      210  S
     13      1   2.7809774595914122D-01 6.1D-09 0.0D+00 1.4D-09 0.0D+00       21      118       21      210  S
     13      1   2.9328684592067150D-01 7.4D-09 0.0D+00 3.3D-07 0.0D+00       22      151       22      220  S
     13      1   2.7809642305347526D-01 6.1D-09 0.0D+00 6.6D-09 0.0D+00       22      121       22      220  S
     13      1   2.7809533259721497D-01 6.1D-09 0.0D+00 3.1D-09 0.0D+00       22      125       22      220  S
     13      1   2.7809533259729974D-01 6.1D-09 0.0D+00 7.3D-09 0.0D+00       22      128       22      220  S
     13      1   2.7809533259724095D-01 6.1D-09 0.0D+00 1.9D-09 0.0D+00       22      125       22      220  S
     13      1   2.7809774620154787D-01 6.1D-09 0.0D+00 8.1D-10 0.0D+00       21      113       21      210  S
     13      1   2.9328684592449772D-01 7.4D-09 0.0D+00 2.2D-09 0.0D+00       21      156       21      210  S
     13      1   2.9328684592464643D-01 7.4D-09 0.0D+00 6.1D-09 0.0D+00       21      162       21      210  S
     13      1   2.9328684592486037D-01 7.4D-09 0.0D+00 4.5D-09 0.0D+00       21      154       21      210  S
     13      1   2.9328684592046089D-01 7.4D-09 0.0D+00 3.2D-07 0.0D+00       22      145       22      220  S
     13      1   2.7809533259743918D-01 6.1D-09 0.0D+00 7.2D-09 0.0D+00       22      126       22      220  S
     13      1   2.9328684592503101D-01 7.4D-09 0.0D+00 9.8D-09 0.0D+00       22      132       22      220  S
     13      1   2.9329234677297084D-01 7.4D-09 0.0D+00 8.9D-09 0.0D+00       21      130       21      210  S
     13      1   2.9328684592079518D-01 7.4D-09 0.0D+00 3.0D-07 0.0D+00       23      165       23      230  S
     13      1   2.7809774595947329D-01 6.1D-09 0.0D+00 4.6D-09 0.0D+00       22      120       22      220  S
     13      1   2.7809533259731312D-01 6.1D-09 0.0D+00 3.3D-09 0.0D+00       22      124       22      220  S
     13      1   2.9328684592489890D-01 7.4D-09 0.0D+00 6.0D-09 0.0D+00       21      151       21      210  S
     13      1   2.9328684593325532D-01 7.4D-09 0.0D+00 3.1D-07 0.0D+00       23      162       23      230  S
     13      1   2.7809533259719649D-01 6.1D-09 0.0D+00 2.2D-10 0.0D+00       22      124       22      220  S
     13      1   2.9329234677106603D-01 7.4D-09 0.0D+00 1.5D-07 0.0D+00       22      158       22      220  S
     13      1   2.9328684592461962D-01 7.4D-09 0.0D+00 1.8D-08 0.0D+00       23      158       23      230  S
     13      1   2.7809533259745844D-01 6.1D-09 0.0D+00 9.9D-09 0.0D+00       22      127       22      220  S
     13      1   2.9328684592492543D-01 7.4D-09 0.0D+00 1.6D-09 0.0D+00       22      157       22      220  S
     13      1   2.7809533259723479D-01 6.1D-09 0.0D+00 9.5D-09 0.0D+00       22      119       22      220  S
     13      1   2.7810040583449169D-01 6.1D-09 0.0D+00 9.0D-09 0.0D+00       21      126       21      210  S
     13      1   2.7810352851317782D-01 6.1D-09 0.0D+00 1.8D-09 0.0D+00       21      111       21      210  S
     13      1   2.7809991511468596D-01 6.1D-09 0.0D+00 4.7D-09 0.0D+00       22      123       22      220  S
     13      1   2.7809533259732783D-01 6.1D-09 0.0D+00 7.6D-09 0.0D+00       22      120       22      220  S
     13      1   2.9328684592273957D-01 7.4D-09 0.0D+00 1.1D-07 0.0D+00       22      145       22      220  S
     13      1   2.9328684592541115D-01 7.4D-09 0.0D+00 5.5D-08 0.0D+00       23      136       23      230  S
     13      1   2.7809533259730851D-01 6.1D-09 0.0D+00 2.7D-09 0.0D+00       22      120       22      220  S
     13      1   2.9328684592505838D-01 7.4D-09 0.0D+00 1.4D-09 0.0D+00       21      145       21      210  S
     13      1   2.7809533259695324D-01 6.1D-09 0.0D+00 3.6D-11 0.0D+00       21      111       21      210  S
     13      1   2.7809774620158667D-01 6.1D-09 0.0D+00 4.8D-09 0.0D+00       21      109       21      210  S
     13      1   2.9329234677269023D-01 7.4D-09 0.0D+00 4.9D-10 0.0D+00       21      134       21      210  S
     13      1   2.9328684592554599D-01 7.4D-09 0.0D+00 4.8D-09 0.0D+00       22      167       22      220  S
     13      1   2.7809774620147587D-01 6.1D-09 0.0D+00 2.4D-09 0.0D+00       21      110       21      210  S
     13      1   2.7809533259725822D-01 6.1D-09 0.0D+00 8.3D-09 0.0D+00       22      122       22      220  S
     13      1   2.7809642305316035D-01 6.1D-09 0.0D+00 4.0D-10 0.0D+00       21      117       21      210  S
     13      1   2.7813761700919504D-01 6.2D-09 0.0D+00 2.7D-09 0.0D+00       22      118       22      220  S
     13      1   2.9328684592538645D-01 7.4D-09 0.0D+00 6.1D-09 0.0D+00       21      134       21      210  S
     13      1   2.9328684592453041D-01 7.4D-09 0.0D+00 5.4D-10 0.0D+00       21      130       21      210  S
     13      1   2.7809991511484006D-01 6.1D-09 0.0D+00 7.6D-09 0.0D+00       22      137       22      220  S
     13      1   2.7809774620166411D-01 6.1D-09 0.0D+00 2.9D-09 0.0D+00       21      119       21      210  S
     13      1   2.9328684592093540D-01 7.4D-09 0.0D+00 3.2D-07 0.0D+00       23      147       23      230  S
     13      1   2.9328684592055448D-01 7.4D-09 0.0D+00 3.1D-07 0.0D+00       22      150       22      220  S
     13      1   2.9328684592135523D-01 7.4D-09 0.0D+00 2.9D-07 0.0D+00       23      167       23      230  S
     13      1   2.7809533259717811D-01 6.1D-09 0.0D+00 2.6D-09 0.0D+00       22      115       22      220  S
     13      1   2.7813761700928358D-01 6.2D-09 0.0D+00 5.1D-10 0.0D+00       22      117       22      220  S
     13      1   2.7809533259724212D-01 6.1D-09 0.0D+00 2.3D-09 0.0D+00       22      115       22      220  S
     13      1   2.7810352851357761D-01 6.1D-09 0.0D+00 4.4D-09 0.0D+00       22      127       22      220  S
     13      1   2.9328684592506521D-01 7.4D-09 0.0D+00 3.2D-09 0.0D+00       22      158       22      220  S
     13      1   2.9328684592299797D-01 7.4D-09 0.0D+00 1.6D-07 0.0D+00       24      200       24      240  S
     13      1   2.7809642305346838D-01 6.1D-09 0.0D+00 2.7D-09 0.0D+00       22      119       22      220  S
     13      1   2.7809533259724406D-01 6.1D-09 0.0D+00 5.6D-09 0.0D+00       22      118       22      220  S
     13      1   2.7809533259688984D-01 6.1D-09 0.0D+00 3.8D-10 0.0D+00       21      119       21      210  S
     13      1   2.9328684592467874D-01 7.4D-09 0.0D+00 8.3D-10 0.0D+00       21      151       21      210  S
     13      1   2.9328684592416204D-01 7.4D-09 0.0D+00 5.4D-08 0.0D+00       22      169       22      220  S
     13      1   2.7813761700923306D-01 6.2D-09 0.0D+00 2.7D-10 0.0D+00       22      114       22      220  S
     13      1   2.9328684592295828D-01 7.4D-09 0.0D+00 1.4D-07 0.0D+00       23      166       23      230  S
     13      1   2.7809774620159461D-01 6.1D-09 0.0D+00 3.3D-09 0.0D+00       21      113       21      210  S
     13      1   2.7809533259719271D-01 6.1D-09 0.0D+00 3.6D-09 0.0D+00       22      118       22      220  S
     13      1   2.7809774620186334D-01 6.1D-09 0.0D+00 4.3D-09 0.0D+00       22      136       22      220  S
     13      1   2.7809533259726932D-01 6.1D-09 0.0D+00 9.0D-10 0.0D+00       22      125       22      220  S
     13      1   2.7809533259729591D-01 6.1D-09 0.0D+00 2.0D-09 0.0D+00       22      129       22      220  S
     13      1   2.9328684592436721D-01 7.4D-09 0.0D+00 1.7D-09 0.0D+00       21      127       21      210  S
     13      1   2.9328684592493448D-01 7.4D-09 0.0D+00 7.5D-09 0.0D+00       21      143       21      210  S
     13      1   2.7774703477367207D-01 5.7D-09 0.0D+00 7.2D-09 0.0D+00       22      128       22      220  S
     13      1   2.9328684592034643D-01 7.4D-09 0.0D+00 3.3D-07 0.0D+00       23      156       23      230  S
     13      1   2.9329234677022586D-01 7.4D-09 0.0D+00 2.4D-07 0.0D+00       24      165       24      240  S
     13      1   2.9328684592227838D-01 7.4D-09 0.0D+00 1.5D-07 0.0D+00       22      152       22      220  S
     13      1   2.7810352851304826D-01 6.1D-09 0.0D+00 9.2D-09 0.0D+00       21      112       21      210  S
     13      1   2.9328684592101539D-01 7.4D-09 0.0D+00 3.1D-07 0.0D+00       23      149       23      230  S
     13      1   2.7809642305325460D-01 6.1D-09 0.0D+00 3.9D-09 0.0D+00       21      116       21      210  S
     13      1   4.6682604079854434D-01 2.2D-05 0.0D+00 1.0D+00 0.0D+00       22      136       23      230  S
     13      1   2.9328684592574988D-01 7.4D-09 0.0D+00 1.2D-08 0.0D+00       24      185       24      240  S
     13      1   2.9328684592521015D-01 7.4D-09 0.0D+00 4.5D-09 0.0D+00       21      136       21      210  S
     13      1   2.9328684592547505D-01 7.4D-09 0.0D+00 2.5D-09 0.0D+00       22      167       22      220  S
     13      1   2.9328684592487131D-01 7.4D-09 0.0D+00 9.8D-10 0.0D+00       21      141       21      210  S
     13      1   2.9328684592452720D-01 7.4D-09 0.0D+00 7.2D-10 0.0D+00       21      127       21      210  S
     13      1   2.9328684592477983D-01 7.4D-09 0.0D+00 6.7D-10 0.0D+00       21      137       21      210  S
     13      1   2.7809533259728941D-01 6.1D-09 0.0D+00 2.0D-09 0.0D+00       22      118       22      220  S
     13      1   2.9328684592529752D-01 7.4D-09 0.0D+00 8.7D-10 0.0D+00       22      141       22      220  S
     13      1   2.7809774595903169D-01 6.1D-09 0.0D+00 9.5D-09 0.0D+00       21      115       21      210  S
     13      1   2.7809774595942438D-01 6.1D-09 0.0D+00 6.0D-09 0.0D+00       22      133       22      220  S
     13      1   2.7809533259742142D-01 6.1D-09 0.0D+00 5.4D-09 0.0D+00       22      135       22      220  S
     13      1   2.7813761700921324D-01 6.2D-09 0.0D+00 9.7D-09 0.0D+00       22      136       22      220  S
     13      1   2.9328684592505500D-01 7.4D-09 0.0D+00 5.2D-10 0.0D+00       22      138       22      220  S
     13      1   2.9328684592332788D-01 7.4D-09 0.0D+00 1.1D-07 0.0D+00       22      163       22      220  S
     13      1   2.9328684592473409D-01 7.4D-09 0.0D+00 8.3D-10 0.0D+00       21      157       21      210  S
     13      1   2.9329234677265520D-01 7.4D-09 0.0D+00 1.2D-09 0.0D+00       21      133       21      210  S
     13      1   2.7809533259730385D-01 6.1D-09 0.0D+00 3.1D-09 0.0D+00       22      124       22      220  S
     13      1   2.9328684592473830D-01 7.4D-09 0.0D+00 3.0D-09 0.0D+00       21      140       21      210  S
     13      1   2.7809533259715286D-01 6.1D-09 0.0D+00 4.9D-09 0.0D+00       22      121       22      220  S
     13      1   2.9328684592494791D-01 7.4D-09 0.0D+00 5.3D-09 0.0D+00       21      153       21      210  S
     13      1   2.7809774595931686D-01 6.1D-09 0.0D+00 1.0D-09 0.0D+00       22      122       22      220  S
     13      1   2.7809533259709235D-01 6.1D-09 0.0D+00 1.4D-09 0.0D+00       21      116       21      210  S
     13      1   2.7809774595930858D-01 6.1D-09 0.0D+00 1.0D-08 0.0D+00       22      128       22      220  S
     13      1   2.7809642305346843D-01 6.1D-09 0.0D+00 2.1D-09 0.0D+00       22      131       22      220  S
     13      1   2.7809774620142885D-01 6.1D-09 0.0D+00 6.0D-09 0.0D+00       21      115       21      210  S
     13      1   2.7813018987254351D-01 6.2D-09 0.0D+00 2.9D-09 0.0D+00       22      135       22      220  S
     13      1   2.9329234677211491D-01 7.4D-09 0.0D+00 5.7D-08 0.0D+00       23      148       23      230  S
     13      1   2.7809533259710018D-01 6.1D-09 0.0D+00 5.6D-09 0.0D+00       21      110       21      210  S
     13      1   2.7809774595911851D-01 6.1D-09 0.0D+00 8.0D-09 0.0D+00       21      115       21      210  S
     13      1   2.7809774595902215D-01 6.1D-09 0.0D+00 3.6D-09 0.0D+00       21      117       21      210  S
     13      1   2.7809642305310445D-01 6.1D-09 0.0D+00 9.3D-09 0.0D+00       21      115       21      210  S
     13      1   2.7809533259726643D-01 6.1D-09 0.0D+00 4.7D-09 0.0D+00       22      121       22      220  S
     13      1   2.9328684592041021D-01 7.4D-09 0.0D+00 2.8D-07 0.0D+00       23      153       23      230  S
     13      1   2.7809533259720826D-01 6.1D-09 0.0D+00 9.1D-09 0.0D+00       22      124       22      220  S
     13      1   2.7809533259729147D-01 6.1D-09 0.0D+00 2.7D-09 0.0D+00       22      122       22      220  S
     13      1   2.7809533259733971D-01 6.1D-09 0.0D+00 3.9D-09 0.0D+00       22      127       22      220  S
     13      1   2.7809774595906883D-01 6.1D-09 0.0D+00 7.0D-09 0.0D+00       21      118       21      210  S
     13      1   2.7810352851319059D-01 6.1D-09 0.0D+00 7.0D-09 0.0D+00       21      111       21      210  S
     13      1   2.7810352851343523D-01 6.1D-09 0.0D+00 2.2D-09 0.0D+00       22      120       22      220  S
     13      1   2.7809642305343868D-01 6.1D-09 0.0D+00 1.0D-09 0.0D+00       22      127       22      220  S
     13      1   2.7809533259708752D-01 6.1D-09 0.0D+00 5.1D-09 0.0D+00       21      121       21      210  S
     13      1   2.9329234677261729D-01 7.4D-09 0.0D+00 7.4D-09 0.0D+00       21      130       21      210  S
     13      1   2.9328684592103882D-01 7.4D-09 0.0D+00 2.4D-07 0.0D+00       22      145       22      220  S
     13      1   2.9328684592514803D-01 7.4D-09 0.0D+00 7.8D-09 0.0D+00       21      141       21      210  S
     13      1   2.9328684592059961D-01 7.4D-09 0.0D+00 2.6D-07 0.0D+00       22      151       22      220  S
     13      1   2.7809991511472254D-01 6.1D-09 0.0D+00 2.8D-09 0.0D+00       22      124       22      220  S
     13      1   2.9328684592539822D-01 7.4D-09 0.0D+00 8.5D-09 0.0D+00       21      151       21      210  S
     13      1   2.9328684592528825D-01 7.4D-09 0.0D+00 7.7D-09 0.0D+00       21      149       21      210  S
     13      1   2.7813018987236776D-01 6.2D-09 0.0D+00 6.7D-10 0.0D+00       21      113       21      210  S
     13      1   2.7809533259731550D-01 6.1D-09 0.0D+00 2.8D-09 0.0D+00       22      121       22      220  S
     13      1   2.7810352851346576D-01 6.1D-09 0.0D+00 1.9D-09 0.0D+00       22      139       22      220  S
     13      1   2.7809642305330795D-01 6.1D-09 0.0D+00 7.0D-09 0.0D+00       21      114       21      210  S
     13      1   2.9329234676852489D-01 7.4D-09 0.0D+00 3.0D-07 0.0D+00       23      147       23      230  S
     13      1   2.7809642305326976D-01 6.1D-09 0.0D+00 4.0D-09 0.0D+00       21      119       21      210  S
     13      1   2.7809533259728014D-01 6.1D-09 0.0D+00 1.6D-09 0.0D+00       22      116       22      220  S
     13      1   2.7809533259729008D-01 6.1D-09 0.0D+00 4.9D-09 0.0D+00       22      123       22      220  S
     13      1   2.7809642305331062D-01 6.1D-09 0.0D+00 1.4D-09 0.0D+00       21      117       21      210  S
     13      1   2.9328684592470816D-01 7.4D-09 0.0D+00 2.1D-09 0.0D+00       21      143       21      210  S
     13      1   2.9328684592113835D-01 7.4D-09 0.0D+00 2.4D-07 0.0D+00       22      154       22      220  S
     13      1   2.9328684592031457D-01 7.4D-09 0.0D+00 3.1D-07 0.0D+00       24      165       24      240  S
     13      1   2.7774321536842478D-01 5.7D-09 0.0D+00 6.0D-09 0.0D+00       22      124       22      220  S
     13      1   2.7809533259727998D-01 6.1D-09 0.0D+00 4.6D-09 0.0D+00       22      119       22      220  S
     13      1   2.9328684592457033D-01 7.4D-09 0.0D+00 8.8D-09 0.0D+00       21      137       21      210  S
     13      1   2.9328684592357035D-01 7.4D-09 0.0D+00 6.8D-08 0.0D+00       22      146       22      220  S
     13      1   2.9329234677293137D-01 7.4D-09 0.0D+00 5.9D-08 0.0D+00       23      171       23      230  S
     13      1   2.7809774620173672D-01 6.1D-09 0.0D+00 4.4D-09 0.0D+00       22      126       22      220  S
     13      1   2.9328684592471610D-01 7.4D-09 0.0D+00 1.9D-09 0.0D+00       21      143       21      210  S
     13      1   2.7809533259721270D-01 6.1D-09 0.0D+00 1.9D-09 0.0D+00       22      125       22      220  S
     13      1   2.7775000387626686D-01 5.7D-09 0.0D+00 2.4D-09 0.0D+00       21      116       21      210  S
     13      1   2.9328684592513016D-01 7.4D-09 0.0D+00 5.2D-09 0.0D+00       21      138       21      210  S
     13      1   2.7809533259735253D-01 6.1D-09 0.0D+00 4.0D-10 0.0D+00       22      121       22      220  S
     13      1   2.7809642305318572D-01 6.1D-09 0.0D+00 6.7D-09 0.0D+00       21      116       21      210  S
     13      1   2.7809533259719083D-01 6.1D-09 0.0D+00 2.4D-09 0.0D+00       22      119       22      220  S
     13      1   2.9328684592051818D-01 7.4D-09 0.0D+00 2.9D-07 0.0D+00       22      142       22      220  S
     13      1   2.7809533259717895D-01 6.1D-09 0.0D+00 6.7D-10 0.0D+00       22      120       22      220  S
     13      1   3.0417453281686602D-01 6.7D-09 0.0D+00 1.3D-07 0.0D+00       24      176       24      240  S
     13      1   2.9329234677301796D-01 7.4D-09 0.0D+00 4.4D-09 0.0D+00       21      152       21      210  S
     13      1   2.7810040583455509D-01 6.1D-09 0.0D+00 8.7D-09 0.0D+00       21      110       21      210  S
     13      1   2.9328684592484572D-01 7.4D-09 0.0D+00 4.2D-09 0.0D+00       22      137       22      220  S
     13      1   2.9311439793719840D-01 4.2D-07 0.0D+00 1.4D-02 0.0D+00       24      113       25      250  S
     13      1   2.9328684592485554D-01 7.4D-09 0.0D+00 2.0D-08 0.0D+00       22      154       22      220  S
     13      1   2.7813761700923867D-01 6.2D-09 0.0D+00 2.8D-09 0.0D+00       22      127       22      220  S
     13      1   2.9328684592478366D-01 7.4D-09 0.0D+00 7.0D-10 0.0D+00       21      134       21      210  S
     13      1   2.9329234676857113D-01 7.4D-09 0.0D+00 2.8D-07 0.0D+00       23      161       23      230  S
     13      1   2.7813761700925504D-01 6.2D-09 0.0D+00 1.0D-09 0.0D+00       22      119       22      220  S
     13      1   2.7809642305317861D-01 6.1D-09 0.0D+00 5.8D-09 0.0D+00       21      109       21      210  S
     13      1   2.7809533259734348D-01 6.1D-09 0.0D+00 3.1D-09 0.0D+00       22      123       22      220  S
     13      1   2.7809533259735364D-01 6.1D-09 0.0D+00 3.8D-09 0.0D+00       22      123       22      220  S
     13      1   2.9328684592544813D-01 7.4D-09 0.0D+00 5.6D-09 0.0D+00       22      143       22      220  S
     13      1   2.7809533259732200D-01 6.1D-09 0.0D+00 4.0D-09 0.0D+00       22      123       22      220  S
     13      1   2.9329234677300398D-01 7.4D-09 0.0D+00 1.1D-09 0.0D+00       22      147       22      220  S
     13      1   2.9328684592569115D-01 7.4D-09 0.0D+00 6.1D-09 0.0D+00       21      134       21      210  S
     13      1   2.9328684592499948D-01 7.4D-09 0.0D+00 7.2D-10 0.0D+00       21      148       21      210  S
     13      1   2.7809533259711866D-01 6.1D-09 0.0D+00 8.8D-09 0.0D+00       21      113       21      210  S
     13      1   2.9328684592469451D-01 7.4D-09 0.0D+00 6.7D-09 0.0D+00       21      154       21      210  S
     13      1   2.9328684592518256D-01 7.4D-09 0.0D+00 4.5D-09 0.0D+00       22      144       22      220  S
     13      1   2.9328684592148740D-01 7.4D-09 0.0D+00 2.2D-07 0.0D+00       22      154       22      220  S
     13      1   2.7809533259726849D-01 6.1D-09 0.0D+00 5.7D-09 0.0D+00       22      122       22      220  S
     13      1   2.7809533259722602D-01 6.1D-09 0.0D+00 3.5D-09 0.0D+00       22      133       22      220  S
     13      1   2.7813761700931866D-01 6.2D-09 0.0D+00 5.0D-10 0.0D+00       22      115       22      220  S
     13      1   2.9329234677262983D-01 7.4D-09 0.0D+00 4.0D-09 0.0D+00       21      141       21      210  S
     13      1   2.7813761700939199D-01 6.2D-09 0.0D+00 6.9D-09 0.0D+00       22      125       22      220  S
     13      1   3.5298716858601425D-01 8.1D-09 0.0D+00 2.4D-05 0.0D+00       24      249       24      240  S
     13      1   2.7809533259741581D-01 6.1D-09 0.0D+00 1.9D-09 0.0D+00       22      117       22      220  S
     13      1   2.7809642305317400D-01 6.1D-09 0.0D+00 8.1D-10 0.0D+00       21      111       21      210  S
     13      1   2.9328684592457976D-01 7.4D-09 0.0D+00 9.3D-09 0.0D+00       21      135       21      210  S
     13      1   2.7774703477379398D-01 5.7D-09 0.0D+00 2.3D-08 0.0D+00       23      135       23      230  S
     13      1   2.9328684592483889D-01 7.4D-09 0.0D+00 2.1D-08 0.0D+00       22      146       22      220  S
     13      1   2.9328684592215987D-01 7.4D-09 0.0D+00 1.6D-07 0.0D+00       23      168       23      230  S
     13      1   2.7809642305360099D-01 6.1D-09 0.0D+00 2.2D-09 0.0D+00       22      123       22      220  S
     13      1   2.7809533259692648D-01 6.1D-09 0.0D+00 8.4D-09 0.0D+00       21      113       21      210  S
     13      1   2.7775579320127974D-01 5.7D-09 0.0D+00 7.1D-09 0.0D+00       22      125       22      220  S
     13      1   2.9328684592126336D-01 7.4D-09 0.0D+00 2.6D-07 0.0D+00       24      179       24      240  S
     13      1   2.7809642305318716D-01 6.1D-09 0.0D+00 2.8D-10 0.0D+00       21      116       21      210  S
     13      1   3.0418783718170189D-01 6.7D-09 0.0D+00 2.5D-09 0.0D+00       22      159       22      220  S
     13      1   3.5299847768036674D-01 8.1D-09 0.0D+00 1.5D-07 0.0D+00       23      169       23      230  S
     13      1   2.7809774595934017D-01 6.1D-09 0.0D+00 4.7D-09 0.0D+00       22      124       22      220  S
     13      1   2.7809533259694658D-01 6.1D-09 0.0D+00 2.2D-09 0.0D+00       21      117       21      210  S
     13      1   2.7809533259724195D-01 6.1D-09 0.0D+00 4.1D-09 0.0D+00       22      139       22      220  S
     13      1   2.7809642305323778D-01 6.1D-09 0.0D+00 2.6D-09 0.0D+00       21      113       21      210  S
     13      1   2.7809642305343496D-01 6.1D-09 0.0D+00 9.0D-09 0.0D+00       22      127       22      220  S
     13      1   2.9328684592122850D-01 7.4D-09 0.0D+00 2.4D-07 0.0D+00       23      161       23      230  S
     13      1   2.7809774595943892D-01 6.1D-09 0.0D+00 9.2D-09 0.0D+00       22      126       22      220  S
     13      1   2.7809533259719549D-01 6.1D-09 0.0D+00 5.1D-09 0.0D+00       22      138       22      220  S
     13      1   2.7810040583450313D-01 6.1D-09 0.0D+00 9.9D-09 0.0D+00       21      111       21      210  S
     13      1   2.7809642305329213D-01 6.1D-09 0.0D+00 6.9D-09 0.0D+00       21      119       21      210  S
     13      1   2.7813761700932821D-01 6.2D-09 0.0D+00 1.5D-10 0.0D+00       22      138       22      220  S
     13      1   2.9328684592479659D-01 7.4D-09 0.0D+00 6.2D-09 0.0D+00       21      158       21      210  S
     13      1   2.7809533259724450D-01 6.1D-09 0.0D+00 2.4D-09 0.0D+00       22      124       22      220  S
     13      1   2.7813761700910006D-01 6.2D-09 0.0D+00 1.6D-09 0.0D+00       22      128       22      220  S
     13      1   2.9328684592131032D-01 7.4D-09 0.0D+00 2.4D-07 0.0D+00       23      173       23      230  S
     13      1   2.9328684592459975D-01 7.4D-09 0.0D+00 1.7D-08 0.0D+00       22      131       22      220  S
     13      1   2.9328684592341742D-01 7.4D-09 0.0D+00 8.5D-08 0.0D+00       22      153       22      220  S
     13      1   2.7809533259735225D-01 6.1D-09 0.0D+00 5.4D-09 0.0D+00       22      121       22      220  S
     13      1   2.9329234677276989D-01 7.4D-09 0.0D+00 2.8D-09 0.0D+00       21      146       21      210  S
     13      1   2.9328684592048865D-01 7.4D-09 0.0D+00 3.0D-07 0.0D+00       23      168       23      230  S
     13      1   2.7813761700920497D-01 6.2D-09 0.0D+00 1.1D-09 0.0D+00       22      132       22      220  S
     13      1   2.7809774595898457D-01 6.1D-09 0.0D+00 6.1D-09 0.0D+00       21      116       21      210  S
     13      1   2.9328684592108983D-01 7.4D-09 0.0D+00 2.3D-07 0.0D+00       22      163       22      220  S
     13      1   2.9328684592043303D-01 7.4D-09 0.0D+00 3.2D-07 0.0D+00       22      142       22      220  S
     13      1   2.7810040583452472D-01 6.1D-09 0.0D+00 5.9D-10 0.0D+00       21      109       21      210  S
     13      1   2.7813761700914708D-01 6.2D-09 0.0D+00 2.2D-09 0.0D+00       22      123       22      220  S
     13      1   2.9328684592040821D-01 7.4D-09 0.0D+00 3.2D-07 0.0D+00       22      151       22      220  S
     13      1   2.7809642305328575D-01 6.1D-09 0.0D+00 1.9D-09 0.0D+00       21      116       21      210  S
     13      1   2.7809533259732200D-01 6.1D-09 0.0D+00 1.4D-09 0.0D+00       22      137       22      220  S
     13      1   2.9328684592275434D-01 7.4D-09 0.0D+00 1.4D-07 0.0D+00       23      155       23      230  S
     13      1   2.7810040583478407D-01 6.1D-09 0.0D+00 2.3D-10 0.0D+00       22      116       22      220  S
     13      1   2.7809774595937964D-01 6.1D-09 0.0D+00 3.0D-09 0.0D+00       22      122       22      220  S
     13      1   2.9328684592526416D-01 7.4D-09 0.0D+00 6.3D-09 0.0D+00       21      147       21      210  S
     13      1   2.7813761700935763D-01 6.2D-09 0.0D+00 5.5D-09 0.0D+00       22      131       22      220  S
     13      1   2.7809533259734076D-01 6.1D-09 0.0D+00 2.4D-09 0.0D+00       22      119       22      220  S
     13      1   2.9328684592403592D-01 7.4D-09 0.0D+00 7.6D-08 0.0D+00       23      155       23      230  S
     13      1   2.7809533259723407D-01 6.1D-09 0.0D+00 1.7D-09 0.0D+00       22      119       22      220  S
     13      1   2.7809533259725455D-01 6.1D-09 0.0D+00 3.1D-10 0.0D+00       22      116       22      220  S
     13      1   2.7810352851335884D-01 6.1D-09 0.0D+00 2.8D-09 0.0D+00       22      125       22      220  S
     13      1   2.9328684592454707D-01 7.4D-09 0.0D+00 4.0D-09 0.0D+00       21      142       21      210  S
     13      1   2.7809642305338850D-01 6.1D-09 0.0D+00 4.4D-09 0.0D+00       22      134       22      220  S
     13      1   2.9328684592465576D-01 7.4D-09 0.0D+00 6.2D-09 0.0D+00       21      135       21      210  S
     13      1   2.9328684592239646D-01 7.4D-09 0.0D+00 1.5D-07 0.0D+00       22      170       22      220  S
     13      1   2.7809642305349702D-01 6.1D-09 0.0D+00 1.7D-09 0.0D+00       22      123       22      220  S
     13      1   2.9328684592218135D-01 7.4D-09 0.0D+00 1.6D-07 0.0D+00       22      167       22      220  S
     13      1   2.7809774595925485D-01 6.1D-09 0.0D+00 8.8D-09 0.0D+00       22      127       22      220  S
     13      1   2.7813018987247884D-01 6.2D-09 0.0D+00 2.4D-09 0.0D+00       22      126       22      220  S
     13      1   2.7809774595938513D-01 6.1D-09 0.0D+00 4.1D-09 0.0D+00       22      126       22      220  S
     13      1   2.7774703477371543D-01 5.7D-09 0.0D+00 3.1D-09 0.0D+00       22      123       22      220  S
     13      1   2.9328684592099857D-01 7.4D-09 0.0D+00 2.4D-07 0.0D+00       22      150       22      220  S
     13      1   2.9328684592462689D-01 7.4D-09 0.0D+00 9.7D-09 0.0D+00       21      138       21      210  S
     13      1   2.7809533259739505D-01 6.1D-09 0.0D+00 6.5D-09 0.0D+00       22      117       22      220  S
     13      1   2.9328684592465454D-01 7.4D-09 0.0D+00 5.5D-09 0.0D+00       21      140       21      210  S
     13      1   2.9328684591968757D-01 7.4D-09 0.0D+00 3.3D-07 0.0D+00       23      158       23      230  S
     13      1   2.7809774620167538D-01 6.1D-09 0.0D+00 7.6D-09 0.0D+00       21      108       21      210  S
     13      1   2.9328684592051907D-01 7.4D-09 0.0D+00 2.8D-07 0.0D+00       23      171       23      230  S
     13      1   2.9328684592007515D-01 7.4D-09 0.0D+00 3.1D-07 0.0D+00       23      169       23      230  S
     13      1   2.7809774595941233D-01 6.1D-09 0.0D+00 6.1D-09 0.0D+00       22      130       22      220  S
     13      1   2.7809533259719976D-01 6.1D-09 0.0D+00 1.8D-09 0.0D+00       22      134       22      220  S
     13      1   2.7809774595935649D-01 6.1D-09 0.0D+00 5.1D-09 0.0D+00       22      122       22      220  S
     13      1   2.9328684592526494D-01 7.4D-09 0.0D+00 3.0D-09 0.0D+00       22      132       22      220  S
     13      1   2.9328684592485788D-01 7.4D-09 0.0D+00 9.8D-10 0.0D+00       21      134       21      210  S
     13      1   2.7809533259729236D-01 6.1D-09 0.0D+00 4.7D-09 0.0D+00       22      122       22      220  S
     13      1   2.7809774620166394D-01 6.1D-09 0.0D+00 2.6D-09 0.0D+00       21      120       21      210  S
     13      1   2.9328684592503684D-01 7.4D-09 0.0D+00 6.5D-10 0.0D+00       21      132       21      210  S
     13      1   2.9328684592260990D-01 7.4D-09 0.0D+00 1.4D-07 0.0D+00       23      147       23      230  S
     13      1   2.7810040583453127D-01 6.1D-09 0.0D+00 6.7D-10 0.0D+00       21      114       21      210  S
     13      1   2.9328684592611931D-01 7.4D-09 0.0D+00 5.6D-09 0.0D+00       22      161       22      220  S
     13      1   2.9328684592254434D-01 7.4D-09 0.0D+00 1.6D-07 0.0D+00       23      159       23      230  S
     13      1   2.7809642305334087D-01 6.1D-09 0.0D+00 9.8D-09 0.0D+00       21      118       21      210  S
     13      1   2.7809533259717989D-01 6.1D-09 0.0D+00 2.8D-09 0.0D+00       22      125       22      220  S
     13      1   2.9328684592544191D-01 7.4D-09 0.0D+00 4.0D-09 0.0D+00       22      144       22      220  S
     13      1   2.9328684592458476D-01 7.4D-09 0.0D+00 1.5D-09 0.0D+00       21      146       21      210  S
     13      1   2.7809533259716179D-01 6.1D-09 0.0D+00 1.1D-09 0.0D+00       22      121       22      220  S
     13      1   2.7809774595921316D-01 6.1D-09 0.0D+00 9.9D-09 0.0D+00       22      133       22      220  S
     13      1   2.9328684592496601D-01 7.4D-09 0.0D+00 2.6D-08 0.0D+00       22      143       22      220  S
     13      1   2.9328684592149235D-01 7.4D-09 0.0D+00 2.5D-07 0.0D+00       22      144       22      220  S
     13      1   2.7809533259734065D-01 6.1D-09 0.0D+00 6.5D-09 0.0D+00       22      122       22      220  S
     13      1   2.7809774620162864D-01 6.1D-09 0.0D+00 3.2D-09 0.0D+00       21      109       21      210  S
     13      1   2.7809533259739544D-01 6.1D-09 0.0D+00 7.9D-09 0.0D+00       22      122       22      220  S
     13      1   2.7809533259730701D-01 6.1D-09 0.0D+00 9.7D-09 0.0D+00       22      126       22      220  S
     13      1   2.9328684592226756D-01 7.4D-09 0.0D+00 1.6D-07 0.0D+00       23      164       23      230  S
     13      1   2.9328684592520177D-01 7.4D-09 0.0D+00 2.2D-09 0.0D+00       21      128       21      210  S
     13      1   2.7775234205012939D-01 5.7D-09 0.0D+00 6.9D-09 0.0D+00       22      123       22      220  S
     13      1   2.7809642305322030D-01 6.1D-09 0.0D+00 1.3D-09 0.0D+00       21      113       21      210  S
     13      1   2.7809533259719404D-01 6.1D-09 0.0D+00 3.2D-09 0.0D+00       22      118       22      220  S
     13      1   2.7809533259717456D-01 6.1D-09 0.0D+00 2.2D-09 0.0D+00       22      123       22      220  S
     13      1   2.7809533259726321D-01 6.1D-09 0.0D+00 1.8D-09 0.0D+00       22      119       22      220  S
     13      1   2.7809533259723362D-01 6.1D-09 0.0D+00 9.8D-09 0.0D+00       22      143       22      220  S
     13      1   2.7809774620164052D-01 6.1D-09 0.0D+00 3.8D-09 0.0D+00       21      110       21      210  S
