      3      1   5.0004178417554490D-01 8.0D-09 0.0D+00 6.4D-09 0.0D+00       19       93       19      190  S
      3      1   5.0004083140475508D-01 1.0D-08 0.0D+00 2.0D-06 0.0D+00       21      107       21      210  S
      3      1   5.0004083140467970D-01 1.0D-08 0.0D+00 2.0D-06 0.0D+00       22      119       22      220  S
      3      1   5.0004083140572031D-01 1.0D-08 0.0D+00 2.0D-06 0.0D+00       20       99       20      200  S
      3      1   5.0004083140572020D-01 1.0D-08 0.0D+00 2.0D-06 0.0D+00       20      103       20      200  S
      3      1   5.0004083140478794D-01 1.0D-08 0.0D+00 2.0D-06 0.0D+00       21      110       21      210  S
      3      1   5.0004083140466415D-01 1.0D-08 0.0D+00 2.0D-06 0.0D+00       21      114       21      210  S
      3      1   5.0004083140567912D-01 1.0D-08 0.0D+00 2.0D-06 0.0D+00       20       98       20      200  S
      3      1   5.0004115662601800D-01 9.3D-09 0.0D+00 2.3D-10 0.0D+00       19       97       19      190  S
      3      1   5.0004083140465638D-01 1.0D-08 0.0D+00 2.0D-06 0.0D+00       21      106       21      210  S
      3      1   5.0004083140472644D-01 1.0D-08 0.0D+00 2.0D-06 0.0D+00       21      116       21      210  S
      3      1   5.0004083140477884D-01 1.0D-08 0.0D+00 2.0D-06 0.0D+00       21      115       21      210  S
      3      1   5.0004083140469657D-01 1.0D-08 0.0D+00 2.0D-06 0.0D+00       21      109       21      210  S
      3      1   5.0004092878345696D-01 9.7D-09 0.0D+00 3.7D-09 0.0D+00       19       93       19      190  S
      3      1   5.0004165601807971D-01 8.3D-09 0.0D+00 6.3D-09 0.0D+00       19       93       19      190  S
      3      1   5.0004083140468669D-01 1.0D-08 0.0D+00 2.0D-06 0.0D+00       21      114       21      210  S
      3      1   5.0004186111519311D-01 7.9D-09 0.0D+00 1.9D-09 0.0D+00       19       92       19      190  S
      3      1   5.0004175118591521D-01 8.1D-09 0.0D+00 7.4D-09 0.0D+00       19       92       19      190  S
      3      1   5.0004083140477251D-01 1.0D-08 0.0D+00 2.0D-06 0.0D+00       22      121       22      220  S
      3      1   5.0004083140574329D-01 1.0D-08 0.0D+00 2.0D-06 0.0D+00       20      100       20      200  S
      3      1   5.0004138774378115D-01 8.8D-09 0.0D+00 4.6D-09 0.0D+00       19       94       19      190  S
      3      1   5.0004083140473510D-01 1.0D-08 0.0D+00 2.0D-06 0.0D+00       22      115       22      220  S
      3      1   5.0004083140570599D-01 1.0D-08 0.0D+00 2.0D-06 0.0D+00       21      115       21      210  S
      3      1   5.0004123988045390D-01 9.1D-09 0.0D+00 6.3D-09 0.0D+00       19       95       19      190  S
      3      1   5.0004083140469591D-01 1.0D-08 0.0D+00 2.0D-06 0.0D+00       23      150       23      230  S
      3      1   5.0004083140568856D-01 1.0D-08 0.0D+00 2.0D-06 0.0D+00       20       96       20      200  S
      3      1   5.0004083140571276D-01 1.0D-08 0.0D+00 2.0D-06 0.0D+00       20       99       20      200  S
      3      1   5.0004083140578137D-01 1.0D-08 0.0D+00 2.0D-06 0.0D+00       20      100       20      200  S
      3      1   5.0004083140572275D-01 1.0D-08 0.0D+00 2.0D-06 0.0D+00       20      101       20      200  S
      3      1   5.0004083140569067D-01 1.0D-08 0.0D+00 2.0D-06 0.0D+00       20       99       20      200  S
      3      1   5.0004164213586266D-01 8.3D-09 0.0D+00 2.1D-09 0.0D+00       19       96       19      190  S
      3      1   5.0004083140574562D-01 1.0D-08 0.0D+00 2.0D-06 0.0D+00       20       98       20      200  S
      3      1   5.0004083140575728D-01 1.0D-08 0.0D+00 2.0D-06 0.0D+00       20       96       20      200  S
      3      1   5.0004083140577749D-01 1.0D-08 0.0D+00 2.0D-06 0.0D+00       21      117       21      210  S
      3      1   5.0004083140564581D-01 1.0D-08 0.0D+00 2.0D-06 0.0D+00       21      104       21      210  S
      3      1   5.0004083140572242D-01 1.0D-08 0.0D+00 2.0D-06 0.0D+00       20       97       20      200  S
      3      1   5.0004083140574729D-01 1.0D-08 0.0D+00 2.0D-06 0.0D+00       22      121       22      220  S
      3      1   5.0004083140572930D-01 1.0D-08 0.0D+00 2.0D-06 0.0D+00       20       99       20      200  S
      3      1   5.0004083140567757D-01 1.0D-08 0.0D+00 2.0D-06 0.0D+00       20       97       20      200  S
      3      1   5.0004122301223985D-01 9.1D-09 0.0D+00 1.5D-09 0.0D+00       19       90       19      190  S
      3      1   5.0004083917339848D-01 9.9D-09 0.0D+00 2.0D-06 0.0D+00       20       97       20      193  S
      3      1   5.0004087045742596D-01 9.9D-09 0.0D+00 2.0D-06 0.0D+00       20       94       20      193  S
      3      1   5.0004090082246500D-01 9.8D-09 0.0D+00 1.9D-06 0.0D+00       20       96       20      200  S
      3   0.00    0.00    0.00   5.0004081313590998D-01 1.0D-08 0.0D+00 5.0D-09 0.0D+00       19       93       19      190     123     272     282     272     283   0.04     0    0    144  BR
      3      1   5.0004083140574240D-01 1.0D-08 0.0D+00 2.0D-06 0.0D+00       20       98       20      200  S
      3      1   5.0004088937738356D-01 9.8D-09 0.0D+00 7.6D-12 0.0D+00       19       89       19      190  S
      3      1   5.0004162816124242D-01 8.3D-09 0.0D+00 7.7D-09 0.0D+00       19       94       19      190  S
      3      1   5.0004083140574374D-01 1.0D-08 0.0D+00 2.0D-06 0.0D+00       21      110       21      210  S
      3      1   5.0004083140574107D-01 1.0D-08 0.0D+00 2.0D-06 0.0D+00       20       94       20      200  S
      3      1   5.0004149647889717D-01 8.6D-09 0.0D+00 2.2D-09 0.0D+00       19       93       19      190  S
      3      1   5.0004102199249545D-01 9.6D-09 0.0D+00 1.2D-09 0.0D+00       19       88       19      190  S
      3      1   5.0004105013506162D-01 9.5D-09 0.0D+00 9.6D-09 0.0D+00       19       92       19      190  S
      3      1   5.0004156359911611D-01 8.5D-09 0.0D+00 7.2D-09 0.0D+00       19       96       19      190  S
      3      1   5.0004083140566957D-01 1.0D-08 0.0D+00 2.0D-06 0.0D+00       21      113       21      210  S
      3      1   5.0004083140568223D-01 1.0D-08 0.0D+00 2.0D-06 0.0D+00       20       95       20      200  S
      3      1   5.0004120601337121D-01 9.2D-09 0.0D+00 2.8D-10 0.0D+00       19       93       19      190  S
      3      1   5.0004118514484830D-01 9.2D-09 0.0D+00 3.6D-09 0.0D+00       19       89       19      190  S
      3      1   5.0004121118495759D-01 9.2D-09 0.0D+00 3.5D-09 0.0D+00       19       98       19      190  S
      3      1   5.0004123692003188D-01 9.1D-09 0.0D+00 1.5D-09 0.0D+00       19       93       19      190  S
      3      1   5.0004126235629320D-01 9.1D-09 0.0D+00 6.4D-10 0.0D+00       19       96       19      190  S
      3      1   5.0004128749997578D-01 9.0D-09 0.0D+00 4.0D-09 0.0D+00       19       95       19      190  S
      3      1   5.0004083140576383D-01 1.0D-08 0.0D+00 2.0D-06 0.0D+00       20      103       20      200  S
      3      1   5.0004083140469702D-01 1.0D-08 0.0D+00 2.0D-06 0.0D+00       21      111       21      210  S
      3      1   5.0004136123327825D-01 8.9D-09 0.0D+00 5.1D-09 0.0D+00       19       92       19      190  S
      3      1   5.0004138526378072D-01 8.8D-09 0.0D+00 4.3D-09 0.0D+00       19       94       19      190  S
      3      1   5.0004140902957928D-01 8.8D-09 0.0D+00 6.9D-10 0.0D+00       19       94       19      190  S
      3      1   5.0004143253585331D-01 8.7D-09 0.0D+00 4.7D-09 0.0D+00       19       95       19      190  S
      3      1   5.0004145578758719D-01 8.7D-09 0.0D+00 2.3D-09 0.0D+00       19       94       19      190  S
      3      1   5.0004147878757998D-01 8.6D-09 0.0D+00 7.4D-09 0.0D+00       19       90       19      190  S
      3      1   5.0004152091977139D-01 8.5D-09 0.0D+00 7.2D-09 0.0D+00       19       95       19      190  S
      3      1   5.0004139743506892D-01 8.8D-09 0.0D+00 5.0D-09 0.0D+00       19       92       19      190  S
      3      1   5.0004083140575972D-01 1.0D-08 0.0D+00 2.0D-06 0.0D+00       20      102       20      200  S
      3      1   5.0004156838121105D-01 8.5D-09 0.0D+00 4.6D-09 0.0D+00       19       99       19      190  S
      3      1   5.0004159020057681D-01 8.4D-09 0.0D+00 7.5D-09 0.0D+00       19       93       19      190  S
      3      1   5.0004102640097414D-01 9.5D-09 0.0D+00 5.3D-10 0.0D+00       19       91       19      190  S
      3      1   5.0004172548582448D-01 8.1D-09 0.0D+00 2.7D-09 0.0D+00       19       95       19      190  S
      3      1   5.0004083140469935D-01 1.0D-08 0.0D+00 2.0D-06 0.0D+00       21      111       21      210  S
      3      1   5.0004083140470801D-01 1.0D-08 0.0D+00 2.0D-06 0.0D+00       22      116       22      220  S
      3      1   5.0004165489158270D-01 8.3D-09 0.0D+00 6.0D-09 0.0D+00       19       92       19      190  S
      3      1   5.0004083140465605D-01 1.0D-08 0.0D+00 2.0D-06 0.0D+00       21      109       21      210  S
      3      1   5.0004173690499010D-01 8.1D-09 0.0D+00 5.6D-09 0.0D+00       19       97       19      190  S
      3      1   5.0004175704596932D-01 8.1D-09 0.0D+00 4.0D-09 0.0D+00       19       91       19      190  S
      3      1   5.0004177699329899D-01 8.1D-09 0.0D+00 5.9D-09 0.0D+00       19       94       19      190  S
      3      1   5.0004179675012006D-01 8.0D-09 0.0D+00 2.1D-09 0.0D+00       19       97       19      190  S
      3      1   5.0004173097877436D-01 8.1D-09 0.0D+00 3.0D-09 0.0D+00       19       95       19      190  S
      3      1   5.0004083140572775D-01 1.0D-08 0.0D+00 2.0D-06 0.0D+00       20       98       20      200  S
      3      1   5.0004185490987063D-01 7.9D-09 0.0D+00 2.8D-09 0.0D+00       19       97       19      190  S
      3      1   5.0004083140467415D-01 1.0D-08 0.0D+00 2.0D-06 0.0D+00       21      107       21      210  S
      3      1   5.0004083140473843D-01 1.0D-08 0.0D+00 2.0D-06 0.0D+00       21      108       21      210  S
      3      1   5.0004083140464095D-01 1.0D-08 0.0D+00 2.0D-06 0.0D+00       21      108       21      210  S
      3      1   5.0004083140473932D-01 1.0D-08 0.0D+00 2.0D-06 0.0D+00       22      114       22      220  S
      3      1   5.0004083140478528D-01 1.0D-08 0.0D+00 2.0D-06 0.0D+00       21      109       21      210  S
      3      1   5.0004083140580247D-01 1.0D-08 0.0D+00 2.0D-06 0.0D+00       21      110       21      210  S
      3      1   5.0004083140573730D-01 1.0D-08 0.0D+00 2.0D-06 0.0D+00       20       98       20      200  S
      3      1   5.0004083140473699D-01 1.0D-08 0.0D+00 2.0D-06 0.0D+00       21      109       21      210  S
      3      1   5.0004083140474542D-01 1.0D-08 0.0D+00 2.0D-06 0.0D+00       21      110       21      210  S
      3      1   5.0004083140464961D-01 1.0D-08 0.0D+00 2.0D-06 0.0D+00       21      109       21      210  S
      3      1   5.0004083140468358D-01 1.0D-08 0.0D+00 2.0D-06 0.0D+00       21      114       21      210  S
      3      1   5.0004083140471212D-01 1.0D-08 0.0D+00 2.0D-06 0.0D+00       22      128       22      220  S
      3      1   5.0004083140571010D-01 1.0D-08 0.0D+00 2.0D-06 0.0D+00       20      104       20      200  S
