     19      1   2.1433427812240782D-01 5.3D-09 0.0D+00 8.1D-10 0.0D+00       22      143       22      220  S
     19      1   2.1982100988704581D-01 5.8D-09 0.0D+00 2.1D-07 0.0D+00       23      163       23      230  S
     19      1   2.1982021143442826D-01 5.8D-09 0.0D+00 5.1D-09 0.0D+00       22      162       22      220  S
     19      1   2.2220964268605431D-01 5.5D-09 0.0D+00 3.2D-07 0.0D+00       24      182       24      240  S
     19      1   2.1982100988903494D-01 5.8D-09 0.0D+00 1.8D-09 0.0D+00       21      117       21      210  S
     19      1   2.1981766307433065D-01 5.8D-09 0.0D+00 1.4D-07 0.0D+00       23      153       23      230  S
     19      1   2.1982037190825571D-01 5.8D-09 0.0D+00 8.2D-09 0.0D+00       22      173       22      220  S
     19      1   2.1981732862697032D-01 5.8D-09 0.0D+00 9.5D-09 0.0D+00       22      150       22      220  S
     19      1   2.4963081251692346D-01 6.8D-09 0.0D+00 2.5D-07 0.0D+00       22      174       22      220  S
     19      1   2.1982020215338183D-01 5.8D-09 0.0D+00 5.7D-09 0.0D+00       22      132       22      220  S
     19      1   2.0681861569176924D-01 4.8D-09 0.0D+00 2.3D-10 0.0D+00       22      112       22      220  S
     19      1   2.1982056450064325D-01 5.8D-09 0.0D+00 5.3D-09 0.0D+00       21      147       21      210  S
     19      1   2.0681819311499633D-01 4.8D-09 0.0D+00 3.9D-09 0.0D+00       22      124       22      220  S
     19      1   2.0681819311499244D-01 4.8D-09 0.0D+00 4.7D-09 0.0D+00       22      115       22      220  S
     19      1   2.1981687713687365D-01 5.8D-09 0.0D+00 4.9D-09 0.0D+00       22      148       22      220  S
     19      1   2.0681819311502406D-01 4.8D-09 0.0D+00 3.5D-09 0.0D+00       22      113       22      220  S
     19      1   2.1982100988950445D-01 5.8D-09 0.0D+00 4.0D-10 0.0D+00       21      140       21      210  S
     19      1   2.0682181133270100D-01 4.8D-09 0.0D+00 4.8D-09 0.0D+00       22      122       22      220  S
     19      1   2.1981766307620315D-01 5.8D-09 0.0D+00 9.0D-09 0.0D+00       22      159       22      220  S
     19      1   2.1982020215306600D-01 5.8D-09 0.0D+00 1.6D-09 0.0D+00       21      137       21      210  S
     19      1   2.1982020215321213D-01 5.8D-09 0.0D+00 9.0D-09 0.0D+00       22      121       22      220  S
     19      1   2.1982021143104019D-01 5.8D-09 0.0D+00 3.2D-07 0.0D+00       23      161       23      230  S
     19      1   2.1982100988977324D-01 5.8D-09 0.0D+00 5.3D-09 0.0D+00       22      127       22      220  S
     19      1   2.0681819311507843D-01 4.8D-09 0.0D+00 4.5D-08 0.0D+00       23      142       23      230  S
     19      1   2.1981908793975929D-01 5.8D-09 0.0D+00 3.1D-08 0.0D+00       22      161       22      220  S
     19      1   2.1982148821975264D-01 5.8D-09 0.0D+00 5.0D-09 0.0D+00       22      164       22      220  S
     19      1   2.0681908316181291D-01 4.9D-09 0.0D+00 4.5D-10 0.0D+00       22      125       22      220  S
     19      1   2.0681883973800302D-01 4.8D-09 0.0D+00 9.3D-09 0.0D+00       22      113       22      220  S
     19      1   2.0681819311497318D-01 4.8D-09 0.0D+00 5.0D-09 0.0D+00       22      108       22      220  S
     19      1   2.1981908793965418D-01 5.8D-09 0.0D+00 3.1D-09 0.0D+00       21      118       21      210  S
     19      1   2.1981687713438952D-01 5.8D-09 0.0D+00 2.9D-07 0.0D+00       23      154       23      230  S
     19      1   2.1970299713647973D-01 4.1D-07 0.0D+00 2.4D-02 0.0D+00       24      131       25      250  S
     19      1   2.0685288923780054D-01 5.0D-09 0.0D+00 7.0D-07 0.0D+00       24      267       24      240  S
     19      1   2.0681819311500949D-01 4.8D-09 0.0D+00 2.7D-09 0.0D+00       22      123       22      220  S
     19      1   2.1982020215049380D-01 5.8D-09 0.0D+00 3.1D-07 0.0D+00       24      168       24      240  S
     19      1   2.1981904629021065D-01 5.8D-09 0.0D+00 5.3D-09 0.0D+00       21      113       21      210  S
     19      1   2.0681819311483846D-01 4.8D-09 0.0D+00 3.8D-09 0.0D+00       21      104       21      210  S
     19      1   2.0681819311505401D-01 4.8D-09 0.0D+00 4.4D-09 0.0D+00       22      112       22      220  S
     19      1   2.1981766307391964D-01 5.8D-09 0.0D+00 1.8D-07 0.0D+00       23      152       23      230  S
     19      1   2.0681861569172966D-01 4.8D-09 0.0D+00 7.2D-09 0.0D+00       22      123       22      220  S
     19      1   2.1981766307567666D-01 5.8D-09 0.0D+00 3.5D-09 0.0D+00       22      123       22      220  S
     19      1   2.1982148821782879D-01 5.8D-09 0.0D+00 1.8D-07 0.0D+00       23      164       23      230  S
     19      1   2.0682157418048319D-01 4.8D-09 0.0D+00 5.7D-10 0.0D+00       22      123       22      220  S
     19      1   2.1982021143439465D-01 5.8D-09 0.0D+00 6.9D-10 0.0D+00       22      154       22      220  S
     19      1   2.0681819311474572D-01 4.8D-09 0.0D+00 1.6D-09 0.0D+00       21      113       21      210  S
     19      1   2.0681908316180919D-01 4.9D-09 0.0D+00 6.7D-09 0.0D+00       22      120       22      220  S
     19      1   2.1982020215302006D-01 5.8D-09 0.0D+00 2.8D-10 0.0D+00       21      174       21      210  S
     19      1   2.0681819311499786D-01 4.8D-09 0.0D+00 3.8D-09 0.0D+00       22      117       22      220  S
     19      1   2.1982037190695622D-01 5.8D-09 0.0D+00 1.5D-07 0.0D+00       23      163       23      230  S
     19      1   3.7932080966974602D-01 8.4D-05 0.0D+00 1.0D+00 0.0D+00       23      169       24      240  S
     19      1   2.1981908793991056D-01 5.8D-09 0.0D+00 9.4D-09 0.0D+00       22      130       22      220  S
     19      1   2.1981766307581913D-01 5.8D-09 0.0D+00 3.6D-10 0.0D+00       22      126       22      220  S
     19      1   2.1982148821757844D-01 5.8D-09 0.0D+00 2.4D-07 0.0D+00       22      146       22      220  S
     19      1   2.0681934931782692D-01 4.8D-09 0.0D+00 1.0D-09 0.0D+00       22      119       22      220  S
     19      1   2.0681861569169399D-01 4.8D-09 0.0D+00 4.5D-09 0.0D+00       22      114       22      220  S
     19      1   2.0681819311496166D-01 4.8D-09 0.0D+00 4.3D-09 0.0D+00       22      114       22      220  S
     19      1   2.0682157418062017D-01 4.8D-09 0.0D+00 1.3D-09 0.0D+00       22      124       22      220  S
     19      1   2.1981732862686937D-01 5.8D-09 0.0D+00 3.5D-09 0.0D+00       22      125       22      220  S
     19      1   2.0681861569176357D-01 4.8D-09 0.0D+00 3.4D-11 0.0D+00       22      121       22      220  S
     19      1   2.0681934931776913D-01 4.8D-09 0.0D+00 4.1D-09 0.0D+00       22      124       22      220  S
     19      1   2.1982021143397368D-01 5.8D-09 0.0D+00 7.1D-09 0.0D+00       22      122       22      220  S
     19      1   2.0681819311490171D-01 4.8D-09 0.0D+00 7.5D-09 0.0D+00       22      127       22      220  S
     19      1   2.0681908316203104D-01 4.9D-09 0.0D+00 5.3D-09 0.0D+00       22      122       22      220  S
     19      1   2.1981766307580564D-01 5.8D-09 0.0D+00 2.1D-09 0.0D+00       22      150       22      220  S
     19      1   2.0682157418050764D-01 4.8D-09 0.0D+00 4.2D-10 0.0D+00       22      121       22      220  S
     19      1   2.1982148821949871D-01 5.8D-09 0.0D+00 1.6D-08 0.0D+00       23      144       23      230  S
     19      1   2.1981904629083521D-01 5.8D-09 0.0D+00 7.7D-09 0.0D+00       22      158       22      220  S
     19      1   2.0681819311504060D-01 4.8D-09 0.0D+00 6.6D-09 0.0D+00       22      109       22      220  S
     19      1   2.1981904628821064D-01 5.8D-09 0.0D+00 2.2D-07 0.0D+00       23      160       23      230  S
     19      1   2.0681861569169660D-01 4.8D-09 0.0D+00 9.3D-09 0.0D+00       22      112       22      220  S
     19      1   2.1981687713669215D-01 5.8D-09 0.0D+00 7.8D-09 0.0D+00       21      134       21      210  S
     19      1   2.0681819311498836D-01 4.8D-09 0.0D+00 2.0D-09 0.0D+00       22      118       22      220  S
     19      1   2.1981908794004712D-01 5.8D-09 0.0D+00 2.0D-09 0.0D+00       21      148       21      210  S
     19      1   2.0682157418055083D-01 4.8D-09 0.0D+00 6.3D-09 0.0D+00       22      132       22      220  S
     19      1   2.0681819311512820D-01 4.8D-09 0.0D+00 9.7D-09 0.0D+00       22      123       22      220  S
     19      1   2.0681861569174831D-01 4.8D-09 0.0D+00 1.7D-09 0.0D+00       22      124       22      220  S
     19      1   2.1981766307571354D-01 5.8D-09 0.0D+00 1.6D-09 0.0D+00       22      131       22      220  S
     19      1   2.0681908316190659D-01 4.9D-09 0.0D+00 5.5D-10 0.0D+00       22      114       22      220  S
     19      1   2.0681861569172016D-01 4.8D-09 0.0D+00 1.7D-09 0.0D+00       22      127       22      220  S
     19      1   2.0681819311499464D-01 4.8D-09 0.0D+00 4.8D-09 0.0D+00       22      119       22      220  S
     19      1   2.1981908793757884D-01 5.8D-09 0.0D+00 2.4D-07 0.0D+00       23      150       23      230  S
     19      1   2.0682157417868569D-01 4.8D-09 0.0D+00 6.5D-09 0.0D+00       21      118       21      210  S
     19      1   2.0681819311494506D-01 4.8D-09 0.0D+00 2.0D-09 0.0D+00       22      133       22      220  S
     19      1   2.1981904629091684D-01 5.8D-09 0.0D+00 1.8D-09 0.0D+00       22      156       22      220  S
     19      1   2.1981766307584177D-01 5.8D-09 0.0D+00 7.4D-09 0.0D+00       22      160       22      220  S
     19      1   2.0681861569181659D-01 4.8D-09 0.0D+00 4.2D-09 0.0D+00       22      123       22      220  S
     19      1   2.0681819311509234D-01 4.8D-09 0.0D+00 4.8D-09 0.0D+00       22      111       22      220  S
     19      1   2.1981687713675355D-01 5.8D-09 0.0D+00 9.7D-09 0.0D+00       22      123       22      220  S
     19      1   2.0681896982830952D-01 4.8D-09 0.0D+00 7.6D-09 0.0D+00       22      141       22      220  S
     19      1   2.1981687713683337D-01 5.8D-09 0.0D+00 9.6D-10 0.0D+00       22      156       22      220  S
     19      1   2.0681819311495361D-01 4.8D-09 0.0D+00 3.7D-09 0.0D+00       22      116       22      220  S
     19      1   2.2142171070970842D-01 5.7D-09 0.0D+00 2.6D-08 0.0D+00       23      198       23      230  S
     19      1   2.1981732862713685D-01 5.8D-09 0.0D+00 8.6D-09 0.0D+00       22      159       22      220  S
     19      1   2.1984779228607559D-01 5.8D-09 0.0D+00 3.2D-07 0.0D+00       24      165       24      240  S
     19      1   2.0681819311488647D-01 4.8D-09 0.0D+00 3.8D-09 0.0D+00       22      112       22      220  S
     19      1   2.1982056450103649D-01 5.8D-09 0.0D+00 2.1D-09 0.0D+00       22      132       22      220  S
     19      1   2.0681908316190498D-01 4.9D-09 0.0D+00 3.6D-09 0.0D+00       22      115       22      220  S
     19      1   2.1982037190841741D-01 5.8D-09 0.0D+00 7.6D-09 0.0D+00       22      149       22      220  S
     19      1   2.0682157417888949D-01 4.8D-09 0.0D+00 2.9D-09 0.0D+00       22      115       22      220  S
     19      1   2.1981766307503267D-01 5.8D-09 0.0D+00 6.7D-08 0.0D+00       23      150       23      230  S
     19      1   2.0682181133250047D-01 4.8D-09 0.0D+00 3.0D-09 0.0D+00       22      126       22      220  S
     19      1   2.0681814445364113D-01 4.8D-09 0.0D+00 8.5D-09 0.0D+00       22      119       22      220  S
     19      1   2.1981687713722101D-01 5.8D-09 0.0D+00 2.3D-08 0.0D+00       23      169       23      230  S
     19      1   2.0681819311503094D-01 4.8D-09 0.0D+00 9.3D-09 0.0D+00       22      122       22      220  S
     19      1   2.0681819311509278D-01 4.8D-09 0.0D+00 3.7D-09 0.0D+00       22      114       22      220  S
     19      1   2.1982020215329373D-01 5.8D-09 0.0D+00 6.9D-10 0.0D+00       22      129       22      220  S
     19      1   2.1981766307303277D-01 5.8D-09 0.0D+00 3.0D-07 0.0D+00       24      164       24      240  S
     19      1   2.0681861569167248D-01 4.8D-09 0.0D+00 4.3D-09 0.0D+00       22      118       22      220  S
     19      1   2.1981766307607101D-01 5.8D-09 0.0D+00 8.6D-09 0.0D+00       22      146       22      220  S
     19      1   2.0681819311507671D-01 4.8D-09 0.0D+00 2.2D-08 0.0D+00       23      123       23      230  S
     19      1   2.1981766307320127D-01 5.8D-09 0.0D+00 3.1D-07 0.0D+00       23      180       23      230  S
     19      1   2.0681819311502481D-01 4.8D-09 0.0D+00 3.3D-09 0.0D+00       22      119       22      220  S
     19      1   2.1981766307569245D-01 5.8D-09 0.0D+00 9.2D-09 0.0D+00       22      130       22      220  S
     19      1   2.1982046444652156D-01 5.8D-09 0.0D+00 1.7D-08 0.0D+00       22      187       22      220  S
     19      1   2.0681819311506788D-01 4.8D-09 0.0D+00 1.5D-09 0.0D+00       22      123       22      220  S
     19      1   2.0681934931779750D-01 4.8D-09 0.0D+00 1.0D-08 0.0D+00       22      121       22      220  S
     19      1   2.1981908793985819D-01 5.8D-09 0.0D+00 9.2D-09 0.0D+00       22      128       22      220  S
     19      1   2.0681819311492466D-01 4.8D-09 0.0D+00 2.1D-09 0.0D+00       22      113       22      220  S
     19      1   2.0682043332655434D-01 4.8D-09 0.0D+00 4.7D-09 0.0D+00       21      112       21      210  S
     19      1   2.0681819311506805D-01 4.8D-09 0.0D+00 6.3D-09 0.0D+00       22      108       22      220  S
     19      1   2.0682157418052083D-01 4.8D-09 0.0D+00 9.9D-09 0.0D+00       22      121       22      220  S
     19      1   2.0681819311490127D-01 4.8D-09 0.0D+00 9.8D-09 0.0D+00       22      110       22      220  S
     19      1   2.2220964268616902D-01 5.5D-09 0.0D+00 2.8D-07 0.0D+00       22      208       22      220  S
     19      1   2.1991302721764297D-01 3.4D-07 0.0D+00 3.7D-02 0.0D+00       25      140       26      260  S
     19      1   2.0681861569172516D-01 4.8D-09 0.0D+00 7.9D-09 0.0D+00       22      114       22      220  S
     19      1   2.0681819311500771D-01 4.8D-09 0.0D+00 5.9D-09 0.0D+00       22      120       22      220  S
     19      1   2.0681896982820400D-01 4.8D-09 0.0D+00 7.6D-09 0.0D+00       22      118       22      220  S
     19      1   2.0681819311494357D-01 4.8D-09 0.0D+00 8.3D-09 0.0D+00       22      123       22      220  S
     19      1   2.4963083385467899D-01 6.8D-09 0.0D+00 8.0D-09 0.0D+00       21      142       21      210  S
     19      1   2.0681819311501115D-01 4.8D-09 0.0D+00 8.5D-10 0.0D+00       22      135       22      220  S
     19      1   2.1981687713725126D-01 5.8D-09 0.0D+00 2.9D-09 0.0D+00       22      137       22      220  S
     19      1   2.0681819311498290D-01 4.8D-09 0.0D+00 4.0D-09 0.0D+00       22      114       22      220  S
     19      1   2.0681819311484603D-01 4.8D-09 0.0D+00 9.2D-09 0.0D+00       21      120       21      210  S
     19      1   2.1981904629024523D-01 5.8D-09 0.0D+00 9.3D-09 0.0D+00       21      127       21      210  S
     19      1   2.1981732862545708D-01 5.8D-09 0.0D+00 1.4D-07 0.0D+00       23      142       23      230  S
     19      1   2.0681934931792278D-01 4.8D-09 0.0D+00 5.2D-09 0.0D+00       22      121       22      220  S
     19      1   2.1981687713730999D-01 5.8D-09 0.0D+00 4.9D-09 0.0D+00       21      141       21      210  S
     19      1   2.0681819311497421D-01 4.8D-09 0.0D+00 8.8D-09 0.0D+00       22      124       22      220  S
     19      1   2.0681819311503696D-01 4.8D-09 0.0D+00 3.3D-09 0.0D+00       22      116       22      220  S
     19      1   2.1982021143404715D-01 5.8D-09 0.0D+00 2.5D-09 0.0D+00       22      121       22      220  S
     19      1   2.0681896982826944D-01 4.8D-09 0.0D+00 9.4D-09 0.0D+00       22      114       22      220  S
     19      1   2.0681896982813550D-01 4.8D-09 0.0D+00 2.2D-09 0.0D+00       22      118       22      220  S
     19      1   2.0681819311507091D-01 4.8D-09 0.0D+00 2.0D-08 0.0D+00       23      120       23      230  S
     19      1   2.0681861569169355D-01 4.8D-09 0.0D+00 2.2D-09 0.0D+00       22      113       22      220  S
     19      1   2.1982037190810619D-01 5.8D-09 0.0D+00 6.8D-09 0.0D+00       22      140       22      220  S
     19      1   2.1981766307380335D-01 5.8D-09 0.0D+00 2.5D-07 0.0D+00       24      155       24      240  S
     19      1   2.0682181133267497D-01 4.8D-09 0.0D+00 6.1D-09 0.0D+00       22      134       22      220  S
     19      1   2.0681814445373981D-01 4.8D-09 0.0D+00 5.9D-09 0.0D+00       22      129       22      220  S
     19      1   2.0681819311505914D-01 4.8D-09 0.0D+00 8.4D-09 0.0D+00       22      117       22      220  S
     19      1   2.0681861569194637D-01 4.8D-09 0.0D+00 9.3D-09 0.0D+00       22      124       22      220  S
     19      1   2.0681814445374136D-01 4.8D-09 0.0D+00 9.9D-09 0.0D+00       22      115       22      220  S
     19      1   2.0681896982835574D-01 4.8D-09 0.0D+00 1.2D-08 0.0D+00       23      121       23      230  S
     19      1   2.0682157418172337D-01 4.8D-09 0.0D+00 9.7D-09 0.0D+00       21      127       21      210  S
     19      1   2.0681861569166590D-01 4.8D-09 0.0D+00 1.4D-09 0.0D+00       22      117       22      220  S
     19      1   2.6190826205753859D-01 5.5D-09 0.0D+00 3.0D-08 0.0D+00       23      163       23      230  S
     19      1   2.0681819311494853D-01 4.8D-09 0.0D+00 7.2D-09 0.0D+00       22      123       22      220  S
     19      1   2.1981766307495848D-01 5.8D-09 0.0D+00 6.7D-08 0.0D+00       23      146       23      230  S
     19      1   2.0681908316195158D-01 4.9D-09 0.0D+00 1.0D-08 0.0D+00       23      130       23      230  S
     19      1   1.3314618898109467D+00 1.1D-16 0.0D+00 1.0D+00 0.0D+00        3       31        3       30  S
     19      1   2.0681908316184019D-01 4.9D-09 0.0D+00 9.1D-09 0.0D+00       22      123       22      220  S
     19      1   2.1982056450086843D-01 5.8D-09 0.0D+00 1.0D-08 0.0D+00       22      113       22      220  S
     19      1   2.0681896982819339D-01 4.8D-09 0.0D+00 7.3D-09 0.0D+00       22      109       22      220  S
     19      1   2.0681819311490324D-01 4.8D-09 0.0D+00 7.4D-09 0.0D+00       22      119       22      220  S
     19      1   2.1982021143376956D-01 5.8D-09 0.0D+00 5.8D-10 0.0D+00       21      140       21      210  S
     19      1   2.1981766307574360D-01 5.8D-09 0.0D+00 3.9D-09 0.0D+00       22      115       22      220  S
     19      1   2.1981687713548806D-01 5.8D-09 0.0D+00 1.5D-07 0.0D+00       23      173       23      230  S
     19      1   2.0681908316189029D-01 4.9D-09 0.0D+00 3.2D-10 0.0D+00       22      115       22      220  S
     19      1   2.1982021143453470D-01 5.8D-09 0.0D+00 7.2D-09 0.0D+00       22      137       22      220  S
     19      1   2.4963083385426937D-01 6.8D-09 0.0D+00 3.0D-09 0.0D+00       21      149       21      210  S
     19      1   2.0681819311509680D-01 4.8D-09 0.0D+00 3.0D-08 0.0D+00       23      145       23      230  S
     19      1   2.4963081251756286D-01 6.8D-09 0.0D+00 2.1D-07 0.0D+00       23      209       23      230  S
     19      1   2.0681861569162163D-01 4.8D-09 0.0D+00 7.5D-09 0.0D+00       22      111       22      220  S
     19      1   2.1982020215263723D-01 5.8D-09 0.0D+00 5.5D-08 0.0D+00       23      165       23      230  S
     19      1   2.1981908793811727D-01 5.8D-09 0.0D+00 1.9D-07 0.0D+00       23      148       23      230  S
     19      1   2.0681819311484656D-01 4.8D-09 0.0D+00 5.6D-09 0.0D+00       21      108       21      210  S
     19      1   2.0681819311506985D-01 4.8D-09 0.0D+00 7.4D-09 0.0D+00       22      113       22      220  S
     19      1   2.0681861569155277D-01 4.8D-09 0.0D+00 9.5D-09 0.0D+00       21      110       21      210  S
     19      1   2.1981908793681357D-01 5.8D-09 0.0D+00 3.2D-07 0.0D+00       24      167       24      240  S
     19      1   2.0682157418063474D-01 4.8D-09 0.0D+00 2.3D-09 0.0D+00       22      129       22      220  S
     19      1   2.1982056449806636D-01 5.8D-09 0.0D+00 3.0D-07 0.0D+00       23      175       23      230  S
     19      1   2.0681896982835174D-01 4.8D-09 0.0D+00 7.0D-09 0.0D+00       22      114       22      220  S
     19      1   2.1982020215327180D-01 5.8D-09 0.0D+00 4.8D-09 0.0D+00       22      132       22      220  S
     19      1   2.1981766307583281D-01 5.8D-09 0.0D+00 3.2D-09 0.0D+00       22      125       22      220  S
     19      1   2.1981732862417119D-01 5.8D-09 0.0D+00 2.8D-07 0.0D+00       23      133       23      230  S
     19      1   2.0681819311495531D-01 4.8D-09 0.0D+00 2.9D-09 0.0D+00       22      111       22      220  S
     19      1   2.0681861569172771D-01 4.8D-09 0.0D+00 6.4D-09 0.0D+00       22      114       22      220  S
     19      1   2.1982021144154101D-01 5.8D-09 0.0D+00 2.4D-10 0.0D+00       23      142       23      230  S
     19      1   2.1981732862671485D-01 5.8D-09 0.0D+00 3.1D-08 0.0D+00       22      165       22      220  S
     19      1   2.0681819311494695D-01 4.8D-09 0.0D+00 5.5D-09 0.0D+00       22      115       22      220  S
     19      1   2.1982020215036135D-01 5.8D-09 0.0D+00 3.4D-07 0.0D+00       23      159       23      230  S
     19      1   2.0682181133265823D-01 4.8D-09 0.0D+00 5.4D-09 0.0D+00       22      119       22      220  S
     19      1   2.1981687713694545D-01 5.8D-09 0.0D+00 2.1D-10 0.0D+00       22      148       22      220  S
     19      1   2.1982021143391928D-01 5.8D-09 0.0D+00 1.3D-08 0.0D+00       23      124       23      230  S
     19      1   2.0681896982827858D-01 4.8D-09 0.0D+00 2.0D-09 0.0D+00       22      117       22      220  S
     19      1   2.0681896982807432D-01 4.8D-09 0.0D+00 7.6D-09 0.0D+00       21      111       21      210  S
     19      1   2.0681819311481420D-01 4.8D-09 0.0D+00 9.6D-09 0.0D+00       22      112       22      220  S
     19      1   2.0681896982830072D-01 4.8D-09 0.0D+00 5.2D-09 0.0D+00       22      109       22      220  S
     19      1   2.1981908794337499D-01 5.8D-09 0.0D+00 2.7D-07 0.0D+00       24      182       24      240  S
     19      1   2.0681819311512217D-01 4.8D-09 0.0D+00 4.1D-09 0.0D+00       22      115       22      220  S
     19      1   2.2142528395345604D-01 5.7D-09 0.0D+00 9.8D-09 0.0D+00       22      147       22      220  S
     19      1   2.0681819311484476D-01 4.8D-09 0.0D+00 9.9D-09 0.0D+00       21      115       21      210  S
     19      1   2.0681861569180029D-01 4.8D-09 0.0D+00 3.1D-09 0.0D+00       22      129       22      220  S
     19      1   2.0681861569178472D-01 4.8D-09 0.0D+00 2.1D-09 0.0D+00       22      123       22      220  S
     19      1   2.1982021143399505D-01 5.8D-09 0.0D+00 2.5D-10 0.0D+00       22      124       22      220  S
     19      1   2.0681861569168308D-01 4.8D-09 0.0D+00 1.1D-10 0.0D+00       22      115       22      220  S
     19      1   2.0682157418118619D-01 4.8D-09 0.0D+00 9.2D-09 0.0D+00       22      139       22      220  S
     19      1   2.2142463617711569D-01 5.7D-09 0.0D+00 1.4D-07 0.0D+00       23      161       23      230  S
     19      1   2.0681861569164345D-01 4.8D-09 0.0D+00 3.2D-09 0.0D+00       22      121       22      220  S
     19      1   2.0681819311490204D-01 4.8D-09 0.0D+00 3.2D-09 0.0D+00       21      111       21      210  S
     19      1   2.0682157418059924D-01 4.8D-09 0.0D+00 8.4D-09 0.0D+00       22      128       22      220  S
     19      1   2.1981766307438413D-01 5.8D-09 0.0D+00 1.2D-07 0.0D+00       23      127       23      230  S
     19      1   2.1981904629036655D-01 5.8D-09 0.0D+00 2.2D-09 0.0D+00       22      128       22      220  S
     19      1   2.0682157418198857D-01 4.8D-09 0.0D+00 9.9D-09 0.0D+00       22      123       22      220  S
     19      1   2.0681819311509739D-01 4.8D-09 0.0D+00 4.1D-09 0.0D+00       22      119       22      220  S
     19      1   2.1981904628935484D-01 5.8D-09 0.0D+00 1.1D-07 0.0D+00       24      158       24      240  S
     19      1   2.1981904629054863D-01 5.8D-09 0.0D+00 4.4D-09 0.0D+00       22      132       22      220  S
     19      1   2.1981732861234121D-01 5.8D-09 0.0D+00 3.6D-08 0.0D+00       23      178       23      230  S
     19      1   2.1981904629051763D-01 5.8D-09 0.0D+00 1.4D-08 0.0D+00       23      131       23      230  S
     19      1   5.0814117293972993D-01 0.0D+00 0.0D+00 5.1D-01 0.0D+00        3       32        3       30  S
     19      1   2.0681908316193745D-01 4.9D-09 0.0D+00 1.8D-09 0.0D+00       22      118       22      220  S
     19      1   2.1981687713628745D-01 5.8D-09 0.0D+00 5.4D-08 0.0D+00       24      155       24      240  S
     19      1   2.0681861569175936D-01 4.8D-09 0.0D+00 5.0D-09 0.0D+00       22      120       22      220  S
     19      1   2.1982020215075779D-01 5.8D-09 0.0D+00 2.8D-07 0.0D+00       24      189       24      240  S
     19      1   2.0681819311489960D-01 4.8D-09 0.0D+00 5.4D-09 0.0D+00       22      129       22      220  S
     19      1   2.0681908316189407D-01 4.9D-09 0.0D+00 2.3D-09 0.0D+00       22      125       22      220  S
     19      1   2.1433334909111607D-01 5.3D-09 0.0D+00 3.9D-09 0.0D+00       22      131       22      220  S
     19      1   7.1673392073299524D-01 0.0D+00 0.0D+00 1.0D+00 0.0D+00       24      198       25      250  S
     19      1   2.1981908793988550D-01 5.8D-09 0.0D+00 9.3D-10 0.0D+00       22      145       22      220  S
     19      1   2.0681819311501154D-01 4.8D-09 0.0D+00 3.3D-09 0.0D+00       22      113       22      220  S
     19      1   2.1981732862705966D-01 5.8D-09 0.0D+00 7.7D-09 0.0D+00       22      122       22      220  S
     19      1   2.0681819311507832D-01 4.8D-09 0.0D+00 5.7D-10 0.0D+00       22      118       22      220  S
     19      1   2.0681814445374772D-01 4.8D-09 0.0D+00 3.1D-09 0.0D+00       22      121       22      220  S
     19      1   2.0681896982826364D-01 4.8D-09 0.0D+00 4.8D-09 0.0D+00       22      113       22      220  S
     19      1   2.1982037190810899D-01 5.8D-09 0.0D+00 4.3D-09 0.0D+00       22      133       22      220  S
     19      1   2.0681819311500482D-01 4.8D-09 0.0D+00 8.8D-09 0.0D+00       22      111       22      220  S
     19      1   2.0682157418199465D-01 4.8D-09 0.0D+00 5.9D-09 0.0D+00       22      119       22      220  S
     19      1   2.0681896982819795D-01 4.8D-09 0.0D+00 6.0D-09 0.0D+00       22      120       22      220  S
     19      1   2.1982020215180517D-01 5.8D-09 0.0D+00 1.6D-07 0.0D+00       23      137       23      230  S
     19      1   2.1982020215049122D-01 5.8D-09 0.0D+00 3.0D-07 0.0D+00       22      172       22      220  S
     19      1   2.0681896982821182D-01 4.8D-09 0.0D+00 3.2D-09 0.0D+00       22      123       22      220  S
     19      1   2.0681819311493357D-01 4.8D-09 0.0D+00 1.2D-09 0.0D+00       22      123       22      220  S
     19      1   2.0681819311492949D-01 4.8D-09 0.0D+00 8.4D-09 0.0D+00       22      118       22      220  S
     19      1   2.1982037190495082D-01 5.8D-09 0.0D+00 3.3D-07 0.0D+00       23      151       23      230  S
     19      1   2.4963791293430457D-01 6.8D-09 0.0D+00 3.1D-08 0.0D+00       22      160       22      220  S
     19      1   2.0681861569162077D-01 4.8D-09 0.0D+00 5.0D-09 0.0D+00       22      114       22      220  S
     19      1   2.2143080989220360D-01 5.7D-09 0.0D+00 1.5D-07 0.0D+00       22      154       22      220  S
     19      1   2.0681819311490410D-01 4.8D-09 0.0D+00 8.3D-09 0.0D+00       22      124       22      220  S
     19      1   2.0682157418195626D-01 4.8D-09 0.0D+00 6.3D-09 0.0D+00       22      129       22      220  S
     19      1   2.1982056450059212D-01 5.8D-09 0.0D+00 3.3D-09 0.0D+00       21      113       21      210  S
     19      1   2.1982021143387126D-01 5.8D-09 0.0D+00 3.5D-07 0.0D+00       23      134       23      230  S
     19      1   2.0682181133258318D-01 4.8D-09 0.0D+00 9.4D-10 0.0D+00       22      118       22      220  S
     19      1   2.0681819311520558D-01 4.8D-09 0.0D+00 5.7D-09 0.0D+00       22      126       22      220  S
     19      1   2.0681814445378865D-01 4.8D-09 0.0D+00 4.5D-10 0.0D+00       22      115       22      220  S
     19      1   2.1982056450088158D-01 5.8D-09 0.0D+00 1.8D-08 0.0D+00       24      179       24      240  S
     19      1   2.0681819311497257D-01 4.8D-09 0.0D+00 9.9D-09 0.0D+00       22      124       22      220  S
     19      1   2.0681908316193456D-01 4.9D-09 0.0D+00 3.1D-09 0.0D+00       22      117       22      220  S
     19      1   2.0682157418052627D-01 4.8D-09 0.0D+00 8.8D-09 0.0D+00       22      119       22      220  S
     19      1   2.0681908316187503D-01 4.9D-09 0.0D+00 9.4D-09 0.0D+00       22      112       22      220  S
     19      1   2.0681814445385871D-01 4.8D-09 0.0D+00 6.3D-10 0.0D+00       22      121       22      220  S
     19      1   2.0681819311491950D-01 4.8D-09 0.0D+00 7.8D-09 0.0D+00       22      111       22      220  S
     19      1   2.0681814445375157D-01 4.8D-09 0.0D+00 6.5D-09 0.0D+00       22      111       22      220  S
     19      1   2.0681861569168386D-01 4.8D-09 0.0D+00 6.4D-09 0.0D+00       22      120       22      220  S
     19      1   2.0682181133261515D-01 4.8D-09 0.0D+00 7.2D-09 0.0D+00       22      132       22      220  S
     19      1   2.1981687713694334D-01 5.8D-09 0.0D+00 9.8D-09 0.0D+00       22      117       22      220  S
     19      1   2.0681819311497188D-01 4.8D-09 0.0D+00 5.0D-09 0.0D+00       22      118       22      220  S
     19      1   2.0681861569161089D-01 4.8D-09 0.0D+00 5.1D-09 0.0D+00       22      125       22      220  S
     19      1   2.1982046444649186D-01 5.8D-09 0.0D+00 5.6D-08 0.0D+00       23      159       23      230  S
     19      1   2.1982046444698025D-01 5.8D-09 0.0D+00 7.9D-09 0.0D+00       22      148       22      220  S
     19      1   2.1981732862426556D-01 5.8D-09 0.0D+00 3.2D-07 0.0D+00       23      161       23      230  S
     19      1   2.0681819311498018D-01 4.8D-09 0.0D+00 1.4D-08 0.0D+00       23      139       23      230  S
     19      1   2.1982021143294514D-01 5.8D-09 0.0D+00 1.1D-07 0.0D+00       23      160       23      230  S
     19      1   2.4963083321807455D-01 6.8D-09 0.0D+00 7.8D-09 0.0D+00       22      165       22      220  S
     19      1   2.1981732862721443D-01 5.8D-09 0.0D+00 6.6D-09 0.0D+00       22      132       22      220  S
     19      1   2.1981904628730312D-01 5.8D-09 0.0D+00 3.0D-07 0.0D+00       22      149       22      220  S
     19      1   2.0681934931778181D-01 4.8D-09 0.0D+00 4.5D-09 0.0D+00       22      124       22      220  S
     19      1   2.0681861569174020D-01 4.8D-09 0.0D+00 4.6D-09 0.0D+00       22      111       22      220  S
     19      1   2.0681819311502825D-01 4.8D-09 0.0D+00 3.3D-09 0.0D+00       22      120       22      220  S
     19      1   2.0681819311500743D-01 4.8D-09 0.0D+00 8.0D-09 0.0D+00       22      119       22      220  S
     19      1   2.1981732862552966D-01 5.8D-09 0.0D+00 1.3D-07 0.0D+00       23      162       23      230  S
     19      1   2.0681896982819573D-01 4.8D-09 0.0D+00 1.7D-09 0.0D+00       22      117       22      220  S
     19      1   2.0681861569174992D-01 4.8D-09 0.0D+00 3.3D-09 0.0D+00       22      109       22      220  S
     19      1   2.1981732862416833D-01 5.8D-09 0.0D+00 2.8D-07 0.0D+00       24      144       24      240  S
     19      1   2.0681819311495803D-01 4.8D-09 0.0D+00 1.3D-09 0.0D+00       22      122       22      220  S
     19      1   2.1981687713716719D-01 5.8D-09 0.0D+00 9.7D-09 0.0D+00       21      139       21      210  S
     19      1   2.1982123092062694D-01 5.8D-09 0.0D+00 8.0D-09 0.0D+00       22      165       22      220  S
     19      1   2.1982020215158574D-01 5.8D-09 0.0D+00 2.1D-07 0.0D+00       23      175       23      230  S
     19      1   2.2008489533970077D-01 3.4D-07 0.0D+00 3.9D-02 0.0D+00       25      119       26      260  S
     19      1   2.0681896982831505D-01 4.8D-09 0.0D+00 5.4D-09 0.0D+00       22      121       22      220  S
     19      1   2.0682181133272451D-01 4.8D-09 0.0D+00 6.5D-09 0.0D+00       22      122       22      220  S
     19      1   2.0682181133261282D-01 4.8D-09 0.0D+00 1.5D-09 0.0D+00       22      117       22      220  S
     19      1   2.0681861569153240D-01 4.8D-09 0.0D+00 2.7D-09 0.0D+00       21      118       21      210  S
     19      1   2.0681819311509872D-01 4.8D-09 0.0D+00 6.6D-09 0.0D+00       22      122       22      220  S
     19      1   2.0681819311492924D-01 4.8D-09 0.0D+00 8.8D-09 0.0D+00       22      119       22      220  S
     19      1   2.0681819311503780D-01 4.8D-09 0.0D+00 1.1D-08 0.0D+00       23      132       23      230  S
     19      1   2.1981766307618036D-01 5.8D-09 0.0D+00 2.7D-09 0.0D+00       22      147       22      220  S
     19      1   2.1981766307427850D-01 5.8D-09 0.0D+00 1.4D-07 0.0D+00       24      144       24      240  S
     19      1   2.1981687713683787D-01 5.8D-09 0.0D+00 2.6D-09 0.0D+00       22      127       22      220  S
     19      1   2.0681819311505825D-01 4.8D-09 0.0D+00 5.2D-09 0.0D+00       22      119       22      220  S
     19      1   2.0681896982821013D-01 4.8D-09 0.0D+00 1.3D-09 0.0D+00       22      113       22      220  S
     19      1   2.1982056450082568D-01 5.8D-09 0.0D+00 3.4D-09 0.0D+00       22      121       22      220  S
