     17      1   2.2220964268865320D-01 5.5D-09 0.0D+00 9.5D-09 0.0D+00       22      115       22      220  S
     17      1   2.2221289420035392D-01 5.5D-09 0.0D+00 8.3D-09 0.0D+00       22      118       22      220  S
     17      1   2.4963083385506155D-01 6.8D-09 0.0D+00 9.8D-09 0.0D+00       22      185       22      220  S
     17      1   2.2220983009038561D-01 5.5D-09 0.0D+00 3.1D-09 0.0D+00       22      129       22      220  S
     17      1   2.2221346805173495D-01 5.5D-09 0.0D+00 6.7D-09 0.0D+00       22      131       22      220  S
     17      1   2.4963083404510386D-01 6.8D-09 0.0D+00 2.1D-07 0.0D+00       23      173       23      230  S
     17      1   2.4963083321866938D-01 6.8D-09 0.0D+00 1.1D-09 0.0D+00       22      170       22      220  S
     17      1   2.2220983009041279D-01 5.5D-09 0.0D+00 4.7D-09 0.0D+00       22      119       22      220  S
     17      1   2.4963081251981950D-01 6.8D-09 0.0D+00 6.6D-09 0.0D+00       22      166       22      220  S
     17      1   2.2221289420048004D-01 5.5D-09 0.0D+00 9.3D-09 0.0D+00       22      148       22      220  S
     17      1   2.2221289419940329D-01 5.5D-09 0.0D+00 2.1D-09 0.0D+00       22      119       22      220  S
     17      1   2.2221346338886239D-01 5.5D-09 0.0D+00 3.4D-09 0.0D+00       22      116       22      220  S
     17      1   2.2221289420026394D-01 5.5D-09 0.0D+00 3.4D-09 0.0D+00       22      118       22      220  S
     17      1   2.2221346805175493D-01 5.5D-09 0.0D+00 4.6D-10 0.0D+00       22      119       22      220  S
     17      1   2.2220983009032960D-01 5.5D-09 0.0D+00 1.8D-09 0.0D+00       22      132       22      220  S
     17      1   2.4963083385272772D-01 6.8D-09 0.0D+00 1.4D-07 0.0D+00       23      178       23      230  S
     17      1   2.2221289419935947D-01 5.5D-09 0.0D+00 7.8D-10 0.0D+00       22      112       22      220  S
     17      1   2.2221234296666359D-01 5.5D-09 0.0D+00 6.2D-11 0.0D+00       22      132       22      220  S
     17      1   2.2221289420028009D-01 5.5D-09 0.0D+00 5.5D-09 0.0D+00       22      116       22      220  S
     17      1   2.2221346805176079D-01 5.5D-09 0.0D+00 5.1D-09 0.0D+00       22      129       22      220  S
     17      1   2.4963081251967009D-01 6.8D-09 0.0D+00 2.6D-09 0.0D+00       22      146       22      220  S
     17      1   2.2220964268870283D-01 5.5D-09 0.0D+00 1.5D-09 0.0D+00       22      122       22      220  S
     17      1   2.2220983009031661D-01 5.5D-09 0.0D+00 9.1D-09 0.0D+00       22      118       22      220  S
     17      1   2.2221289419933493D-01 5.5D-09 0.0D+00 1.9D-09 0.0D+00       21      114       21      210  S
     17      1   2.4963791162188431D-01 6.8D-09 0.0D+00 3.2D-07 0.0D+00       23      192       23      230  S
     17      1   2.2220964268846666D-01 5.5D-09 0.0D+00 1.7D-09 0.0D+00       21      112       21      210  S
     17      1   2.2220983009032097D-01 5.5D-09 0.0D+00 1.6D-09 0.0D+00       22      114       22      220  S
     17      1   2.4963791293105245D-01 6.8D-09 0.0D+00 2.4D-07 0.0D+00       23      170       23      230  S
     17      1   2.2221289419944515D-01 5.5D-09 0.0D+00 3.8D-09 0.0D+00       22      111       22      220  S
     17      1   2.2221346338871958D-01 5.5D-09 0.0D+00 6.1D-09 0.0D+00       22      118       22      220  S
     17      1   2.2221234296646244D-01 5.5D-09 0.0D+00 2.0D-09 0.0D+00       22      113       22      220  S
     17      1   2.4963083385202503D-01 6.8D-09 0.0D+00 2.0D-07 0.0D+00       24      185       24      240  S
     17      1   2.2220983009035458D-01 5.5D-09 0.0D+00 3.1D-10 0.0D+00       22      132       22      220  S
     17      1   2.2220964268896673D-01 5.5D-09 0.0D+00 2.4D-10 0.0D+00       22      116       22      220  S
     17      1   2.4963791162645205D-01 6.8D-09 0.0D+00 7.4D-09 0.0D+00       22      175       22      220  S
     17      1   2.2221346805176867D-01 5.5D-09 0.0D+00 3.6D-09 0.0D+00       22      119       22      220  S
     17      1   2.2221346338855233D-01 5.5D-09 0.0D+00 8.7D-09 0.0D+00       21      108       21      210  S
     17      1   2.2221346338876485D-01 5.5D-09 0.0D+00 3.8D-09 0.0D+00       22      127       22      220  S
     17      1   2.4963081251935709D-01 6.8D-09 0.0D+00 2.2D-10 0.0D+00       21      152       21      210  S
     17      1   2.2220983009031176D-01 5.5D-09 0.0D+00 7.8D-10 0.0D+00       22      115       22      220  S
     17      1   2.2221289420012619D-01 5.5D-09 0.0D+00 3.9D-09 0.0D+00       21      119       21      210  S
     17      1   2.2220983009033118D-01 5.5D-09 0.0D+00 6.6D-09 0.0D+00       22      121       22      220  S
     17      1   2.2220964268874255D-01 5.5D-09 0.0D+00 3.9D-09 0.0D+00       22      127       22      220  S
     17      1   2.2221289420018789D-01 5.5D-09 0.0D+00 5.3D-09 0.0D+00       22      119       22      220  S
     17      1   2.2221289420059037D-01 5.5D-09 0.0D+00 2.0D-09 0.0D+00       22      126       22      220  S
     17      1   2.2221289419952001D-01 5.5D-09 0.0D+00 3.6D-10 0.0D+00       22      115       22      220  S
     17      1   2.4952911463154007D-01 2.9D-07 0.0D+00 1.3D-02 0.0D+00       25      134       26      260  S
     17      1   2.2220964268865656D-01 5.5D-09 0.0D+00 8.7D-09 0.0D+00       22      123       22      220  S
     17      1   2.2220983009026868D-01 5.5D-09 0.0D+00 3.5D-09 0.0D+00       22      114       22      220  S
     17      1   2.2221289420047885D-01 5.5D-09 0.0D+00 5.5D-09 0.0D+00       22      128       22      220  S
     17      1   2.2220983009011350D-01 5.5D-09 0.0D+00 8.7D-09 0.0D+00       21      112       21      210  S
     17      1   2.4964402571930236D-01 6.8D-09 0.0D+00 1.0D-08 0.0D+00       22      161       22      220  S
     17      1   2.2220964268876167D-01 5.5D-09 0.0D+00 3.9D-10 0.0D+00       22      115       22      220  S
     17      1   2.2220983009033654D-01 5.5D-09 0.0D+00 7.9D-09 0.0D+00       22      115       22      220  S
     17      1   2.2221289420030046D-01 5.5D-09 0.0D+00 2.3D-09 0.0D+00       22      121       22      220  S
     17      1   2.2220964268864429D-01 5.5D-09 0.0D+00 6.4D-10 0.0D+00       22      113       22      220  S
     17      1   2.2220964268826615D-01 5.5D-09 0.0D+00 2.6D-09 0.0D+00       21      114       21      210  S
     17      1   2.2221071579346668D-01 5.5D-09 0.0D+00 8.3D-09 0.0D+00       22      126       22      220  S
     17      1   2.2221289419925200D-01 5.5D-09 0.0D+00 2.8D-09 0.0D+00       21      124       21      210  S
     17      1   2.2221346805169276D-01 5.5D-09 0.0D+00 7.8D-09 0.0D+00       22      123       22      220  S
     17      1   2.4963081251629554D-01 6.8D-09 0.0D+00 3.2D-07 0.0D+00       23      185       23      230  S
     17      1   2.2220983009050468D-01 5.5D-09 0.0D+00 7.5D-09 0.0D+00       22      120       22      220  S
     17      1   2.2220983009033782D-01 5.5D-09 0.0D+00 6.3D-09 0.0D+00       22      120       22      220  S
     17      1   2.2220964268866905D-01 5.5D-09 0.0D+00 4.2D-09 0.0D+00       22      114       22      220  S
     17      1   2.2220964268874591D-01 5.5D-09 0.0D+00 7.6D-09 0.0D+00       22      115       22      220  S
     17      1   2.9328684603253813D-01 7.4D-09 0.0D+00 3.5D-09 0.0D+00       20      178       20      200  S
     17      1   2.2221346338868078D-01 5.5D-09 0.0D+00 2.1D-09 0.0D+00       22      114       22      220  S
     17      1   2.2220964268853652D-01 5.5D-09 0.0D+00 3.8D-09 0.0D+00       22      115       22      220  S
     17      1   2.2220964268875215D-01 5.5D-09 0.0D+00 7.1D-09 0.0D+00       22      117       22      220  S
     17      1   2.2221289420034840D-01 5.5D-09 0.0D+00 3.8D-09 0.0D+00       22      134       22      220  S
     17      1   2.2221346338884795D-01 5.5D-09 0.0D+00 1.4D-09 0.0D+00       22      117       22      220  S
     17      1   2.2220983009032033D-01 5.5D-09 0.0D+00 6.5D-09 0.0D+00       22      118       22      220  S
     17      1   2.2220983009035633D-01 5.5D-09 0.0D+00 9.3D-09 0.0D+00       22      112       22      220  S
     17      1   2.2220983009025280D-01 5.5D-09 0.0D+00 2.8D-09 0.0D+00       22      115       22      220  S
     17      1   2.2221071579337251D-01 5.5D-09 0.0D+00 7.9D-09 0.0D+00       22      123       22      220  S
     17      1   2.2220964268865123D-01 5.5D-09 0.0D+00 2.4D-09 0.0D+00       22      112       22      220  S
     17      1   2.2221346338886344D-01 5.5D-09 0.0D+00 9.0D-09 0.0D+00       22      125       22      220  S
     17      1   2.2221346338876408D-01 5.5D-09 0.0D+00 7.9D-10 0.0D+00       22      119       22      220  S
     17      1   2.2220983009021564D-01 5.5D-09 0.0D+00 3.7D-09 0.0D+00       22      119       22      220  S
     17      1   2.2221346338873946D-01 5.5D-09 0.0D+00 2.4D-09 0.0D+00       22      122       22      220  S
     17      1   2.2220983009033723D-01 5.5D-09 0.0D+00 2.8D-09 0.0D+00       22      112       22      220  S
     17      1   2.2221071579347254D-01 5.5D-09 0.0D+00 2.3D-09 0.0D+00       22      126       22      220  S
     17      1   2.2220983009030706D-01 5.5D-09 0.0D+00 6.6D-09 0.0D+00       22      134       22      220  S
     17      1   2.4963550998303910D-01 6.8D-09 0.0D+00 5.8D-09 0.0D+00       22      178       22      220  S
     17      1   2.2220983009049716D-01 5.5D-09 0.0D+00 7.9D-09 0.0D+00       22      119       22      220  S
     17      1   2.2220964268880372D-01 5.5D-09 0.0D+00 4.9D-09 0.0D+00       22      125       22      220  S
     17      1   2.2220964268863541D-01 5.5D-09 0.0D+00 5.6D-09 0.0D+00       22      119       22      220  S
     17      1   2.2220964268842314D-01 5.5D-09 0.0D+00 9.3D-09 0.0D+00       21      108       21      210  S
     17      1   2.5313225493404556D-01 4.7D-09 0.0D+00 8.2D-09 0.0D+00       22      141       22      220  S
     17      1   2.2220983009043369D-01 5.5D-09 0.0D+00 2.3D-09 0.0D+00       22      132       22      220  S
     17      1   2.2221346805191280D-01 5.5D-09 0.0D+00 6.6D-09 0.0D+00       22      116       22      220  S
     17      1   2.6112300687705942D-01 1.5D-09 0.0D+00 7.4D+01 0.0D+00       22      305       22      220  S
     17      1   2.2221289420029805D-01 5.5D-09 0.0D+00 2.0D-09 0.0D+00       22      121       22      220  S
     17      1   2.4963083385450666D-01 6.8D-09 0.0D+00 2.3D-10 0.0D+00       22      150       22      220  S
     17      1   2.2221289419952606D-01 5.5D-09 0.0D+00 1.6D-09 0.0D+00       22      115       22      220  S
     17      1   2.2221289420014667D-01 5.5D-09 0.0D+00 3.4D-09 0.0D+00       21      117       21      210  S
     17      1   2.2221346338873763D-01 5.5D-09 0.0D+00 3.7D-09 0.0D+00       22      116       22      220  S
     17      1   2.2221346338895456D-01 5.5D-09 0.0D+00 1.9D-08 0.0D+00       23      128       23      230  S
     17      1   2.2221071579336041D-01 5.5D-09 0.0D+00 1.2D-09 0.0D+00       22      108       22      220  S
     17      1   2.2220964268850849D-01 5.5D-09 0.0D+00 6.5D-09 0.0D+00       22      123       22      220  S
     17      1   2.2220983009032994D-01 5.5D-09 0.0D+00 3.6D-09 0.0D+00       22      119       22      220  S
     17      1   2.2221346805191641D-01 5.5D-09 0.0D+00 9.1D-09 0.0D+00       22      120       22      220  S
     17      1   2.2220964268875118D-01 5.5D-09 0.0D+00 9.3D-09 0.0D+00       22      119       22      220  S
     17      1   2.2221289420027959D-01 5.5D-09 0.0D+00 5.7D-09 0.0D+00       22      127       22      220  S
     17      1   2.2220983009053860D-01 5.5D-09 0.0D+00 3.1D-09 0.0D+00       22      117       22      220  S
     17      1   2.2220983009041495D-01 5.5D-09 0.0D+00 2.9D-09 0.0D+00       22      117       22      220  S
     17      1   2.2220964268884108D-01 5.5D-09 0.0D+00 8.0D-09 0.0D+00       22      117       22      220  S
     17      1   2.2220964268860033D-01 5.5D-09 0.0D+00 8.2D-10 0.0D+00       22      114       22      220  S
     17      1   2.2220983009026826D-01 5.5D-09 0.0D+00 3.0D-09 0.0D+00       22      114       22      220  S
     17      1   2.2220983009016057D-01 5.5D-09 0.0D+00 3.7D-09 0.0D+00       21      124       21      210  S
     17      1   2.2221346338868678D-01 5.5D-09 0.0D+00 8.7D-09 0.0D+00       22      127       22      220  S
     17      1   2.2220964268853330D-01 5.5D-09 0.0D+00 3.1D-09 0.0D+00       22      113       22      220  S
     17      1   2.2220964268865120D-01 5.5D-09 0.0D+00 5.1D-09 0.0D+00       22      127       22      220  S
     17      1   2.2220983009043588D-01 5.5D-09 0.0D+00 3.1D-09 0.0D+00       22      120       22      220  S
     17      1   2.2220969578220470D-01 5.5D-09 0.0D+00 9.6D-10 0.0D+00       22      125       22      220  S
     17      1   2.2220983009025327D-01 5.5D-09 0.0D+00 3.0D-09 0.0D+00       22      128       22      220  S
     17      1   2.2221346338873690D-01 5.5D-09 0.0D+00 5.4D-09 0.0D+00       22      120       22      220  S
     17      1   2.2221346805188605D-01 5.5D-09 0.0D+00 5.0D-09 0.0D+00       22      125       22      220  S
     17      1   2.2221346338880194D-01 5.5D-09 0.0D+00 8.6D-09 0.0D+00       22      131       22      220  S
     17      1   2.2220983009042267D-01 5.5D-09 0.0D+00 7.5D-09 0.0D+00       22      117       22      220  S
     17      1   2.2220964268856563D-01 5.5D-09 0.0D+00 2.2D-09 0.0D+00       22      122       22      220  S
     17      1   2.2220983009037762D-01 5.5D-09 0.0D+00 7.5D-09 0.0D+00       22      132       22      220  S
     17      1   2.2220964268864571D-01 5.5D-09 0.0D+00 2.5D-09 0.0D+00       22      112       22      220  S
     17      1   2.4963083385524032D-01 6.8D-09 0.0D+00 6.4D-09 0.0D+00       22      163       22      220  S
     17      1   2.2220964268848281D-01 5.5D-09 0.0D+00 3.3D-09 0.0D+00       21      114       21      210  S
     17      1   2.2221289420012660D-01 5.5D-09 0.0D+00 5.2D-09 0.0D+00       21      148       21      210  S
     17      1   2.2220964268872503D-01 5.5D-09 0.0D+00 5.3D-09 0.0D+00       22      117       22      220  S
     17      1   2.2220983009042353D-01 5.5D-09 0.0D+00 1.9D-08 0.0D+00       23      151       23      230  S
     17      1   2.4963081251974817D-01 6.8D-09 0.0D+00 6.3D-09 0.0D+00       21      145       21      210  S
     17      1   2.2220964268866550D-01 5.5D-09 0.0D+00 2.5D-09 0.0D+00       22      118       22      220  S
     17      1   2.2220983009032916D-01 5.5D-09 0.0D+00 8.3D-10 0.0D+00       22      115       22      220  S
     17      1   2.2220983009036627D-01 5.5D-09 0.0D+00 6.5D-09 0.0D+00       22      125       22      220  S
     17      1   2.2221289419944060D-01 5.5D-09 0.0D+00 7.5D-09 0.0D+00       22      126       22      220  S
     17      1   2.2221289420040910D-01 5.5D-09 0.0D+00 1.1D-09 0.0D+00       22      120       22      220  S
     17      1   2.2220964268866025D-01 5.5D-09 0.0D+00 7.1D-09 0.0D+00       22      124       22      220  S
     17      1   2.2221234296661965D-01 5.5D-09 0.0D+00 7.4D-09 0.0D+00       22      116       22      220  S
     17      1   2.2220964268850754D-01 5.5D-09 0.0D+00 5.1D-09 0.0D+00       22      113       22      220  S
     17      1   2.2220983009036960D-01 5.5D-09 0.0D+00 3.7D-09 0.0D+00       22      120       22      220  S
     17      1   2.2220964268863433D-01 5.5D-09 0.0D+00 8.5D-09 0.0D+00       22      144       22      220  S
     17      1   2.2221289419936560D-01 5.5D-09 0.0D+00 4.3D-09 0.0D+00       22      117       22      220  S
     17      1   2.2221289419949333D-01 5.5D-09 0.0D+00 4.4D-09 0.0D+00       22      114       22      220  S
     17      1   2.2221289419950818D-01 5.5D-09 0.0D+00 1.8D-09 0.0D+00       22      115       22      220  S
     17      1   2.2220964268868540D-01 5.5D-09 0.0D+00 3.3D-09 0.0D+00       22      112       22      220  S
     17      1   2.2220964268811830D-01 5.5D-09 0.0D+00 9.8D-09 0.0D+00       21      112       21      210  S
     17      1   2.2220964268872404D-01 5.5D-09 0.0D+00 9.4D-10 0.0D+00       22      117       22      220  S
     17      1   2.2220964268869461D-01 5.5D-09 0.0D+00 4.9D-09 0.0D+00       22      118       22      220  S
     17      1   2.4963083385253243D-01 6.8D-09 0.0D+00 6.7D-08 0.0D+00       23      151       23      230  S
     17      1   2.5312801118616107D-01 4.7D-09 0.0D+00 4.1D-09 0.0D+00       22      124       22      220  S
     17      1   2.2220983009048215D-01 5.5D-09 0.0D+00 1.0D-09 0.0D+00       22      122       22      220  S
     17      1   2.2221289420034065D-01 5.5D-09 0.0D+00 8.0D-09 0.0D+00       22      129       22      220  S
     17      1   2.2220969578207386D-01 5.5D-09 0.0D+00 5.5D-09 0.0D+00       22      122       22      220  S
     17      1   2.2221346338877782D-01 5.5D-09 0.0D+00 1.0D-08 0.0D+00       22      116       22      220  S
     17      1   5.9785122784655587D-01 2.5D-03 0.0D+00 1.0D+00 0.0D+00       22      145       23      230  S
     17      1   2.2221289420027296D-01 5.5D-09 0.0D+00 3.1D-09 0.0D+00       22      124       22      220  S
     17      1   2.2220964268848728D-01 5.5D-09 0.0D+00 2.3D-09 0.0D+00       22      114       22      220  S
     17      1   2.2221234296654438D-01 5.5D-09 0.0D+00 7.3D-09 0.0D+00       22      115       22      220  S
     17      1   2.4963081335003615D-01 6.8D-09 0.0D+00 2.3D-09 0.0D+00       22      157       22      220  S
     17      1   2.2221289420038445D-01 5.5D-09 0.0D+00 8.9D-09 0.0D+00       22      120       22      220  S
     17      1   2.2221071579336357D-01 5.5D-09 0.0D+00 8.2D-12 0.0D+00       22      121       22      220  S
     17      1   2.2220983009042961D-01 5.5D-09 0.0D+00 1.9D-08 0.0D+00       23      121       23      230  S
     17      1   2.2220964268855825D-01 5.5D-09 0.0D+00 5.7D-09 0.0D+00       22      110       22      220  S
     17      1   2.2221289419917861D-01 5.5D-09 0.0D+00 2.2D-09 0.0D+00       21      109       21      210  S
     17      1   2.2220964268831206D-01 5.5D-09 0.0D+00 8.6D-10 0.0D+00       21      112       21      210  S
     17      1   2.2220964268875942D-01 5.5D-09 0.0D+00 6.9D-10 0.0D+00       22      126       22      220  S
     17      1   2.2220964268840762D-01 5.5D-09 0.0D+00 9.3D-09 0.0D+00       22      117       22      220  S
     17      1   2.4963081252055971D-01 6.8D-09 0.0D+00 8.9D-09 0.0D+00       22      158       22      220  S
     17      1   2.2220983009029141D-01 5.5D-09 0.0D+00 3.4D-09 0.0D+00       22      117       22      220  S
     17      1   2.2220964268863774D-01 5.5D-09 0.0D+00 9.1D-09 0.0D+00       22      112       22      220  S
     17      1   2.4963081251954605D-01 6.8D-09 0.0D+00 3.8D-07 0.0D+00       23      144       23      230  S
     17      1   2.2221289420037829D-01 5.5D-09 0.0D+00 5.6D-09 0.0D+00       22      127       22      220  S
     17      1   2.2221289419915913D-01 5.5D-09 0.0D+00 1.1D-09 0.0D+00       21      111       21      210  S
     17      1   2.2220964268843177D-01 5.5D-09 0.0D+00 1.3D-09 0.0D+00       21      114       21      210  S
     17      1   2.2220983009042389D-01 5.5D-09 0.0D+00 2.1D-09 0.0D+00       22      118       22      220  S
     17      1   2.4963081251937566D-01 6.8D-09 0.0D+00 1.3D-09 0.0D+00       21      159       21      210  S
     17      1   2.2220964268842688D-01 5.5D-09 0.0D+00 4.7D-10 0.0D+00       21      108       21      210  S
     17      1   2.2220964268847906D-01 5.5D-09 0.0D+00 2.9D-08 0.0D+00       22      138       22      220  S
     17      1   2.2221289420035573D-01 5.5D-09 0.0D+00 1.0D-08 0.0D+00       22      118       22      220  S
     17      1   2.2220983009041018D-01 5.5D-09 0.0D+00 2.1D-10 0.0D+00       22      124       22      220  S
     17      1   2.2221289420033677D-01 5.5D-09 0.0D+00 8.8D-09 0.0D+00       22      141       22      220  S
     17      1   2.4963309719284851D-01 6.8D-09 0.0D+00 1.4D-07 0.0D+00       23      165       23      230  S
     17      1   2.2220969578207481D-01 5.5D-09 0.0D+00 5.5D-09 0.0D+00       22      118       22      220  S
     17      1   2.2221346805186445D-01 5.5D-09 0.0D+00 2.9D-09 0.0D+00       22      128       22      220  S
     17      1   2.2221346338868192D-01 5.5D-09 0.0D+00 7.0D-09 0.0D+00       22      121       22      220  S
     17      1   2.4963081251940145D-01 6.8D-09 0.0D+00 3.8D-09 0.0D+00       21      132       21      210  S
     17      1   2.2220983009044054D-01 5.5D-09 0.0D+00 2.5D-09 0.0D+00       22      132       22      220  S
     17      1   2.2221289419943185D-01 5.5D-09 0.0D+00 8.6D-09 0.0D+00       22      116       22      220  S
     17      1   2.2220964268848056D-01 5.5D-09 0.0D+00 6.0D-09 0.0D+00       22      114       22      220  S
     17      1   2.2221346805176539D-01 5.5D-09 0.0D+00 2.8D-09 0.0D+00       22      135       22      220  S
     17      1   2.2221346338842685D-01 5.5D-09 0.0D+00 9.7D-09 0.0D+00       21      111       21      210  S
     17      1   2.6191568307701424D-01 5.5D-09 0.0D+00 6.7D-09 0.0D+00       22      166       22      220  S
     17      1   2.2220969578202132D-01 5.5D-09 0.0D+00 9.1D-09 0.0D+00       22      118       22      220  S
     17      1   2.2220983009004674D-01 5.5D-09 0.0D+00 8.5D-09 0.0D+00       21      126       21      210  S
     17      1   2.4963083404470232D-01 6.8D-09 0.0D+00 2.3D-07 0.0D+00       22      166       22      220  S
     17      1   2.2220964268860693D-01 5.5D-09 0.0D+00 4.7D-09 0.0D+00       22      124       22      220  S
     17      1   2.2220964268868021D-01 5.5D-09 0.0D+00 7.6D-09 0.0D+00       22      114       22      220  S
     17      1   2.2220983009034703D-01 5.5D-09 0.0D+00 4.6D-09 0.0D+00       22      117       22      220  S
     17      1   2.2221289420017681D-01 5.5D-09 0.0D+00 3.4D-09 0.0D+00       21      121       21      210  S
     17      1   2.2221346338889608D-01 5.5D-09 0.0D+00 1.3D-08 0.0D+00       23      128       23      230  S
     17      1   2.4953787000763589D-01 2.9D-07 0.0D+00 1.3D-02 0.0D+00       25      146       26      260  S
     17      1   2.2220964268802235D-01 5.5D-09 0.0D+00 2.3D-09 0.0D+00       21      113       21      210  S
     17      1   2.2221289420015736D-01 5.5D-09 0.0D+00 9.6D-09 0.0D+00       22      126       22      220  S
     17      1   2.2221071579349672D-01 5.5D-09 0.0D+00 9.9D-09 0.0D+00       22      120       22      220  S
     17      1   2.2221346338871129D-01 5.5D-09 0.0D+00 9.5D-09 0.0D+00       22      137       22      220  S
     17      1   2.2221289420047907D-01 5.5D-09 0.0D+00 1.7D-09 0.0D+00       22      124       22      220  S
     17      1   2.2220964268846621D-01 5.5D-09 0.0D+00 3.6D-09 0.0D+00       21      112       21      210  S
     17      1   2.2220983009043757D-01 5.5D-09 0.0D+00 3.7D-10 0.0D+00       22      123       22      220  S
     17      1   2.4963083404775471D-01 6.8D-09 0.0D+00 5.3D-09 0.0D+00       21      145       21      210  S
     17      1   2.2221289420028772D-01 5.5D-09 0.0D+00 4.5D-09 0.0D+00       22      130       22      220  S
     17      1   2.2220983009024256D-01 5.5D-09 0.0D+00 3.4D-09 0.0D+00       22      115       22      220  S
     17      1   2.2221071579338383D-01 5.5D-09 0.0D+00 3.4D-09 0.0D+00       22      120       22      220  S
     17      1   2.2220964268867524D-01 5.5D-09 0.0D+00 8.6D-09 0.0D+00       22      122       22      220  S
     17      1   2.2220964268873536D-01 5.5D-09 0.0D+00 1.8D-09 0.0D+00       22      126       22      220  S
     17      1   2.2221289420007245D-01 5.5D-09 0.0D+00 8.5D-09 0.0D+00       21      121       21      210  S
     17      1   2.2220983009040923D-01 5.5D-09 0.0D+00 1.3D-09 0.0D+00       22      114       22      220  S
     17      1   2.2221289420010557D-01 5.5D-09 0.0D+00 3.3D-09 0.0D+00       21      117       21      210  S
     17      1   2.4963083385084475D-01 6.8D-09 0.0D+00 2.9D-07 0.0D+00       24      169       24      240  S
     17      1   2.2220983009038278D-01 5.5D-09 0.0D+00 7.7D-09 0.0D+00       22      139       22      220  S
     17      1   2.2221346805179595D-01 5.5D-09 0.0D+00 8.6D-09 0.0D+00       22      131       22      220  S
     17      1   2.2220964268841517D-01 5.5D-09 0.0D+00 2.5D-08 0.0D+00       22      133       22      220  S
     17      1   2.2220983009029732D-01 5.5D-09 0.0D+00 8.1D-09 0.0D+00       22      117       22      220  S
     17      1   2.2220964268855756D-01 5.5D-09 0.0D+00 5.1D-09 0.0D+00       22      116       22      220  S
     17      1   2.2220983009040249D-01 5.5D-09 0.0D+00 9.4D-10 0.0D+00       22      126       22      220  S
     17      1   2.2220983009017914D-01 5.5D-09 0.0D+00 1.8D-09 0.0D+00       22      131       22      220  S
     17      1   2.2220983009027978D-01 5.5D-09 0.0D+00 5.3D-09 0.0D+00       22      113       22      220  S
     17      1   2.2220983009046683D-01 5.5D-09 0.0D+00 8.5D-09 0.0D+00       22      125       22      220  S
     17      1   2.2221289419965021D-01 5.5D-09 0.0D+00 8.6D-09 0.0D+00       22      120       22      220  S
     17      1   2.2220983009012654D-01 5.5D-09 0.0D+00 1.8D-09 0.0D+00       21      113       21      210  S
     17      1   2.4963227335153862D-01 6.8D-09 0.0D+00 1.3D-09 0.0D+00       22      156       22      220  S
     17      1   2.2221346805193898D-01 5.5D-09 0.0D+00 8.6D-09 0.0D+00       22      117       22      220  S
     17      1   2.4950626906923373D-01 3.0D-07 0.0D+00 6.8D-03 0.0D+00       25      165       26      260  S
     17      1   2.2220983009030867D-01 5.5D-09 0.0D+00 8.4D-09 0.0D+00       22      129       22      220  S
     17      1   2.2221234296648876D-01 5.5D-09 0.0D+00 3.8D-09 0.0D+00       22      122       22      220  S
     17      1   4.8983200100806784D-01 1.1D-16 0.0D+00 4.9D-01 0.0D+00        3       33        3       30  S
     17      1   2.4963083385480725D-01 6.8D-09 0.0D+00 1.1D-09 0.0D+00       21      158       21      210  S
     17      1   2.2220983009034287D-01 5.5D-09 0.0D+00 7.9D-10 0.0D+00       22      127       22      220  S
     17      1   2.2221289420039944D-01 5.5D-09 0.0D+00 5.8D-09 0.0D+00       22      128       22      220  S
     17      1   2.2220964268874399D-01 5.5D-09 0.0D+00 1.0D-09 0.0D+00       22      120       22      220  S
     17      1   2.2221071579359447D-01 5.5D-09 0.0D+00 8.9D-09 0.0D+00       22      115       22      220  S
     17      1   2.2220964268875612D-01 5.5D-09 0.0D+00 4.5D-09 0.0D+00       22      122       22      220  S
     17      1   2.2221289420042289D-01 5.5D-09 0.0D+00 8.5D-09 0.0D+00       22      126       22      220  S
     17      1   2.4963083516349779D-01 6.8D-09 0.0D+00 4.9D-09 0.0D+00       22      146       22      220  S
     17      1   2.2220983009031164D-01 5.5D-09 0.0D+00 6.4D-09 0.0D+00       22      132       22      220  S
     17      1   6.0251272581200210D-01 0.0D+00 0.0D+00 6.0D-01 0.0D+00        3       33        3       30  S
     17      1   2.2220964268857946D-01 5.5D-09 0.0D+00 4.5D-10 0.0D+00       22      120       22      220  S
     17      1   2.4963083468249642D-01 6.8D-09 0.0D+00 1.4D-07 0.0D+00       22      162       22      220  S
     17      1   2.2220983009032166D-01 5.5D-09 0.0D+00 2.7D-09 0.0D+00       22      131       22      220  S
     17      1   2.2220983009036396D-01 5.5D-09 0.0D+00 3.7D-09 0.0D+00       22      129       22      220  S
     17      1   2.2220964268854235D-01 5.5D-09 0.0D+00 4.8D-10 0.0D+00       22      115       22      220  S
     17      1   2.2220964268864127D-01 5.5D-09 0.0D+00 5.1D-09 0.0D+00       22      122       22      220  S
     17      1   2.2220983009014433D-01 5.5D-09 0.0D+00 6.6D-10 0.0D+00       21      113       21      210  S
     17      1   2.2220983009063131D-01 5.5D-09 0.0D+00 1.6D-08 0.0D+00       23      140       23      230  S
     17      1   2.2220983009040579D-01 5.5D-09 0.0D+00 6.1D-09 0.0D+00       22      121       22      220  S
     17      1   2.2220964268857771D-01 5.5D-09 0.0D+00 5.1D-09 0.0D+00       22      117       22      220  S
     17      1   2.2221289420038257D-01 5.5D-09 0.0D+00 9.1D-09 0.0D+00       22      120       22      220  S
     17      1   2.2220964268858898D-01 5.5D-09 0.0D+00 8.5D-09 0.0D+00       22      111       22      220  S
     17      1   2.2221292524677042D-01 5.5D-09 0.0D+00 3.0D-09 0.0D+00       22      123       22      220  S
     17      1   2.2220983009034173D-01 5.5D-09 0.0D+00 2.0D-09 0.0D+00       22      112       22      220  S
     17      1   2.2221289419934495D-01 5.5D-09 0.0D+00 1.8D-09 0.0D+00       22      113       22      220  S
     17      1   2.2220964268872920D-01 5.5D-09 0.0D+00 8.8D-09 0.0D+00       22      117       22      220  S
     17      1   2.2220983009030115D-01 5.5D-09 0.0D+00 5.8D-09 0.0D+00       22      134       22      220  S
     17      1   2.2220983009027820D-01 5.5D-09 0.0D+00 3.2D-09 0.0D+00       22      112       22      220  S
     17      1   2.2220983009030190D-01 5.5D-09 0.0D+00 2.4D-09 0.0D+00       22      126       22      220  S
     17      1   2.2220983009039447D-01 5.5D-09 0.0D+00 2.2D-09 0.0D+00       22      115       22      220  S
     17      1   2.2221346338869941D-01 5.5D-09 0.0D+00 3.8D-09 0.0D+00       22      117       22      220  S
     17      1   2.2221289420040119D-01 5.5D-09 0.0D+00 2.7D-09 0.0D+00       22      127       22      220  S
     17      1   2.2221289420030726D-01 5.5D-09 0.0D+00 3.1D-09 0.0D+00       22      116       22      220  S
     17      1   2.2221289419941573D-01 5.5D-09 0.0D+00 4.0D-09 0.0D+00       21      114       21      210  S
     17      1   2.2220983009033965D-01 5.5D-09 0.0D+00 4.3D-09 0.0D+00       22      118       22      220  S
     17      1   2.2220969578214800D-01 5.5D-09 0.0D+00 5.3D-10 0.0D+00       22      122       22      220  S
     17      1   2.2220983009042097D-01 5.5D-09 0.0D+00 7.8D-09 0.0D+00       22      117       22      220  S
     17      1   2.2221289419955254D-01 5.5D-09 0.0D+00 4.3D-08 0.0D+00       23      136       23      230  S
     17      1   2.2221289419923054D-01 5.5D-09 0.0D+00 2.6D-09 0.0D+00       21      110       21      210  S
     17      1   2.2221292524667549D-01 5.5D-09 0.0D+00 8.4D-09 0.0D+00       22      123       22      220  S
     17      1   2.2220983009039602D-01 5.5D-09 0.0D+00 3.5D-09 0.0D+00       22      114       22      220  S
     17      1   2.2220964268869470D-01 5.5D-09 0.0D+00 2.7D-09 0.0D+00       22      109       22      220  S
     17      1   2.2220964268843049D-01 5.5D-09 0.0D+00 7.2D-09 0.0D+00       21      108       21      210  S
     17      1   2.2220983009034215D-01 5.5D-09 0.0D+00 6.4D-09 0.0D+00       22      116       22      220  S
     17      1   2.2220964268860321D-01 5.5D-09 0.0D+00 2.3D-09 0.0D+00       22      115       22      220  S
     17      1   2.4963083321651752D-01 6.8D-09 0.0D+00 1.2D-07 0.0D+00       24      168       24      240  S
     17      1   2.2221346338873887D-01 5.5D-09 0.0D+00 1.1D-08 0.0D+00       23      123       23      230  S
     17      1   2.2221289420039148D-01 5.5D-09 0.0D+00 8.1D-09 0.0D+00       22      120       22      220  S
     17      1   2.2220964268846169D-01 5.5D-09 0.0D+00 4.8D-09 0.0D+00       21      111       21      210  S
     17      1   2.5313424419450858D-01 4.7D-09 0.0D+00 3.0D-09 0.0D+00       22      128       22      220  S
     17      1   2.4963550998353021D-01 6.8D-09 0.0D+00 1.1D-08 0.0D+00       23      164       23      230  S
     17      1   2.2220983009043438D-01 5.5D-09 0.0D+00 7.5D-09 0.0D+00       22      134       22      220  S
     17      1   2.2221289420021506D-01 5.5D-09 0.0D+00 7.3D-09 0.0D+00       22      129       22      220  S
     17      1   2.2221346805156128D-01 5.5D-09 0.0D+00 6.1D-09 0.0D+00       21      114       21      210  S
     17      1   2.2220983009029679D-01 5.5D-09 0.0D+00 9.6D-10 0.0D+00       22      113       22      220  S
     17      1   2.2220983009029352D-01 5.5D-09 0.0D+00 2.9D-09 0.0D+00       22      119       22      220  S
     17      1   2.2220964268861534D-01 5.5D-09 0.0D+00 7.4D-09 0.0D+00       22      136       22      220  S
     17      1   2.2220983009033204D-01 5.5D-09 0.0D+00 1.3D-09 0.0D+00       22      122       22      220  S
     17      1   2.2221346338887857D-01 5.5D-09 0.0D+00 4.2D-09 0.0D+00       22      114       22      220  S
     17      1   2.2221289420044796D-01 5.5D-09 0.0D+00 7.7D-09 0.0D+00       22      122       22      220  S
     17      1   2.2220983009030973D-01 5.5D-09 0.0D+00 1.1D-10 0.0D+00       22      122       22      220  S
     17      1   2.2220983009046585D-01 5.5D-09 0.0D+00 4.2D-09 0.0D+00       22      125       22      220  S
     17      1   2.2221346338873207D-01 5.5D-09 0.0D+00 3.7D-09 0.0D+00       22      117       22      220  S
     17      1   2.2221346338870532D-01 5.5D-09 0.0D+00 3.6D-09 0.0D+00       22      122       22      220  S
     17      1   2.2220964268854360D-01 5.5D-09 0.0D+00 8.3D-09 0.0D+00       22      125       22      220  S
     17      1   2.2221289419957438D-01 5.5D-09 0.0D+00 3.2D-09 0.0D+00       22      133       22      220  S
     17      1   2.2220983009031736D-01 5.5D-09 0.0D+00 6.2D-09 0.0D+00       22      119       22      220  S
