      3      1   5.0004083140571787D-01 1.0D-08 0.0D+00 2.0D-06 0.0D+00       20      100       20      200  S
      3      1   5.0004114036934244D-01 9.3D-09 0.0D+00 1.5D-09 0.0D+00       19       94       19      190  S
      3      1   5.0004180832822509D-01 8.0D-09 0.0D+00 8.2D-09 0.0D+00       19       94       19      190  S
      3      1   5.0004083140578137D-01 1.0D-08 0.0D+00 2.0D-06 0.0D+00       20      100       20      200  S
      3      1   5.0004097356779331D-01 9.7D-09 0.0D+00 4.1D-09 0.0D+00       19       91       19      190  S
      3      1   5.0004156490180807D-01 8.5D-09 0.0D+00 1.9D-09 0.0D+00       19       90       19      190  S
      3      1   5.0004083140568623D-01 1.0D-08 0.0D+00 2.0D-06 0.0D+00       20       97       20      200  S
      3      1   5.0004083140571121D-01 1.0D-08 0.0D+00 2.0D-06 0.0D+00       20       96       20      200  S
      3      1   5.0004083140569133D-01 1.0D-08 0.0D+00 2.0D-06 0.0D+00       21      106       21      210  S
      3      1   5.0004083140568845D-01 1.0D-08 0.0D+00 2.0D-06 0.0D+00       20      103       20      200  S
      3      1   5.0004083140571465D-01 1.0D-08 0.0D+00 2.0D-06 0.0D+00       21      103       21      210  S
      3      1   5.0004083140567956D-01 1.0D-08 0.0D+00 2.0D-06 0.0D+00       20       95       20      200  S
      3      1   5.0004083140580691D-01 1.0D-08 0.0D+00 2.0D-06 0.0D+00       20      100       20      200  S
      3      1   5.0004083140568789D-01 1.0D-08 0.0D+00 2.0D-06 0.0D+00       21      105       21      210  S
      3      1   5.0004083140568456D-01 1.0D-08 0.0D+00 2.0D-06 0.0D+00       22      119       22      220  S
      3      1   5.0004083140566491D-01 1.0D-08 0.0D+00 2.0D-06 0.0D+00       20       93       20      200  S
      3      1   5.0004085976390600D-01 9.9D-09 0.0D+00 2.0D-06 0.0D+00       21      108       21      203  S
      3      1   5.0004089050056788D-01 9.8D-09 0.0D+00 1.9D-06 0.0D+00       20       99       20      200  S
      3      1   5.0004179542882643D-01 8.0D-09 0.0D+00 8.2D-09 0.0D+00       19       93       19      190  S
      3      1   5.0004083355278128D-01 9.9D-09 0.0D+00 2.4D-09 0.0D+00       19       92       19      190  S
      3      1   5.0004086430271810D-01 9.9D-09 0.0D+00 5.5D-09 0.0D+00       19       87       19      190  S
      3      1   5.0004089464906765D-01 9.8D-09 0.0D+00 3.6D-09 0.0D+00       19       94       19      190  S
      3      1   5.0004092460111782D-01 9.8D-09 0.0D+00 9.4D-09 0.0D+00       19       92       19      190  S
      3      1   5.0004095416803263D-01 9.7D-09 0.0D+00 6.0D-09 0.0D+00       19       91       19      190  S
      3      1   5.0004098335849978D-01 9.6D-09 0.0D+00 9.8D-09 0.0D+00       19       88       19      190  S
      3      1   5.0004083140469313D-01 1.0D-08 0.0D+00 2.0D-06 0.0D+00       22      124       22      220  S
      3      1   5.0004083140571731D-01 1.0D-08 0.0D+00 2.0D-06 0.0D+00       21      110       21      210  S
      3      1   5.0004140828894006D-01 8.8D-09 0.0D+00 5.6D-10 0.0D+00       19       95       19      190  S
      3      1   5.0004109578443712D-01 9.4D-09 0.0D+00 3.2D-09 0.0D+00       19       90       19      190  S
      3      1   5.0004112289249458D-01 9.3D-09 0.0D+00 1.4D-09 0.0D+00       19       89       19      190  S
      3      1   5.0004126186611886D-01 9.1D-09 0.0D+00 5.0D-09 0.0D+00       19       91       19      190  S
      3      1   5.0004083140570443D-01 1.0D-08 0.0D+00 2.0D-06 0.0D+00       20       99       20      200  S
      3      1   5.0004083140477562D-01 1.0D-08 0.0D+00 2.0D-06 0.0D+00       22      115       22      220  S
      3      1   5.0004083140472511D-01 1.0D-08 0.0D+00 2.0D-06 0.0D+00       21      107       21      210  S
      3      1   5.0004178244840147D-01 8.0D-09 0.0D+00 1.7D-09 0.0D+00       19       92       19      190  S
      3      1   5.0004083140572464D-01 1.0D-08 0.0D+00 2.0D-06 0.0D+00       20      101       20      200  S
      3      1   5.0004130385487344D-01 9.0D-09 0.0D+00 9.1D-09 0.0D+00       19       92       19      190  S
      3      1   5.0004132852661032D-01 8.9D-09 0.0D+00 2.8D-09 0.0D+00       19       95       19      190  S
      3      1   5.0004135292107188D-01 8.9D-09 0.0D+00 7.1D-09 0.0D+00       19       95       19      190  S
      3      1   5.0004137704367357D-01 8.8D-09 0.0D+00 6.4D-09 0.0D+00       19       92       19      190  S
      3      1   5.0004103848491632D-01 9.5D-09 0.0D+00 4.1D-09 0.0D+00       19       97       19      190  S
      3      1   5.0004087371799866D-01 9.9D-09 0.0D+00 3.7D-09 0.0D+00       19       92       19      190  S
      3      1   5.0004144783317139D-01 8.7D-09 0.0D+00 1.6D-09 0.0D+00       19       94       19      190  S
      3      1   5.0004147091925610D-01 8.6D-09 0.0D+00 1.5D-09 0.0D+00       19       94       19      190  S
      3      1   5.0004149375731599D-01 8.6D-09 0.0D+00 5.3D-09 0.0D+00       19       93       19      190  S
      3      1   5.0004151635352490D-01 8.6D-09 0.0D+00 6.7D-09 0.0D+00       19       92       19      190  S
      3      1   5.0004153871229529D-01 8.5D-09 0.0D+00 8.4D-09 0.0D+00       19       92       19      190  S
      3      1   5.0004156083798290D-01 8.5D-09 0.0D+00 7.1D-09 0.0D+00       19       96       19      190  S
      3      1   5.0004083140467370D-01 1.0D-08 0.0D+00 2.0D-06 0.0D+00       21      109       21      210  S
      3      1   5.0004160829411803D-01 8.4D-09 0.0D+00 3.6D-09 0.0D+00       19       95       19      190  S
      3      1   5.0004162585897449D-01 8.3D-09 0.0D+00 6.7D-10 0.0D+00       19       93       19      190  S
      3      1   5.0004164709416843D-01 8.3D-09 0.0D+00 2.9D-09 0.0D+00       19       96       19      190  S
      3      1   5.0004166811662265D-01 8.3D-09 0.0D+00 7.1D-09 0.0D+00       19       96       19      190  S
      3      1   5.0004168893017653D-01 8.2D-09 0.0D+00 2.0D-11 0.0D+00       19       92       19      190  S
      3      1   5.0004170953958782D-01 8.2D-09 0.0D+00 2.6D-09 0.0D+00       19       92       19      190  S
      3      1   5.0004129155523924D-01 9.0D-09 0.0D+00 7.1D-09 0.0D+00       19       96       19      190  S
      3      1   5.0004114670615696D-01 9.3D-09 0.0D+00 7.6D-09 0.0D+00       19       92       19      190  S
      3      1   5.0004099122119172D-01 9.6D-09 0.0D+00 2.6D-09 0.0D+00       19       91       19      190  S
      3      1   5.0004082283237850D-01 1.0D-08 0.0D+00 8.4D-09 0.0D+00       19       91       19      190  S
      3      1   5.0004083140570377D-01 1.0D-08 0.0D+00 2.0D-06 0.0D+00       22      115       22      220  S
      3      1   5.0004143603261497D-01 8.7D-09 0.0D+00 5.0D-09 0.0D+00       19       94       19      190  S
      3      1   5.0004083140570044D-01 1.0D-08 0.0D+00 2.0D-06 0.0D+00       20       97       20      200  S
      3      1   5.0004083140572297D-01 1.0D-08 0.0D+00 2.0D-06 0.0D+00       20      103       20      200  S
      3      1   5.0004083140566769D-01 1.0D-08 0.0D+00 2.0D-06 0.0D+00       20      105       20      200  S
      3      1   5.0004083140477296D-01 1.0D-08 0.0D+00 2.0D-06 0.0D+00       21      114       21      210  S
      3      1   5.0004083140475064D-01 1.0D-08 0.0D+00 2.0D-06 0.0D+00       21      112       21      210  S
      3      1   5.0004178661267384D-01 8.0D-09 0.0D+00 8.3D-09 0.0D+00       19       94       19      190  S
      3      1   5.0004083140472333D-01 1.0D-08 0.0D+00 2.0D-06 0.0D+00       21      113       21      210  S
      3      1   5.0004083140467326D-01 1.0D-08 0.0D+00 2.0D-06 0.0D+00       22      116       22      220  S
      3      1   5.0004083140470224D-01 1.0D-08 0.0D+00 2.0D-06 0.0D+00       21      107       21      210  S
      3      1   5.0004083140469424D-01 1.0D-08 0.0D+00 2.0D-06 0.0D+00       21      106       21      210  S
      3      1   5.0004083140473365D-01 1.0D-08 0.0D+00 2.0D-06 0.0D+00       21      109       21      210  S
      3      1   5.0004150117377699D-01 8.6D-09 0.0D+00 8.7D-09 0.0D+00       19       96       19      190  S
      3      1   5.0004083140472788D-01 1.0D-08 0.0D+00 2.0D-06 0.0D+00       23      128       23      230  S
      3      1   5.0004083140475508D-01 1.0D-08 0.0D+00 2.0D-06 0.0D+00       21      112       21      210  S
      3      1   5.0004083140577160D-01 1.0D-08 0.0D+00 2.0D-06 0.0D+00       22      114       22      220  S
      3      1   5.0004083140568478D-01 1.0D-08 0.0D+00 2.0D-06 0.0D+00       20       99       20      200  S
      3      1   5.0004083140571776D-01 1.0D-08 0.0D+00 2.0D-06 0.0D+00       20      101       20      200  S
      3      1   5.0004083140465883D-01 1.0D-08 0.0D+00 2.0D-06 0.0D+00       21      112       21      210  S
      3      1   5.0004112544178148D-01 9.3D-09 0.0D+00 3.0D-09 0.0D+00       19       88       19      190  S
      3      1   5.0004083140470823D-01 1.0D-08 0.0D+00 2.0D-06 0.0D+00       21      111       21      210  S
      3      1   5.0004083140472999D-01 1.0D-08 0.0D+00 2.0D-06 0.0D+00       21      109       21      210  S
      3      1   5.0004083140476696D-01 1.0D-08 0.0D+00 2.0D-06 0.0D+00       21      115       21      210  S
      3      1   5.0004083140568645D-01 1.0D-08 0.0D+00 2.0D-06 0.0D+00       20      102       20      200  S
      3      1   5.0004083140573674D-01 1.0D-08 0.0D+00 2.0D-06 0.0D+00       22      131       22      220  S
      3      1   5.0004083140470335D-01 1.0D-08 0.0D+00 2.0D-06 0.0D+00       21      113       21      210  S
      3      1   5.0004160544477583D-01 8.4D-09 0.0D+00 2.5D-09 0.0D+00       19       91       19      190  S
      3      1   5.0004148079389266D-01 8.6D-09 0.0D+00 2.3D-09 0.0D+00       19       92       19      190  S
      3      1   5.0004148623355016D-01 8.6D-09 0.0D+00 6.2D-10 0.0D+00       19       93       19      190  S
      3      1   5.0004083140476052D-01 1.0D-08 0.0D+00 2.0D-06 0.0D+00       21      107       21      210  S
      3      1   5.0004083140566313D-01 1.0D-08 0.0D+00 2.0D-06 0.0D+00       21      115       21      210  S
      3      1   5.0004134517692123D-01 8.9D-09 0.0D+00 6.7D-09 0.0D+00       19       95       19      190  S
      3      1   5.0004083140469069D-01 1.0D-08 0.0D+00 2.0D-06 0.0D+00       21      110       21      210  S
      3      1   5.0004083140575095D-01 1.0D-08 0.0D+00 2.0D-06 0.0D+00       20      100       20      200  S
      3      1   5.0004119429279770D-01 9.2D-09 0.0D+00 2.5D-09 0.0D+00       19       90       19      190  S
      3      1   5.0004083140566502D-01 1.0D-08 0.0D+00 2.0D-06 0.0D+00       20       98       20      200  S
      3      1   5.0004083140570799D-01 1.0D-08 0.0D+00 2.0D-06 0.0D+00       20      102       20      200  S
      3      1   5.0004083140571698D-01 1.0D-08 0.0D+00 2.0D-06 0.0D+00       21      106       21      210  S
      3      1   5.0004083140572442D-01 1.0D-08 0.0D+00 2.0D-06 0.0D+00       20      104       20      200  S
      3      1   5.0004083140578393D-01 1.0D-08 0.0D+00 2.0D-06 0.0D+00       20      101       20      200  S
      3      1   5.0004083140568767D-01 1.0D-08 0.0D+00 2.0D-06 0.0D+00       21      111       21      210  S
      3      1   5.0004083140576461D-01 1.0D-08 0.0D+00 2.0D-06 0.0D+00       20      104       20      200  S
      3      1   5.0004083140566702D-01 1.0D-08 0.0D+00 2.0D-06 0.0D+00       20       99       20      200  S
      3      1   5.0004083140575251D-01 1.0D-08 0.0D+00 2.0D-06 0.0D+00       20       97       20      200  S
      3      1   5.0004083140572053D-01 1.0D-08 0.0D+00 2.0D-06 0.0D+00       20       97       20      200  S
      3      1   5.0004083140575095D-01 1.0D-08 0.0D+00 2.0D-06 0.0D+00       20       98       20      200  S
      3      1   5.0004083140576638D-01 1.0D-08 0.0D+00 2.0D-06 0.0D+00       20      102       20      200  S
      3      1   5.0004083140568856D-01 1.0D-08 0.0D+00 2.0D-06 0.0D+00       21      112       21      210  S
      3      1   5.0004083140573863D-01 1.0D-08 0.0D+00 2.0D-06 0.0D+00       21      107       21      210  S
      3      1   5.0004083352479145D-01 9.9D-09 0.0D+00 2.0D-06 0.0D+00       20      102       20      193  S
      3      1   5.0004117706955242D-01 9.2D-09 0.0D+00 2.2D-09 0.0D+00       19       95       19      190  S
      3      1   5.0004183522051582D-01 7.9D-09 0.0D+00 4.1D-10 0.0D+00       19       92       19      190  S
      3      1   5.0004092531565614D-01 9.8D-09 0.0D+00 1.9D-06 0.0D+00       20      101       20      200  S
      3      1   5.0004083862912785D-01 9.9D-09 0.0D+00 1.9D-09 0.0D+00       19       93       19      190  S
      3      1   5.0004086931202996D-01 9.9D-09 0.0D+00 3.9D-09 0.0D+00       19       91       19      190  S
      3      1   5.0004089959309905D-01 9.8D-09 0.0D+00 6.5D-09 0.0D+00       19       92       19      190  S
      3      1   5.0004092948126988D-01 9.7D-09 0.0D+00 6.4D-09 0.0D+00       19       92       19      190  S
      3      1   5.0004159017393057D-01 8.4D-09 0.0D+00 2.0D-09 0.0D+00       19       96       19      190  S
      3      1   5.0004083140569855D-01 1.0D-08 0.0D+00 2.0D-06 0.0D+00       20       99       20      200  S
      3      1   5.0004083140571309D-01 1.0D-08 0.0D+00 2.0D-06 0.0D+00       21      107       21      210  S
      3      1   5.0004145603551386D-01 8.7D-09 0.0D+00 3.1D-09 0.0D+00       19       96       19      190  S
      3      1   5.0004083140467315D-01 1.0D-08 0.0D+00 2.0D-06 0.0D+00       21      108       21      210  S
      3      1   5.0004126644682134D-01 9.0D-09 0.0D+00 6.6D-10 0.0D+00       19       92       19      190  S
      3      1   5.0004083140580724D-01 1.0D-08 0.0D+00 2.0D-06 0.0D+00       20      104       20      200  S
      3      1   5.0004083140471023D-01 1.0D-08 0.0D+00 2.0D-06 0.0D+00       22      123       22      220  S
      3      1   5.0004083140575040D-01 1.0D-08 0.0D+00 2.0D-06 0.0D+00       20      101       20      200  S
      3      1   5.0004115971078356D-01 9.3D-09 0.0D+00 4.5D-09 0.0D+00       19       94       19      190  S
      3      1   5.0004182248886175D-01 8.0D-09 0.0D+00 4.5D-09 0.0D+00       19       96       19      190  S
      3      1   5.0004125782101350D-01 9.1D-09 0.0D+00 9.8D-09 0.0D+00       19       89       19      190  S
      3      1   5.0004128301664685D-01 9.0D-09 0.0D+00 4.7D-09 0.0D+00       19       97       19      190  S
      3      1   5.0004130792455492D-01 9.0D-09 0.0D+00 3.2D-10 0.0D+00       19       95       19      190  S
      3      1   5.0004133255029093D-01 8.9D-09 0.0D+00 3.0D-09 0.0D+00       19       92       19      190  S
      3      1   5.0004135689978890D-01 8.9D-09 0.0D+00 1.4D-09 0.0D+00       19       92       19      190  S
      3      1   5.0004138097825079D-01 8.8D-09 0.0D+00 9.1D-09 0.0D+00       19       87       19      190  S
      3      1   5.0004083140475530D-01 1.0D-08 0.0D+00 2.0D-06 0.0D+00       21      109       21      210  S
      3      1   5.0004142834351450D-01 8.7D-09 0.0D+00 6.7D-09 0.0D+00       19       92       19      190  S
      3      1   5.0004145164050140D-01 8.7D-09 0.0D+00 1.9D-09 0.0D+00       19       95       19      190  S
      3      1   5.0004147468531268D-01 8.6D-09 0.0D+00 8.2D-09 0.0D+00       19       95       19      190  S
      3      1   5.0004149748339954D-01 8.6D-09 0.0D+00 7.4D-09 0.0D+00       19       95       19      190  S
      3      1   5.0004152004034230D-01 8.5D-09 0.0D+00 1.7D-09 0.0D+00       19       97       19      190  S
      3      1   5.0004154236048848D-01 8.5D-09 0.0D+00 2.9D-11 0.0D+00       19       90       19      190  S
      3      1   5.0004091316648513D-01 9.8D-09 0.0D+00 2.4D-09 0.0D+00       19       92       19      190  S
      3      1   5.0004085975220647D-01 9.9D-09 0.0D+00 2.0D-06 0.0D+00       20       98       20      193  S
      3      1   5.0004160794391683D-01 8.4D-09 0.0D+00 2.6D-09 0.0D+00       19       95       19      190  S
      3      1   5.0004162935993579D-01 8.3D-09 0.0D+00 8.0D-09 0.0D+00       19       95       19      190  S
      3      1   5.0004165055994820D-01 8.3D-09 0.0D+00 4.5D-09 0.0D+00       19       97       19      190  S
      3      1   5.0004167154787926D-01 8.3D-09 0.0D+00 8.7D-09 0.0D+00       19       91       19      190  S
      3      1   5.0004083140469424D-01 1.0D-08 0.0D+00 2.0D-06 0.0D+00       21      109       21      210  S
      3      1   5.0004083140571165D-01 1.0D-08 0.0D+00 2.0D-06 0.0D+00       20      101       20      200  S
      3      1   5.0004083140474442D-01 1.0D-08 0.0D+00 2.0D-06 0.0D+00       21      109       21      210  S
      3      1   5.0004083140466293D-01 1.0D-08 0.0D+00 2.0D-06 0.0D+00       21      108       21      210  S
      3      1   5.0004181512147705D-01 8.0D-09 0.0D+00 6.7D-09 0.0D+00       19       98       19      190  S
      3      1   5.0004083140472166D-01 1.0D-08 0.0D+00 2.0D-06 0.0D+00       21      113       21      210  S
      3      1   5.0004181282747129D-01 8.0D-09 0.0D+00 4.6D-10 0.0D+00       19       96       19      190  S
      3      1   5.0004183224582510D-01 7.9D-09 0.0D+00 6.7D-09 0.0D+00       19       96       19      190  S
      3      1   5.0004185148251934D-01 7.9D-09 0.0D+00 5.3D-09 0.0D+00       19       98       19      190  S
      3      1   5.0004082435337538D-01 1.0D-08 0.0D+00 8.8D-09 0.0D+00       19       91       19      190  S
      3      1   5.0004083140470890D-01 1.0D-08 0.0D+00 2.0D-06 0.0D+00       21      111       21      210  S
      3      1   5.0004086315124685D-01 9.9D-09 0.0D+00 2.7D-09 0.0D+00       19       90       19      190  S
      3      1   5.0004083140476252D-01 1.0D-08 0.0D+00 2.0D-06 0.0D+00       21      109       21      210  S
      3      1   5.0004083140475331D-01 1.0D-08 0.0D+00 2.0D-06 0.0D+00       21      107       21      210  S
      3      1   5.0004083140469413D-01 1.0D-08 0.0D+00 2.0D-06 0.0D+00       21      114       21      210  S
      3      1   5.0004083140469258D-01 1.0D-08 0.0D+00 2.0D-06 0.0D+00       21      107       21      210  S
      3      1   5.0004083140473654D-01 1.0D-08 0.0D+00 2.0D-06 0.0D+00       21      113       21      210  S
      3      1   5.0004083140468636D-01 1.0D-08 0.0D+00 2.0D-06 0.0D+00       21      113       21      210  S
      3      1   5.0004083140469247D-01 1.0D-08 0.0D+00 2.0D-06 0.0D+00       21      105       21      210  S
      3      1   5.0004083140472821D-01 1.0D-08 0.0D+00 2.0D-06 0.0D+00       21      110       21      210  S
      3      1   5.0004083140471156D-01 1.0D-08 0.0D+00 2.0D-06 0.0D+00       21      115       21      210  S
      3      1   5.0004083140570854D-01 1.0D-08 0.0D+00 2.0D-06 0.0D+00       21      106       21      210  S
      3      1   5.0004083140572031D-01 1.0D-08 0.0D+00 2.0D-06 0.0D+00       20       97       20      200  S
      3      1   5.0004083140474498D-01 1.0D-08 0.0D+00 2.0D-06 0.0D+00       22      118       22      220  S
      3      1   5.0004083140469935D-01 1.0D-08 0.0D+00 2.0D-06 0.0D+00       21      117       21      210  S
      3      1   5.0004083140469446D-01 1.0D-08 0.0D+00 2.0D-06 0.0D+00       21      106       21      210  S
      3      1   5.0004083140570266D-01 1.0D-08 0.0D+00 2.0D-06 0.0D+00       20      101       20      200  S
      3      1   5.0004110680148350D-01 9.4D-09 0.0D+00 7.2D-09 0.0D+00       19       94       19      190  S
      3      1   5.0004083140463340D-01 1.0D-08 0.0D+00 2.0D-06 0.0D+00       21      108       21      210  S
      3      1   5.0004083140470690D-01 1.0D-08 0.0D+00 2.0D-06 0.0D+00       21      110       21      210  S
      3      1   5.0004083140476296D-01 1.0D-08 0.0D+00 2.0D-06 0.0D+00       22      112       22      220  S
      3      1   5.0004083140470157D-01 1.0D-08 0.0D+00 2.0D-06 0.0D+00       21      108       21      210  S
      3      1   5.0004083140471245D-01 1.0D-08 0.0D+00 2.0D-06 0.0D+00       21      108       21      210  S
      3      1   5.0004087311351075D-01 9.9D-09 0.0D+00 2.0D-06 0.0D+00       20       97       20      193  S
      3      1   5.0004153228438053D-01 8.5D-09 0.0D+00 9.6D-09 0.0D+00       19       96       19      190  S
      3      1   5.0004083140471511D-01 1.0D-08 0.0D+00 2.0D-06 0.0D+00       21      108       21      210  S
      3      1   5.0004083140468736D-01 1.0D-08 0.0D+00 2.0D-06 0.0D+00       22      125       22      220  S
      3      1   5.0004083140468791D-01 1.0D-08 0.0D+00 2.0D-06 0.0D+00       21      109       21      210  S
      3      1   5.0004083140564315D-01 1.0D-08 0.0D+00 2.0D-06 0.0D+00       20       98       20      200  S
      3      1   5.0004083140470701D-01 1.0D-08 0.0D+00 2.0D-06 0.0D+00       22      124       22      220  S
      3      1   5.0004124692644381D-01 9.1D-09 0.0D+00 5.0D-10 0.0D+00       19       91       19      190  S
      3      1   5.0004083140469768D-01 1.0D-08 0.0D+00 2.0D-06 0.0D+00       22      124       22      220  S
      3      1   5.0004083140470157D-01 1.0D-08 0.0D+00 2.0D-06 0.0D+00       21      114       21      210  S
      3      1   5.0004083140578148D-01 1.0D-08 0.0D+00 2.0D-06 0.0D+00       20       97       20      200  S
      3      1   5.0004083140572286D-01 1.0D-08 0.0D+00 2.0D-06 0.0D+00       21      111       21      210  S
      3      1   5.0004083140565925D-01 1.0D-08 0.0D+00 2.0D-06 0.0D+00       20       97       20      200  S
      3      1   5.0004083140574185D-01 1.0D-08 0.0D+00 2.0D-06 0.0D+00       20       95       20      200  S
      3      1   5.0004083140571087D-01 1.0D-08 0.0D+00 2.0D-06 0.0D+00       20      100       20      200  S
      3      1   5.0004083140563060D-01 1.0D-08 0.0D+00 2.0D-06 0.0D+00       20      100       20      200  S
      3      1   5.0004085260941233D-01 9.9D-09 0.0D+00 2.0D-06 0.0D+00       20      100       20      193  S
      3      1   5.0004083140572309D-01 1.0D-08 0.0D+00 2.0D-06 0.0D+00       20      102       20      200  S
      3      1   5.0004083140577649D-01 1.0D-08 0.0D+00 2.0D-06 0.0D+00       21      108       21      210  S
      3      1   5.0004083140565969D-01 1.0D-08 0.0D+00 2.0D-06 0.0D+00       20       95       20      200  S
      3      1   5.0004083140567190D-01 1.0D-08 0.0D+00 2.0D-06 0.0D+00       21      108       21      210  S
      3      1   5.0004083140571209D-01 1.0D-08 0.0D+00 2.0D-06 0.0D+00       22      127       22      220  S
      3      1   5.0004083140570632D-01 1.0D-08 0.0D+00 2.0D-06 0.0D+00       20       95       20      200  S
      3      1   5.0004152670174817D-01 8.5D-09 0.0D+00 1.4D-09 0.0D+00       19       89       19      190  S
      3      1   5.0004083140469335D-01 1.0D-08 0.0D+00 2.0D-06 0.0D+00       21      105       21      210  S
      3      1   5.0004083140468336D-01 1.0D-08 0.0D+00 2.0D-06 0.0D+00       21      104       21      210  S
      3      1   5.0004107081458538D-01 9.4D-09 0.0D+00 4.2D-09 0.0D+00       19      100       19      190  S
      3      1   5.0004175762473346D-01 8.1D-09 0.0D+00 4.8D-09 0.0D+00       19       98       19      190  S
      3      1   5.0004083140576105D-01 1.0D-08 0.0D+00 2.0D-06 0.0D+00       20       97       20      200  S
      3      1   5.0004089770863647D-01 9.8D-09 0.0D+00 4.1D-09 0.0D+00       19       94       19      190  S
      3      1   5.0004163404186452D-01 8.3D-09 0.0D+00 2.6D-09 0.0D+00       19       92       19      190  S
      3      1   5.0004083140473421D-01 1.0D-08 0.0D+00 2.0D-06 0.0D+00       21      113       21      210  S
      3      1   5.0004083140567601D-01 1.0D-08 0.0D+00 2.0D-06 0.0D+00       22      123       22      220  S
      3      1   5.0004083140471800D-01 1.0D-08 0.0D+00 2.0D-06 0.0D+00       21      106       21      210  S
      3      1   5.0004104971789076D-01 9.5D-09 0.0D+00 7.2D-09 0.0D+00       19       92       19      190  S
      3      1   5.0004107738954406D-01 9.4D-09 0.0D+00 8.6D-09 0.0D+00       19       88       19      190  S
      3      1   5.0004110472162799D-01 9.4D-09 0.0D+00 6.4D-09 0.0D+00       19       96       19      190  S
      3      1   5.0004113172147135D-01 9.3D-09 0.0D+00 8.0D-09 0.0D+00       19       93       19      190  S
      3      1   5.0004083140571154D-01 1.0D-08 0.0D+00 2.0D-06 0.0D+00       22      119       22      220  S
      3      1   5.0004121316882377D-01 9.2D-09 0.0D+00 3.7D-09 0.0D+00       19       92       19      190  S
      3      1   5.0004121079709996D-01 9.2D-09 0.0D+00 3.7D-09 0.0D+00       19       90       19      190  S
      3      1   5.0004123653671251D-01 9.1D-09 0.0D+00 3.8D-09 0.0D+00       19       95       19      190  S
      3      1   5.0004126197746546D-01 9.1D-09 0.0D+00 6.7D-09 0.0D+00       19       95       19      190  S
      3      1   5.0004128712539198D-01 9.0D-09 0.0D+00 2.1D-09 0.0D+00       19       93       19      190  S
      3      1   5.0004131198654911D-01 9.0D-09 0.0D+00 6.2D-10 0.0D+00       19       93       19      190  S
      3      1   5.0004133656666472D-01 8.9D-09 0.0D+00 8.2D-09 0.0D+00       19       93       19      190  S
      3      1   5.0004136087116968D-01 8.9D-09 0.0D+00 9.7D-09 0.0D+00       19       89       19      190  S
      3      1   5.0004083140467248D-01 1.0D-08 0.0D+00 2.0D-06 0.0D+00       21      112       21      210  S
      3      1   5.0004140867550673D-01 8.8D-09 0.0D+00 6.2D-09 0.0D+00       19       96       19      190  S
      3      1   5.0004143218558494D-01 8.7D-09 0.0D+00 3.7D-09 0.0D+00       19       94       19      190  S
      3      1   5.0004145544107326D-01 8.7D-09 0.0D+00 6.3D-09 0.0D+00       19       97       19      190  S
      3      1   5.0004147844488356D-01 8.6D-09 0.0D+00 4.7D-10 0.0D+00       19       97       19      190  S
      3      1   5.0004150120304913D-01 8.6D-09 0.0D+00 6.6D-09 0.0D+00       19       90       19      190  S
      3      1   5.0004083140471978D-01 1.0D-08 0.0D+00 2.0D-06 0.0D+00       21      113       21      210  S
      3      1   5.0004083140573463D-01 1.0D-08 0.0D+00 2.0D-06 0.0D+00       20       96       20      200  S
      3      1   5.0004119609334052D-01 9.2D-09 0.0D+00 3.9D-09 0.0D+00       19       92       19      190  S
      3      1   5.0004184919802908D-01 7.9D-09 0.0D+00 9.0D-10 0.0D+00       19       91       19      190  S
      3      1   5.0004083140468680D-01 1.0D-08 0.0D+00 2.0D-06 0.0D+00       21      105       21      210  S
      3      1   5.0004083140566924D-01 1.0D-08 0.0D+00 2.0D-06 0.0D+00       20       98       20      200  S
      3      1   5.0004109815954512D-01 9.4D-09 0.0D+00 5.0D-10 0.0D+00       19       92       19      190  S
      3      1   5.0004111050757627D-01 9.4D-09 0.0D+00 4.6D-09 0.0D+00       19       91       19      190  S
      3      1   5.0004095195024656D-01 9.7D-09 0.0D+00 4.7D-09 0.0D+00       19       93       19      190  S
      3      1   5.0004083140571165D-01 1.0D-08 0.0D+00 2.0D-06 0.0D+00       20       99       20      200  S
      3      1   5.0004085133363319D-01 9.9D-09 0.0D+00 2.0D-06 0.0D+00       22      124       22      213  S
      3      1   5.0004083140570166D-01 1.0D-08 0.0D+00 2.0D-06 0.0D+00       20       99       20      200  S
      3      1   5.0004177669588634D-01 8.1D-09 0.0D+00 2.4D-09 0.0D+00       19       96       19      190  S
      3      1   5.0004179645550795D-01 8.0D-09 0.0D+00 7.3D-09 0.0D+00       19       92       19      190  S
      3      1   5.0004181602790831D-01 8.0D-09 0.0D+00 1.7D-09 0.0D+00       19       95       19      190  S
      3      1   5.0004183541621960D-01 7.9D-09 0.0D+00 7.6D-09 0.0D+00       19       95       19      190  S
      3      1   5.0004185462345196D-01 7.9D-09 0.0D+00 3.2D-09 0.0D+00       19       93       19      190  S
      3      1   5.0004083140469446D-01 1.0D-08 0.0D+00 2.0D-06 0.0D+00       21      110       21      210  S
      3      1   5.0004083140469335D-01 1.0D-08 0.0D+00 2.0D-06 0.0D+00       21      108       21      210  S
      3      1   5.0004083140467936D-01 1.0D-08 0.0D+00 2.0D-06 0.0D+00       21      108       21      210  S
      3      1   5.0004083140475519D-01 1.0D-08 0.0D+00 2.0D-06 0.0D+00       21      113       21      210  S
      3      1   5.0004083140570532D-01 1.0D-08 0.0D+00 2.0D-06 0.0D+00       20       96       20      200  S
      3      1   5.0004083140470679D-01 1.0D-08 0.0D+00 2.0D-06 0.0D+00       21      111       21      210  S
      3      1   5.0004083140465228D-01 1.0D-08 0.0D+00 2.0D-06 0.0D+00       22      115       22      220  S
      3      1   5.0004106522559810D-01 9.5D-09 0.0D+00 2.9D-09 0.0D+00       19       93       19      190  S
      3      1   5.0004090277923974D-01 9.8D-09 0.0D+00 1.4D-10 0.0D+00       19       89       19      190  S
      3      1   5.0004083140467193D-01 1.0D-08 0.0D+00 2.0D-06 0.0D+00       21      110       21      210  S
      3      1   5.0004083140472344D-01 1.0D-08 0.0D+00 2.0D-06 0.0D+00       23      132       23      230  S
      3      1   5.0004083140473121D-01 1.0D-08 0.0D+00 2.0D-06 0.0D+00       22      122       22      220  S
      3      1   5.0004083140476718D-01 1.0D-08 0.0D+00 2.0D-06 0.0D+00       21      110       21      210  S
      3      1   5.0004083140469635D-01 1.0D-08 0.0D+00 2.0D-06 0.0D+00       21      111       21      210  S
      3      1   5.0004131462267210D-01 9.0D-09 0.0D+00 5.5D-09 0.0D+00       19       91       19      190  S
      3      1   5.0004083140472655D-01 1.0D-08 0.0D+00 2.0D-06 0.0D+00       21      107       21      210  S
      3      1   5.0004083140567879D-01 1.0D-08 0.0D+00 2.0D-06 0.0D+00       21      114       21      210  S
      3      1   5.0004083140469913D-01 1.0D-08 0.0D+00 2.0D-06 0.0D+00       21      108       21      210  S
      3      1   5.0004135445309417D-01 8.9D-09 0.0D+00 9.5D-09 0.0D+00       19       94       19      190  S
      3      1   5.0004083140471101D-01 1.0D-08 0.0D+00 2.0D-06 0.0D+00       22      121       22      220  S
      3      1   5.0004099663145918D-01 9.6D-09 0.0D+00 1.3D-09 0.0D+00       19       92       19      190  S
      3      1   5.0004170423140204D-01 8.2D-09 0.0D+00 5.1D-09 0.0D+00       19       95       19      190  S
      3      1   5.0004083140568656D-01 1.0D-08 0.0D+00 2.0D-06 0.0D+00       20      101       20      200  S
      3      1   5.0004081711625081D-01 1.0D-08 0.0D+00 8.9D-09 0.0D+00       19       91       19      190  S
      3      1   5.0004157735792321D-01 8.4D-09 0.0D+00 1.1D-09 0.0D+00       19       97       19      190  S
      3      1   5.0004083140475630D-01 1.0D-08 0.0D+00 2.0D-06 0.0D+00       21      108       21      210  S
      3      1   5.0004083140571842D-01 1.0D-08 0.0D+00 2.0D-06 0.0D+00       20       99       20      200  S
      3      1   5.0004083140574562D-01 1.0D-08 0.0D+00 2.0D-06 0.0D+00       21      111       21      210  S
      3      1   5.0004083140574196D-01 1.0D-08 0.0D+00 2.0D-06 0.0D+00       20      104       20      200  S
      3      1   5.0004083140577493D-01 1.0D-08 0.0D+00 2.0D-06 0.0D+00       21      110       21      210  S
      3      1   5.0004083140476274D-01 1.0D-08 0.0D+00 2.0D-06 0.0D+00       22      119       22      220  S
      3      1   5.0004083140473010D-01 1.0D-08 0.0D+00 2.0D-06 0.0D+00       21      106       21      210  S
      3      1   5.0004083140578270D-01 1.0D-08 0.0D+00 2.0D-06 0.0D+00       20       97       20      200  S
      3      1   5.0004083140577826D-01 1.0D-08 0.0D+00 2.0D-06 0.0D+00       20      100       20      200  S
      3      1   5.0004083140570643D-01 1.0D-08 0.0D+00 2.0D-06 0.0D+00       20       98       20      200  S
      3      1   5.0004083140572009D-01 1.0D-08 0.0D+00 2.0D-06 0.0D+00       20       99       20      200  S
      3      1   5.0004083140570177D-01 1.0D-08 0.0D+00 2.0D-06 0.0D+00       20      101       20      200  S
      3      1   5.0004083140567179D-01 1.0D-08 0.0D+00 2.0D-06 0.0D+00       21      115       21      210  S
      3      1   5.0004083140570232D-01 1.0D-08 0.0D+00 2.0D-06 0.0D+00       20       98       20      200  S
      3      1   5.0004091487575908D-01 9.8D-09 0.0D+00 1.9D-06 0.0D+00       20       94       20      200  S
      3      1   5.0004083140566957D-01 1.0D-08 0.0D+00 2.0D-06 0.0D+00       21      105       21      210  S
      3      1   5.0004083140574274D-01 1.0D-08 0.0D+00 2.0D-06 0.0D+00       21      103       21      210  S
      3      1   5.0004083140575928D-01 1.0D-08 0.0D+00 2.0D-06 0.0D+00       20      103       20      200  S
      3      1   5.0004083140576139D-01 1.0D-08 0.0D+00 2.0D-06 0.0D+00       22      126       22      220  S
      3      1   5.0004083140574551D-01 1.0D-08 0.0D+00 2.0D-06 0.0D+00       20       99       20      200  S
      3      1   5.0004083140574529D-01 1.0D-08 0.0D+00 2.0D-06 0.0D+00       21      105       21      210  S
      3      1   5.0004128190275732D-01 9.0D-09 0.0D+00 3.1D-09 0.0D+00       19       98       19      190  S
      3      1   5.0004083140467637D-01 1.0D-08 0.0D+00 2.0D-06 0.0D+00       21      109       21      210  S
      3      1   5.0004083140568267D-01 1.0D-08 0.0D+00 2.0D-06 0.0D+00       20       97       20      200  S
      3      1   5.0004112643706200D-01 9.3D-09 0.0D+00 8.1D-09 0.0D+00       19       92       19      190  S
      3      1   5.0004179814442473D-01 8.0D-09 0.0D+00 5.2D-09 0.0D+00       19       96       19      190  S
      3      1   5.0004084874841692D-01 9.9D-09 0.0D+00 4.6D-09 0.0D+00       19       92       19      190  S
      3      1   5.0004095838305096D-01 9.7D-09 0.0D+00 9.5D-09 0.0D+00       19       91       19      190  S
      3      1   5.0004162606031821D-01 8.3D-09 0.0D+00 6.1D-09 0.0D+00       19       92       19      190  S
      3      1   5.0004083140467126D-01 1.0D-08 0.0D+00 2.0D-06 0.0D+00       21      109       21      210  S
      3      1   5.0004089518306427D-01 9.8D-09 0.0D+00 1.9D-06 0.0D+00       21      105       21      203  S
      3      1   5.0004099759923226D-01 9.6D-09 0.0D+00 7.5D-09 0.0D+00       19       90       19      190  S
      3      1   5.0004102624296576D-01 9.5D-09 0.0D+00 5.5D-09 0.0D+00       19       91       19      190  S
      3      1   5.0004105428437007D-01 9.5D-09 0.0D+00 5.9D-09 0.0D+00       19       92       19      190  S
      3      1   5.0004108189970653D-01 9.4D-09 0.0D+00 1.4D-09 0.0D+00       19       93       19      190  S
      3      1   5.0004110917682409D-01 9.4D-09 0.0D+00 4.6D-09 0.0D+00       19       92       19      190  S
      3      1   5.0004113612272771D-01 9.3D-09 0.0D+00 6.8D-09 0.0D+00       19       91       19      190  S
      3      1   5.0004083140577260D-01 1.0D-08 0.0D+00 2.0D-06 0.0D+00       20      104       20      200  S
      3      1   5.0004118904934325D-01 9.2D-09 0.0D+00 8.3D-09 0.0D+00       19       91       19      190  S
      3      1   5.0004121504355015D-01 9.2D-09 0.0D+00 8.0D-10 0.0D+00       19       91       19      190  S
      3      1   5.0004124073364664D-01 9.1D-09 0.0D+00 9.0D-09 0.0D+00       19       91       19      190  S
      3      1   5.0004126612592625D-01 9.0D-09 0.0D+00 1.1D-09 0.0D+00       19       90       19      190  S
      3      1   5.0004129122630625D-01 9.0D-09 0.0D+00 1.2D-09 0.0D+00       19       90       19      190  S
      3      1   5.0004131604092150D-01 8.9D-09 0.0D+00 4.1D-09 0.0D+00       19       92       19      190  S
      3      1   5.0004166326950583D-01 8.3D-09 0.0D+00 2.2D-09 0.0D+00       19       94       19      190  S
      3      1   5.0004159045519769D-01 8.4D-09 0.0D+00 5.3D-09 0.0D+00       19       95       19      190  S
      3      1   5.0004146489468726D-01 8.7D-09 0.0D+00 5.1D-09 0.0D+00       19       94       19      190  S
      3      1   5.0004141255271362D-01 8.8D-09 0.0D+00 4.9D-09 0.0D+00       19       93       19      190  S
      3      1   5.0004143602072648D-01 8.7D-09 0.0D+00 4.7D-09 0.0D+00       19       93       19      190  S
      3      1   5.0004145923492727D-01 8.7D-09 0.0D+00 2.6D-09 0.0D+00       19       93       19      190  S
      3      1   5.0004139596965103D-01 8.8D-09 0.0D+00 9.4D-09 0.0D+00       19       91       19      190  S
      3      1   5.0004083140469924D-01 1.0D-08 0.0D+00 2.0D-06 0.0D+00       21      106       21      210  S
      3      1   5.0004083140566724D-01 1.0D-08 0.0D+00 2.0D-06 0.0D+00       21      102       21      210  S
      3      1   5.0004083140568334D-01 1.0D-08 0.0D+00 2.0D-06 0.0D+00       20       99       20      200  S
      3      1   5.0004083140473499D-01 1.0D-08 0.0D+00 2.0D-06 0.0D+00       21      109       21      210  S
      3      1   5.0004083140469757D-01 1.0D-08 0.0D+00 2.0D-06 0.0D+00       21      114       21      210  S
      3      1   5.0004161499970090D-01 8.4D-09 0.0D+00 1.0D-09 0.0D+00       19       96       19      190  S
      3      1   5.0004163634430399D-01 8.3D-09 0.0D+00 6.7D-09 0.0D+00       19       96       19      190  S
      3      1   5.0004165747436480D-01 8.3D-09 0.0D+00 1.7D-09 0.0D+00       19       96       19      190  S
      3      1   5.0004091948522422D-01 9.8D-09 0.0D+00 4.5D-09 0.0D+00       19       88       19      190  S
      3      1   5.0004164943534779D-01 8.3D-09 0.0D+00 1.2D-09 0.0D+00       19       92       19      190  S
      3      1   5.0004167475245376D-01 8.2D-09 0.0D+00 3.2D-09 0.0D+00       19       93       19      190  S
      3      1   5.0004173992250656D-01 8.1D-09 0.0D+00 6.5D-09 0.0D+00       19       91       19      190  S
      3      1   5.0004176003407086D-01 8.1D-09 0.0D+00 2.1D-09 0.0D+00       19       94       19      190  S
      3      1   5.0004177995274501D-01 8.0D-09 0.0D+00 2.6D-09 0.0D+00       19       95       19      190  S
      3      1   5.0004179968144447D-01 8.0D-09 0.0D+00 8.3D-09 0.0D+00       19       97       19      190  S
      3      1   5.0004181922347246D-01 8.0D-09 0.0D+00 2.5D-09 0.0D+00       19       96       19      190  S
      3      1   5.0004183858184903D-01 7.9D-09 0.0D+00 7.1D-09 0.0D+00       19       96       19      190  S
      3      1   5.0004083140572531D-01 1.0D-08 0.0D+00 2.0D-06 0.0D+00       21      117       21      210  S
      3      1   5.0004083140465261D-01 1.0D-08 0.0D+00 2.0D-06 0.0D+00       21      112       21      210  S
      3      1   5.0004083140469280D-01 1.0D-08 0.0D+00 2.0D-06 0.0D+00       21      105       21      210  S
      3      1   5.0004083140479050D-01 1.0D-08 0.0D+00 2.0D-06 0.0D+00       21      108       21      210  S
      3      1   5.0004083140475630D-01 1.0D-08 0.0D+00 2.0D-06 0.0D+00       21      109       21      210  S
      3      1   5.0004083140471178D-01 1.0D-08 0.0D+00 2.0D-06 0.0D+00       22      119       22      220  S
      3      1   5.0004083140471400D-01 1.0D-08 0.0D+00 2.0D-06 0.0D+00       21      111       21      210  S
      3      1   5.0004083140474520D-01 1.0D-08 0.0D+00 2.0D-06 0.0D+00       21      113       21      210  S
      3      1   5.0004083140570821D-01 1.0D-08 0.0D+00 2.0D-06 0.0D+00       20       99       20      200  S
      3      1   5.0004084393026715D-01 9.9D-09 0.0D+00 2.0D-06 0.0D+00       20      101       20      193  S
      3      1   5.0004083140467059D-01 1.0D-08 0.0D+00 2.0D-06 0.0D+00       21      107       21      210  S
      3      1   5.0004083140474920D-01 1.0D-08 0.0D+00 2.0D-06 0.0D+00       21      111       21      210  S
      3      1   5.0004138731537084D-01 8.8D-09 0.0D+00 5.8D-10 0.0D+00       19       92       19      190  S
      3      1   5.0004124888199442D-01 9.1D-09 0.0D+00 8.1D-09 0.0D+00       19       95       19      190  S
      3      1   5.0004083140568534D-01 1.0D-08 0.0D+00 2.0D-06 0.0D+00       21      102       21      210  S
      3      1   5.0004083140572742D-01 1.0D-08 0.0D+00 2.0D-06 0.0D+00       20      104       20      200  S
      3      1   5.0004088932284629D-01 9.8D-09 0.0D+00 1.9D-06 0.0D+00       20      102       20      193  S
      3      1   5.0004121495409604D-01 9.2D-09 0.0D+00 1.4D-09 0.0D+00       19       92       19      190  S
      3      1   5.0004083140472755D-01 1.0D-08 0.0D+00 2.0D-06 0.0D+00       21      108       21      210  S
      3      1   5.0004083140469935D-01 1.0D-08 0.0D+00 2.0D-06 0.0D+00       21      115       21      210  S
      3      1   5.0004083140467226D-01 1.0D-08 0.0D+00 2.0D-06 0.0D+00       21      110       21      210  S
      3      1   5.0004083140473032D-01 1.0D-08 0.0D+00 2.0D-06 0.0D+00       21      105       21      210  S
      3      1   5.0004083140467337D-01 1.0D-08 0.0D+00 2.0D-06 0.0D+00       21      107       21      210  S
      3      1   5.0004083140574396D-01 1.0D-08 0.0D+00 2.0D-06 0.0D+00       20       95       20      200  S
      3      1   5.0004083140476441D-01 1.0D-08 0.0D+00 2.0D-06 0.0D+00       21      107       21      210  S
      3      1   5.0004083140572386D-01 1.0D-08 0.0D+00 2.0D-06 0.0D+00       20       99       20      200  S
      3      1   5.0004083140572075D-01 1.0D-08 0.0D+00 2.0D-06 0.0D+00       20       99       20      200  S
      3      1   5.0004083140574185D-01 1.0D-08 0.0D+00 2.0D-06 0.0D+00       20      103       20      200  S
      3      1   5.0004083140580147D-01 1.0D-08 0.0D+00 2.0D-06 0.0D+00       20       98       20      200  S
      3      1   5.0004083140566424D-01 1.0D-08 0.0D+00 2.0D-06 0.0D+00       21      105       21      210  S
      3      1   5.0004083140474942D-01 1.0D-08 0.0D+00 2.0D-06 0.0D+00       21      108       21      210  S
      3      1   5.0004083140471622D-01 1.0D-08 0.0D+00 2.0D-06 0.0D+00       21      106       21      210  S
      3      1   5.0004083140568123D-01 1.0D-08 0.0D+00 2.0D-06 0.0D+00       20       98       20      200  S
      3      1   5.0004083140572719D-01 1.0D-08 0.0D+00 2.0D-06 0.0D+00       20      100       20      200  S
      3      1   5.0004083140574540D-01 1.0D-08 0.0D+00 2.0D-06 0.0D+00       20       99       20      200  S
      3      1   5.0004083140574551D-01 1.0D-08 0.0D+00 2.0D-06 0.0D+00       20      102       20      200  S
      3      1   5.0004083140568834D-01 1.0D-08 0.0D+00 2.0D-06 0.0D+00       20      103       20      200  S
      3      1   5.0004083140574518D-01 1.0D-08 0.0D+00 2.0D-06 0.0D+00       20       98       20      200  S
      3      1   5.0004083140570743D-01 1.0D-08 0.0D+00 2.0D-06 0.0D+00       20       99       20      200  S
      3      1   5.0004085987772662D-01 9.9D-09 0.0D+00 6.8D-09 0.0D+00       19       93       19      190  S
      3      1   5.0004160737778125D-01 8.4D-09 0.0D+00 5.6D-09 0.0D+00       19       91       19      190  S
      3      1   5.0004083140478206D-01 1.0D-08 0.0D+00 2.0D-06 0.0D+00       21      106       21      210  S
      3      1   5.0004180156990474D-01 8.0D-09 0.0D+00 1.4D-09 0.0D+00       19       93       19      190  S
      3      1   5.0004147435645352D-01 8.6D-09 0.0D+00 6.3D-09 0.0D+00       19       96       19      190  S
      3      1   5.0004083140471711D-01 1.0D-08 0.0D+00 2.0D-06 0.0D+00       21      106       21      210  S
      3      1   5.0004083140578537D-01 1.0D-08 0.0D+00 2.0D-06 0.0D+00       21      106       21      210  S
      3      1   5.0004133249147831D-01 8.9D-09 0.0D+00 2.7D-09 0.0D+00       19       94       19      190  S
      3      1   5.0004083140469457D-01 1.0D-08 0.0D+00 2.0D-06 0.0D+00       21      106       21      210  S
      3      1   5.0004083140570743D-01 1.0D-08 0.0D+00 2.0D-06 0.0D+00       20       99       20      200  S
      3      1   5.0004088013210801D-01 9.8D-09 0.0D+00 2.0D-06 0.0D+00       20       97       20      193  S
      3      1   5.0004091020346741D-01 9.8D-09 0.0D+00 1.9D-06 0.0D+00       20      100       20      200  S
      3      1   5.0004082290091278D-01 1.0D-08 0.0D+00 7.5D-09 0.0D+00       19       91       19      190  S
      3      1   5.0004085379154373D-01 9.9D-09 0.0D+00 3.0D-09 0.0D+00       19       89       19      190  S
      3      1   5.0004088427536375D-01 9.8D-09 0.0D+00 4.0D-09 0.0D+00       19       90       19      190  S
      3      1   5.0004083140574729D-01 1.0D-08 0.0D+00 2.0D-06 0.0D+00       20      102       20      200  S
      3      1   5.0004094405994182D-01 9.7D-09 0.0D+00 2.6D-09 0.0D+00       19       87       19      190  S
      3      1   5.0004097337875519D-01 9.7D-09 0.0D+00 3.2D-11 0.0D+00       19       88       19      190  S
      3      1   5.0004100232642812D-01 9.6D-09 0.0D+00 1.1D-09 0.0D+00       19       95       19      190  S
      3      1   5.0004103091117869D-01 9.5D-09 0.0D+00 3.7D-09 0.0D+00       19       91       19      190  S
      3      1   5.0004105884150052D-01 9.5D-09 0.0D+00 2.6D-09 0.0D+00       19       90       19      190  S
      3      1   5.0004108640085310D-01 9.4D-09 0.0D+00 9.1D-09 0.0D+00       19       90       19      190  S
      3      1   5.0004111362300896D-01 9.4D-09 0.0D+00 2.9D-09 0.0D+00       19       89       19      190  S
      3      1   5.0004131632689486D-01 8.9D-09 0.0D+00 4.9D-09 0.0D+00       19       94       19      190  S
      3      1   5.0004116708461210D-01 9.3D-09 0.0D+00 4.2D-09 0.0D+00       19       91       19      190  S
      3      1   5.0004119333792652D-01 9.2D-09 0.0D+00 4.5D-09 0.0D+00       19       92       19      190  S
      3      1   5.0004121928180711D-01 9.1D-09 0.0D+00 8.5D-09 0.0D+00       19       92       19      190  S
      3      1   5.0004124492256263D-01 9.1D-09 0.0D+00 5.8D-10 0.0D+00       19       91       19      190  S
      3      1   5.0004127026648781D-01 9.0D-09 0.0D+00 5.3D-09 0.0D+00       19       93       19      190  S
      3      1   5.0004083140568134D-01 1.0D-08 0.0D+00 2.0D-06 0.0D+00       21      115       21      210  S
      3      1   5.0004083140471844D-01 1.0D-08 0.0D+00 2.0D-06 0.0D+00       21      106       21      210  S
      3      1   5.0004083140469613D-01 1.0D-08 0.0D+00 2.0D-06 0.0D+00       21      112       21      210  S
      3      1   5.0004081926803556D-01 1.0D-08 0.0D+00 2.4D-09 0.0D+00       19       89       19      190  S
      3      1   5.0004157886547351D-01 8.4D-09 0.0D+00 9.9D-09 0.0D+00       19       93       19      190  S
      3      1   5.0004083140478339D-01 1.0D-08 0.0D+00 2.0D-06 0.0D+00       21      114       21      210  S
      3      1   5.0004083140571742D-01 1.0D-08 0.0D+00 2.0D-06 0.0D+00       20       98       20      200  S
      3      1   5.0004144398779460D-01 8.7D-09 0.0D+00 1.3D-09 0.0D+00       19       94       19      190  S
      3      1   5.0004164250287853D-01 8.3D-09 0.0D+00 7.4D-09 0.0D+00       19       93       19      190  S
      3      1   5.0004161865185170D-01 8.4D-09 0.0D+00 4.4D-09 0.0D+00       19       96       19      190  S
      3      1   5.0004083140467448D-01 1.0D-08 0.0D+00 2.0D-06 0.0D+00       21      111       21      210  S
      3      1   5.0004155326769062D-01 8.5D-09 0.0D+00 7.7D-09 0.0D+00       19       93       19      190  S
      3      1   5.0004157524274551D-01 8.4D-09 0.0D+00 3.2D-09 0.0D+00       19       95       19      190  S
      3      1   5.0004159699165807D-01 8.4D-09 0.0D+00 8.5D-09 0.0D+00       19       97       19      190  S
      3      1   5.0004161851874684D-01 8.4D-09 0.0D+00 5.8D-09 0.0D+00       19       95       19      190  S
      3      1   5.0004163982791550D-01 8.3D-09 0.0D+00 7.8D-09 0.0D+00       19       96       19      190  S
      3      1   5.0004166092294855D-01 8.3D-09 0.0D+00 3.6D-11 0.0D+00       19       95       19      190  S
      3      1   5.0004092193113692D-01 9.8D-09 0.0D+00 6.4D-09 0.0D+00       19       91       19      190  S
      3      1   5.0004170248607416D-01 8.2D-09 0.0D+00 9.1D-09 0.0D+00       19       94       19      190  S
      3      1   5.0004172296153060D-01 8.2D-09 0.0D+00 9.5D-09 0.0D+00       19       95       19      190  S
      3      1   5.0004174323741324D-01 8.1D-09 0.0D+00 1.9D-09 0.0D+00       19       96       19      190  S
      3      1   5.0004176331727879D-01 8.1D-09 0.0D+00 8.3D-11 0.0D+00       19       94       19      190  S
      3      1   5.0004178320455406D-01 8.0D-09 0.0D+00 9.2D-10 0.0D+00       19       94       19      190  S
      3      1   5.0004180290246547D-01 8.0D-09 0.0D+00 6.1D-09 0.0D+00       19       97       19      190  S
      3      1   5.0004181435809381D-01 8.0D-09 0.0D+00 4.4D-09 0.0D+00       19       96       19      190  S
      3      1   5.0004170184622732D-01 8.2D-09 0.0D+00 3.1D-09 0.0D+00       19       99       19      190  S
      3      1   5.0004186089096769D-01 7.9D-09 0.0D+00 1.3D-09 0.0D+00       19       95       19      190  S
      3      1   5.0004083140469424D-01 1.0D-08 0.0D+00 2.0D-06 0.0D+00       22      115       22      220  S
      3      1   5.0004083140473565D-01 1.0D-08 0.0D+00 2.0D-06 0.0D+00       21      111       21      210  S
      3      1   5.0004083140476063D-01 1.0D-08 0.0D+00 2.0D-06 0.0D+00       22      117       22      220  S
      3      1   5.0004083140470856D-01 1.0D-08 0.0D+00 2.0D-06 0.0D+00       21      105       21      210  S
      3      1   5.0004086195410380D-01 9.9D-09 0.0D+00 8.3D-09 0.0D+00       19       93       19      190  S
      3      1   5.0004172479520104D-01 8.2D-09 0.0D+00 4.7D-09 0.0D+00       19       95       19      190  S
      3      1   5.0004083140476407D-01 1.0D-08 0.0D+00 2.0D-06 0.0D+00       21      110       21      210  S
      3      1   5.0004083140565758D-01 1.0D-08 0.0D+00 2.0D-06 0.0D+00       20       96       20      200  S
      3      1   5.0004083140571476D-01 1.0D-08 0.0D+00 2.0D-06 0.0D+00       20       98       20      200  S
      3      1   5.0004083140470779D-01 1.0D-08 0.0D+00 2.0D-06 0.0D+00       21      110       21      210  S
      3      1   5.0004083140474165D-01 1.0D-08 0.0D+00 2.0D-06 0.0D+00       22      129       22      220  S
      3      1   5.0004083140468136D-01 1.0D-08 0.0D+00 2.0D-06 0.0D+00       21      112       21      210  S
      3      1   5.0004083140571887D-01 1.0D-08 0.0D+00 2.0D-06 0.0D+00       20       97       20      200  S
      3      1   5.0004083140463251D-01 1.0D-08 0.0D+00 2.0D-06 0.0D+00       21      108       21      210  S
      3      1   5.0004083140579092D-01 1.0D-08 0.0D+00 2.0D-06 0.0D+00       20       97       20      200  S
      3      1   5.0004083140470823D-01 1.0D-08 0.0D+00 2.0D-06 0.0D+00       22      115       22      220  S
      3      1   5.0004083140471378D-01 1.0D-08 0.0D+00 2.0D-06 0.0D+00       22      123       22      220  S
      3      1   5.0004083140572220D-01 1.0D-08 0.0D+00 2.0D-06 0.0D+00       20      100       20      200  S
      3      1   5.0004083140568101D-01 1.0D-08 0.0D+00 2.0D-06 0.0D+00       20       99       20      200  S
      3      1   5.0004083140471456D-01 1.0D-08 0.0D+00 2.0D-06 0.0D+00       21      113       21      210  S
      3      1   5.0004083140467370D-01 1.0D-08 0.0D+00 2.0D-06 0.0D+00       21      105       21      210  S
      3      1   5.0004094105768904D-01 9.7D-09 0.0D+00 4.3D-09 0.0D+00       19       91       19      190  S
      3      1   5.0004083140474964D-01 1.0D-08 0.0D+00 2.0D-06 0.0D+00       21      113       21      210  S
      3      1   5.0004083140575317D-01 1.0D-08 0.0D+00 2.0D-06 0.0D+00       22      118       22      220  S
      3      1   5.0004083140573852D-01 1.0D-08 0.0D+00 2.0D-06 0.0D+00       20      105       20      200  S
      3      1   5.0004083140573696D-01 1.0D-08 0.0D+00 2.0D-06 0.0D+00       21      114       21      210  S
      3      1   5.0004083140568856D-01 1.0D-08 0.0D+00 2.0D-06 0.0D+00       20      103       20      200  S
      3      1   5.0004083140578215D-01 1.0D-08 0.0D+00 2.0D-06 0.0D+00       21      105       21      210  S
      3      1   5.0004083140472455D-01 1.0D-08 0.0D+00 2.0D-06 0.0D+00       21      112       21      210  S
      3      1   5.0004083140475497D-01 1.0D-08 0.0D+00 2.0D-06 0.0D+00       21      110       21      210  S
      3      1   5.0004083140474231D-01 1.0D-08 0.0D+00 2.0D-06 0.0D+00       22      116       22      220  S
      3      1   5.0004083140571021D-01 1.0D-08 0.0D+00 2.0D-06 0.0D+00       20       98       20      200  S
      3      1   5.0004083140567712D-01 1.0D-08 0.0D+00 2.0D-06 0.0D+00       21      110       21      210  S
      3      1   5.0004083140571143D-01 1.0D-08 0.0D+00 2.0D-06 0.0D+00       20      102       20      200  S
      3      1   5.0004109265616858D-01 9.4D-09 0.0D+00 4.4D-09 0.0D+00       19       92       19      190  S
      3      1   5.0004177351094958D-01 8.1D-09 0.0D+00 1.1D-09 0.0D+00       19       96       19      190  S
      3      1   5.0004109164937482D-01 9.4D-09 0.0D+00 3.2D-09 0.0D+00       19       91       19      190  S
      3      1   5.0004093147859441D-01 9.7D-09 0.0D+00 2.8D-09 0.0D+00       19       92       19      190  S
      3      1   5.0004165089226615D-01 8.3D-09 0.0D+00 7.5D-09 0.0D+00       19       97       19      190  S
      3      1   5.0004083140472178D-01 1.0D-08 0.0D+00 2.0D-06 0.0D+00       22      122       22      220  S
      3      1   5.0004085693009559D-01 9.9D-09 0.0D+00 2.0D-06 0.0D+00       20       99       20      193  S
      3      1   5.0004083140564948D-01 1.0D-08 0.0D+00 2.0D-06 0.0D+00       22      110       22      220  S
      3      1   5.0004083140576361D-01 1.0D-08 0.0D+00 2.0D-06 0.0D+00       20       95       20      200  S
      3      1   5.0004083140573918D-01 1.0D-08 0.0D+00 2.0D-06 0.0D+00       20       97       20      200  S
      3      1   5.0004138192748981D-01 8.8D-09 0.0D+00 5.6D-09 0.0D+00       19       92       19      190  S
      3      1   5.0004083140468714D-01 1.0D-08 0.0D+00 2.0D-06 0.0D+00       21      111       21      210  S
      3      1   5.0004083140569477D-01 1.0D-08 0.0D+00 2.0D-06 0.0D+00       20      100       20      200  S
      3      1   5.0004085416469612D-01 9.9D-09 0.0D+00 2.0D-06 0.0D+00       20       94       20      193  S
      3      1   5.0004088509587397D-01 9.8D-09 0.0D+00 1.9D-06 0.0D+00       20      101       20      193  S
      3      1   5.0004091510296278D-01 9.8D-09 0.0D+00 1.9D-06 0.0D+00       20       99       20      200  S
      3      1   5.0004082800054295D-01 1.0D-08 0.0D+00 2.6D-09 0.0D+00       19       92       19      190  S
      3      1   5.0004085882371230D-01 9.9D-09 0.0D+00 4.5D-09 0.0D+00       19       91       19      190  S
      3      1   5.0004083140573707D-01 1.0D-08 0.0D+00 2.0D-06 0.0D+00       20      105       20      200  S
      3      1   5.0004091926376171D-01 9.8D-09 0.0D+00 7.3D-09 0.0D+00       19       91       19      190  S
      3      1   5.0004094889898554D-01 9.7D-09 0.0D+00 9.9D-09 0.0D+00       19       94       19      190  S
      3      1   5.0004097815636772D-01 9.6D-09 0.0D+00 6.6D-09 0.0D+00       19       89       19      190  S
      3      1   5.0004100704378807D-01 9.6D-09 0.0D+00 7.2D-09 0.0D+00       19       93       19      190  S
      3      1   5.0004103554240942D-01 9.5D-09 0.0D+00 2.2D-09 0.0D+00       19       91       19      190  S
      3      1   5.0004106338932053D-01 9.5D-09 0.0D+00 1.3D-09 0.0D+00       19       89       19      190  S
      3      1   5.0004083140570899D-01 1.0D-08 0.0D+00 2.0D-06 0.0D+00       20       97       20      200  S
      3      1   5.0004136612898908D-01 8.8D-09 0.0D+00 8.5D-09 0.0D+00       19       94       19      190  S
      3      1   5.0004083140475064D-01 1.0D-08 0.0D+00 2.0D-06 0.0D+00       21      113       21      210  S
