     21      1   2.0037856774858173D-01 5.1D-09 0.0D+00 4.3D-09 0.0D+00       22      112       22      220  S
     21      1   2.0037294257558710D-01 5.1D-09 0.0D+00 1.3D-09 0.0D+00       22      116       22      220  S
     21      1   2.0037679639429190D-01 5.1D-09 0.0D+00 8.6D-09 0.0D+00       22      119       22      220  S
     21      1   2.1704114536152297D-01 6.0D-09 0.0D+00 2.1D-09 0.0D+00       22      163       22      220  S
     21      1   2.0037294257561528D-01 5.1D-09 0.0D+00 3.1D-09 0.0D+00       22      129       22      220  S
     21      1   1.9719244908332562D-01 4.3D-09 0.0D+00 8.7D-09 0.0D+00       22      125       22      220  S
     21      1   2.0037679639421277D-01 5.1D-09 0.0D+00 6.1D-09 0.0D+00       22      116       22      220  S
     21      1   2.0037856774866300D-01 5.1D-09 0.0D+00 3.5D-09 0.0D+00       22      121       22      220  S
     21      1   2.0037728271325606D-01 5.1D-09 0.0D+00 6.2D-09 0.0D+00       22      120       22      220  S
     21      1   2.1704144441042719D-01 6.0D-09 0.0D+00 1.4D-07 0.0D+00       23      154       23      230  S
     21      1   2.0037818638795057D-01 5.1D-09 0.0D+00 5.5D-09 0.0D+00       22      117       22      220  S
     21      1   2.0233178265872753D-01 5.0D-09 0.0D+00 4.4D-08 0.0D+00       24      161       24      240  S
     21      1   2.0037699390043529D-01 5.1D-09 0.0D+00 2.9D-09 0.0D+00       22      138       22      220  S
     21      1   2.0037679639440839D-01 5.1D-09 0.0D+00 4.2D-09 0.0D+00       22      114       22      220  S
     21      1   2.0309564500873442D-01 5.2D-09 0.0D+00 9.7D-09 0.0D+00       22      156       22      220  S
     21      1   2.0037856774857418D-01 5.1D-09 0.0D+00 2.8D-09 0.0D+00       22      113       22      220  S
     21      1   2.0037699390029065D-01 5.1D-09 0.0D+00 2.7D-09 0.0D+00       22      111       22      220  S
     21      1   2.0233268283742559D-01 5.0D-09 0.0D+00 5.6D-09 0.0D+00       22      138       22      220  S
     21      1   2.0038064960524241D-01 5.1D-09 0.0D+00 8.7D-10 0.0D+00       22      113       22      220  S
     21      1   2.0233966146200399D-01 5.0D-09 0.0D+00 3.3D-07 0.0D+00       23      173       23      230  S
     21      1   2.0309192114202296D-01 5.2D-09 0.0D+00 2.8D-07 0.0D+00       23      191       23      230  S
     21      1   2.0037294257539817D-01 5.1D-09 0.0D+00 3.2D-09 0.0D+00       21      119       21      210  S
     21      1   2.0037718419589490D-01 5.1D-09 0.0D+00 8.1D-09 0.0D+00       22      115       22      220  S
     21      1   2.0037294257555141D-01 5.1D-09 0.0D+00 3.3D-09 0.0D+00       22      112       22      220  S
     21      1   2.1704098993103507D-01 6.0D-09 0.0D+00 3.0D-07 0.0D+00       23      146       23      230  S
     21      1   2.0037294257533883D-01 5.1D-09 0.0D+00 2.0D-09 0.0D+00       21      110       21      210  S
     21      1   2.0037400176217626D-01 5.1D-09 0.0D+00 1.9D-09 0.0D+00       22      117       22      220  S
     21      1   1.9719244908338987D-01 4.3D-09 0.0D+00 1.0D-09 0.0D+00       22      134       22      220  S
     21      1   2.0233966146356755D-01 5.0D-09 0.0D+00 1.3D-07 0.0D+00       24      175       24      240  S
     21      1   2.1704043621193608D-01 6.0D-09 0.0D+00 2.9D-07 0.0D+00       23      155       23      230  S
     21      1   2.1703774541493828D-01 6.0D-09 0.0D+00 6.9D-08 0.0D+00       23      162       23      230  S
     21      1   2.0037699390037547D-01 5.1D-09 0.0D+00 2.1D-09 0.0D+00       22      124       22      220  S
     21      1   2.0037400176220663D-01 5.1D-09 0.0D+00 4.4D-10 0.0D+00       22      107       22      220  S
     21      1   2.0037400176240869D-01 5.1D-09 0.0D+00 5.6D-10 0.0D+00       22      117       22      220  S
     21      1   2.0038128386094881D-01 5.1D-09 0.0D+00 9.2D-09 0.0D+00       22      109       22      220  S
     21      1   2.1704160024156585D-01 6.0D-09 0.0D+00 1.4D-08 0.0D+00       23      151       23      230  S
     21      1   2.0233282828732627D-01 5.0D-09 0.0D+00 4.9D-09 0.0D+00       22      158       22      220  S
     21      1   2.1704151744896338D-01 6.0D-09 0.0D+00 2.1D-07 0.0D+00       24      180       24      240  S
     21      1   2.0037679639431430D-01 5.1D-09 0.0D+00 7.3D-09 0.0D+00       22      110       22      220  S
     21      1   2.0038128386100434D-01 5.1D-09 0.0D+00 8.5D-09 0.0D+00       22      112       22      220  S
     21      1   2.0037818638807217D-01 5.1D-09 0.0D+00 1.1D-09 0.0D+00       22      115       22      220  S
     21      1   1.9719244908307351D-01 4.3D-09 0.0D+00 1.5D-08 0.0D+00       22      119       22      220  S
     21      1   1.9719244908333636D-01 4.3D-09 0.0D+00 8.2D-09 0.0D+00       22      142       22      220  S
     21      1   2.0037699390038499D-01 5.1D-09 0.0D+00 6.3D-10 0.0D+00       22      124       22      220  S
     21      1   2.0037662734105935D-01 5.1D-09 0.0D+00 9.0D-09 0.0D+00       22      118       22      220  S
     21      1   2.0037728271332084D-01 5.1D-09 0.0D+00 2.1D-09 0.0D+00       22      113       22      220  S
     21      1   2.0037818638803287D-01 5.1D-09 0.0D+00 5.9D-09 0.0D+00       22      123       22      220  S
     21      1   2.0309192114432389D-01 5.2D-09 0.0D+00 2.2D-08 0.0D+00       24      207       24      240  S
     21      1   2.0037400176212822D-01 5.1D-09 0.0D+00 1.0D-08 0.0D+00       22      107       22      220  S
     21      1   2.0046043282095033D-01 5.1D-09 0.0D+00 3.0D-09 0.0D+00       21      119       21      210  S
     21      1   2.0037400176223533D-01 5.1D-09 0.0D+00 2.8D-08 0.0D+00       23      124       23      230  S
     21      1   1.9719244908325223D-01 4.3D-09 0.0D+00 8.5D-10 0.0D+00       22      149       22      220  S
     21      1   1.9719244908338601D-01 4.3D-09 0.0D+00 2.1D-08 0.0D+00       23      153       23      230  S
     21      1   2.0037400176214040D-01 5.1D-09 0.0D+00 9.9D-10 0.0D+00       22      114       22      220  S
     21      1   2.0037718419593065D-01 5.1D-09 0.0D+00 1.8D-09 0.0D+00       22      125       22      220  S
     21      1   2.0233487173097048D-01 5.0D-09 0.0D+00 3.0D-07 0.0D+00       24      175       24      240  S
     21      1   1.9719244908333156D-01 4.3D-09 0.0D+00 4.6D-09 0.0D+00       22      141       22      220  S
     21      1   2.0037294257554561D-01 5.1D-09 0.0D+00 7.7D-09 0.0D+00       22      108       22      220  S
     21      1   2.1704043621507879D-01 6.0D-09 0.0D+00 3.3D-09 0.0D+00       22      152       22      220  S
     21      1   2.1704035393162543D-01 6.0D-09 0.0D+00 3.3D-07 0.0D+00       23      168       23      230  S
     21      1   2.1704160024106647D-01 6.0D-09 0.0D+00 1.3D-09 0.0D+00       22      126       22      220  S
     21      1   2.0037662734092224D-01 5.1D-09 0.0D+00 2.6D-09 0.0D+00       22      111       22      220  S
     21      1   2.0037679639440822D-01 5.1D-09 0.0D+00 1.6D-09 0.0D+00       22      109       22      220  S
     21      1   2.0037728271326194D-01 5.1D-09 0.0D+00 4.8D-09 0.0D+00       22      117       22      220  S
     21      1   2.0038064960515645D-01 5.1D-09 0.0D+00 2.4D-09 0.0D+00       22      114       22      220  S
     21      1   2.0037856774864776D-01 5.1D-09 0.0D+00 6.1D-09 0.0D+00       22      109       22      220  S
     21      1   2.0529431566865639D-01 5.0D-09 0.0D+00 2.0D-08 0.0D+00       23      178       23      230  S
     21      1   2.1703749833187991D-01 6.0D-09 0.0D+00 2.3D-08 0.0D+00       23      185       23      230  S
     21      1   2.0037294257563568D-01 5.1D-09 0.0D+00 1.5D-09 0.0D+00       22      113       22      220  S
     21      1   2.0037699390026359D-01 5.1D-09 0.0D+00 4.0D-09 0.0D+00       22      107       22      220  S
     21      1   2.0233966146221902D-01 5.0D-09 0.0D+00 2.9D-07 0.0D+00       23      176       23      230  S
     21      1   2.0037400176218503D-01 5.1D-09 0.0D+00 8.8D-09 0.0D+00       22      107       22      220  S
     21      1   2.0037679639432479D-01 5.1D-09 0.0D+00 4.5D-09 0.0D+00       22      112       22      220  S
     21      1   2.0037856774863735D-01 5.1D-09 0.0D+00 6.1D-09 0.0D+00       22      132       22      220  S
     21      1   2.0037686753808290D-01 5.1D-09 0.0D+00 1.5D-09 0.0D+00       22      111       22      220  S
     21      1   2.0309107140723892D-01 5.2D-09 0.0D+00 1.4D-07 0.0D+00       23      171       23      230  S
     21      1   2.0037818638802909D-01 5.1D-09 0.0D+00 5.2D-09 0.0D+00       22      130       22      220  S
     21      1   2.1704035393411070D-01 6.0D-09 0.0D+00 2.6D-09 0.0D+00       21      128       21      210  S
     21      1   2.0037679639441661D-01 5.1D-09 0.0D+00 6.3D-10 0.0D+00       22      115       22      220  S
     21      1   2.0037718419582598D-01 5.1D-09 0.0D+00 8.3D-09 0.0D+00       22      126       22      220  S
     21      1   2.0233431487276918D-01 5.0D-09 0.0D+00 8.9D-09 0.0D+00       22      168       22      220  S
     21      1   2.0038128386084378D-01 5.1D-09 0.0D+00 3.0D-09 0.0D+00       22      118       22      220  S
     21      1   2.0037699390020858D-01 5.1D-09 0.0D+00 6.8D-09 0.0D+00       21      111       21      210  S
     21      1   2.0038064960521246D-01 5.1D-09 0.0D+00 9.3D-09 0.0D+00       22      115       22      220  S
     21      1   2.0037699390044644D-01 5.1D-09 0.0D+00 8.1D-11 0.0D+00       22      125       22      220  S
     21      1   2.0037728271318320D-01 5.1D-09 0.0D+00 1.3D-09 0.0D+00       22      121       22      220  S
     21      1   2.1704043621488328D-01 6.0D-09 0.0D+00 1.7D-08 0.0D+00       23      154       23      230  S
     21      1   2.0309563679592793D-01 5.2D-09 0.0D+00 3.1D-07 0.0D+00       23      181       23      230  S
     21      1   2.0037728271302832D-01 5.1D-09 0.0D+00 4.3D-09 0.0D+00       21      110       21      210  S
     21      1   2.0037718419586908D-01 5.1D-09 0.0D+00 7.2D-09 0.0D+00       22      118       22      220  S
     21      1   2.0037679639439551D-01 5.1D-09 0.0D+00 1.3D-09 0.0D+00       22      109       22      220  S
     21      1   2.0038128386081822D-01 5.1D-09 0.0D+00 3.6D-09 0.0D+00       22      120       22      220  S
     21      1   2.0046270907174552D-01 5.1D-09 0.0D+00 7.6D-09 0.0D+00       22      115       22      220  S
     21      1   2.0233802889936517D-01 5.0D-09 0.0D+00 3.3D-07 0.0D+00       23      173       23      230  S
     21      1   2.0037294257563926D-01 5.1D-09 0.0D+00 5.0D-10 0.0D+00       22      111       22      220  S
     21      1   2.0037818638792140D-01 5.1D-09 0.0D+00 1.4D-09 0.0D+00       22      133       22      220  S
     21      1   2.0037679639422282D-01 5.1D-09 0.0D+00 6.7D-10 0.0D+00       21      108       21      210  S
     21      1   2.0037856774859181D-01 5.1D-09 0.0D+00 6.1D-09 0.0D+00       22      109       22      220  S
     21      1   2.0037679639431236D-01 5.1D-09 0.0D+00 6.5D-09 0.0D+00       22      108       22      220  S
     21      1   2.0233966146458049D-01 5.0D-09 0.0D+00 6.5D-09 0.0D+00       22      153       22      220  S
