     13      1   2.7809642305311849D-01 6.1D-09 0.0D+00 3.8D-09 0.0D+00       21      114       21      210  S
     13      1   2.7810352851312320D-01 6.1D-09 0.0D+00 3.5D-09 0.0D+00       21      116       21      210  S
     13      1   2.9328684592504750D-01 7.4D-09 0.0D+00 1.4D-09 0.0D+00       21      138       21      210  S
     13      1   3.0424540734915517D-01 6.7D-09 0.0D+00 3.1D-07 0.0D+00       22      280       22      220  S
     13      1   2.7809533259727370D-01 6.1D-09 0.0D+00 9.0D-09 0.0D+00       22      121       22      220  S
     13      1   2.9328684592510035D-01 7.4D-09 0.0D+00 2.1D-08 0.0D+00       24      166       24      240  S
     13      1   2.9328684592333415D-01 7.4D-09 0.0D+00 7.7D-08 0.0D+00       22      158       22      220  S
     13      1   2.7774535994253818D-01 5.7D-09 0.0D+00 2.5D-09 0.0D+00       22      131       22      220  S
     13      1   2.9328684592494980D-01 7.4D-09 0.0D+00 7.8D-10 0.0D+00       22      143       22      220  S
     13      1   2.9328684592330601D-01 7.4D-09 0.0D+00 7.6D-08 0.0D+00       22      160       22      220  S
     13      1   2.9329234676907273D-01 7.4D-09 0.0D+00 2.8D-07 0.0D+00       22      141       22      220  S
     13      1   2.7809533259728603D-01 6.1D-09 0.0D+00 9.6D-09 0.0D+00       22      117       22      220  S
     13      1   2.7809533259725877D-01 6.1D-09 0.0D+00 6.8D-10 0.0D+00       22      126       22      220  S
     13      1   2.9329234677038729D-01 7.4D-09 0.0D+00 1.5D-07 0.0D+00       22      160       22      220  S
     13      1   2.9329234676792121D-01 7.4D-09 0.0D+00 3.2D-07 0.0D+00       23      159       23      230  S
     13      1   2.9328684592510262D-01 7.4D-09 0.0D+00 9.8D-09 0.0D+00       22      151       22      220  S
     13      1   2.7809533259721980D-01 6.1D-09 0.0D+00 9.9D-09 0.0D+00       22      121       22      220  S
     13      1   2.9329234677064786D-01 7.4D-09 0.0D+00 1.2D-07 0.0D+00       22      152       22      220  S
     13      1   2.9328684592235921D-01 7.4D-09 0.0D+00 1.5D-07 0.0D+00       22      144       22      220  S
     13      1   2.9328684592304544D-01 7.4D-09 0.0D+00 1.6D-07 0.0D+00       23      140       23      230  S
     13      1   2.9328684592522947D-01 7.4D-09 0.0D+00 1.1D-08 0.0D+00       24      174       24      240  S
     13      1   2.7809533259732000D-01 6.1D-09 0.0D+00 1.9D-09 0.0D+00       22      129       22      220  S
     13      1   2.7809533259734470D-01 6.1D-09 0.0D+00 4.8D-09 0.0D+00       22      128       22      220  S
     13      1   2.9328684592139659D-01 7.4D-09 0.0D+00 2.1D-07 0.0D+00       22      131       22      220  S
     13      1   2.9328684592466825D-01 7.4D-09 0.0D+00 3.7D-09 0.0D+00       21      143       21      210  S
     13      1   2.9328684592381393D-01 7.4D-09 0.0D+00 7.6D-08 0.0D+00       22      149       22      220  S
     13      1   2.7809774595904035D-01 6.1D-09 0.0D+00 4.8D-09 0.0D+00       21      120       21      210  S
     13      1   2.7774898309608714D-01 5.7D-09 0.0D+00 3.6D-09 0.0D+00       22      128       22      220  S
     13      1   2.9328684592458454D-01 7.4D-09 0.0D+00 8.7D-11 0.0D+00       21      129       21      210  S
     13      1   2.9329234676782756D-01 7.4D-09 0.0D+00 3.2D-07 0.0D+00       22      157       22      220  S
     13      1   2.9328684592463911D-01 7.4D-09 0.0D+00 4.4D-09 0.0D+00       21      140       21      210  S
     13      1   2.9328684591992066D-01 7.4D-09 0.0D+00 3.1D-07 0.0D+00       22      167       22      220  S
     13      1   2.7809533259710639D-01 6.1D-09 0.0D+00 5.0D-09 0.0D+00       21      110       21      210  S
     13      1   2.7809774620166333D-01 6.1D-09 0.0D+00 4.8D-09 0.0D+00       22      122       22      220  S
     13      1   2.7809533259723390D-01 6.1D-09 0.0D+00 1.6D-09 0.0D+00       22      125       22      220  S
     13      1   2.9328684592457011D-01 7.4D-09 0.0D+00 2.9D-09 0.0D+00       21      148       21      210  S
     13      1   2.7809533259730862D-01 6.1D-09 0.0D+00 3.6D-09 0.0D+00       22      115       22      220  S
     13      1   2.9328684592603493D-01 7.4D-09 0.0D+00 8.4D-09 0.0D+00       22      178       22      220  S
     13      1   2.9328684592471294D-01 7.4D-09 0.0D+00 7.0D-09 0.0D+00       21      131       21      210  S
     13      1   2.7809774595902875D-01 6.1D-09 0.0D+00 3.0D-09 0.0D+00       21      116       21      210  S
     13      1   2.9328684592476362D-01 7.4D-09 0.0D+00 2.3D-08 0.0D+00       23      176       23      230  S
     13      1   2.7774413406498571D-01 5.7D-09 0.0D+00 1.6D-09 0.0D+00       22      124       22      220  S
     13      1   2.9328684592564813D-01 7.4D-09 0.0D+00 4.7D-09 0.0D+00       21      137       21      210  S
     13      1   2.7809533259723301D-01 6.1D-09 0.0D+00 9.3D-09 0.0D+00       22      122       22      220  S
     13      1   3.0418060575363326D-01 6.7D-09 0.0D+00 2.6D-07 0.0D+00       24      181       24      240  S
     13      1   2.9328684592477572D-01 7.4D-09 0.0D+00 4.8D-09 0.0D+00       21      150       21      210  S
     13      1   2.9328684591974979D-01 7.4D-09 0.0D+00 3.2D-07 0.0D+00       22      144       22      220  S
     13      1   2.7809533259732855D-01 6.1D-09 0.0D+00 2.9D-09 0.0D+00       22      118       22      220  S
     13      1   2.9328684592277277D-01 7.4D-09 0.0D+00 1.0D-07 0.0D+00       22      146       22      220  S
     13      1   2.9328684592531740D-01 7.4D-09 0.0D+00 2.4D-09 0.0D+00       22      146       22      220  S
     13      1   2.7810360998165035D-01 6.1D-09 0.0D+00 5.8D-09 0.0D+00       22      136       22      220  S
     13      1   2.9328684592343002D-01 7.4D-09 0.0D+00 7.9D-08 0.0D+00       23      159       23      230  S
     13      1   2.9329234676926258D-01 7.4D-09 0.0D+00 2.2D-07 0.0D+00       22      142       22      220  S
     13      1   3.6044766920109012D-01 1.4D-09 0.0D+00 2.1D+03 0.0D+00       26      333       26      260  S
     13      1   2.7809774620151317D-01 6.1D-09 0.0D+00 6.8D-09 0.0D+00       21      111       21      210  S
     13      1   2.7809774595937881D-01 6.1D-09 0.0D+00 6.9D-09 0.0D+00       22      135       22      220  S
     13      1   1.1025451008050033D+00 1.1D-16 0.0D+00 1.0D+00 0.0D+00        3       31        3       30  S
     13      1   2.7809533259724473D-01 6.1D-09 0.0D+00 6.5D-09 0.0D+00       22      119       22      220  S
     13      1   2.7809533259736707D-01 6.1D-09 0.0D+00 1.5D-09 0.0D+00       22      124       22      220  S
     13      1   2.9328684592335846D-01 7.4D-09 0.0D+00 7.3D-08 0.0D+00       23      157       23      230  S
     13      1   2.7809533259731095D-01 6.1D-09 0.0D+00 4.3D-09 0.0D+00       22      125       22      220  S
     13      1   2.7809533259700103D-01 6.1D-09 0.0D+00 6.1D-09 0.0D+00       21      117       21      210  S
     13      1   2.7810040583458528D-01 6.1D-09 0.0D+00 9.9D-09 0.0D+00       21      110       21      210  S
     13      1   2.9328684592491783D-01 7.4D-09 0.0D+00 1.4D-09 0.0D+00       22      140       22      220  S
     13      1   2.7809774595899583D-01 6.1D-09 0.0D+00 3.6D-09 0.0D+00       21      111       21      210  S
     13      1   2.9328684592582055D-01 7.4D-09 0.0D+00 4.7D-09 0.0D+00       22      168       22      220  S
     13      1   2.7810125555189291D-01 6.1D-09 0.0D+00 9.1D-09 0.0D+00       21      112       21      210  S
     13      1   2.7809774595927544D-01 6.1D-09 0.0D+00 6.8D-09 0.0D+00       22      120       22      220  S
     13      1   2.9328684592458920D-01 7.4D-09 0.0D+00 1.6D-09 0.0D+00       21      143       21      210  S
     13      1   2.7813761700933542D-01 6.2D-09 0.0D+00 8.5D-09 0.0D+00       22      122       22      220  S
     13      1   2.9328684592481619D-01 7.4D-09 0.0D+00 5.4D-09 0.0D+00       21      147       21      210  S
     13      1   2.7809774620180444D-01 6.1D-09 0.0D+00 2.6D-10 0.0D+00       22      127       22      220  S
     13      1   2.9328684592534976D-01 7.4D-09 0.0D+00 2.5D-09 0.0D+00       21      137       21      210  S
     13      1   2.7809533259697933D-01 6.1D-09 0.0D+00 7.0D-09 0.0D+00       21      112       21      210  S
     13      1   2.9328684592274723D-01 7.4D-09 0.0D+00 1.4D-07 0.0D+00       24      152       24      240  S
     13      1   2.9329234677091870D-01 7.4D-09 0.0D+00 1.5D-07 0.0D+00       22      147       22      220  S
     13      1   2.9328684592303439D-01 7.4D-09 0.0D+00 1.2D-07 0.0D+00       23      143       23      230  S
     13      1   2.9328684592459103D-01 7.4D-09 0.0D+00 1.2D-09 0.0D+00       21      141       21      210  S
     13      1   2.9328684592235227D-01 7.4D-09 0.0D+00 2.2D-07 0.0D+00       24      155       24      240  S
     13      1   2.7813761700937811D-01 6.2D-09 0.0D+00 9.5D-09 0.0D+00       22      129       22      220  S
     13      1   2.9328684592503801D-01 7.4D-09 0.0D+00 2.7D-08 0.0D+00       23      166       23      230  S
     13      1   2.7774703477368828D-01 5.7D-09 0.0D+00 5.9D-09 0.0D+00       22      119       22      220  S
     13      1   2.9328684592484472D-01 7.4D-09 0.0D+00 8.8D-10 0.0D+00       21      142       21      210  S
     13      1   2.7809533259712199D-01 6.1D-09 0.0D+00 7.0D-09 0.0D+00       21      109       21      210  S
     13      1   2.7813761700914102D-01 6.2D-09 0.0D+00 7.6D-09 0.0D+00       22      119       22      220  S
     13      1   2.7813761700924278D-01 6.2D-09 0.0D+00 5.2D-09 0.0D+00       22      134       22      220  S
     13      1   2.9328684592524179D-01 7.4D-09 0.0D+00 7.2D-10 0.0D+00       21      147       21      210  S
     13      1   2.9328684592477450D-01 7.4D-09 0.0D+00 8.2D-09 0.0D+00       21      151       21      210  S
     13      1   2.7810040583470053D-01 6.1D-09 0.0D+00 1.4D-09 0.0D+00       22      119       22      220  S
     13      1   2.9329234677335975D-01 7.4D-09 0.0D+00 3.2D-09 0.0D+00       21      144       21      210  S
     13      1   2.7809533259730540D-01 6.1D-09 0.0D+00 7.7D-09 0.0D+00       22      123       22      220  S
     13      1   2.7809533259720481D-01 6.1D-09 0.0D+00 9.2D-09 0.0D+00       22      119       22      220  S
     13      1   2.7810125555196935D-01 6.1D-09 0.0D+00 2.3D-09 0.0D+00       21      113       21      210  S
     13      1   2.9329234676795862D-01 7.4D-09 0.0D+00 3.2D-07 0.0D+00       22      148       22      220  S
     13      1   2.7813761700922474D-01 6.2D-09 0.0D+00 5.0D-09 0.0D+00       22      112       22      220  S
     13      1   2.9328684592041682D-01 7.4D-09 0.0D+00 3.3D-07 0.0D+00       22      156       22      220  S
     13      1   2.7809533259738400D-01 6.1D-09 0.0D+00 7.4D-09 0.0D+00       22      119       22      220  S
     13      1   2.9329234677319727D-01 7.4D-09 0.0D+00 2.6D-09 0.0D+00       22      155       22      220  S
     13      1   2.9328684592026416D-01 7.4D-09 0.0D+00 3.2D-07 0.0D+00       23      158       23      230  S
     13      1   2.7809533259723340D-01 6.1D-09 0.0D+00 9.1D-09 0.0D+00       22      119       22      220  S
     13      1   2.9328684592500670D-01 7.4D-09 0.0D+00 7.6D-09 0.0D+00       21      145       21      210  S
     13      1   2.7809533259733404D-01 6.1D-09 0.0D+00 3.3D-09 0.0D+00       22      131       22      220  S
     13      1   2.9328684592036136D-01 7.4D-09 0.0D+00 3.2D-07 0.0D+00       22      149       22      220  S
     13      1   2.7809642305340276D-01 6.1D-09 0.0D+00 4.2D-10 0.0D+00       22      124       22      220  S
     13      1   2.9328684592468551D-01 7.4D-09 0.0D+00 9.9D-09 0.0D+00       21      144       21      210  S
     13      1   2.9329234677263510D-01 7.4D-09 0.0D+00 1.7D-08 0.0D+00       23      153       23      230  S
     13      1   2.7809774620166450D-01 6.1D-09 0.0D+00 8.0D-09 0.0D+00       21      110       21      210  S
     13      1   2.9328684592527682D-01 7.4D-09 0.0D+00 7.7D-09 0.0D+00       21      160       21      210  S
     13      1   2.7775579320125771D-01 5.7D-09 0.0D+00 9.2D-09 0.0D+00       22      121       22      220  S
     13      1   2.7813252634934649D-01 6.2D-09 0.0D+00 1.9D-09 0.0D+00       22      133       22      220  S
     13      1   2.9329234676770960D-01 7.4D-09 0.0D+00 3.3D-07 0.0D+00       23      162       23      230  S
     13      1   2.9328684592228843D-01 7.4D-09 0.0D+00 1.6D-07 0.0D+00       23      161       23      230  S
     13      1   2.9328684592479071D-01 7.4D-09 0.0D+00 2.5D-09 0.0D+00       21      123       21      210  S
     13      1   2.9329234677271426D-01 7.4D-09 0.0D+00 4.0D-10 0.0D+00       21      145       21      210  S
     13      1   2.7809533259732072D-01 6.1D-09 0.0D+00 4.7D-09 0.0D+00       22      118       22      220  S
     13      1   2.7809774620164190D-01 6.1D-09 0.0D+00 2.1D-09 0.0D+00       21      120       21      210  S
     13      1   2.9328684592509341D-01 7.4D-09 0.0D+00 2.4D-10 0.0D+00       22      142       22      220  S
     13      1   2.9329234677230270D-01 7.4D-09 0.0D+00 6.4D-08 0.0D+00       24      164       24      240  S
     13      1   2.9328684592489584D-01 7.4D-09 0.0D+00 5.0D-09 0.0D+00       22      133       22      220  S
     13      1   2.7809642305318916D-01 6.1D-09 0.0D+00 5.7D-09 0.0D+00       21      112       21      210  S
     13      1   2.7813761700931433D-01 6.2D-09 0.0D+00 1.5D-09 0.0D+00       22      115       22      220  S
     13      1   2.7809533259723962D-01 6.1D-09 0.0D+00 6.5D-09 0.0D+00       22      121       22      220  S
     13      1   2.7809642305323568D-01 6.1D-09 0.0D+00 5.2D-09 0.0D+00       21      113       21      210  S
     13      1   2.9328684592501264D-01 7.4D-09 0.0D+00 4.0D-09 0.0D+00       22      144       22      220  S
     13      1   2.9328684592471888D-01 7.4D-09 0.0D+00 9.3D-09 0.0D+00       21      132       21      210  S
     13      1   2.7809774595901110D-01 6.1D-09 0.0D+00 2.8D-09 0.0D+00       21      114       21      210  S
     13      1   2.7809642305350629D-01 6.1D-09 0.0D+00 4.9D-09 0.0D+00       22      120       22      220  S
     13      1   2.9329234677299060D-01 7.4D-09 0.0D+00 6.7D-09 0.0D+00       21      131       21      210  S
     13      1   2.7809774620147815D-01 6.1D-09 0.0D+00 3.8D-09 0.0D+00       21      110       21      210  S
     13      1   2.7809533259737929D-01 6.1D-09 0.0D+00 3.0D-09 0.0D+00       22      129       22      220  S
     13      1   2.7774703477351798D-01 5.7D-09 0.0D+00 3.9D-09 0.0D+00       21      114       21      210  S
     13      1   2.9328684592031173D-01 7.4D-09 0.0D+00 2.9D-07 0.0D+00       23      160       23      230  S
     13      1   2.9328684592481480D-01 7.4D-09 0.0D+00 2.3D-08 0.0D+00       23      165       23      230  S
     13      1   2.7810125555222637D-01 6.1D-09 0.0D+00 7.6D-09 0.0D+00       22      131       22      220  S
     13      1   2.7810125555190285D-01 6.1D-09 0.0D+00 2.4D-09 0.0D+00       21      124       21      210  S
     13      1   2.7809533259736757D-01 6.1D-09 0.0D+00 9.5D-09 0.0D+00       22      127       22      220  S
     13      1   2.7809533259708691D-01 6.1D-09 0.0D+00 7.5D-09 0.0D+00       21      112       21      210  S
     13      1   2.7809991511472304D-01 6.1D-09 0.0D+00 9.3D-10 0.0D+00       22      134       22      220  S
     13      1   2.9329234676935778D-01 7.4D-09 0.0D+00 2.4D-07 0.0D+00       24      153       24      240  S
     13      1   2.9328684592457299D-01 7.4D-09 0.0D+00 5.1D-09 0.0D+00       21      153       21      210  S
     13      1   2.9328684592469478D-01 7.4D-09 0.0D+00 7.0D-09 0.0D+00       21      132       21      210  S
     13      1   2.9328684592413573D-01 7.4D-09 0.0D+00 7.8D-08 0.0D+00       23      162       23      230  S
     13      1   2.9328684591972942D-01 7.4D-09 0.0D+00 3.3D-07 0.0D+00       23      154       23      230  S
     13      1   2.9329234677295651D-01 7.4D-09 0.0D+00 8.9D-09 0.0D+00       21      156       21      210  S
     13      1   2.9328684592471677D-01 7.4D-09 0.0D+00 9.8D-09 0.0D+00       21      147       21      210  S
     13      1   2.9328684592566817D-01 7.4D-09 0.0D+00 1.2D-09 0.0D+00       22      156       22      220  S
     13      1   2.7810125555191451D-01 6.1D-09 0.0D+00 5.9D-09 0.0D+00       21      111       21      210  S
     13      1   2.7809533259703900D-01 6.1D-09 0.0D+00 1.5D-09 0.0D+00       21      115       21      210  S
     13      1   2.9328684592073673D-01 7.4D-09 0.0D+00 2.8D-07 0.0D+00       24      177       24      240  S
     13      1   2.9328684592511173D-01 7.4D-09 0.0D+00 2.1D-09 0.0D+00       22      151       22      220  S
     13   0.00    0.00    0.00   2.7774083779384023D-01 5.7D-09 0.0D+00 5.8D-09 0.0D+00       22      132       22      220     223     360     429     360     352   0.17     0    0    351  BR
     13      1   2.7809533259731539D-01 6.1D-09 0.0D+00 8.8D-09 0.0D+00       22      131       22      220  S
     13      1   2.9328684592476861D-01 7.4D-09 0.0D+00 2.3D-09 0.0D+00       22      149       22      220  S
     13      1   2.7809774595926512D-01 6.1D-09 0.0D+00 6.6D-09 0.0D+00       22      138       22      220  S
     13      1   2.7810352851333486D-01 6.1D-09 0.0D+00 2.1D-09 0.0D+00       22      136       22      220  S
     13      1   2.7809642305328364D-01 6.1D-09 0.0D+00 1.1D-09 0.0D+00       21      121       21      210  S
     13      1   2.7809533259687330D-01 6.1D-09 0.0D+00 7.7D-10 0.0D+00       21      120       21      210  S
     13      1   2.7809533259732278D-01 6.1D-09 0.0D+00 2.0D-09 0.0D+00       22      126       22      220  S
     13      1   2.9328684592228288D-01 7.4D-09 0.0D+00 1.6D-07 0.0D+00       22      160       22      220  S
     13      1   2.9328684592548382D-01 7.4D-09 0.0D+00 1.4D-09 0.0D+00       22      163       22      220  S
     13      1   2.9328684592451548D-01 7.4D-09 0.0D+00 4.6D-09 0.0D+00       21      144       21      210  S
     13      1   2.7810449418197702D-01 6.1D-09 0.0D+00 7.9D-09 0.0D+00       22      111       22      220  S
     13      1   2.9328684592039922D-01 7.4D-09 0.0D+00 3.3D-07 0.0D+00       22      146       22      220  S
     13      1   2.9328684592470272D-01 7.4D-09 0.0D+00 1.2D-09 0.0D+00       21      136       21      210  S
     13      1   3.0418783718203757D-01 6.7D-09 0.0D+00 2.8D-09 0.0D+00       22      159       22      220  S
     13      1   2.9328684592200838D-01 7.4D-09 0.0D+00 1.7D-07 0.0D+00       23      167       23      230  S
     13      1   2.7810040583474605D-01 6.1D-09 0.0D+00 1.2D-09 0.0D+00       22      118       22      220  S
     13      1   2.7813018987229149D-01 6.2D-09 0.0D+00 3.5D-09 0.0D+00       21      113       21      210  S
     13      1   2.7774703477361223D-01 5.7D-09 0.0D+00 1.6D-09 0.0D+00       22      126       22      220  S
     13      1   2.7809533259734870D-01 6.1D-09 0.0D+00 7.1D-09 0.0D+00       22      118       22      220  S
     13      1   2.9329234676902816D-01 7.4D-09 0.0D+00 2.8D-07 0.0D+00       22      144       22      220  S
     13      1   2.9328684592327792D-01 7.4D-09 0.0D+00 1.0D-07 0.0D+00       23      146       23      230  S
     13      1   2.7813761700925943D-01 6.2D-09 0.0D+00 4.6D-09 0.0D+00       22      129       22      220  S
     13      1   2.7813761700890516D-01 6.2D-09 0.0D+00 4.0D-09 0.0D+00       21      118       21      210  S
     13      1   2.9328684592479798D-01 7.4D-09 0.0D+00 5.7D-09 0.0D+00       21      133       21      210  S
     13      1   2.9328684592257859D-01 7.4D-09 0.0D+00 1.5D-07 0.0D+00       23      140       23      230  S
     13      1   2.9328684592550402D-01 7.4D-09 0.0D+00 5.7D-09 0.0D+00       21      130       21      210  S
     13      1   2.7809533259726577D-01 6.1D-09 0.0D+00 2.2D-10 0.0D+00       22      120       22      220  S
     13      1   2.9328684592027293D-01 7.4D-09 0.0D+00 3.2D-07 0.0D+00       22      146       22      220  S
     13      1   2.9328684592025783D-01 7.4D-09 0.0D+00 3.1D-07 0.0D+00       22      172       22      220  S
     13      1   2.7809774595913683D-01 6.1D-09 0.0D+00 3.4D-09 0.0D+00       21      117       21      210  S
     13      1   2.9329234677358584D-01 7.4D-09 0.0D+00 8.2D-09 0.0D+00       22      143       22      220  S
     13      1   2.7809642305317139D-01 6.1D-09 0.0D+00 4.6D-09 0.0D+00       21      112       21      210  S
     13      1   2.7809642305350768D-01 6.1D-09 0.0D+00 9.9D-10 0.0D+00       22      128       22      220  S
     13      1   2.9328684592536103D-01 7.4D-09 0.0D+00 2.9D-10 0.0D+00       21      139       21      210  S
     13      1   2.9328684592474707D-01 7.4D-09 0.0D+00 9.4D-09 0.0D+00       21      140       21      210  S
     13      1   2.7775511130244829D-01 5.7D-09 0.0D+00 2.4D-09 0.0D+00       22      123       22      220  S
     13      1   2.7813761700925693D-01 6.2D-09 0.0D+00 9.8D-09 0.0D+00       22      117       22      220  S
     13      1   2.7809533259712155D-01 6.1D-09 0.0D+00 8.5D-09 0.0D+00       21      112       21      210  S
     13      1   5.3684857241745387D-01 2.6D-05 0.0D+00 6.4D+13 0.0D+00       24      204       25      250  S
     13      1   2.7809533259724134D-01 6.1D-09 0.0D+00 6.5D-09 0.0D+00       22      115       22      220  S
     13      1   2.7809642305315602D-01 6.1D-09 0.0D+00 7.4D-09 0.0D+00       21      115       21      210  S
     13      1   2.9328684592034659D-01 7.4D-09 0.0D+00 2.9D-07 0.0D+00       22      148       22      220  S
     13      1   2.7809533259732117D-01 6.1D-09 0.0D+00 4.7D-09 0.0D+00       22      119       22      220  S
     13      1   2.7809533259722780D-01 6.1D-09 0.0D+00 4.1D-09 0.0D+00       22      118       22      220  S
     13      1   2.7813018987224858D-01 6.2D-09 0.0D+00 2.2D-09 0.0D+00       21      113       21      210  S
     13      1   2.7809774620165251D-01 6.1D-09 0.0D+00 4.9D-09 0.0D+00       21      109       21      210  S
     13      1   2.9328684592550569D-01 7.4D-09 0.0D+00 8.4D-09 0.0D+00       21      147       21      210  S
     13      1   2.9328684592320642D-01 7.4D-09 0.0D+00 9.9D-08 0.0D+00       23      154       23      230  S
     13      1   2.7809774595932440D-01 6.1D-09 0.0D+00 1.7D-09 0.0D+00       22      123       22      220  S
     13      1   2.9328684591983184D-01 7.4D-09 0.0D+00 3.2D-07 0.0D+00       22      148       22      220  S
     13      1   2.7809642305352711D-01 6.1D-09 0.0D+00 6.1D-09 0.0D+00       22      143       22      220  S
     13      1   2.7809774595945463D-01 6.1D-09 0.0D+00 8.8D-09 0.0D+00       22      125       22      220  S
     13      1   2.9328684592278542D-01 7.4D-09 0.0D+00 1.4D-07 0.0D+00       22      150       22      220  S
     13      1   2.9328684592490334D-01 7.4D-09 0.0D+00 2.3D-09 0.0D+00       21      143       21      210  S
     13      1   2.9328684592464005D-01 7.4D-09 0.0D+00 1.6D-08 0.0D+00       22      170       22      220  S
     13      1   2.9328684592214255D-01 7.4D-09 0.0D+00 1.6D-07 0.0D+00       22      145       22      220  S
     13      1   2.9328684592262128D-01 7.4D-09 0.0D+00 1.6D-07 0.0D+00       23      175       23      230  S
     13      1   2.9329234677121840D-01 7.4D-09 0.0D+00 7.9D-08 0.0D+00       22      156       22      220  S
     13      1   2.7809533259706637D-01 6.1D-09 0.0D+00 1.8D-09 0.0D+00       21      111       21      210  S
     13      1   2.7809642305357790D-01 6.1D-09 0.0D+00 8.5D-10 0.0D+00       22      130       22      220  S
     13      1   2.7774601066444898D-01 5.7D-09 0.0D+00 9.0D-10 0.0D+00       22      129       22      220  S
     13      1   2.7810040583445345D-01 6.1D-09 0.0D+00 4.7D-09 0.0D+00       21      108       21      210  S
     13      1   2.9329234676868177D-01 7.4D-09 0.0D+00 3.2D-07 0.0D+00       24      156       24      240  S
     13      1   2.9328684592447052D-01 7.4D-09 0.0D+00 4.1D-09 0.0D+00       21      127       21      210  S
     13      1   2.9328684592207382D-01 7.4D-09 0.0D+00 1.6D-07 0.0D+00       22      142       22      220  S
     13      1   2.7809533259702734D-01 6.1D-09 0.0D+00 6.7D-09 0.0D+00       21      117       21      210  S
     13      1   2.7810352851319814D-01 6.1D-09 0.0D+00 7.8D-09 0.0D+00       21      116       21      210  S
     13      1   2.9328684592495313D-01 7.4D-09 0.0D+00 7.5D-09 0.0D+00       22      118       22      220  S
     13      1   2.7809533259721153D-01 6.1D-09 0.0D+00 2.7D-09 0.0D+00       22      123       22      220  S
     13      1   2.7809533259732000D-01 6.1D-09 0.0D+00 7.3D-09 0.0D+00       22      133       22      220  S
     13      1   2.7809533259731029D-01 6.1D-09 0.0D+00 1.5D-09 0.0D+00       22      121       22      220  S
     13      1   2.9328684592232490D-01 7.4D-09 0.0D+00 1.7D-07 0.0D+00       24      176       24      240  S
     13      1   2.7809774620181738D-01 6.1D-09 0.0D+00 1.2D-12 0.0D+00       22      123       22      220  S
     13      1   2.7809533259734981D-01 6.1D-09 0.0D+00 2.3D-09 0.0D+00       22      120       22      220  S
     13      1   2.9328684592588788D-01 7.4D-09 0.0D+00 3.6D-09 0.0D+00       22      156       22      220  S
     13      1   2.7809533259725278D-01 6.1D-09 0.0D+00 9.1D-09 0.0D+00       22      138       22      220  S
     13      1   2.7809533259731972D-01 6.1D-09 0.0D+00 4.6D-09 0.0D+00       22      122       22      220  S
     13      1   2.9328684592082715D-01 7.4D-09 0.0D+00 2.8D-07 0.0D+00       24      162       24      240  S
     13      1   2.9328684592479376D-01 7.4D-09 0.0D+00 2.4D-09 0.0D+00       21      135       21      210  S
     13      1   2.7809774595935249D-01 6.1D-09 0.0D+00 1.1D-09 0.0D+00       22      125       22      220  S
     13      1   2.7809533259739067D-01 6.1D-09 0.0D+00 2.5D-09 0.0D+00       22      121       22      220  S
     13      1   2.7813761700927642D-01 6.2D-09 0.0D+00 4.6D-09 0.0D+00       22      125       22      220  S
     13      1   2.9328684592309184D-01 7.4D-09 0.0D+00 1.2D-07 0.0D+00       23      155       23      230  S
     13      1   2.9328684592584392D-01 7.4D-09 0.0D+00 5.9D-09 0.0D+00       22      159       22      220  S
     13      1   2.7809533259731978D-01 6.1D-09 0.0D+00 3.8D-09 0.0D+00       22      116       22      220  S
     13      1   2.9328684592465082D-01 7.4D-09 0.0D+00 5.7D-09 0.0D+00       21      152       21      210  S
     13      1   2.7809533259726343D-01 6.1D-09 0.0D+00 5.1D-09 0.0D+00       22      119       22      220  S
     13      1   2.9328684592553289D-01 7.4D-09 0.0D+00 9.8D-09 0.0D+00       22      174       22      220  S
     13      1   2.7809533259722807D-01 6.1D-09 0.0D+00 2.7D-09 0.0D+00       22      117       22      220  S
     13      1   2.7809533259725910D-01 6.1D-09 0.0D+00 9.5D-09 0.0D+00       22      121       22      220  S
     13      1   2.7809533259733255D-01 6.1D-09 0.0D+00 6.6D-09 0.0D+00       22      130       22      220  S
     13      1   2.9328684592261994D-01 7.4D-09 0.0D+00 1.4D-07 0.0D+00       22      165       22      220  S
     13      1   2.9328684592480525D-01 7.4D-09 0.0D+00 8.3D-09 0.0D+00       21      150       21      210  S
     13      1   2.7809774595932679D-01 6.1D-09 0.0D+00 1.9D-09 0.0D+00       22      132       22      220  S
     13      1   2.7810040583455214D-01 6.1D-09 0.0D+00 6.4D-09 0.0D+00       21      111       21      210  S
     13      1   2.7809533259729435D-01 6.1D-09 0.0D+00 5.6D-09 0.0D+00       22      118       22      220  S
     13      1   2.9328684592541754D-01 7.4D-09 0.0D+00 1.4D-09 0.0D+00       21      158       21      210  S
     13      1   2.7809533259728542D-01 6.1D-09 0.0D+00 9.8D-10 0.0D+00       22      116       22      220  S
     13      1   2.9328684592517335D-01 7.4D-09 0.0D+00 6.4D-09 0.0D+00       21      150       21      210  S
     13      1   2.7809533259735492D-01 6.1D-09 0.0D+00 6.0D-09 0.0D+00       22      125       22      220  S
     13      1   2.7810040583448536D-01 6.1D-09 0.0D+00 3.4D-09 0.0D+00       21      110       21      210  S
     13      1   2.7809774620142275D-01 6.1D-09 0.0D+00 6.0D-09 0.0D+00       21      109       21      210  S
     13      1   2.9328684592494886D-01 7.4D-09 0.0D+00 5.2D-09 0.0D+00       21      145       21      210  S
     13      1   2.9329234677307342D-01 7.4D-09 0.0D+00 8.5D-09 0.0D+00       22      147       22      220  S
     13      1   2.9328684592500193D-01 7.4D-09 0.0D+00 7.7D-09 0.0D+00       21      126       21      210  S
     13      1   2.9328684592457782D-01 7.4D-09 0.0D+00 3.6D-09 0.0D+00       21      123       21      210  S
     13      1   2.7809533259711045D-01 6.1D-09 0.0D+00 1.0D-08 0.0D+00       21      116       21      210  S
     13      1   2.9328684592524734D-01 7.4D-09 0.0D+00 8.9D-09 0.0D+00       21      149       21      210  S
     13      1   2.7774709834707667D-01 5.7D-09 0.0D+00 2.7D-09 0.0D+00       22      126       22      220  S
     13      1   2.7809991511459897D-01 6.1D-09 0.0D+00 1.8D-09 0.0D+00       22      120       22      220  S
     13      1   2.7809533259727698D-01 6.1D-09 0.0D+00 6.7D-09 0.0D+00       22      125       22      220  S
     13      1   2.7809533259707092D-01 6.1D-09 0.0D+00 2.7D-09 0.0D+00       21      117       21      210  S
     13      1   2.7809774595927056D-01 6.1D-09 0.0D+00 2.4D-09 0.0D+00       22      122       22      220  S
     13      1   2.7810352851306258D-01 6.1D-09 0.0D+00 7.2D-09 0.0D+00       21      114       21      210  S
     13      1   2.7813761700918432D-01 6.2D-09 0.0D+00 6.7D-09 0.0D+00       22      126       22      220  S
     13      1   2.7810125555192650D-01 6.1D-09 0.0D+00 5.1D-10 0.0D+00       21      111       21      210  S
     13      1   2.7809533259733860D-01 6.1D-09 0.0D+00 4.7D-09 0.0D+00       22      125       22      220  S
     13      1   2.7813018987231669D-01 6.2D-09 0.0D+00 3.9D-09 0.0D+00       21      114       21      210  S
     13      1   2.7813365133876194D-01 6.2D-09 0.0D+00 3.2D-10 0.0D+00       21      116       21      210  S
     13      1   2.7809774595939424D-01 6.1D-09 0.0D+00 4.6D-09 0.0D+00       22      131       22      220  S
     13      1   2.9329234677289162D-01 7.4D-09 0.0D+00 4.2D-10 0.0D+00       21      133       21      210  S
     13      1   2.7813761700915440D-01 6.2D-09 0.0D+00 1.2D-09 0.0D+00       22      123       22      220  S
     13      1   2.9328684592557519D-01 7.4D-09 0.0D+00 7.9D-09 0.0D+00       22      151       22      220  S
     13      1   2.7809533259727864D-01 6.1D-09 0.0D+00 6.5D-09 0.0D+00       22      119       22      220  S
     13      1   2.7809533259731478D-01 6.1D-09 0.0D+00 4.6D-09 0.0D+00       22      117       22      220  S
     13      1   2.7813365133890650D-01 6.2D-09 0.0D+00 9.3D-09 0.0D+00       21      119       21      210  S
     13   0.00    0.00    0.00   2.7774066914589912D-01 5.7D-09 0.0D+00 3.0D-09 0.0D+00       22      121       22      220     177     343     377     343     341   0.25     0    0    478  BR
     13      1   2.9328684592587656D-01 7.4D-09 0.0D+00 7.8D-09 0.0D+00       22      150       22      220  S
     13      1   2.7809533259716313D-01 6.1D-09 0.0D+00 4.9D-09 0.0D+00       22      126       22      220  S
     13      1   2.9328684592394555D-01 7.4D-09 0.0D+00 5.0D-08 0.0D+00       23      167       23      230  S
     13      1   2.7809533259704949D-01 6.1D-09 0.0D+00 2.2D-09 0.0D+00       21      110       21      210  S
     13      1   2.7809533259727004D-01 6.1D-09 0.0D+00 6.7D-09 0.0D+00       22      120       22      220  S
     13      1   2.7813761700919060D-01 6.2D-09 0.0D+00 5.1D-09 0.0D+00       22      117       22      220  S
     13      1   2.9328684592500581D-01 7.4D-09 0.0D+00 8.6D-09 0.0D+00       21      152       21      210  S
     13      1   2.7809533259734520D-01 6.1D-09 0.0D+00 3.6D-09 0.0D+00       22      121       22      220  S
     13      1   2.9329234677178007D-01 7.4D-09 0.0D+00 1.2D-07 0.0D+00       23      181       23      230  S
     13      1   2.9328684592444643D-01 7.4D-09 0.0D+00 1.1D-10 0.0D+00       21      129       21      210  S
     13      1   2.7809533259732255D-01 6.1D-09 0.0D+00 8.7D-09 0.0D+00       22      121       22      220  S
     13      1   2.9328684592043552D-01 7.4D-09 0.0D+00 3.3D-07 0.0D+00       23      183       23      230  S
     13      1   2.9328684592373561D-01 7.4D-09 0.0D+00 5.8D-08 0.0D+00       22      164       22      220  S
     13      1   2.9328684592131199D-01 7.4D-09 0.0D+00 2.2D-07 0.0D+00       22      159       22      220  S
     13      1   2.7809533259726393D-01 6.1D-09 0.0D+00 3.8D-09 0.0D+00       22      113       22      220  S
     13      1   2.9328684592487747D-01 7.4D-09 0.0D+00 2.5D-09 0.0D+00       22      137       22      220  S
     13      1   2.9329234677350247D-01 7.4D-09 0.0D+00 5.6D-09 0.0D+00       21      156       21      210  S
     13      1   2.9328684592004495D-01 7.4D-09 0.0D+00 3.3D-07 0.0D+00       23      166       23      230  S
     13      1   2.9328684592263832D-01 7.4D-09 0.0D+00 1.6D-07 0.0D+00       23      146       23      230  S
     13      1   2.9328684592542781D-01 7.4D-09 0.0D+00 3.6D-09 0.0D+00       22      134       22      220  S
     13      1   2.7810040583456219D-01 6.1D-09 0.0D+00 1.6D-09 0.0D+00       21      111       21      210  S
     13      1   6.1119792002989448D-01 0.0D+00 0.0D+00 6.1D-01 0.0D+00        3       37        3       30  S
