      3      1   5.0004083140466771D-01 1.0D-08 0.0D+00 2.0D-06 0.0D+00       21      116       21      210  S
      3      1   5.0004083140462985D-01 1.0D-08 0.0D+00 2.0D-06 0.0D+00       23      127       23      230  S
      3      1   5.0004083140576272D-01 1.0D-08 0.0D+00 2.0D-06 0.0D+00       20       97       20      200  S
      3      1   5.0004115421444806D-01 9.3D-09 0.0D+00 7.7D-09 0.0D+00       19       94       19      190  S
      3      1   5.0004181846204232D-01 8.0D-09 0.0D+00 7.0D-10 0.0D+00       19       96       19      190  S
      3      1   5.0004164370797344D-01 8.3D-09 0.0D+00 5.2D-09 0.0D+00       19       96       19      190  S
      3      1   5.0004102107530357D-01 9.6D-09 0.0D+00 2.8D-09 0.0D+00       19       98       19      190  S
      3      1   5.0004083140471345D-01 1.0D-08 0.0D+00 2.0D-06 0.0D+00       21      109       21      210  S
      3      1   5.0004083140574573D-01 1.0D-08 0.0D+00 2.0D-06 0.0D+00       20      100       20      200  S
      3      1   5.0004092622074070D-01 9.8D-09 0.0D+00 1.9D-06 0.0D+00       20      101       20      200  S
      3      1   5.0004157131685456D-01 8.4D-09 0.0D+00 7.7D-09 0.0D+00       19       95       19      190  S
      3      1   5.0004083140475208D-01 1.0D-08 0.0D+00 2.0D-06 0.0D+00       23      131       23      230  S
      3      1   5.0004083140574795D-01 1.0D-08 0.0D+00 2.0D-06 0.0D+00       21      112       21      210  S
      3      1   5.0004083140576439D-01 1.0D-08 0.0D+00 2.0D-06 0.0D+00       20      102       20      200  S
      3      1   5.0004083140473587D-01 1.0D-08 0.0D+00 2.0D-06 0.0D+00       21      109       21      210  S
      3      1   5.0004083140470790D-01 1.0D-08 0.0D+00 2.0D-06 0.0D+00       22      118       22      220  S
      3      1   5.0004133449454269D-01 8.9D-09 0.0D+00 3.9D-09 0.0D+00       19       94       19      190  S
      3      1   5.0004083140474909D-01 1.0D-08 0.0D+00 2.0D-06 0.0D+00       21      110       21      210  S
      3      1   5.0004083140573696D-01 1.0D-08 0.0D+00 2.0D-06 0.0D+00       20      103       20      200  S
      3      1   5.0004083140573896D-01 1.0D-08 0.0D+00 2.0D-06 0.0D+00       22      120       22      220  S
      3      1   5.0004083140576205D-01 1.0D-08 0.0D+00 2.0D-06 0.0D+00       20      103       20      200  S
      3      1   5.0004083140577005D-01 1.0D-08 0.0D+00 2.0D-06 0.0D+00       20      100       20      200  S
      3      1   5.0004083140571498D-01 1.0D-08 0.0D+00 2.0D-06 0.0D+00       20      102       20      200  S
      3      1   5.0004168494288348D-01 8.2D-09 0.0D+00 3.3D-09 0.0D+00       19       96       19      190  S
      3      1   5.0004092161865732D-01 9.8D-09 0.0D+00 1.9D-06 0.0D+00       21      113       21      210  S
      3      1   5.0004083140575595D-01 1.0D-08 0.0D+00 2.0D-06 0.0D+00       20      100       20      200  S
      3      1   5.0004083140566535D-01 1.0D-08 0.0D+00 2.0D-06 0.0D+00       20      100       20      200  S
      3      1   5.0004083140572297D-01 1.0D-08 0.0D+00 2.0D-06 0.0D+00       21      110       21      210  S
      3      1   5.0004083140573974D-01 1.0D-08 0.0D+00 2.0D-06 0.0D+00       21      114       21      210  S
      3      1   5.0004083140574229D-01 1.0D-08 0.0D+00 2.0D-06 0.0D+00       20      100       20      200  S
      3      1   5.0004083140574029D-01 1.0D-08 0.0D+00 2.0D-06 0.0D+00       20       96       20      200  S
      3      1   5.0004083140573230D-01 1.0D-08 0.0D+00 2.0D-06 0.0D+00       21      112       21      210  S
      3      1   5.0004127496873096D-01 9.0D-09 0.0D+00 2.1D-09 0.0D+00       19       94       19      190  S
      3      1   5.0004083140470845D-01 1.0D-08 0.0D+00 2.0D-06 0.0D+00       21      115       21      210  S
      3      1   5.0004093102408098D-01 9.7D-09 0.0D+00 2.6D-11 0.0D+00       19       91       19      190  S
      3      1   5.0004111899436632D-01 9.3D-09 0.0D+00 2.3D-11 0.0D+00       19       90       19      190  S
      3      1   5.0004179270972560D-01 8.0D-09 0.0D+00 2.6D-09 0.0D+00       19       93       19      190  S
      3      1   5.0004083140572508D-01 1.0D-08 0.0D+00 2.0D-06 0.0D+00       20      104       20      200  S
      3      1   5.0004095026911366D-01 9.7D-09 0.0D+00 3.1D-09 0.0D+00       19       91       19      190  S
      3      1   5.0004167125160004D-01 8.3D-09 0.0D+00 8.0D-09 0.0D+00       19       96       19      190  S
      3      1   5.0004083140572564D-01 1.0D-08 0.0D+00 2.0D-06 0.0D+00       20      102       20      200  S
      3      1   5.0004093965361884D-01 9.7D-09 0.0D+00 3.2D-09 0.0D+00       19       92       19      190  S
      3      1   5.0004096902849182D-01 9.7D-09 0.0D+00 3.7D-09 0.0D+00       19       93       19      190  S
      3      1   5.0004099803103874D-01 9.6D-09 0.0D+00 5.2D-09 0.0D+00       19       91       19      190  S
      3      1   5.0004102666939187D-01 9.5D-09 0.0D+00 8.7D-10 0.0D+00       19       92       19      190  S
      3      1   5.0004105470062721D-01 9.5D-09 0.0D+00 2.3D-09 0.0D+00       19       92       19      190  S
      3      1   5.0004083140475231D-01 1.0D-08 0.0D+00 2.0D-06 0.0D+00       22      123       22      220  S
      3      1   5.0004083140573008D-01 1.0D-08 0.0D+00 2.0D-06 0.0D+00       20      107       20      200  S
      3      1   5.0004113652386373D-01 9.3D-09 0.0D+00 7.0D-09 0.0D+00       19       93       19      190  S
      3      1   5.0004116314108615D-01 9.3D-09 0.0D+00 2.4D-09 0.0D+00       19       91       19      190  S
      3      1   5.0004118944108900D-01 9.2D-09 0.0D+00 6.2D-10 0.0D+00       19       87       19      190  S
      3      1   5.0004121543067992D-01 9.2D-09 0.0D+00 2.7D-09 0.0D+00       19       94       19      190  S
      3      1   5.0004124111628845D-01 9.1D-09 0.0D+00 9.5D-09 0.0D+00       19       96       19      190  S
      3      1   5.0004126650407121D-01 9.0D-09 0.0D+00 2.2D-09 0.0D+00       19       92       19      190  S
      3      1   5.0004093083375600D-01 9.7D-09 0.0D+00 5.2D-09 0.0D+00       19       93       19      190  S
      3      1   5.0004165747030649D-01 8.3D-09 0.0D+00 4.3D-09 0.0D+00       19       95       19      190  S
      3      1   5.0004134094093200D-01 8.9D-09 0.0D+00 6.8D-09 0.0D+00       19       89       19      190  S
      3      1   5.0004136519671916D-01 8.9D-09 0.0D+00 7.5D-09 0.0D+00       19       93       19      190  S
      3      1   5.0004138918336738D-01 8.8D-09 0.0D+00 2.2D-09 0.0D+00       19       97       19      190  S
      3      1   5.0004141290619786D-01 8.8D-09 0.0D+00 7.0D-09 0.0D+00       19       95       19      190  S
      3      1   5.0004143637045084D-01 8.7D-09 0.0D+00 8.3D-09 0.0D+00       19       93       19      190  S
      3      1   5.0004083140470956D-01 1.0D-08 0.0D+00 2.0D-06 0.0D+00       21      107       21      210  S
      3      1   5.0004083140477862D-01 1.0D-08 0.0D+00 2.0D-06 0.0D+00       21      105       21      210  S
      3      1   5.0004083140463185D-01 1.0D-08 0.0D+00 2.0D-06 0.0D+00       21      107       21      210  S
      3      1   5.0004124164402186D-01 9.1D-09 0.0D+00 6.3D-09 0.0D+00       19       93       19      190  S
      3      1   5.0004083140474453D-01 1.0D-08 0.0D+00 2.0D-06 0.0D+00       21      109       21      210  S
      3      1   5.0004083140574007D-01 1.0D-08 0.0D+00 2.0D-06 0.0D+00       20       96       20      200  S
      3      1   5.0004108320583573D-01 9.4D-09 0.0D+00 7.7D-09 0.0D+00       19       92       19      190  S
      3      1   5.0004174639933208D-01 8.1D-09 0.0D+00 2.0D-09 0.0D+00       19       95       19      190  S
      3      1   5.0004155596783062D-01 8.5D-09 0.0D+00 6.6D-09 0.0D+00       19       93       19      190  S
      3      1   5.0004142829084275D-01 8.7D-09 0.0D+00 3.2D-10 0.0D+00       19       92       19      190  S
      3      1   5.0004129253212493D-01 9.0D-09 0.0D+00 9.1D-09 0.0D+00       19       89       19      190  S
      3      1   5.0004169941410936D-01 8.2D-09 0.0D+00 5.0D-09 0.0D+00       19       93       19      190  S
      3      1   5.0004171991954960D-01 8.2D-09 0.0D+00 4.4D-09 0.0D+00       19       94       19      190  S
      3      1   5.0004174022498227D-01 8.1D-09 0.0D+00 5.0D-09 0.0D+00       19       94       19      190  S
      3      1   5.0004176033393866D-01 8.1D-09 0.0D+00 2.5D-09 0.0D+00       19       92       19      190  S
      3      1   5.0004178025021173D-01 8.0D-09 0.0D+00 4.7D-09 0.0D+00       19       94       19      190  S
      3      1   5.0004083140572397D-01 1.0D-08 0.0D+00 2.0D-06 0.0D+00       20      100       20      200  S
      3      1   5.0004090065030105D-01 9.8D-09 0.0D+00 6.7D-09 0.0D+00       19       90       19      190  S
      3      1   5.0004183887038212D-01 7.9D-09 0.0D+00 6.0D-09 0.0D+00       19       95       19      190  S
      3      1   5.0004185804560541D-01 7.9D-09 0.0D+00 3.0D-09 0.0D+00       19       94       19      190  S
      3      1   5.0004083140474942D-01 1.0D-08 0.0D+00 2.0D-06 0.0D+00       21      108       21      210  S
      3      1   5.0004083140477240D-01 1.0D-08 0.0D+00 2.0D-06 0.0D+00       21      115       21      210  S
      3      1   5.0004083140470257D-01 1.0D-08 0.0D+00 2.0D-06 0.0D+00       21      105       21      210  S
      3      1   5.0004083140470101D-01 1.0D-08 0.0D+00 2.0D-06 0.0D+00       21      109       21      210  S
      3      1   5.0004112801886147D-01 9.3D-09 0.0D+00 4.5D-10 0.0D+00       19       91       19      190  S
      3      1   5.0004151915253925D-01 8.5D-09 0.0D+00 6.7D-09 0.0D+00       19       89       19      190  S
      3      1   5.0004083140472688D-01 1.0D-08 0.0D+00 2.0D-06 0.0D+00       21      115       21      210  S
      3      1   5.0004083140469036D-01 1.0D-08 0.0D+00 2.0D-06 0.0D+00       21      107       21      210  S
      3      1   5.0004083140467848D-01 1.0D-08 0.0D+00 2.0D-06 0.0D+00       21      104       21      210  S
      3      1   5.0004083140472766D-01 1.0D-08 0.0D+00 2.0D-06 0.0D+00       21      115       21      210  S
      3      1   5.0004083140570077D-01 1.0D-08 0.0D+00 2.0D-06 0.0D+00       20       99       20      200  S
      3      1   5.0004083140575684D-01 1.0D-08 0.0D+00 2.0D-06 0.0D+00       20       95       20      200  S
      3      1   5.0004135778849224D-01 8.9D-09 0.0D+00 2.4D-09 0.0D+00       19       94       19      190  S
      3      1   5.0004083140475808D-01 1.0D-08 0.0D+00 2.0D-06 0.0D+00       21      107       21      210  S
      3      1   5.0004083140573863D-01 1.0D-08 0.0D+00 2.0D-06 0.0D+00       20       98       20      200  S
      3      1   5.0004157351032585D-01 8.4D-09 0.0D+00 8.6D-09 0.0D+00       19       95       19      190  S
      3      1   5.0004083140473843D-01 1.0D-08 0.0D+00 2.0D-06 0.0D+00       21      108       21      210  S
      3      1   5.0004083140467315D-01 1.0D-08 0.0D+00 2.0D-06 0.0D+00       21      109       21      210  S
      3      1   5.0004083140475375D-01 1.0D-08 0.0D+00 2.0D-06 0.0D+00       21      108       21      210  S
      3      1   5.0004174022261516D-01 8.1D-09 0.0D+00 7.5D-10 0.0D+00       19       96       19      190  S
      3      1   5.0004083140470901D-01 1.0D-08 0.0D+00 2.0D-06 0.0D+00       22      125       22      220  S
      3      1   5.0004087152262933D-01 9.9D-09 0.0D+00 7.6D-10 0.0D+00       19       93       19      190  S
      3      1   5.0004083140477473D-01 1.0D-08 0.0D+00 2.0D-06 0.0D+00       21      112       21      210  S
      3      1   5.0004083140566447D-01 1.0D-08 0.0D+00 2.0D-06 0.0D+00       21      107       21      210  S
      3      1   5.0004083140572153D-01 1.0D-08 0.0D+00 2.0D-06 0.0D+00       20       99       20      200  S
      3      1   5.0004083140574329D-01 1.0D-08 0.0D+00 2.0D-06 0.0D+00       20      102       20      200  S
      3      1   5.0004083140568756D-01 1.0D-08 0.0D+00 2.0D-06 0.0D+00       20      100       20      200  S
      3      1   5.0004083140573141D-01 1.0D-08 0.0D+00 2.0D-06 0.0D+00       20      100       20      200  S
      3      1   5.0004134181208948D-01 8.9D-09 0.0D+00 3.8D-09 0.0D+00       19       94       19      190  S
      3      1   5.0004083140575151D-01 1.0D-08 0.0D+00 2.0D-06 0.0D+00       20      101       20      200  S
      3      1   5.0004083140568956D-01 1.0D-08 0.0D+00 2.0D-06 0.0D+00       20       99       20      200  S
      3      1   5.0004083140569944D-01 1.0D-08 0.0D+00 2.0D-06 0.0D+00       22      123       22      220  S
      3      1   5.0004083140567801D-01 1.0D-08 0.0D+00 2.0D-06 0.0D+00       20       94       20      200  S
      3      1   5.0004083140568545D-01 1.0D-08 0.0D+00 2.0D-06 0.0D+00       20      106       20      200  S
      3      1   5.0004083140570421D-01 1.0D-08 0.0D+00 2.0D-06 0.0D+00       20       95       20      200  S
      3      1   5.0004083140563360D-01 1.0D-08 0.0D+00 2.0D-06 0.0D+00       20      101       20      200  S
      3      1   5.0004083140475186D-01 1.0D-08 0.0D+00 2.0D-06 0.0D+00       21      109       21      210  S
      3      1   5.0004083140570210D-01 1.0D-08 0.0D+00 2.0D-06 0.0D+00       20       94       20      200  S
      3      1   5.0004083140567834D-01 1.0D-08 0.0D+00 2.0D-06 0.0D+00       21      106       21      210  S
      3      1   5.0004083140570788D-01 1.0D-08 0.0D+00 2.0D-06 0.0D+00       20      100       20      200  S
      3      1   5.0004083140572508D-01 1.0D-08 0.0D+00 2.0D-06 0.0D+00       20       97       20      200  S
      3      1   5.0004146801509353D-01 8.6D-09 0.0D+00 4.8D-09 0.0D+00       19       95       19      190  S
      3      1   5.0004083140477495D-01 1.0D-08 0.0D+00 2.0D-06 0.0D+00       21      109       21      210  S
      3      1   5.0004084428637663D-01 9.9D-09 0.0D+00 4.2D-09 0.0D+00       19       93       19      190  S
      3      1   5.0004132571710580D-01 8.9D-09 0.0D+00 2.5D-09 0.0D+00       19       91       19      190  S
      3      1   5.0004083140479971D-01 1.0D-08 0.0D+00 2.0D-06 0.0D+00       22      121       22      220  S
      3      1   5.0004083140570654D-01 1.0D-08 0.0D+00 2.0D-06 0.0D+00       20      102       20      200  S
      3      1   5.0004084949117777D-01 9.9D-09 0.0D+00 2.0D-06 0.0D+00       21      101       21      203  S
      3      1   5.0004088058546947D-01 9.8D-09 0.0D+00 2.0D-06 0.0D+00       20       97       20      193  S
      3      1   5.0004091065102907D-01 9.8D-09 0.0D+00 1.9D-06 0.0D+00       22      115       22      220  S
      3      1   5.0004100958562381D-01 9.6D-09 0.0D+00 8.0D-09 0.0D+00       19       92       19      190  S
      3      1   5.0004171347282378D-01 8.2D-09 0.0D+00 4.5D-09 0.0D+00       19       97       19      190  S
      3      1   5.0004088472899888D-01 9.8D-09 0.0D+00 3.7D-09 0.0D+00       19       92       19      190  S
      3      1   5.0004091480953028D-01 9.8D-09 0.0D+00 5.2D-09 0.0D+00       19       92       19      190  S
      3      1   5.0004094450195224D-01 9.7D-09 0.0D+00 5.2D-09 0.0D+00       19       92       19      190  S
      3      1   5.0004097381512902D-01 9.7D-09 0.0D+00 6.7D-09 0.0D+00       19       92       19      190  S
      3      1   5.0004100275725716D-01 9.6D-09 0.0D+00 6.4D-09 0.0D+00       19       95       19      190  S
      3      1   5.0004103133676436D-01 9.5D-09 0.0D+00 2.2D-09 0.0D+00       19       91       19      190  S
      3      1   5.0004083140475608D-01 1.0D-08 0.0D+00 2.0D-06 0.0D+00       21      115       21      210  S
      3      1   5.0004083140572064D-01 1.0D-08 0.0D+00 2.0D-06 0.0D+00       20      101       20      200  S
      3      1   5.0004111402829343D-01 9.4D-09 0.0D+00 3.0D-09 0.0D+00       19       92       19      190  S
      3      1   5.0004114091573504D-01 9.3D-09 0.0D+00 4.5D-09 0.0D+00       19       94       19      190  S
      3      1   5.0004116748031580D-01 9.3D-09 0.0D+00 5.4D-09 0.0D+00       19       92       19      190  S
      3      1   5.0004119372894029D-01 9.2D-09 0.0D+00 8.2D-09 0.0D+00       19       95       19      190  S
      3      1   5.0004121966816584D-01 9.1D-09 0.0D+00 7.5D-09 0.0D+00       19       93       19      190  S
      3      1   5.0004124530444660D-01 9.1D-09 0.0D+00 6.7D-09 0.0D+00       19       90       19      190  S
      3      1   5.0004099064978924D-01 9.6D-09 0.0D+00 1.9D-09 0.0D+00       19       91       19      190  S
      3      1   5.0004169996794334D-01 8.2D-09 0.0D+00 3.2D-09 0.0D+00       19       92       19      190  S
      3      1   5.0004083140476152D-01 1.0D-08 0.0D+00 2.0D-06 0.0D+00       21      108       21      210  S
      3      1   5.0004134494159713D-01 8.9D-09 0.0D+00 5.8D-09 0.0D+00       19       91       19      190  S
      3      1   5.0004136915283548D-01 8.8D-09 0.0D+00 2.4D-09 0.0D+00       19       93       19      190  S
      3      1   5.0004162032856991D-01 8.4D-09 0.0D+00 8.7D-09 0.0D+00       19       93       19      190  S
      3      1   5.0004149657563857D-01 8.6D-09 0.0D+00 4.0D-09 0.0D+00       19       94       19      190  S
      3      1   5.0004143755505426D-01 8.7D-09 0.0D+00 1.3D-09 0.0D+00       19       96       19      190  S
      3      1   5.0004083140475364D-01 1.0D-08 0.0D+00 2.0D-06 0.0D+00       21      112       21      210  S
      3      1   5.0004083140566835D-01 1.0D-08 0.0D+00 2.0D-06 0.0D+00       21      111       21      210  S
      3      1   5.0004129316479529D-01 9.0D-09 0.0D+00 1.6D-09 0.0D+00       19       91       19      190  S
      3      1   5.0004153139689755D-01 8.5D-09 0.0D+00 8.2D-10 0.0D+00       19       95       19      190  S
      3      1   5.0004155359862190D-01 8.5D-09 0.0D+00 1.1D-09 0.0D+00       19       95       19      190  S
      3      1   5.0004157557026307D-01 8.4D-09 0.0D+00 6.6D-09 0.0D+00       19       95       19      190  S
      3      1   5.0004159731581566D-01 8.4D-09 0.0D+00 1.3D-09 0.0D+00       19       96       19      190  S
      3      1   5.0004083140565347D-01 1.0D-08 0.0D+00 2.0D-06 0.0D+00       20      100       20      200  S
      3      1   5.0004083140575362D-01 1.0D-08 0.0D+00 2.0D-06 0.0D+00       20       98       20      200  S
      3      1   5.0004166123739224D-01 8.3D-09 0.0D+00 6.9D-09 0.0D+00       19       94       19      190  S
      3      1   5.0004168211913524D-01 8.2D-09 0.0D+00 4.6D-09 0.0D+00       19       90       19      190  S
      3      1   5.0004170279434523D-01 8.2D-09 0.0D+00 3.3D-09 0.0D+00       19       93       19      190  S
      3      1   5.0004172326664753D-01 8.2D-09 0.0D+00 2.5D-10 0.0D+00       19       94       19      190  S
      3      1   5.0004174353960540D-01 8.1D-09 0.0D+00 1.9D-09 0.0D+00       19       92       19      190  S
      3      1   5.0004176361665820D-01 8.1D-09 0.0D+00 8.9D-09 0.0D+00       19       96       19      190  S
      3      1   5.0004145870963013D-01 8.7D-09 0.0D+00 5.7D-09 0.0D+00       19       95       19      190  S
      3      1   5.0004137398800541D-01 8.8D-09 0.0D+00 6.7D-09 0.0D+00       19       86       19      190  S
      3      1   5.0004182270509001D-01 8.0D-09 0.0D+00 5.1D-09 0.0D+00       19       90       19      190  S
      3      1   5.0004184203077828D-01 7.9D-09 0.0D+00 1.1D-08 0.0D+00       20      100       20      200  S
      3      1   5.0004186117667615D-01 7.9D-09 0.0D+00 9.4D-09 0.0D+00       19       94       19      190  S
      3      1   5.0004083140471278D-01 1.0D-08 0.0D+00 2.0D-06 0.0D+00       22      121       22      220  S
      3      1   5.0004083140472511D-01 1.0D-08 0.0D+00 2.0D-06 0.0D+00       21      109       21      210  S
      3      1   5.0004083140474831D-01 1.0D-08 0.0D+00 2.0D-06 0.0D+00       22      117       22      220  S
      3      1   5.0004083140468814D-01 1.0D-08 0.0D+00 2.0D-06 0.0D+00       21      107       21      210  S
      3      1   5.0004083140576083D-01 1.0D-08 0.0D+00 2.0D-06 0.0D+00       20       95       20      200  S
      3      1   5.0004083140467637D-01 1.0D-08 0.0D+00 2.0D-06 0.0D+00       21      114       21      210  S
      3      1   5.0004083140471722D-01 1.0D-08 0.0D+00 2.0D-06 0.0D+00       21      110       21      210  S
      3      1   5.0004083140473532D-01 1.0D-08 0.0D+00 2.0D-06 0.0D+00       21      107       21      210  S
      3      1   5.0004154384357691D-01 8.5D-09 0.0D+00 8.3D-09 0.0D+00       19       94       19      190  S
      3      1   5.0004083140469524D-01 1.0D-08 0.0D+00 2.0D-06 0.0D+00       21      108       21      210  S
      3      1   5.0004166915223880D-01 8.3D-09 0.0D+00 4.0D-09 0.0D+00       19       98       19      190  S
      3      1   5.0004154830886827D-01 8.5D-09 0.0D+00 1.9D-09 0.0D+00       19       95       19      190  S
      3      1   5.0004083140471212D-01 1.0D-08 0.0D+00 2.0D-06 0.0D+00       21      108       21      210  S
      3      1   5.0004083140574485D-01 1.0D-08 0.0D+00 2.0D-06 0.0D+00       20       97       20      200  S
      3      1   5.0004083140471600D-01 1.0D-08 0.0D+00 2.0D-06 0.0D+00       21      108       21      210  S
      3      1   5.0004083140475974D-01 1.0D-08 0.0D+00 2.0D-06 0.0D+00       21      113       21      210  S
      3      1   5.0004083140516453D-01 1.0D-08 0.0D+00 2.0D-06 0.0D+00       21      106       21      210  S
      3      1   5.0004083140472444D-01 1.0D-08 0.0D+00 2.0D-06 0.0D+00       21      106       21      210  S
      3      1   5.0004178108082553D-01 8.0D-09 0.0D+00 2.4D-09 0.0D+00       19       97       19      190  S
      3      1   5.0004083140470879D-01 1.0D-08 0.0D+00 2.0D-06 0.0D+00       21      109       21      210  S
      3      1   5.0004083140471256D-01 1.0D-08 0.0D+00 2.0D-06 0.0D+00       21      108       21      210  S
      3      1   5.0004083140569999D-01 1.0D-08 0.0D+00 2.0D-06 0.0D+00       20      101       20      200  S
      3      1   5.0004083140568623D-01 1.0D-08 0.0D+00 2.0D-06 0.0D+00       20      102       20      200  S
      3      1   5.0004083140565980D-01 1.0D-08 0.0D+00 2.0D-06 0.0D+00       20      101       20      200  S
      3      1   5.0004083140570244D-01 1.0D-08 0.0D+00 2.0D-06 0.0D+00       20       99       20      200  S
      3      1   5.0004083140572908D-01 1.0D-08 0.0D+00 2.0D-06 0.0D+00       20      101       20      200  S
      3      1   5.0004083140575295D-01 1.0D-08 0.0D+00 2.0D-06 0.0D+00       20       99       20      200  S
      3      1   5.0004139103787648D-01 8.8D-09 0.0D+00 5.6D-09 0.0D+00       19       96       19      190  S
      3      1   5.0004083140468414D-01 1.0D-08 0.0D+00 2.0D-06 0.0D+00       21      108       21      210  S
      3      1   5.0004083140655098D-01 1.0D-08 0.0D+00 2.0D-06 0.0D+00       21      111       21      210  S
      3      1   5.0004083140575539D-01 1.0D-08 0.0D+00 2.0D-06 0.0D+00       20      104       20      200  S
      3      1   5.0004083140565581D-01 1.0D-08 0.0D+00 2.0D-06 0.0D+00       20      102       20      200  S
      3      1   5.0004083140568611D-01 1.0D-08 0.0D+00 2.0D-06 0.0D+00       20      101       20      200  S
      3      1   5.0004108509903467D-01 9.4D-09 0.0D+00 9.4D-09 0.0D+00       19       90       19      190  S
      3      1   5.0004176800961375D-01 8.1D-09 0.0D+00 5.4D-09 0.0D+00       19       94       19      190  S
      3      1   5.0004083140575462D-01 1.0D-08 0.0D+00 2.0D-06 0.0D+00       20      102       20      200  S
      3      1   5.0004091329846667D-01 9.8D-09 0.0D+00 3.6D-09 0.0D+00       19       92       19      190  S
      3      1   5.0004164505869286D-01 8.3D-09 0.0D+00 2.2D-09 0.0D+00       19       95       19      190  S
      3      1   5.0004083140467426D-01 1.0D-08 0.0D+00 2.0D-06 0.0D+00       21      106       21      210  S
      3      1   5.0004083140570388D-01 1.0D-08 0.0D+00 2.0D-06 0.0D+00       20       99       20      200  S
      3      1   5.0004083140471056D-01 1.0D-08 0.0D+00 2.0D-06 0.0D+00       22      113       22      220  S
      3      1   5.0004083140467004D-01 1.0D-08 0.0D+00 2.0D-06 0.0D+00       21      109       21      210  S
      3      1   5.0004083140578615D-01 1.0D-08 0.0D+00 2.0D-06 0.0D+00       20      103       20      200  S
      3      1   5.0004137530626747D-01 8.8D-09 0.0D+00 8.7D-10 0.0D+00       19       93       19      190  S
      3      1   5.0004083140568922D-01 1.0D-08 0.0D+00 2.0D-06 0.0D+00       20       98       20      200  S
      3      1   5.0004083140572708D-01 1.0D-08 0.0D+00 2.0D-06 0.0D+00       20      102       20      200  S
      3      1   5.0004083140570721D-01 1.0D-08 0.0D+00 2.0D-06 0.0D+00       20       98       20      200  S
      3      1   5.0004085463336989D-01 9.9D-09 0.0D+00 2.0D-06 0.0D+00       21      106       21      203  S
      3      1   5.0004088554829917D-01 9.8D-09 0.0D+00 1.9D-06 0.0D+00       21      107       21      203  S
      3      1   5.0004088423659010D-01 9.8D-09 0.0D+00 6.7D-09 0.0D+00       19       93       19      190  S
      3      1   5.0004175485546620D-01 8.1D-09 0.0D+00 4.1D-09 0.0D+00       19       94       19      190  S
      3      1   5.0004085928250275D-01 9.9D-09 0.0D+00 3.3D-09 0.0D+00       19       90       19      190  S
      3      1   5.0004088969434657D-01 9.8D-09 0.0D+00 4.3D-09 0.0D+00       19       93       19      190  S
      3      1   5.0004091971054443D-01 9.8D-09 0.0D+00 2.0D-10 0.0D+00       19       92       19      190  S
      3      1   5.0004094934015020D-01 9.7D-09 0.0D+00 6.0D-09 0.0D+00       19       88       19      190  S
      3      1   5.0004097859179830D-01 9.6D-09 0.0D+00 5.3D-09 0.0D+00       19       91       19      190  S
      3      1   5.0004100747380420D-01 9.6D-09 0.0D+00 4.4D-09 0.0D+00       19       95       19      190  S
      3      1   5.0004083140466171D-01 1.0D-08 0.0D+00 2.0D-06 0.0D+00       21      115       21      210  S
      3      1   5.0004083140469513D-01 1.0D-08 0.0D+00 2.0D-06 0.0D+00       21      108       21      210  S
      3      1   5.0004109130228835D-01 9.4D-09 0.0D+00 4.1D-09 0.0D+00       19       93       19      190  S
      3      1   5.0004111846481625D-01 9.4D-09 0.0D+00 8.1D-09 0.0D+00       19       91       19      190  S
      3      1   5.0004114529869970D-01 9.3D-09 0.0D+00 4.7D-09 0.0D+00       19       93       19      190  S
      3      1   5.0004117181103502D-01 9.2D-09 0.0D+00 2.5D-09 0.0D+00       19       93       19      190  S
      3      1   5.0004119800833413D-01 9.2D-09 0.0D+00 5.3D-09 0.0D+00       19       90       19      190  S
      3      1   5.0004083140569500D-01 1.0D-08 0.0D+00 2.0D-06 0.0D+00       20      104       20      200  S
      3      1   5.0004104875692745D-01 9.5D-09 0.0D+00 6.8D-09 0.0D+00       19       93       19      190  S
      3      1   5.0004177454762400D-01 8.1D-09 0.0D+00 5.9D-09 0.0D+00       19       92       19      190  S
      3      1   5.0004083140570654D-01 1.0D-08 0.0D+00 2.0D-06 0.0D+00       20      103       20      200  S
      3      1   5.0004083140571787D-01 1.0D-08 0.0D+00 2.0D-06 0.0D+00       20       96       20      200  S
      3      1   5.0004161705533512D-01 8.4D-09 0.0D+00 8.4D-09 0.0D+00       19       95       19      190  S
      3      1   5.0004083140467415D-01 1.0D-08 0.0D+00 2.0D-06 0.0D+00       21      110       21      210  S
      3      1   5.0004083140578282D-01 1.0D-08 0.0D+00 2.0D-06 0.0D+00       20      107       20      200  S
      3      1   5.0004148465877252D-01 8.6D-09 0.0D+00 3.5D-10 0.0D+00       19       91       19      190  S
      3      1   5.0004083140472855D-01 1.0D-08 0.0D+00 2.0D-06 0.0D+00       22      119       22      220  S
      3      1   5.0004083140471178D-01 1.0D-08 0.0D+00 2.0D-06 0.0D+00       21      108       21      210  S
      3      1   5.0004149002474485D-01 8.6D-09 0.0D+00 3.1D-09 0.0D+00       19       94       19      190  S
      3      1   5.0004151266027974D-01 8.6D-09 0.0D+00 5.6D-09 0.0D+00       19       96       19      190  S
      3      1   5.0004153505775573D-01 8.5D-09 0.0D+00 5.6D-09 0.0D+00       19       98       19      190  S
      3      1   5.0004155722141763D-01 8.5D-09 0.0D+00 3.0D-10 0.0D+00       19       95       19      190  S
      3      1   5.0004157915559422D-01 8.4D-09 0.0D+00 8.7D-09 0.0D+00       19       96       19      190  S
      3      1   5.0004160086446370D-01 8.4D-09 0.0D+00 1.2D-09 0.0D+00       19       93       19      190  S
      3      1   5.0004103032847425D-01 9.5D-09 0.0D+00 7.2D-09 0.0D+00       19       88       19      190  S
      3      1   5.0004164362267844D-01 8.3D-09 0.0D+00 2.9D-09 0.0D+00       19       96       19      190  S
      3      1   5.0004166467988453D-01 8.3D-09 0.0D+00 2.5D-09 0.0D+00       19       93       19      190  S
      3      1   5.0004168552741823D-01 8.2D-09 0.0D+00 1.5D-09 0.0D+00       19       98       19      190  S
      3      1   5.0004170616908317D-01 8.2D-09 0.0D+00 1.2D-09 0.0D+00       19       97       19      190  S
      3      1   5.0004172660847657D-01 8.1D-09 0.0D+00 4.1D-09 0.0D+00       19       95       19      190  S
      3      1   5.0004174684900249D-01 8.1D-09 0.0D+00 5.3D-09 0.0D+00       19       97       19      190  S
      3      1   5.0004083140576316D-01 1.0D-08 0.0D+00 2.0D-06 0.0D+00       20       98       20      200  S
      3      1   5.0004160761334748D-01 8.4D-09 0.0D+00 7.4D-09 0.0D+00       19       93       19      190  S
      3      1   5.0004180641155449D-01 8.0D-09 0.0D+00 3.6D-09 0.0D+00       19       96       19      190  S
      3      1   5.0004182589024171D-01 8.0D-09 0.0D+00 6.4D-09 0.0D+00       19       93       19      190  S
      3      1   5.0004184518622574D-01 7.9D-09 0.0D+00 5.2D-09 0.0D+00       19       95       19      190  S
      3      1   5.0004186430310449D-01 7.9D-09 0.0D+00 5.5D-09 0.0D+00       19       95       19      190  S
      3      1   5.0004083140475675D-01 1.0D-08 0.0D+00 2.0D-06 0.0D+00       21      110       21      210  S
      3      1   5.0004083140475220D-01 1.0D-08 0.0D+00 2.0D-06 0.0D+00       21      113       21      210  S
      3      1   5.0004135681160322D-01 8.9D-09 0.0D+00 7.2D-09 0.0D+00       19       97       19      190  S
      3      1   5.0004121635987253D-01 9.2D-09 0.0D+00 6.2D-09 0.0D+00       19       93       19      190  S
      3      1   5.0004167234826857D-01 8.3D-09 0.0D+00 5.2D-09 0.0D+00       19       92       19      190  S
      3      1   5.0004083140473388D-01 1.0D-08 0.0D+00 2.0D-06 0.0D+00       21      107       21      210  S
      3      1   5.0004085013664923D-01 9.9D-09 0.0D+00 2.0D-06 0.0D+00       20      100       20      193  S
      3      1   5.0004083140470978D-01 1.0D-08 0.0D+00 2.0D-06 0.0D+00       21      112       21      210  S
      3      1   5.0004083140568767D-01 1.0D-08 0.0D+00 2.0D-06 0.0D+00       20       97       20      200  S
      3      1   5.0004083140564126D-01 1.0D-08 0.0D+00 2.0D-06 0.0D+00       20       96       20      200  S
      3      1   5.0004083140467015D-01 1.0D-08 0.0D+00 2.0D-06 0.0D+00       21      111       21      210  S
      3      1   5.0004083140570554D-01 1.0D-08 0.0D+00 2.0D-06 0.0D+00       20       98       20      200  S
      3      1   5.0004083140471522D-01 1.0D-08 0.0D+00 2.0D-06 0.0D+00       21      107       21      210  S
      3      1   5.0004083140472710D-01 1.0D-08 0.0D+00 2.0D-06 0.0D+00       21      116       21      210  S
      3      1   5.0004083140570466D-01 1.0D-08 0.0D+00 2.0D-06 0.0D+00       20      101       20      200  S
      3      1   5.0004083140578326D-01 1.0D-08 0.0D+00 2.0D-06 0.0D+00       20      100       20      200  S
      3      1   5.0004083140474920D-01 1.0D-08 0.0D+00 2.0D-06 0.0D+00       21      117       21      210  S
      3      1   5.0004083140465716D-01 1.0D-08 0.0D+00 2.0D-06 0.0D+00       21      114       21      210  S
      3      1   5.0004145069148376D-01 8.7D-09 0.0D+00 2.5D-09 0.0D+00       19       92       19      190  S
      3      1   5.0004083140471611D-01 1.0D-08 0.0D+00 2.0D-06 0.0D+00       21      110       21      210  S
      3      1   5.0004083140571720D-01 1.0D-08 0.0D+00 2.0D-06 0.0D+00       20       99       20      200  S
      3      1   5.0004083140572297D-01 1.0D-08 0.0D+00 2.0D-06 0.0D+00       20      103       20      200  S
      3      1   5.0004083140575573D-01 1.0D-08 0.0D+00 2.0D-06 0.0D+00       21      112       21      210  S
      3      1   5.0004083140573874D-01 1.0D-08 0.0D+00 2.0D-06 0.0D+00       21      109       21      210  S
      3      1   5.0004083140473399D-01 1.0D-08 0.0D+00 2.0D-06 0.0D+00       21      117       21      210  S
      3      1   5.0004083140580846D-01 1.0D-08 0.0D+00 2.0D-06 0.0D+00       20      100       20      200  S
      3      1   5.0004083140573441D-01 1.0D-08 0.0D+00 2.0D-06 0.0D+00       21      109       21      210  S
      3      1   5.0004165822886193D-01 8.3D-09 0.0D+00 4.8D-09 0.0D+00       19       94       19      190  S
      3      1   5.0004083140464262D-01 1.0D-08 0.0D+00 2.0D-06 0.0D+00       21      110       21      210  S
      3      1   5.0004083140469613D-01 1.0D-08 0.0D+00 2.0D-06 0.0D+00       22      121       22      220  S
      3      1   5.0004083140471411D-01 1.0D-08 0.0D+00 2.0D-06 0.0D+00       21      112       21      210  S
