     21      1   2.0037818638794119D-01 5.1D-09 0.0D+00 4.6D-09 0.0D+00       22      110       22      220  S
     21      1   2.1704043621175906D-01 6.0D-09 0.0D+00 3.0D-07 0.0D+00       23      157       23      230  S
     21      1   2.1704043621490363D-01 6.0D-09 0.0D+00 1.2D-09 0.0D+00       22      142       22      220  S
     21      1   2.0233966146414395D-01 5.0D-09 0.0D+00 9.6D-09 0.0D+00       21      158       21      210  S
     21      1   2.0681819311366623D-01 4.8D-09 0.0D+00 1.7D-07 0.0D+00       23      171       23      230  S
     21      1   2.0233282828492136D-01 5.0D-09 0.0D+00 3.3D-07 0.0D+00       23      155       23      230  S
     21      1   2.0038064960517035D-01 5.1D-09 0.0D+00 2.9D-08 0.0D+00       23      147       23      230  S
     21      1   2.0037679639437853D-01 5.1D-09 0.0D+00 6.6D-09 0.0D+00       22      111       22      220  S
     21      1   2.0038064960514190D-01 5.1D-09 0.0D+00 3.8D-09 0.0D+00       22      113       22      220  S
     21      1   2.1704043621458979D-01 6.0D-09 0.0D+00 1.3D-10 0.0D+00       21      133       21      210  S
     21      1   2.0233570510381305D-01 5.0D-09 0.0D+00 1.6D-08 0.0D+00       23      133       23      230  S
     21      1   2.0037856774867557D-01 5.1D-09 0.0D+00 4.2D-09 0.0D+00       22      121       22      220  S
     21      1   1.9719244908337705D-01 4.3D-09 0.0D+00 2.7D-08 0.0D+00       23      143       23      230  S
     21      1   2.0037400176209905D-01 5.1D-09 0.0D+00 3.7D-09 0.0D+00       22      114       22      220  S
     21      1   2.0037679639443920D-01 5.1D-09 0.0D+00 3.9D-09 0.0D+00       22      118       22      220  S
     21      1   2.0037818638796542D-01 5.1D-09 0.0D+00 7.9D-09 0.0D+00       22      114       22      220  S
     21      1   2.0046270907167846D-01 5.1D-09 0.0D+00 1.1D-09 0.0D+00       22      124       22      220  S
     21      1   2.1704035393448257D-01 6.0D-09 0.0D+00 1.1D-09 0.0D+00       22      158       22      220  S
     21      1   1.9719244908329878D-01 4.3D-09 0.0D+00 1.1D-09 0.0D+00       22      133       22      220  S
     21      1   2.1981766307323092D-01 5.8D-09 0.0D+00 2.8D-07 0.0D+00       24      187       24      240  S
     21      1   1.9719244908344086D-01 4.3D-09 0.0D+00 6.9D-09 0.0D+00       22      136       22      220  S
     21      1   1.9719244908335717D-01 4.3D-09 0.0D+00 8.4D-09 0.0D+00       22      135       22      220  S
     21      1   2.0037718419590456D-01 5.1D-09 0.0D+00 3.2D-08 0.0D+00       23      129       23      230  S
     21      1   2.1704098993474308D-01 6.0D-09 0.0D+00 6.6D-09 0.0D+00       22      175       22      220  S
     21      1   2.1704151744759770D-01 6.0D-09 0.0D+00 3.1D-07 0.0D+00       23      182       23      230  S
     21      1   2.0037679639437916D-01 5.1D-09 0.0D+00 2.1D-09 0.0D+00       22      108       22      220  S
     21      1   2.0037718419589232D-01 5.1D-09 0.0D+00 1.0D-09 0.0D+00       22      126       22      220  S
     21      1   2.0037679639444042D-01 5.1D-09 0.0D+00 4.7D-09 0.0D+00       22      111       22      220  S
     21      1   2.0037662734098455D-01 5.1D-09 0.0D+00 8.5D-09 0.0D+00       22      110       22      220  S
     21      1   2.0309287078163321D-01 5.2D-09 0.0D+00 4.8D-09 0.0D+00       22      176       22      220  S
     21      1   2.0233431487042489D-01 5.0D-09 0.0D+00 2.7D-07 0.0D+00       22      134       22      220  S
     21      1   2.0233178265884599D-01 5.0D-09 0.0D+00 2.6D-08 0.0D+00       23      150       23      230  S
     21      1   2.0037699390037789D-01 5.1D-09 0.0D+00 4.2D-10 0.0D+00       22      119       22      220  S
     21      1   2.0037699390037572D-01 5.1D-09 0.0D+00 6.2D-09 0.0D+00       22      121       22      220  S
     21      1   1.9719244908332198D-01 4.3D-09 0.0D+00 7.0D-09 0.0D+00       22      127       22      220  S
     21      1   2.0037400176200590D-01 5.1D-09 0.0D+00 5.8D-09 0.0D+00       21      112       21      210  S
     21      1   2.0037699390041008D-01 5.1D-09 0.0D+00 4.1D-09 0.0D+00       22      137       22      220  S
     21      1   2.0037294257570437D-01 5.1D-09 0.0D+00 7.3D-09 0.0D+00       22      118       22      220  S
     21      1   2.0038064960519555D-01 5.1D-09 0.0D+00 7.1D-09 0.0D+00       22      115       22      220  S
     21      1   2.0233393889329540D-01 5.0D-09 0.0D+00 3.0D-07 0.0D+00       24      176       24      240  S
     21      1   2.0038128386095672D-01 5.1D-09 0.0D+00 4.7D-09 0.0D+00       22      128       22      220  S
     21      1   2.0529337901424743D-01 5.0D-09 0.0D+00 2.7D-08 0.0D+00       23      177       23      230  S
     21      1   2.0038064960511262D-01 5.1D-09 0.0D+00 9.4D-09 0.0D+00       22      117       22      220  S
     21      1   2.0037662734089007D-01 5.1D-09 0.0D+00 2.6D-09 0.0D+00       22      114       22      220  S
     21      1   2.0038064960517529D-01 5.1D-09 0.0D+00 4.6D-09 0.0D+00       22      119       22      220  S
     21      1   2.1704114536173985D-01 6.0D-09 0.0D+00 8.5D-09 0.0D+00       22      155       22      220  S
     21      1   2.0037400176223136D-01 5.1D-09 0.0D+00 6.8D-09 0.0D+00       22      113       22      220  S
     21      1   2.0037679639443384D-01 5.1D-09 0.0D+00 8.5D-09 0.0D+00       22      112       22      220  S
     21      1   2.0037400176229869D-01 5.1D-09 0.0D+00 5.8D-09 0.0D+00       22      113       22      220  S
     21      1   2.0037818638796970D-01 5.1D-09 0.0D+00 6.1D-09 0.0D+00       22      109       22      220  S
     21      1   2.0038064960514873D-01 5.1D-09 0.0D+00 9.6D-09 0.0D+00       22      109       22      220  S
     21      1   2.0037686753807132D-01 5.1D-09 0.0D+00 6.3D-09 0.0D+00       22      114       22      220  S
     21      1   2.0037686753811304D-01 5.1D-09 0.0D+00 8.7D-09 0.0D+00       22      116       22      220  S
     21      1   2.1981904629062088D-01 5.8D-09 0.0D+00 3.4D-09 0.0D+00       22      144       22      220  S
     21      1   2.0233431487125492D-01 5.0D-09 0.0D+00 2.0D-07 0.0D+00       24      181       24      240  S
     21      1   2.0038064960506993D-01 5.1D-09 0.0D+00 3.0D-09 0.0D+00       21      107       21      210  S
     21      1   2.0037699390052227D-01 5.1D-09 0.0D+00 4.8D-09 0.0D+00       22      134       22      220  S
     21      1   2.0037856774860449D-01 5.1D-09 0.0D+00 5.0D-09 0.0D+00       22      128       22      220  S
     21      1   2.0037294257551036D-01 5.1D-09 0.0D+00 3.4D-09 0.0D+00       22      121       22      220  S
     21      1   2.0037686753827250D-01 5.1D-09 0.0D+00 9.1D-09 0.0D+00       22      114       22      220  S
     21      1   2.0364246932911872D-01 4.8D-09 0.0D+00 2.3D-09 0.0D+00       22      127       22      220  S
     21      1   2.0037718419577624D-01 5.1D-09 0.0D+00 5.2D-09 0.0D+00       22      116       22      220  S
     21      1   2.0037294257543589D-01 5.1D-09 0.0D+00 6.6D-09 0.0D+00       22      114       22      220  S
     21      1   2.0037728271322816D-01 5.1D-09 0.0D+00 4.3D-09 0.0D+00       22      114       22      220  S
     21      1   2.0037699390040162D-01 5.1D-09 0.0D+00 8.0D-09 0.0D+00       22      111       22      220  S
     21      1   2.0233393889332296D-01 5.0D-09 0.0D+00 3.0D-07 0.0D+00       23      148       23      230  S
     21      1   2.0037400176232545D-01 5.1D-09 0.0D+00 4.0D-08 0.0D+00       23      119       23      230  S
     21      1   2.0037686753788000D-01 5.1D-09 0.0D+00 7.7D-09 0.0D+00       22      117       22      220  S
     21      1   2.0037294257561558D-01 5.1D-09 0.0D+00 8.4D-09 0.0D+00       22      114       22      220  S
     21      1   2.0037686753807349D-01 5.1D-09 0.0D+00 5.5D-09 0.0D+00       22      117       22      220  S
     21      1   2.0233282828730820D-01 5.0D-09 0.0D+00 7.8D-09 0.0D+00       22      136       22      220  S
     21      1   2.0037686753804326D-01 5.1D-09 0.0D+00 2.2D-09 0.0D+00       22      121       22      220  S
     21      1   2.1704043621487354D-01 6.0D-09 0.0D+00 5.6D-09 0.0D+00       22      137       22      220  S
     21      1   2.0037686753813055D-01 5.1D-09 0.0D+00 9.6D-09 0.0D+00       22      122       22      220  S
     21      1   2.0037728271331934D-01 5.1D-09 0.0D+00 2.5D-09 0.0D+00       22      110       22      220  S
     21      1   2.1704043621333399D-01 6.0D-09 0.0D+00 1.6D-07 0.0D+00       24      171       24      240  S
     21      1   2.1704043621192312D-01 6.0D-09 0.0D+00 2.9D-07 0.0D+00       24      164       24      240  S
     21      1   2.1703749833132907D-01 6.0D-09 0.0D+00 9.5D-09 0.0D+00       21      145       21      210  S
     21      1   2.0233966146462223D-01 5.0D-09 0.0D+00 3.4D-09 0.0D+00       22      161       22      220  S
     21      1   2.0233431487263004D-01 5.0D-09 0.0D+00 2.6D-09 0.0D+00       22      145       22      220  S
     21      1   2.0037856774852852D-01 5.1D-09 0.0D+00 7.0D-10 0.0D+00       22      111       22      220  S
     21      1   2.1704156280928830D-01 6.0D-09 0.0D+00 3.0D-07 0.0D+00       22      156       22      220  S
     21      1   2.0037662734090583D-01 5.1D-09 0.0D+00 8.3D-09 0.0D+00       22      114       22      220  S
     21      1   2.0233487173280065D-01 5.0D-09 0.0D+00 7.9D-09 0.0D+00       22      156       22      220  S
     21      1   2.0037662734103814D-01 5.1D-09 0.0D+00 5.8D-09 0.0D+00       22      114       22      220  S
     21      1   2.0037400176202916D-01 5.1D-09 0.0D+00 5.5D-09 0.0D+00       21      117       21      210  S
     21      1   2.0233393889304038D-01 5.0D-09 0.0D+00 3.3D-07 0.0D+00       23      135       23      230  S
     21      1   2.0037662734100922D-01 5.1D-09 0.0D+00 8.0D-09 0.0D+00       22      112       22      220  S
     21      1   2.0037679639433720D-01 5.1D-09 0.0D+00 5.3D-09 0.0D+00       22      122       22      220  S
     21      1   2.0037294257549582D-01 5.1D-09 0.0D+00 3.6D-09 0.0D+00       22      111       22      220  S
     21      1   2.0037728271320829D-01 5.1D-09 0.0D+00 8.9D-09 0.0D+00       22      115       22      220  S
     21      1   2.0233282828741608D-01 5.0D-09 0.0D+00 2.4D-08 0.0D+00       24      178       24      240  S
     21      1   2.1704098993420276D-01 6.0D-09 0.0D+00 9.1D-09 0.0D+00       22      147       22      220  S
     21      1   2.0037818638794180D-01 5.1D-09 0.0D+00 3.2D-11 0.0D+00       22      109       22      220  S
     21      1   5.0513864340710757D-01 2.2D-16 0.0D+00 5.1D-01 0.0D+00        3       35        3       30  S
     21      1   2.0037718419565748D-01 5.1D-09 0.0D+00 7.0D-09 0.0D+00       21      110       21      210  S
     21      1   2.0037662734093820D-01 5.1D-09 0.0D+00 1.8D-10 0.0D+00       22      125       22      220  S
     21      1   2.0037856774874974D-01 5.1D-09 0.0D+00 3.4D-09 0.0D+00       22      107       22      220  S
     21      1   2.0037294257549912D-01 5.1D-09 0.0D+00 2.9D-09 0.0D+00       22      116       22      220  S
     21      1   2.0037400176226206D-01 5.1D-09 0.0D+00 1.3D-09 0.0D+00       22      110       22      220  S
     21      1   2.0037387104542612D-01 5.1D-09 0.0D+00 2.2D-09 0.0D+00       22      119       22      220  S
     21      1   2.1704101166732678D-01 6.0D-09 0.0D+00 1.6D-09 0.0D+00       21      133       21      210  S
     21      1   2.0037699390046484D-01 5.1D-09 0.0D+00 2.7D-08 0.0D+00       23      119       23      230  S
     21      1   2.1703749832847441D-01 6.0D-09 0.0D+00 3.2D-07 0.0D+00       23      146       23      230  S
     21      1   2.0037679639432721D-01 5.1D-09 0.0D+00 3.2D-09 0.0D+00       22      113       22      220  S
     21      1   2.1703774541536716D-01 6.0D-09 0.0D+00 2.9D-09 0.0D+00       21      154       21      210  S
     21      1   2.0037679639434242D-01 5.1D-09 0.0D+00 3.3D-09 0.0D+00       22      113       22      220  S
     21      1   2.0038064960518065D-01 5.1D-09 0.0D+00 3.4D-09 0.0D+00       22      108       22      220  S
     21      1   2.0037686753812925D-01 5.1D-09 0.0D+00 7.5D-09 0.0D+00       22      111       22      220  S
     21      1   2.0037400176218798D-01 5.1D-09 0.0D+00 2.5D-09 0.0D+00       22      110       22      220  S
     21      1   2.1704160024094168D-01 6.0D-09 0.0D+00 7.2D-09 0.0D+00       21      152       21      210  S
     21      1   2.0038128386094042D-01 5.1D-09 0.0D+00 6.6D-09 0.0D+00       22      112       22      220  S
     21      1   2.0037818638813182D-01 5.1D-09 0.0D+00 3.2D-09 0.0D+00       22      121       22      220  S
     21      1   2.0037856774869939D-01 5.1D-09 0.0D+00 2.7D-09 0.0D+00       22      115       22      220  S
     21      1   2.0037679639430314D-01 5.1D-09 0.0D+00 5.0D-09 0.0D+00       22      121       22      220  S
     21      1   2.0309563679844839D-01 5.2D-09 0.0D+00 2.1D-08 0.0D+00       23      232       23      230  S
     21      1   2.0037718419563444D-01 5.1D-09 0.0D+00 1.3D-08 0.0D+00       23      120       23      230  S
     21      1   2.0037718419584866D-01 5.1D-09 0.0D+00 3.3D-09 0.0D+00       22      118       22      220  S
     21      1   2.0038064960511701D-01 5.1D-09 0.0D+00 6.9D-09 0.0D+00       22      114       22      220  S
     21      1   2.0037699390007049D-01 5.1D-09 0.0D+00 3.5D-09 0.0D+00       21      110       21      210  S
     21      1   2.0037728271328123D-01 5.1D-09 0.0D+00 4.4D-09 0.0D+00       22      122       22      220  S
     21      1   2.0233431487049819D-01 5.0D-09 0.0D+00 3.0D-07 0.0D+00       23      148       23      230  S
     21      1   2.0038064960506582D-01 5.1D-09 0.0D+00 4.4D-10 0.0D+00       22      124       22      220  S
     21      1   1.9719244908327124D-01 4.3D-09 0.0D+00 5.8D-09 0.0D+00       22      145       22      220  S
     21      1   1.9719244908333808D-01 4.3D-09 0.0D+00 5.6D-09 0.0D+00       22      129       22      220  S
     21      1   2.0037662734073311D-01 5.1D-09 0.0D+00 1.6D-09 0.0D+00       21      112       21      210  S
     21      1   2.1704098993435830D-01 6.0D-09 0.0D+00 7.7D-09 0.0D+00       22      154       22      220  S
     21      1   2.0037818638789889D-01 5.1D-09 0.0D+00 3.9D-09 0.0D+00       22      106       22      220  S
     21      1   2.0037400176213063D-01 5.1D-09 0.0D+00 9.6D-09 0.0D+00       22      108       22      220  S
     21      1   2.0037662734069978D-01 5.1D-09 0.0D+00 2.0D-08 0.0D+00       22      133       22      220  S
     21      1   2.0309107140694860D-01 5.2D-09 0.0D+00 1.6D-07 0.0D+00       24      188       24      240  S
     21      1   2.0037686753814127D-01 5.1D-09 0.0D+00 6.4D-09 0.0D+00       22      115       22      220  S
     21      1   2.0038064960533750D-01 5.1D-09 0.0D+00 1.5D-09 0.0D+00       22      119       22      220  S
     21      1   2.0859966663892870D-01 5.3D-09 0.0D+00 3.3D-09 0.0D+00       22      122       22      220  S
     21      1   2.0037294257513907D-01 5.1D-09 0.0D+00 6.3D-09 0.0D+00       21      107       21      210  S
     21      1   2.0037679639438677D-01 5.1D-09 0.0D+00 8.9D-09 0.0D+00       22      110       22      220  S
     21      1   2.0233282828516289D-01 5.0D-09 0.0D+00 2.7D-07 0.0D+00       23      156       23      230  S
     21      1   2.0037699390043665D-01 5.1D-09 0.0D+00 5.7D-09 0.0D+00       22      126       22      220  S
     21      1   2.0037387104527909D-01 5.1D-09 0.0D+00 6.5D-09 0.0D+00       21      110       21      210  S
     21      1   2.0046270907169628D-01 5.1D-09 0.0D+00 1.8D-09 0.0D+00       22      127       22      220  S
     21      1   2.0037679639441452D-01 5.1D-09 0.0D+00 8.0D-09 0.0D+00       22      128       22      220  S
     21      1   2.0037400176205050D-01 5.1D-09 0.0D+00 1.1D-08 0.0D+00       22      116       22      220  S
     21      1   2.0037856774868790D-01 5.1D-09 0.0D+00 3.2D-09 0.0D+00       22      118       22      220  S
     21      1   2.0037294257541119D-01 5.1D-09 0.0D+00 6.6D-09 0.0D+00       21      116       21      210  S
     21      1   1.9719244908326070D-01 4.3D-09 0.0D+00 5.0D-09 0.0D+00       22      125       22      220  S
     21      1   2.0233393889542503D-01 5.0D-09 0.0D+00 2.3D-08 0.0D+00       24      173       24      240  S
     21      1   2.0233178265825244D-01 5.0D-09 0.0D+00 7.3D-08 0.0D+00       23      152       23      230  S
     21      1   2.1703873344854147D-01 6.0D-09 0.0D+00 2.8D-07 0.0D+00       24      190       24      240  S
     21      1   2.0233282828702168D-01 5.0D-09 0.0D+00 2.8D-09 0.0D+00       22      143       22      220  S
     21      1   2.0037728271324495D-01 5.1D-09 0.0D+00 2.9D-09 0.0D+00       22      127       22      220  S
     21      1   2.0037679639440523D-01 5.1D-09 0.0D+00 2.3D-09 0.0D+00       22      131       22      220  S
     21      1   2.0037294257574470D-01 5.1D-09 0.0D+00 2.4D-09 0.0D+00       22      119       22      220  S
     21      1   2.0037662734097092D-01 5.1D-09 0.0D+00 5.7D-09 0.0D+00       22      114       22      220  S
     21      1   2.0046270907177177D-01 5.1D-09 0.0D+00 1.1D-09 0.0D+00       22      149       22      220  S
     21      1   2.0037856774862614D-01 5.1D-09 0.0D+00 5.7D-09 0.0D+00       22      118       22      220  S
     21      1   2.0037699390022184D-01 5.1D-09 0.0D+00 4.3D-10 0.0D+00       22      108       22      220  S
     21      1   2.1704151744746927D-01 6.0D-09 0.0D+00 3.1D-07 0.0D+00       23      157       23      230  S
     21      1   2.0037294257552135D-01 5.1D-09 0.0D+00 4.9D-09 0.0D+00       22      109       22      220  S
     21      1   2.0038128386083087D-01 5.1D-09 0.0D+00 7.0D-09 0.0D+00       22      110       22      220  S
     21      1   2.0037818638787361D-01 5.1D-09 0.0D+00 6.2D-09 0.0D+00       22      111       22      220  S
     21      1   2.0038064960523663D-01 5.1D-09 0.0D+00 2.3D-09 0.0D+00       22      114       22      220  S
     21      1   2.0233393889556489D-01 5.0D-09 0.0D+00 9.8D-09 0.0D+00       22      131       22      220  S
     21      1   2.0037662734100162D-01 5.1D-09 0.0D+00 6.6D-09 0.0D+00       22      120       22      220  S
     21      1   2.0037662734094092D-01 5.1D-09 0.0D+00 8.5D-09 0.0D+00       22      126       22      220  S
     21      1   2.0233178265905052D-01 5.0D-09 0.0D+00 9.5D-09 0.0D+00       22      136       22      220  S
     21      1   2.0233487173268891D-01 5.0D-09 0.0D+00 2.3D-08 0.0D+00       24      150       24      240  S
     21      1   2.0233802890202843D-01 5.0D-09 0.0D+00 1.5D-08 0.0D+00       24      177       24      240  S
     21      1   2.0233393889343815D-01 5.0D-09 0.0D+00 3.3D-07 0.0D+00       23      159       23      230  S
     21      1   2.0037856774861063D-01 5.1D-09 0.0D+00 6.1D-09 0.0D+00       22      117       22      220  S
     21      1   2.0037728271320371D-01 5.1D-09 0.0D+00 9.8D-09 0.0D+00       22      115       22      220  S
     21      1   2.0037728271331687D-01 5.1D-09 0.0D+00 2.9D-09 0.0D+00       22      112       22      220  S
     21      1   2.0037856774858298D-01 5.1D-09 0.0D+00 8.6D-10 0.0D+00       22      111       22      220  S
     21      1   2.0037699390011934D-01 5.1D-09 0.0D+00 7.2D-09 0.0D+00       21      118       21      210  S
     21      1   2.0037856774853047D-01 5.1D-09 0.0D+00 8.8D-09 0.0D+00       22      112       22      220  S
     21      1   2.0038064960523308D-01 5.1D-09 0.0D+00 2.4D-09 0.0D+00       22      114       22      220  S
     21      1   2.0038064960517388D-01 5.1D-09 0.0D+00 8.5D-09 0.0D+00       22      108       22      220  S
     21      1   2.1704114535847435D-01 6.0D-09 0.0D+00 3.0D-07 0.0D+00       23      175       23      230  S
     21      1   2.0233282828711302D-01 5.0D-09 0.0D+00 4.7D-09 0.0D+00       22      150       22      220  S
     21      1   2.0364654591598350D-01 4.8D-09 0.0D+00 4.7D-09 0.0D+00       22      132       22      220  S
     21      1   2.0233178265897830D-01 5.0D-09 0.0D+00 3.6D-08 0.0D+00       23      158       23      230  S
     21      1   2.0233282828740623D-01 5.0D-09 0.0D+00 3.9D-09 0.0D+00       22      146       22      220  S
     21      1   2.0037662734094555D-01 5.1D-09 0.0D+00 2.3D-09 0.0D+00       22      125       22      220  S
     21      1   2.0037400176219272D-01 5.1D-09 0.0D+00 3.9D-09 0.0D+00       22      115       22      220  S
     21      1   2.1704098993419740D-01 6.0D-09 0.0D+00 5.0D-09 0.0D+00       22      135       22      220  S
     21      1   2.0233393889406520D-01 5.0D-09 0.0D+00 2.1D-07 0.0D+00       23      150       23      230  S
     21      1   2.0037294257559454D-01 5.1D-09 0.0D+00 7.1D-09 0.0D+00       22      115       22      220  S
     21      1   2.0037662734092337D-01 5.1D-09 0.0D+00 2.6D-09 0.0D+00       22      120       22      220  S
     21      1   2.0233282828704108D-01 5.0D-09 0.0D+00 1.9D-08 0.0D+00       23      165       23      230  S
     21      1   2.0037662734105463D-01 5.1D-09 0.0D+00 6.0D-09 0.0D+00       22      114       22      220  S
     21      1   2.0233393889571086D-01 5.0D-09 0.0D+00 1.7D-10 0.0D+00       22      139       22      220  S
     21      1   2.0037728271313207D-01 5.1D-09 0.0D+00 9.4D-09 0.0D+00       21      120       21      210  S
     21      1   2.0037699390035271D-01 5.1D-09 0.0D+00 7.2D-10 0.0D+00       22      108       22      220  S
     21      1   2.0037662734101064D-01 5.1D-09 0.0D+00 1.0D-10 0.0D+00       22      117       22      220  S
     21      1   2.0038128386084056D-01 5.1D-09 0.0D+00 3.5D-09 0.0D+00       22      113       22      220  S
     21      1   1.9719244908317385D-01 4.3D-09 0.0D+00 4.9D-09 0.0D+00       22      124       22      220  S
     21      1   2.0037400176229145D-01 5.1D-09 0.0D+00 4.3D-09 0.0D+00       22      133       22      220  S
     21      1   2.1703774541403659D-01 6.0D-09 0.0D+00 1.4D-07 0.0D+00       23      172       23      230  S
     21      1   2.0233487173275572D-01 5.0D-09 0.0D+00 9.7D-09 0.0D+00       21      142       21      210  S
     21      1   2.0037856774870780D-01 5.1D-09 0.0D+00 8.5D-09 0.0D+00       22      128       22      220  S
     21      1   1.9719244908324654D-01 4.3D-09 0.0D+00 2.0D-09 0.0D+00       22      138       22      220  S
     21      1   2.0037387104556287D-01 5.1D-09 0.0D+00 8.4D-09 0.0D+00       22      110       22      220  S
     21      1   2.0046270907175351D-01 5.1D-09 0.0D+00 3.1D-09 0.0D+00       22      121       22      220  S
     21      1   2.1981732862703637D-01 5.8D-09 0.0D+00 3.6D-08 0.0D+00       23      131       23      230  S
     21      1   2.0309406643472785D-01 5.2D-09 0.0D+00 1.4D-08 0.0D+00       23      186       23      230  S
     21      1   2.0037387104550292D-01 5.1D-09 0.0D+00 9.5D-09 0.0D+00       22      124       22      220  S
     21      1   2.0037294257559179D-01 5.1D-09 0.0D+00 5.3D-09 0.0D+00       22      114       22      220  S
     21      1   2.0038128386097231D-01 5.1D-09 0.0D+00 6.0D-09 0.0D+00       22      114       22      220  S
     21      1   2.0037662734049294D-01 5.1D-09 0.0D+00 7.1D-09 0.0D+00       21      109       21      210  S
     21      1   2.1704144440858161D-01 6.0D-09 0.0D+00 3.1D-07 0.0D+00       23      159       23      230  S
     21      1   2.1704151744823821D-01 6.0D-09 0.0D+00 3.1D-07 0.0D+00       24      170       24      240  S
     21      1   2.0037400176221482D-01 5.1D-09 0.0D+00 1.8D-09 0.0D+00       22      110       22      220  S
     21      1   1.9719244908333555D-01 4.3D-09 0.0D+00 5.1D-09 0.0D+00       22      139       22      220  S
     21      1   1.9719244908332670D-01 4.3D-09 0.0D+00 1.4D-09 0.0D+00       22      139       22      220  S
     21      1   2.0037400176230979D-01 5.1D-09 0.0D+00 6.9D-09 0.0D+00       22      115       22      220  S
     21      1   2.0037662734091924D-01 5.1D-09 0.0D+00 3.5D-09 0.0D+00       22      114       22      220  S
     21      1   2.0309564500833044D-01 5.2D-09 0.0D+00 6.8D-09 0.0D+00       22      138       22      220  S
     21      1   2.0037699390044436D-01 5.1D-09 0.0D+00 2.9D-09 0.0D+00       22      111       22      220  S
     21      1   2.0037387104531076D-01 5.1D-09 0.0D+00 3.7D-09 0.0D+00       21      110       21      210  S
     21      1   2.0037294257564101D-01 5.1D-09 0.0D+00 9.9D-09 0.0D+00       22      122       22      220  S
     21      1   2.0037699390038341D-01 5.1D-09 0.0D+00 7.6D-09 0.0D+00       22      127       22      220  S
     21      1   2.0037679639440703D-01 5.1D-09 0.0D+00 6.6D-09 0.0D+00       22      140       22      220  S
     21      1   1.9719358930025471D-01 4.3D-09 0.0D+00 2.0D-08 0.0D+00       23      153       23      230  S
     21      1   2.1704144440873691D-01 6.0D-09 0.0D+00 3.0D-07 0.0D+00       23      141       23      230  S
     21      1   2.0037856774855198D-01 5.1D-09 0.0D+00 3.2D-09 0.0D+00       22      109       22      220  S
     21      1   2.1703727758595140D-01 6.0D-09 0.0D+00 5.6D-09 0.0D+00       22      152       22      220  S
     21      1   2.0309287078145771D-01 5.2D-09 0.0D+00 9.2D-09 0.0D+00       22      183       22      220  S
     21      1   2.0038128386092136D-01 5.1D-09 0.0D+00 6.0D-10 0.0D+00       22      116       22      220  S
     21      1   2.0038128386096365D-01 5.1D-09 0.0D+00 3.8D-10 0.0D+00       22      129       22      220  S
     21      1   2.1704035393441606D-01 6.0D-09 0.0D+00 2.2D-09 0.0D+00       22      163       22      220  S
     21      1   2.0038064960526952D-01 5.1D-09 0.0D+00 5.8D-09 0.0D+00       22      145       22      220  S
     21      1   2.1703749833136995D-01 6.0D-09 0.0D+00 2.2D-08 0.0D+00       23      160       23      230  S
     21      1   1.9719244908339126D-01 4.3D-09 0.0D+00 7.7D-09 0.0D+00       22      138       22      220  S
     21      1   2.0037400176217679D-01 5.1D-09 0.0D+00 3.5D-09 0.0D+00       22      120       22      220  S
     21      1   2.0045584311999801D-01 5.1D-09 0.0D+00 4.6D-09 0.0D+00       22      122       22      220  S
     21      1   2.0037718419590542D-01 5.1D-09 0.0D+00 8.3D-09 0.0D+00       22      115       22      220  S
     21      1   2.0037294257558344D-01 5.1D-09 0.0D+00 1.6D-09 0.0D+00       22      119       22      220  S
     21      1   2.0233570510384136D-01 5.0D-09 0.0D+00 6.5D-09 0.0D+00       22      152       22      220  S
     21      1   2.0037728271341421D-01 5.1D-09 0.0D+00 1.6D-08 0.0D+00       23      121       23      230  S
     21      1   1.9719244908323685D-01 4.3D-09 0.0D+00 5.0D-09 0.0D+00       21      129       21      210  S
     21      1   2.1704144440960302D-01 6.0D-09 0.0D+00 2.1D-07 0.0D+00       23      163       23      230  S
     21      1   2.0037718419583481D-01 5.1D-09 0.0D+00 3.4D-09 0.0D+00       22      118       22      220  S
     21      1   2.0037294257563268D-01 5.1D-09 0.0D+00 4.8D-09 0.0D+00       22      118       22      220  S
     21      1   2.1704114535829758D-01 6.0D-09 0.0D+00 3.1D-07 0.0D+00       23      158       23      230  S
     21      1   2.1703774541634263D-01 6.0D-09 0.0D+00 6.5D-10 0.0D+00       22      170       22      220  S
     21      1   2.1703749833071051D-01 6.0D-09 0.0D+00 9.2D-08 0.0D+00       23      159       23      230  S
     21      1   1.9719244908331121D-01 4.3D-09 0.0D+00 1.0D-08 0.0D+00       23      136       23      230  S
     21      1   2.0364158878702776D-01 4.8D-09 0.0D+00 1.0D-08 0.0D+00       23      127       23      230  S
     21      1   2.1704151744928826D-01 6.0D-09 0.0D+00 1.3D-07 0.0D+00       24      185       24      240  S
     21      1   2.0037699390042396D-01 5.1D-09 0.0D+00 1.1D-08 0.0D+00       23      126       23      230  S
     21      1   1.9719244908325381D-01 4.3D-09 0.0D+00 1.7D-09 0.0D+00       21      132       21      210  S
     21      1   2.0037699390042099D-01 5.1D-09 0.0D+00 2.3D-09 0.0D+00       22      123       22      220  S
     21      1   2.0309563679593340D-01 5.2D-09 0.0D+00 3.3D-07 0.0D+00       23      143       23      230  S
     21      1   2.0037400176217079D-01 5.1D-09 0.0D+00 5.9D-09 0.0D+00       22      109       22      220  S
     21      1   2.0037294257562907D-01 5.1D-09 0.0D+00 8.2D-09 0.0D+00       22      110       22      220  S
     21      1   2.0037400176226222D-01 5.1D-09 0.0D+00 3.3D-09 0.0D+00       22      112       22      220  S
     21      1   2.0233487173281850D-01 5.0D-09 0.0D+00 9.4D-09 0.0D+00       22      137       22      220  S
     21      1   2.0037662734087835D-01 5.1D-09 0.0D+00 4.6D-09 0.0D+00       22      118       22      220  S
     21      1   2.0037686753815317D-01 5.1D-09 0.0D+00 1.4D-09 0.0D+00       22      120       22      220  S
     21      1   2.1704160024090183D-01 6.0D-09 0.0D+00 4.6D-09 0.0D+00       21      158       21      210  S
     21      1   2.0037818638794680D-01 5.1D-09 0.0D+00 7.6D-09 0.0D+00       22      113       22      220  S
     21      1   2.0037294257558333D-01 5.1D-09 0.0D+00 1.2D-08 0.0D+00       23      128       23      230  S
     21      1   2.0037856774859569D-01 5.1D-09 0.0D+00 3.6D-09 0.0D+00       22      118       22      220  S
     21      1   2.0233282828489554D-01 5.0D-09 0.0D+00 2.9D-07 0.0D+00       24      150       24      240  S
     21      1   2.0529334072046479D-01 5.0D-09 0.0D+00 5.6D-09 0.0D+00       22      152       22      220  S
     21      1   2.0037718419575518D-01 5.1D-09 0.0D+00 4.1D-09 0.0D+00       22      113       22      220  S
     21      1   2.1981732862566766D-01 5.8D-09 0.0D+00 1.5D-07 0.0D+00       23      157       23      230  S
     21      1   2.0233487173300801D-01 5.0D-09 0.0D+00 3.1D-09 0.0D+00       22      154       22      220  S
     21      1   2.0681819311502819D-01 4.8D-09 0.0D+00 2.1D-09 0.0D+00       22      179       22      220  S
     21      1   2.0233431487265705D-01 5.0D-09 0.0D+00 6.0D-09 0.0D+00       22      120       22      220  S
     21      1   2.1704160023891214D-01 6.0D-09 0.0D+00 2.7D-07 0.0D+00       23      170       23      230  S
     21      1   2.1704156281235118D-01 6.0D-09 0.0D+00 1.9D-08 0.0D+00       24      162       24      240  S
     21      1   2.0037400176206635D-01 5.1D-09 0.0D+00 2.8D-09 0.0D+00       21      109       21      210  S
     21      1   2.0037662734082673D-01 5.1D-09 0.0D+00 7.8D-09 0.0D+00       22      117       22      220  S
     21      1   2.0046270907177921D-01 5.1D-09 0.0D+00 5.4D-09 0.0D+00       22      119       22      220  S
     21      1   2.0364158878705771D-01 4.8D-09 0.0D+00 4.6D-09 0.0D+00       22      119       22      220  S
     21      1   2.0037400176200748D-01 5.1D-09 0.0D+00 1.5D-09 0.0D+00       21      109       21      210  S
     21      1   2.0037400176224590D-01 5.1D-09 0.0D+00 6.0D-09 0.0D+00       22      117       22      220  S
     21      1   2.0037400176216125D-01 5.1D-09 0.0D+00 3.8D-09 0.0D+00       22      127       22      220  S
     21      1   2.0037294257555380D-01 5.1D-09 0.0D+00 1.1D-09 0.0D+00       22      120       22      220  S
     21      1   1.9719244908320416D-01 4.3D-09 0.0D+00 3.4D-09 0.0D+00       22      119       22      220  S
     21      1   2.0038064960515511D-01 5.1D-09 0.0D+00 7.3D-09 0.0D+00       22      114       22      220  S
     21      1   2.0046270907186242D-01 5.1D-09 0.0D+00 1.5D-08 0.0D+00       23      122       23      230  S
     21      1   2.0037686753774317D-01 5.1D-09 0.0D+00 5.3D-09 0.0D+00       21      109       21      210  S
     21      1   2.0037679639431763D-01 5.1D-09 0.0D+00 5.6D-09 0.0D+00       22      121       22      220  S
     21      1   2.1704144441192166D-01 6.0D-09 0.0D+00 1.7D-09 0.0D+00       22      160       22      220  S
     21      1   2.0037818638791755D-01 5.1D-09 0.0D+00 9.2D-09 0.0D+00       22      111       22      220  S
     21      1   2.0037686753816625D-01 5.1D-09 0.0D+00 6.3D-09 0.0D+00       22      125       22      220  S
     21      1   2.0037679639435324D-01 5.1D-09 0.0D+00 4.0D-09 0.0D+00       22      116       22      220  S
     21      1   2.0037818638806351D-01 5.1D-09 0.0D+00 5.8D-09 0.0D+00       22      119       22      220  S
     21      1   2.1982021143456687D-01 5.8D-09 0.0D+00 5.6D-09 0.0D+00       22      159       22      220  S
     21      1   2.0037699390037816D-01 5.1D-09 0.0D+00 8.0D-09 0.0D+00       22      115       22      220  S
     21      1   2.1703727758560978D-01 6.0D-09 0.0D+00 1.7D-09 0.0D+00       21      156       21      210  S
     21      1   2.1703774541577814D-01 6.0D-09 0.0D+00 5.4D-09 0.0D+00       22      141       22      220  S
     21      1   2.0038064960516394D-01 5.1D-09 0.0D+00 8.8D-09 0.0D+00       22      129       22      220  S
     21      1   2.0038128386087425D-01 5.1D-09 0.0D+00 9.4D-10 0.0D+00       22      112       22      220  S
     21      1   2.0038064960509819D-01 5.1D-09 0.0D+00 9.3D-09 0.0D+00       22      117       22      220  S
     21      1   2.0038064960512128D-01 5.1D-09 0.0D+00 5.3D-09 0.0D+00       22      112       22      220  S
     21      1   2.1704101166760079D-01 6.0D-09 0.0D+00 8.7D-10 0.0D+00       22      150       22      220  S
     21      1   2.1704151744706796D-01 6.0D-09 0.0D+00 3.2D-07 0.0D+00       22      164       22      220  S
     21      1   1.9719244908337813D-01 4.3D-09 0.0D+00 7.4D-10 0.0D+00       22      131       22      220  S
     21      1   2.0037699390050909D-01 5.1D-09 0.0D+00 2.2D-09 0.0D+00       22      121       22      220  S
     21      1   2.0037686753821490D-01 5.1D-09 0.0D+00 5.2D-09 0.0D+00       22      122       22      220  S
     21      1   2.0037818638797511D-01 5.1D-09 0.0D+00 5.0D-10 0.0D+00       22      125       22      220  S
     21      1   2.0037856774871443D-01 5.1D-09 0.0D+00 2.8D-09 0.0D+00       22      110       22      220  S
     21      1   1.9719244908331493D-01 4.3D-09 0.0D+00 6.8D-09 0.0D+00       22      125       22      220  S
     21      1   2.0037718419572931D-01 5.1D-09 0.0D+00 3.4D-09 0.0D+00       22      120       22      220  S
     21      1   2.0037294257563718D-01 5.1D-09 0.0D+00 9.3D-09 0.0D+00       22      111       22      220  S
     21      1   2.0037686753808093D-01 5.1D-09 0.0D+00 3.6D-09 0.0D+00       22      116       22      220  S
     21      1   2.1704035393268256D-01 6.0D-09 0.0D+00 1.5D-07 0.0D+00       22      142       22      220  S
     21      1   2.0037294257549573D-01 5.1D-09 0.0D+00 4.6D-09 0.0D+00       22      116       22      220  S
     21      1   2.0037662734105499D-01 5.1D-09 0.0D+00 4.8D-09 0.0D+00       22      131       22      220  S
     21      1   2.0037699390049513D-01 5.1D-09 0.0D+00 9.7D-09 0.0D+00       22      115       22      220  S
     21      1   2.0037818638804664D-01 5.1D-09 0.0D+00 1.2D-09 0.0D+00       22      118       22      220  S
     21      1   2.0038064960516772D-01 5.1D-09 0.0D+00 9.8D-10 0.0D+00       22      113       22      220  S
     21      1   2.0037699390049002D-01 5.1D-09 0.0D+00 4.7D-09 0.0D+00       22      121       22      220  S
     21      1   2.0529078808268780D-01 5.0D-09 0.0D+00 1.9D-08 0.0D+00       23      160       23      230  S
     21      1   2.0037818638786900D-01 5.1D-09 0.0D+00 6.2D-10 0.0D+00       22      116       22      220  S
     21      1   2.1982019897746435D-01 5.8D-09 0.0D+00 3.1D-07 0.0D+00       23      166       23      230  S
     21      1   2.0037400176214112D-01 5.1D-09 0.0D+00 5.8D-09 0.0D+00       22      121       22      220  S
     21      1   2.0037387104555887D-01 5.1D-09 0.0D+00 3.9D-09 0.0D+00       22      114       22      220  S
     21      1   2.0037856774860435D-01 5.1D-09 0.0D+00 8.2D-09 0.0D+00       22      115       22      220  S
     21      1   2.0037856774860588D-01 5.1D-09 0.0D+00 4.5D-09 0.0D+00       22      116       22      220  S
     21      1   2.0233268283486094D-01 5.0D-09 0.0D+00 3.1D-07 0.0D+00       23      164       23      230  S
     21      1   2.0037686753804276D-01 5.1D-09 0.0D+00 4.4D-09 0.0D+00       22      122       22      220  S
     21      1   2.0046043282081749D-01 5.1D-09 0.0D+00 5.1D-09 0.0D+00       21      113       21      210  S
     21      1   2.0037662734110856D-01 5.1D-09 0.0D+00 8.1D-09 0.0D+00       22      121       22      220  S
     21      1   2.0038128386073217D-01 5.1D-09 0.0D+00 1.4D-09 0.0D+00       22      112       22      220  S
     21      1   2.0233268283746225D-01 5.0D-09 0.0D+00 2.1D-09 0.0D+00       21      141       21      210  S
     21      1   2.1704114536147678D-01 6.0D-09 0.0D+00 5.8D-10 0.0D+00       22      137       22      220  S
     21      1   2.1981766307587897D-01 5.8D-09 0.0D+00 2.6D-08 0.0D+00       22      132       22      220  S
     21      1   2.0046270879385888D-01 5.1D-09 0.0D+00 8.2D-09 0.0D+00       21      123       21      210  S
     21      1   2.0233282828730634D-01 5.0D-09 0.0D+00 3.2D-08 0.0D+00       24      156       24      240  S
     21      1   2.0037686753798611D-01 5.1D-09 0.0D+00 4.6D-09 0.0D+00       22      115       22      220  S
     21      1   2.0037718419579648D-01 5.1D-09 0.0D+00 5.3D-09 0.0D+00       22      127       22      220  S
     21      1   2.1704151745065065D-01 6.0D-09 0.0D+00 1.4D-09 0.0D+00       22      148       22      220  S
     21      1   2.0233282828462984D-01 5.0D-09 0.0D+00 3.3D-07 0.0D+00       22      148       22      220  S
     21      1   2.0037856774871868D-01 5.1D-09 0.0D+00 3.6D-09 0.0D+00       22      114       22      220  S
     21      1   2.1704101166763476D-01 6.0D-09 0.0D+00 9.4D-09 0.0D+00       22      143       22      220  S
     21      1   2.0309406643473088D-01 5.2D-09 0.0D+00 9.4D-09 0.0D+00       22      167       22      220  S
     21      1   2.0037856774850898D-01 5.1D-09 0.0D+00 3.8D-09 0.0D+00       22      123       22      220  S
     21      1   2.0037818638809315D-01 5.1D-09 0.0D+00 3.7D-09 0.0D+00       22      133       22      220  S
     21      1   1.9719244908327477D-01 4.3D-09 0.0D+00 7.6D-09 0.0D+00       22      130       22      220  S
     21      1   2.1703749833006350D-01 6.0D-09 0.0D+00 1.5D-07 0.0D+00       23      167       23      230  S
     21      1   2.0037699390025251D-01 5.1D-09 0.0D+00 8.8D-09 0.0D+00       22      115       22      220  S
     21      1   2.0233268283522740D-01 5.0D-09 0.0D+00 3.0D-07 0.0D+00       23      167       23      230  S
     21      1   2.0037679639433620D-01 5.1D-09 0.0D+00 3.2D-09 0.0D+00       22      111       22      220  S
     21      1   2.0233393889455387D-01 5.0D-09 0.0D+00 8.4D-08 0.0D+00       23      133       23      230  S
     21      1   2.0233570510386198D-01 5.0D-09 0.0D+00 3.4D-09 0.0D+00       22      140       22      220  S
     21      1   2.0037679639435946D-01 5.1D-09 0.0D+00 3.1D-09 0.0D+00       22      126       22      220  S
     21      1   2.0681861569187887D-01 4.8D-09 0.0D+00 4.0D-08 0.0D+00       23      176       23      230  S
     21      1   2.0037400176204476D-01 5.1D-09 0.0D+00 7.2D-09 0.0D+00       21      118       21      210  S
     21      1   2.0037699390046623D-01 5.1D-09 0.0D+00 3.9D-09 0.0D+00       22      125       22      220  S
     21      1   2.1704035393278565D-01 6.0D-09 0.0D+00 1.5D-07 0.0D+00       23      153       23      230  S
     21      1   2.0233282828730773D-01 5.0D-09 0.0D+00 9.8D-09 0.0D+00       22      140       22      220  S
     21      1   2.0037856774875723D-01 5.1D-09 0.0D+00 2.3D-09 0.0D+00       22      127       22      220  S
     21      1   1.9719244908331243D-01 4.3D-09 0.0D+00 6.5D-09 0.0D+00       22      136       22      220  S
     21      1   2.0038064960504615D-01 5.1D-09 0.0D+00 2.1D-09 0.0D+00       22      107       22      220  S
     21      1   2.0037728271338376D-01 5.1D-09 0.0D+00 3.7D-09 0.0D+00       22      128       22      220  S
     21      1   2.0037856774862015D-01 5.1D-09 0.0D+00 7.4D-09 0.0D+00       22      111       22      220  S
     21      1   2.0233282828695592D-01 5.0D-09 0.0D+00 5.6D-09 0.0D+00       22      148       22      220  S
     21      1   2.0037679639438552D-01 5.1D-09 0.0D+00 2.1D-09 0.0D+00       22      113       22      220  S
     21      1   2.0233965910948651D-01 5.0D-09 0.0D+00 3.1D-07 0.0D+00       22      151       22      220  S
     21      1   2.0037818638794161D-01 5.1D-09 0.0D+00 3.2D-09 0.0D+00       22      113       22      220  S
     21      1   2.1704144441183490D-01 6.0D-09 0.0D+00 9.6D-09 0.0D+00       22      137       22      220  S
     21      1   2.0233282828695556D-01 5.0D-09 0.0D+00 3.5D-10 0.0D+00       22      145       22      220  S
     21      1   2.0037662734094475D-01 5.1D-09 0.0D+00 1.1D-09 0.0D+00       22      110       22      220  S
     21      1   2.0037686753797962D-01 5.1D-09 0.0D+00 3.7D-09 0.0D+00       22      113       22      220  S
     21      1   2.1744255230649279D-01 5.9D-09 0.0D+00 2.1D-10 0.0D+00       22      158       22      220  S
     21      1   2.0037818638787494D-01 5.1D-09 0.0D+00 3.3D-09 0.0D+00       22      113       22      220  S
     21      1   2.0037856774869137D-01 5.1D-09 0.0D+00 6.2D-09 0.0D+00       22      111       22      220  S
     21      1   2.0037400176204206D-01 5.1D-09 0.0D+00 4.8D-09 0.0D+00       21      112       21      210  S
     21      1   2.0037400176213052D-01 5.1D-09 0.0D+00 2.6D-09 0.0D+00       22      126       22      220  S
     21      1   2.0037400176225723D-01 5.1D-09 0.0D+00 6.1D-09 0.0D+00       22      114       22      220  S
     21      1   2.0233178265658647D-01 5.0D-09 0.0D+00 3.2D-07 0.0D+00       24      163       24      240  S
     21      1   2.0037662734075418D-01 5.1D-09 0.0D+00 3.3D-09 0.0D+00       21      113       21      210  S
     21      1   2.0037679639432684D-01 5.1D-09 0.0D+00 4.2D-09 0.0D+00       22      113       22      220  S
     21      1   2.0037400176211945D-01 5.1D-09 0.0D+00 4.8D-09 0.0D+00       22      112       22      220  S
     21      1   2.0037662734086531D-01 5.1D-09 0.0D+00 2.2D-09 0.0D+00       22      116       22      220  S
     21      1   2.0037662734088679D-01 5.1D-09 0.0D+00 3.1D-09 0.0D+00       22      113       22      220  S
     21      1   1.9719244908331496D-01 4.3D-09 0.0D+00 6.5D-09 0.0D+00       22      129       22      220  S
     21      1   2.0037856774866422D-01 5.1D-09 0.0D+00 5.4D-09 0.0D+00       22      110       22      220  S
     21      1   2.0037294257550303D-01 5.1D-09 0.0D+00 1.4D-09 0.0D+00       22      108       22      220  S
     21      1   2.0682157417880354D-01 4.8D-09 0.0D+00 9.3D-09 0.0D+00       22      145       22      220  S
     21      1   2.0233178265881177D-01 5.0D-09 0.0D+00 8.5D-09 0.0D+00       22      135       22      220  S
     21      1   2.0037856774860918D-01 5.1D-09 0.0D+00 6.4D-09 0.0D+00       22      111       22      220  S
     21      1   2.0233178265871155D-01 5.0D-09 0.0D+00 1.0D-08 0.0D+00       23      184       23      230  S
     21      1   2.0037699390036823D-01 5.1D-09 0.0D+00 3.7D-09 0.0D+00       22      122       22      220  S
     21      1   1.9719244908321434D-01 4.3D-09 0.0D+00 5.5D-09 0.0D+00       22      122       22      220  S
     21      1   2.0046270907164582D-01 5.1D-09 0.0D+00 4.3D-09 0.0D+00       22      129       22      220  S
     21      1   2.0037686753806974D-01 5.1D-09 0.0D+00 2.3D-09 0.0D+00       22      113       22      220  S
     21      1   2.0046270879392938D-01 5.1D-09 0.0D+00 8.6D-09 0.0D+00       21      113       21      210  S
     21      1   2.0233487173286691D-01 5.0D-09 0.0D+00 3.4D-08 0.0D+00       23      163       23      230  S
     21      1   2.0037679639445380D-01 5.1D-09 0.0D+00 2.9D-09 0.0D+00       22      109       22      220  S
     21      1   2.0037699390022579D-01 5.1D-09 0.0D+00 7.0D-09 0.0D+00       22      115       22      220  S
     21      1   2.0037699390028119D-01 5.1D-09 0.0D+00 6.6D-09 0.0D+00       22      114       22      220  S
     21      1   2.1704114536146479D-01 6.0D-09 0.0D+00 1.7D-08 0.0D+00       23      183       23      230  S
     21      1   2.0037856774865059D-01 5.1D-09 0.0D+00 2.6D-09 0.0D+00       22      113       22      220  S
     21      1   2.0038128386086826D-01 5.1D-09 0.0D+00 2.2D-09 0.0D+00       22      114       22      220  S
     21      1   2.2221346338883430D-01 5.5D-09 0.0D+00 1.9D-08 0.0D+00       23      194       23      230  S
     21      1   2.0037718419575365D-01 5.1D-09 0.0D+00 1.7D-09 0.0D+00       22      110       22      220  S
     21      1   2.1704151745066441D-01 6.0D-09 0.0D+00 1.7D-08 0.0D+00       23      134       23      230  S
     21      1   2.1704035393229049D-01 6.0D-09 0.0D+00 1.2D-07 0.0D+00       24      173       24      240  S
     21      1   1.9719408524907980D-01 4.3D-09 0.0D+00 7.3D-09 0.0D+00       21      124       21      210  S
     21      1   2.0037686753794612D-01 5.1D-09 0.0D+00 2.8D-09 0.0D+00       22      120       22      220  S
     21      1   2.0681814445369207D-01 4.8D-09 0.0D+00 8.1D-09 0.0D+00       22      172       22      220  S
     21      1   2.0037856774866780D-01 5.1D-09 0.0D+00 1.5D-08 0.0D+00       23      120       23      230  S
     21      1   2.0309184006895137D-01 5.2D-09 0.0D+00 2.1D-09 0.0D+00       21      138       21      210  S
     21      1   2.0037818638793767D-01 5.1D-09 0.0D+00 1.9D-09 0.0D+00       22      114       22      220  S
     21      1   2.0037718419559125D-01 5.1D-09 0.0D+00 2.6D-09 0.0D+00       21      111       21      210  S
     21      1   2.1704144440846751D-01 6.0D-09 0.0D+00 3.2D-07 0.0D+00       23      167       23      230  S
     21      1   1.9719358930022976D-01 4.3D-09 0.0D+00 8.5D-09 0.0D+00       22      143       22      220  S
     21      1   2.0037400176227826D-01 5.1D-09 0.0D+00 1.0D-08 0.0D+00       23      147       23      230  S
     21      1   2.0037662734097372D-01 5.1D-09 0.0D+00 5.4D-09 0.0D+00       22      119       22      220  S
     21      1   2.1704101166756928D-01 6.0D-09 0.0D+00 7.7D-09 0.0D+00       22      170       22      220  S
     21      1   1.9719244908335215D-01 4.3D-09 0.0D+00 8.2D-09 0.0D+00       22      131       22      220  S
     21      1   2.0038064960512261D-01 5.1D-09 0.0D+00 4.7D-09 0.0D+00       22      126       22      220  S
     21      1   2.0037686753810111D-01 5.1D-09 0.0D+00 5.0D-09 0.0D+00       22      110       22      220  S
     21      1   2.0037662734086556D-01 5.1D-09 0.0D+00 6.8D-09 0.0D+00       21      111       21      210  S
     21      1   2.0037400176208850D-01 5.1D-09 0.0D+00 1.5D-09 0.0D+00       21      114       21      210  S
     21      1   2.4949688953054869D-01 3.6D-07 0.0D+00 1.1D-02 0.0D+00       24      131       25      250  S
     21      1   2.2221346338768119D-01 5.5D-09 0.0D+00 1.2D-07 0.0D+00       23      182       23      230  S
     21      1   2.0233487173249115D-01 5.0D-09 0.0D+00 5.6D-10 0.0D+00       21      137       21      210  S
     21      1   2.0038064960514693D-01 5.1D-09 0.0D+00 4.5D-09 0.0D+00       22      110       22      220  S
     21      1   2.0037818638806101D-01 5.1D-09 0.0D+00 1.5D-10 0.0D+00       22      113       22      220  S
     21      1   1.9719244908325503D-01 4.3D-09 0.0D+00 5.8D-09 0.0D+00       22      150       22      220  S
     21      1   2.0037294257552821D-01 5.1D-09 0.0D+00 6.1D-09 0.0D+00       22      121       22      220  S
     21      1   1.9719244908337416D-01 4.3D-09 0.0D+00 1.4D-08 0.0D+00       23      130       23      230  S
     21      1   2.0309287078132851D-01 5.2D-09 0.0D+00 3.5D-08 0.0D+00       23      171       23      230  S
     21      1   2.0233570510239104D-01 5.0D-09 0.0D+00 2.0D-07 0.0D+00       24      155       24      240  S
     21      1   2.0233393889539200D-01 5.0D-09 0.0D+00 8.1D-09 0.0D+00       22      150       22      220  S
     21      1   2.0037718419573816D-01 5.1D-09 0.0D+00 4.3D-09 0.0D+00       22      127       22      220  S
     21      1   2.0037679639436179D-01 5.1D-09 0.0D+00 5.4D-10 0.0D+00       22      117       22      220  S
     21      1   2.0037294257562396D-01 5.1D-09 0.0D+00 8.2D-11 0.0D+00       22      119       22      220  S
     21      1   2.0037718419543901D-01 5.1D-09 0.0D+00 2.8D-09 0.0D+00       21      125       21      210  S
     21      1   2.4619384904501873D-01 3.5D-09 0.0D+00 1.6D+04 0.0D+00       27      344       27      270  S
     21      1   2.0037294257557928D-01 5.1D-09 0.0D+00 1.1D-09 0.0D+00       22      115       22      220  S
     21      1   2.0233570510377552D-01 5.0D-09 0.0D+00 6.2D-08 0.0D+00       23      170       23      230  S
     21      1   2.0037728271318703D-01 5.1D-09 0.0D+00 6.4D-09 0.0D+00       22      121       22      220  S
     21      1   2.0037728271333480D-01 5.1D-09 0.0D+00 8.9D-10 0.0D+00       22      127       22      220  S
     21      1   1.9719244908328318D-01 4.3D-09 0.0D+00 6.7D-09 0.0D+00       22      124       22      220  S
     21      1   2.0046270907169730D-01 5.1D-09 0.0D+00 3.1D-09 0.0D+00       22      124       22      220  S
     21      1   2.0037728271305627D-01 5.1D-09 0.0D+00 5.3D-09 0.0D+00       21      117       21      210  S
     21      1   2.0038064960514906D-01 5.1D-09 0.0D+00 4.0D-09 0.0D+00       22      114       22      220  S
     21      1   1.9719244908339942D-01 4.3D-09 0.0D+00 4.3D-09 0.0D+00       22      152       22      220  S
     21      1   2.0233393889466270D-01 5.0D-09 0.0D+00 9.8D-08 0.0D+00       24      185       24      240  S
     21      1   1.9719244908337163D-01 4.3D-09 0.0D+00 1.6D-09 0.0D+00       22      139       22      220  S
     21      1   2.0309107140796578D-01 5.2D-09 0.0D+00 4.4D-08 0.0D+00       22      161       22      220  S
     21      1   2.1982148821960995D-01 5.8D-09 0.0D+00 3.7D-09 0.0D+00       21      200       21      210  S
     21      1   2.0233570510253995D-01 5.0D-09 0.0D+00 2.3D-07 0.0D+00       24      170       24      240  S
     21      1   2.0309492840781429D-01 5.2D-09 0.0D+00 3.0D-07 0.0D+00       23      186       23      230  S
     21      1   2.0233178265869076D-01 5.0D-09 0.0D+00 5.3D-09 0.0D+00       22      148       22      220  S
     21      1   2.0037699390039501D-01 5.1D-09 0.0D+00 5.9D-09 0.0D+00       22      113       22      220  S
     21      1   2.0233268283734637D-01 5.0D-09 0.0D+00 2.8D-08 0.0D+00       23      165       23      230  S
     21      1   2.0233282828720295D-01 5.0D-09 0.0D+00 1.6D-09 0.0D+00       22      133       22      220  S
     21      1   2.0037699390035582D-01 5.1D-09 0.0D+00 7.7D-09 0.0D+00       22      112       22      220  S
     21      1   2.0037679639439665D-01 5.1D-09 0.0D+00 8.8D-09 0.0D+00       22      121       22      220  S
     21      1   2.0038128386095339D-01 5.1D-09 0.0D+00 1.1D-08 0.0D+00       23      122       23      230  S
     21      1   2.0233178267286850D-01 5.0D-09 0.0D+00 1.5D-08 0.0D+00       24      193       24      240  S
     21      1   2.0037294257559232D-01 5.1D-09 0.0D+00 4.1D-09 0.0D+00       22      109       22      220  S
     21      1   2.0037686753815515D-01 5.1D-09 0.0D+00 4.1D-09 0.0D+00       22      123       22      220  S
     21      1   2.0038064960517324D-01 5.1D-09 0.0D+00 8.0D-09 0.0D+00       22      119       22      220  S
     21      1   2.0037699390031691D-01 5.1D-09 0.0D+00 9.9D-09 0.0D+00       22      118       22      220  S
     21      1   2.0037662734090284D-01 5.1D-09 0.0D+00 3.3D-09 0.0D+00       22      111       22      220  S
     21      1   2.0046270907165625D-01 5.1D-09 0.0D+00 8.3D-09 0.0D+00       22      122       22      220  S
     21      1   2.0038128386095688D-01 5.1D-09 0.0D+00 2.7D-08 0.0D+00       23      128       23      230  S
     21      1   2.0037699390017283D-01 5.1D-09 0.0D+00 9.4D-09 0.0D+00       21      122       21      210  S
     21      1   1.9719358930020722D-01 4.3D-09 0.0D+00 5.6D-09 0.0D+00       22      149       22      220  S
     21      1   2.0037400176187672D-01 5.1D-09 0.0D+00 3.7D-09 0.0D+00       21      111       21      210  S
     21      1   2.0233178265679422D-01 5.0D-09 0.0D+00 2.9D-07 0.0D+00       23      164       23      230  S
     21      1   2.0046270907172253D-01 5.1D-09 0.0D+00 8.9D-09 0.0D+00       22      115       22      220  S
     21      1   2.0233282828499907D-01 5.0D-09 0.0D+00 3.1D-07 0.0D+00       23      175       23      230  S
     21      1   2.0037686753809991D-01 5.1D-09 0.0D+00 4.8D-09 0.0D+00       22      111       22      220  S
     21      1   2.0233178265880733D-01 5.0D-09 0.0D+00 5.5D-09 0.0D+00       22      147       22      220  S
     21      1   2.0037699390040531D-01 5.1D-09 0.0D+00 8.8D-10 0.0D+00       22      108       22      220  S
     21      1   2.0233487173283324D-01 5.0D-09 0.0D+00 3.7D-08 0.0D+00       23      157       23      230  S
     21      1   2.1704043621506469D-01 6.0D-09 0.0D+00 6.3D-09 0.0D+00       22      146       22      220  S
     21      1   2.1703873344870314D-01 6.0D-09 0.0D+00 2.3D-07 0.0D+00       24      163       24      240  S
     21      1   2.1703774541604598D-01 6.0D-09 0.0D+00 4.5D-09 0.0D+00       22      149       22      220  S
     21      1   2.0233393889544771D-01 5.0D-09 0.0D+00 7.5D-09 0.0D+00       22      140       22      220  S
     21      1   1.9719244908322894D-01 4.3D-09 0.0D+00 1.8D-09 0.0D+00       22      127       22      220  S
     21      1   2.1704151745101063D-01 6.0D-09 0.0D+00 4.5D-10 0.0D+00       22      150       22      220  S
     21      1   2.0037294257546917D-01 5.1D-09 0.0D+00 3.5D-09 0.0D+00       22      113       22      220  S
     21      1   2.1704156280904294D-01 6.0D-09 0.0D+00 3.3D-07 0.0D+00       23      158       23      230  S
     21      1   2.0037679639435083D-01 5.1D-09 0.0D+00 7.3D-10 0.0D+00       22      120       22      220  S
     21      1   2.0233282828718679D-01 5.0D-09 0.0D+00 5.7D-08 0.0D+00       23      158       23      230  S
     21      1   2.0233431487260303D-01 5.0D-09 0.0D+00 3.7D-09 0.0D+00       22      129       22      220  S
     21      1   1.9719408524890852D-01 4.3D-09 0.0D+00 3.9D-10 0.0D+00       21      125       21      210  S
     21      1   2.0364982059071843D-01 4.8D-09 0.0D+00 6.2D-09 0.0D+00       22      126       22      220  S
     21      1   2.0037718419594786D-01 5.1D-09 0.0D+00 3.7D-09 0.0D+00       22      125       22      220  S
     21      1   2.0037679639406239D-01 5.1D-09 0.0D+00 3.6D-10 0.0D+00       21      115       21      210  S
     21      1   2.0037718419577352D-01 5.1D-09 0.0D+00 4.3D-09 0.0D+00       22      122       22      220  S
     21      1   2.0037662734085890D-01 5.1D-09 0.0D+00 6.0D-10 0.0D+00       22      117       22      220  S
     21      1   2.0037294257528451D-01 5.1D-09 0.0D+00 8.5D-09 0.0D+00       21      113       21      210  S
     21      1   2.0037294257534397D-01 5.1D-09 0.0D+00 8.5D-11 0.0D+00       21      117       21      210  S
     21      1   1.9719244908333869D-01 4.3D-09 0.0D+00 9.6D-09 0.0D+00       22      156       22      220  S
     21      1   2.0037679639439832D-01 5.1D-09 0.0D+00 6.3D-09 0.0D+00       22      125       22      220  S
     21      1   2.0037718419577125D-01 5.1D-09 0.0D+00 6.8D-09 0.0D+00       22      117       22      220  S
     21      1   1.9719244908339506D-01 4.3D-09 0.0D+00 3.7D-09 0.0D+00       22      133       22      220  S
     21      1   1.9719244908328387D-01 4.3D-09 0.0D+00 8.8D-09 0.0D+00       22      127       22      220  S
     21      1   2.0037679639435430D-01 5.1D-09 0.0D+00 3.0D-10 0.0D+00       22      119       22      220  S
