     19      1   2.1982021144001049D-01 5.8D-09 0.0D+00 1.1D-07 0.0D+00       25      170       25      244  S
     19      1   2.1981908793981281D-01 5.8D-09 0.0D+00 6.8D-09 0.0D+00       22      129       22      220  S
     19      1   2.1982021143426494D-01 5.8D-09 0.0D+00 1.7D-09 0.0D+00       22      143       22      220  S
     19      1   2.0681814445378249D-01 4.8D-09 0.0D+00 7.1D-09 0.0D+00       22      131       22      220  S
     19      1   2.0681814445391000D-01 4.8D-09 0.0D+00 1.4D-08 0.0D+00       23      120       23      230  S
     19      1   2.1982020215901260D-01 5.8D-09 0.0D+00 6.3D-09 0.0D+00       22      134       22      220  S
     19      1   2.1982148821961325D-01 5.8D-09 0.0D+00 6.1D-09 0.0D+00       22      124       22      220  S
     19      1   2.1982020215337675D-01 5.8D-09 0.0D+00 4.8D-09 0.0D+00       22      137       22      220  S
     19      1   2.1982148821893790D-01 5.8D-09 0.0D+00 4.9D-08 0.0D+00       23      142       23      230  S
     19      1   2.4963083385437920D-01 6.8D-09 0.0D+00 4.4D-09 0.0D+00       21      145       21      210  S
     19      1   2.1981904629041335D-01 5.8D-09 0.0D+00 2.8D-09 0.0D+00       21      138       21      210  S
     19      1   2.0682157418190084D-01 4.8D-09 0.0D+00 1.0D-09 0.0D+00       22      122       22      220  S
     19      1   2.0681819311500896D-01 4.8D-09 0.0D+00 5.5D-09 0.0D+00       22      111       22      220  S
     19      1   2.0681819311491512D-01 4.8D-09 0.0D+00 6.3D-09 0.0D+00       22      113       22      220  S
     19      1   2.0682157418071490D-01 4.8D-09 0.0D+00 3.2D-09 0.0D+00       22      143       22      220  S
     19      1   2.1981766307566925D-01 5.8D-09 0.0D+00 5.5D-09 0.0D+00       22      135       22      220  S
     19      1   2.1982020215381762D-01 5.8D-09 0.0D+00 2.7D-09 0.0D+00       22      185       22      220  S
     19      1   2.2143063452617665D-01 5.7D-09 0.0D+00 1.4D-07 0.0D+00       22      164       22      220  S
     19      1   2.0681819311507452D-01 4.8D-09 0.0D+00 1.1D-10 0.0D+00       22      115       22      220  S
     19      1   2.1982056450611243D-01 5.8D-09 0.0D+00 2.5D-09 0.0D+00       23      157       23      230  S
     19      1   2.0681908316194786D-01 4.9D-09 0.0D+00 6.8D-09 0.0D+00       22      115       22      220  S
     19      1   2.1982148821785433D-01 5.8D-09 0.0D+00 2.1D-07 0.0D+00       23      161       23      230  S
     19      1   2.1981732862713041D-01 5.8D-09 0.0D+00 2.4D-08 0.0D+00       23      156       23      230  S
     19      1   2.1982148822569186D-01 5.8D-09 0.0D+00 2.2D-09 0.0D+00       22      177       22      220  S
     19      1   2.0682157418061037D-01 4.8D-09 0.0D+00 2.6D-09 0.0D+00       22      119       22      220  S
     19      1   2.1982123091794883D-01 5.8D-09 0.0D+00 3.1D-07 0.0D+00       23      156       23      230  S
     19      1   2.1981904629047463D-01 5.8D-09 0.0D+00 2.7D-05 0.0D+00       23      135       23      230  S
     19      1   2.1981908794007041D-01 5.8D-09 0.0D+00 7.7D-10 0.0D+00       22      137       22      220  S
     19      1   2.0681819311500654D-01 4.8D-09 0.0D+00 1.0D-08 0.0D+00       22      116       22      220  S
     19      1   2.1982037190814283D-01 5.8D-09 0.0D+00 3.6D-09 0.0D+00       22      119       22      220  S
     19      1   2.0681819311501265D-01 4.8D-09 0.0D+00 6.4D-09 0.0D+00       22      117       22      220  S
     19      1   2.0682157418196162D-01 4.8D-09 0.0D+00 2.6D-09 0.0D+00       22      123       22      220  S
     19      1   2.0681896982827863D-01 4.8D-09 0.0D+00 1.9D-09 0.0D+00       22      115       22      220  S
     19      1   2.0682181133261748D-01 4.8D-09 0.0D+00 6.9D-09 0.0D+00       22      133       22      220  S
     19      1   2.0681861569177537D-01 4.8D-09 0.0D+00 3.8D-09 0.0D+00       22      112       22      220  S
     19      1   2.0682043332659700D-01 4.8D-09 0.0D+00 4.5D-09 0.0D+00       21      107       21      210  S
     19      1   2.0682157418054894D-01 4.8D-09 0.0D+00 1.0D-09 0.0D+00       22      142       22      220  S
     19      1   2.1981687713476053D-01 5.8D-09 0.0D+00 2.0D-07 0.0D+00       22      158       22      220  S
     19      1   2.1982021143423097D-01 5.8D-09 0.0D+00 2.0D-08 0.0D+00       23      176       23      230  S
     19      1   2.0681819311503546D-01 4.8D-09 0.0D+00 8.4D-09 0.0D+00       22      114       22      220  S
     19      1   2.0681819311504662D-01 4.8D-09 0.0D+00 4.8D-09 0.0D+00       22      132       22      220  S
     19      1   2.0681819311519353D-01 4.8D-09 0.0D+00 9.6D-09 0.0D+00       22      125       22      220  S
     19      1   2.0681819311494357D-01 4.8D-09 0.0D+00 9.0D-09 0.0D+00       22      122       22      220  S
     19      1   2.0681819311494068D-01 4.8D-09 0.0D+00 2.3D-09 0.0D+00       22      126       22      220  S
     19      1   2.1981908793992411D-01 5.8D-09 0.0D+00 2.8D-09 0.0D+00       22      159       22      220  S
     19      1   2.1981732862541001D-01 5.8D-09 0.0D+00 1.4D-07 0.0D+00       24      173       24      240  S
     19      1   2.1981687713670062D-01 5.8D-09 0.0D+00 1.8D-08 0.0D+00       23      166       23      230  S
     19      1   2.0681819311495236D-01 4.8D-09 0.0D+00 2.9D-10 0.0D+00       22      110       22      220  S
     19      1   2.1982056449771295D-01 5.8D-09 0.0D+00 3.2D-07 0.0D+00       23      162       23      230  S
     19      1   2.1981766307313724D-01 5.8D-09 0.0D+00 3.1D-07 0.0D+00       22      154       22      220  S
     19      1   2.0682157418194044D-01 4.8D-09 0.0D+00 2.9D-10 0.0D+00       22      124       22      220  S
     19      1   2.0681814445369098D-01 4.8D-09 0.0D+00 3.8D-09 0.0D+00       22      117       22      220  S
     19      1   2.1982056449922005D-01 5.8D-09 0.0D+00 1.8D-07 0.0D+00       23      139       23      230  S
     19      1   2.2142478723821823D-01 5.7D-09 0.0D+00 9.0D-09 0.0D+00       22      186       22      220  S
     19      1   2.1981904629055771D-01 5.8D-09 0.0D+00 1.6D-08 0.0D+00       24      186       24      240  S
     19      1   2.1982123092065065D-01 5.8D-09 0.0D+00 2.5D-09 0.0D+00       22      142       22      220  S
     19      1   2.0681934931788787D-01 4.8D-09 0.0D+00 8.2D-09 0.0D+00       22      124       22      220  S
     19      1   2.1982100988912320D-01 5.8D-09 0.0D+00 6.7D-09 0.0D+00       21      135       21      210  S
     19      1   2.1981908793960575D-01 5.8D-09 0.0D+00 1.8D-08 0.0D+00       22      143       22      220  S
     19      1   2.4963083385443627D-01 6.8D-09 0.0D+00 1.4D-09 0.0D+00       22      157       22      220  S
     19      1   2.0681896982835593D-01 4.8D-09 0.0D+00 1.0D-09 0.0D+00       22      112       22      220  S
     19      1   2.0681861569178864D-01 4.8D-09 0.0D+00 5.1D-09 0.0D+00       22      115       22      220  S
     19      1   2.1981687713676781D-01 5.8D-09 0.0D+00 5.1D-09 0.0D+00       21      153       21      210  S
     19      1   2.1981687715301046D-01 5.8D-09 0.0D+00 1.3D-09 0.0D+00       23      150       23      230  S
     19      1   2.0681934931784141D-01 4.8D-09 0.0D+00 2.5D-09 0.0D+00       22      122       22      220  S
     19      1   2.0681861569174886D-01 4.8D-09 0.0D+00 7.8D-09 0.0D+00       22      113       22      220  S
     19      1   2.0681934931796322D-01 4.8D-09 0.0D+00 7.7D-09 0.0D+00       22      128       22      220  S
     19      1   2.0681819311512736D-01 4.8D-09 0.0D+00 1.8D-08 0.0D+00       23      114       23      230  S
     19      1   2.1981908793989202D-01 5.8D-09 0.0D+00 4.9D-09 0.0D+00       22      150       22      220  S
     19      1   2.0681814445359306D-01 4.8D-09 0.0D+00 5.3D-09 0.0D+00       21      108       21      210  S
     19      1   2.0681861569188453D-01 4.8D-09 0.0D+00 2.4D-09 0.0D+00       22      115       22      220  S
     19      1   2.1981687713556095D-01 5.8D-09 0.0D+00 1.5D-07 0.0D+00       24      166       24      240  S
     19      1   2.4963083321797441D-01 6.8D-09 0.0D+00 1.2D-09 0.0D+00       22      162       22      220  S
     19      1   2.0681819311483163D-01 4.8D-09 0.0D+00 9.3D-10 0.0D+00       21      115       21      210  S
     19      1   2.2220983008974041D-01 5.5D-09 0.0D+00 6.2D-08 0.0D+00       24      169       24      240  S
     19      1   2.1981908793749083D-01 5.8D-09 0.0D+00 2.4D-07 0.0D+00       23      151       23      230  S
     19      1   2.4948161766227842D-01 4.5D-07 0.0D+00 2.2D-02 0.0D+00       24      138       25      250  S
     19      1   4.2023703747796237D-01 3.4D-06 0.0D+00 1.0D+00 0.0D+00       26      251       27      270  S
     19      1   2.0681819311496369D-01 4.8D-09 0.0D+00 7.3D-09 0.0D+00       22      119       22      220  S
     19      1   2.0681814445373956D-01 4.8D-09 0.0D+00 3.4D-09 0.0D+00       22      124       22      220  S
     19      1   2.0681896982819781D-01 4.8D-09 0.0D+00 2.6D-10 0.0D+00       22      112       22      220  S
     19      1   2.1982148821685685D-01 5.8D-09 0.0D+00 3.2D-07 0.0D+00       23      161       23      230  S
     19      1   2.1982148822612352D-01 5.8D-09 0.0D+00 5.3D-08 0.0D+00       24      177       24      240  S
     19      1   2.2221346338971740D-01 5.5D-09 0.0D+00 2.6D-08 0.0D+00       23      211       23      230  S
     19      1   2.0681819311496441D-01 4.8D-09 0.0D+00 6.2D-09 0.0D+00       22      111       22      220  S
     19      1   2.0682157418056127D-01 4.8D-09 0.0D+00 1.8D-08 0.0D+00       23      134       23      230  S
     19      1   2.0682157418199226D-01 4.8D-09 0.0D+00 6.0D-09 0.0D+00       22      128       22      220  S
     19      1   2.0681896982828701D-01 4.8D-09 0.0D+00 9.6D-11 0.0D+00       22      115       22      220  S
     19      1   2.0681934931780088D-01 4.8D-09 0.0D+00 9.9D-09 0.0D+00       22      116       22      220  S
     19      1   2.1982056450126328D-01 5.8D-09 0.0D+00 9.2D-09 0.0D+00       22      117       22      220  S
     19      1   2.0682157418050415D-01 4.8D-09 0.0D+00 9.9D-09 0.0D+00       22      123       22      220  S
     19      1   2.0681819311509347D-01 4.8D-09 0.0D+00 7.2D-09 0.0D+00       22      119       22      220  S
     19      1   2.1968394351733789D-01 7.5D-07 0.0D+00 7.3D-02 0.0D+00       23      113       24      240  S
     19      1   2.1981766307369532D-01 5.8D-09 0.0D+00 2.2D-07 0.0D+00       23      156       23      230  S
     19      1   2.0682181133261351D-01 4.8D-09 0.0D+00 3.8D-09 0.0D+00       22      121       22      220  S
     19      1   2.0681819311493063D-01 4.8D-09 0.0D+00 3.7D-09 0.0D+00       22      116       22      220  S
     19      1   2.0681861569173315D-01 4.8D-09 0.0D+00 1.2D-09 0.0D+00       22      136       22      220  S
     19      1   2.0681861569169455D-01 4.8D-09 0.0D+00 8.4D-09 0.0D+00       22      121       22      220  S
     19      1   2.0681819311493582D-01 4.8D-09 0.0D+00 9.1D-09 0.0D+00       22      108       22      220  S
     19      1   2.1981766307560899D-01 5.8D-09 0.0D+00 2.2D-07 0.0D+00       23      148       23      230  S
     19      1   2.0681861569165672D-01 4.8D-09 0.0D+00 1.4D-09 0.0D+00       22      116       22      220  S
     19      1   2.1981904628734972D-01 5.8D-09 0.0D+00 3.1D-07 0.0D+00       22      150       22      220  S
     19      1   2.1982148821939798D-01 5.8D-09 0.0D+00 2.7D-08 0.0D+00       22      146       22      220  S
     19      1   2.4963081251553254D-01 6.8D-09 0.0D+00 3.2D-07 0.0D+00       22      147       22      220  S
     19      1   5.7832883978281380D-01 1.1D-16 0.0D+00 5.8D-01 0.0D+00        3       30        3       30  S
     19      1   2.1982148821982514D-01 5.8D-09 0.0D+00 9.1D-09 0.0D+00       22      134       22      220  S
     19      1   2.0681896982833664D-01 4.8D-09 0.0D+00 2.6D-09 0.0D+00       22      108       22      220  S
     19      1   2.0681861569165871D-01 4.8D-09 0.0D+00 3.2D-09 0.0D+00       22      108       22      220  S
     19      1   2.0681861569166787D-01 4.8D-09 0.0D+00 7.6D-09 0.0D+00       22      123       22      220  S
     19      1   2.1981732862662962D-01 5.8D-09 0.0D+00 2.0D-09 0.0D+00       21      119       21      210  S
     19      1   2.2220983009043471D-01 5.5D-09 0.0D+00 1.3D-09 0.0D+00       22      176       22      220  S
     19      1   2.1982148821974687D-01 5.8D-09 0.0D+00 8.1D-09 0.0D+00       22      152       22      220  S
     19      1   2.1982020216036824D-01 5.8D-09 0.0D+00 6.7D-09 0.0D+00       23      146       23      230  S
     19      1   2.0682157418066605D-01 4.8D-09 0.0D+00 5.0D-08 0.0D+00       23      132       23      230  S
     19      1   2.1982020215047943D-01 5.8D-09 0.0D+00 2.9D-07 0.0D+00       24      134       24      240  S
     19      1   2.0681896982833853D-01 4.8D-09 0.0D+00 4.4D-09 0.0D+00       22      113       22      220  S
     19      1   2.0681908316190159D-01 4.9D-09 0.0D+00 5.5D-09 0.0D+00       22      116       22      220  S
     19      1   2.2221289420027629D-01 5.5D-09 0.0D+00 1.5D-09 0.0D+00       22      157       22      220  S
     19      1   2.1981766308098130D-01 5.8D-09 0.0D+00 2.6D-07 0.0D+00       24      179       24      240  S
     19      1   2.0681814445375957D-01 4.8D-09 0.0D+00 4.0D-09 0.0D+00       22      118       22      220  S
     19      1   2.1982056450015933D-01 5.8D-09 0.0D+00 7.9D-08 0.0D+00       23      167       23      230  S
     19      1   2.0681908316190764D-01 4.9D-09 0.0D+00 1.8D-09 0.0D+00       22      127       22      220  S
     19      1   2.0681819311497016D-01 4.8D-09 0.0D+00 9.9D-09 0.0D+00       22      114       22      220  S
     19      1   2.0681861569225260D-01 4.8D-09 0.0D+00 2.3D-09 0.0D+00       22      139       22      220  S
     19      1   2.0681819311498692D-01 4.8D-09 0.0D+00 8.6D-09 0.0D+00       22      121       22      220  S
     19      1   2.1982021143411604D-01 5.8D-09 0.0D+00 2.5D-09 0.0D+00       22      162       22      220  S
     19      1   2.1981766307309314D-01 5.8D-09 0.0D+00 2.8D-07 0.0D+00       23      151       23      230  S
     19      1   2.1981766307597059D-01 5.8D-09 0.0D+00 8.0D-09 0.0D+00       22      157       22      220  S
     19      1   2.1981904628751503D-01 5.8D-09 0.0D+00 3.0D-07 0.0D+00       23      144       23      230  S
     19      1   2.1981766307587017D-01 5.8D-09 0.0D+00 7.5D-10 0.0D+00       22      134       22      220  S
     19      1   2.0681908316195563D-01 4.9D-09 0.0D+00 4.7D-09 0.0D+00       22      122       22      220  S
     19      1   2.0682157418195904D-01 4.8D-09 0.0D+00 9.0D-09 0.0D+00       22      123       22      220  S
     19      1   2.1982046445156764D-01 5.8D-09 0.0D+00 8.8D-09 0.0D+00       23      151       23      230  S
     19      1   2.0682181133252547D-01 4.8D-09 0.0D+00 4.1D-10 0.0D+00       22      135       22      220  S
     19      1   2.1981766307563780D-01 5.8D-09 0.0D+00 8.5D-09 0.0D+00       21      156       21      210  S
     19      1   2.2142628600835040D-01 5.7D-09 0.0D+00 8.5D-09 0.0D+00       21      136       21      210  S
     19      1   2.0681861569163690D-01 4.8D-09 0.0D+00 5.3D-09 0.0D+00       22      110       22      220  S
     19      1   2.1981766307296863D-01 5.8D-09 0.0D+00 3.2D-07 0.0D+00       22      178       22      220  S
     19      1   2.0681896983374848D-01 4.8D-09 0.0D+00 2.2D-08 0.0D+00       24      137       24      240  S
     19      1   2.1981687713715151D-01 5.8D-09 0.0D+00 9.6D-09 0.0D+00       22      150       22      220  S
     19      1   2.0682157417857316D-01 4.8D-09 0.0D+00 3.4D-09 0.0D+00       21      114       21      210  S
     19      1   2.0681896982822884D-01 4.8D-09 0.0D+00 7.7D-09 0.0D+00       22      113       22      220  S
     19      1   2.1982148821720901D-01 5.8D-09 0.0D+00 2.4D-07 0.0D+00       22      157       22      220  S
     19      1   2.1982020215031098D-01 5.8D-09 0.0D+00 3.2D-07 0.0D+00       23      148       23      230  S
     19      1   2.0681861569168092D-01 4.8D-09 0.0D+00 1.7D-09 0.0D+00       22      114       22      220  S
     19      1   2.0681819311505276D-01 4.8D-09 0.0D+00 5.6D-09 0.0D+00       22      124       22      220  S
     19      1   2.0681934931784546D-01 4.8D-09 0.0D+00 4.9D-09 0.0D+00       22      119       22      220  S
     19      1   2.1982021143447331D-01 5.8D-09 0.0D+00 1.3D-09 0.0D+00       22      154       22      220  S
     19      1   2.0681819311492355D-01 4.8D-09 0.0D+00 3.9D-09 0.0D+00       22      115       22      220  S
     19      1   2.0681861569152143D-01 4.8D-09 0.0D+00 8.9D-10 0.0D+00       21      114       21      210  S
     19      1   2.1981732863166215D-01 5.8D-09 0.0D+00 1.8D-09 0.0D+00       23      168       23      230  S
     19      1   2.0681861569187490D-01 4.8D-09 0.0D+00 2.8D-09 0.0D+00       22      124       22      220  S
     19      1   2.1982056450081724D-01 5.8D-09 0.0D+00 1.5D-08 0.0D+00       22      147       22      220  S
     19      1   2.0681814445383179D-01 4.8D-09 0.0D+00 3.2D-09 0.0D+00       22      125       22      220  S
     19      1   2.0682181133263697D-01 4.8D-09 0.0D+00 7.9D-09 0.0D+00       22      125       22      220  S
     19      1   2.4963081251543362D-01 6.8D-09 0.0D+00 3.2D-07 0.0D+00       23      145       23      230  S
     19      1   2.0681819311503585D-01 4.8D-09 0.0D+00 9.5D-09 0.0D+00       22      119       22      220  S
     19      1   2.1981904629056837D-01 5.8D-09 0.0D+00 9.8D-09 0.0D+00       22      134       22      220  S
     19      1   2.0681896982828404D-01 4.8D-09 0.0D+00 6.7D-09 0.0D+00       22      115       22      220  S
     19      1   2.1981732862379944D-01 5.8D-09 0.0D+00 3.1D-07 0.0D+00       24      152       24      240  S
     19      1   2.1982148821774183D-01 5.8D-09 0.0D+00 2.4D-07 0.0D+00       23      150       23      230  S
     19      1   2.0681934931782017D-01 4.8D-09 0.0D+00 3.3D-09 0.0D+00       22      118       22      220  S
     19      1   2.0682181133254079D-01 4.8D-09 0.0D+00 8.0D-10 0.0D+00       22      120       22      220  S
     19      1   2.0681819311495780D-01 4.8D-09 0.0D+00 7.8D-09 0.0D+00       22      114       22      220  S
     19      1   2.0681819311501418D-01 4.8D-09 0.0D+00 2.1D-09 0.0D+00       22      127       22      220  S
     19      1   2.0681861569170915D-01 4.8D-09 0.0D+00 5.0D-09 0.0D+00       22      114       22      220  S
     19      1   2.0681819311499230D-01 4.8D-09 0.0D+00 8.0D-09 0.0D+00       22      118       22      220  S
     19      1   2.1981908793981494D-01 5.8D-09 0.0D+00 2.0D-08 0.0D+00       23      139       23      230  S
     19      1   2.1982056449793105D-01 5.8D-09 0.0D+00 3.1D-07 0.0D+00       23      140       23      230  S
     19      1   2.1967078427834436D-01 1.0D-06 0.0D+00 1.1D-01 0.0D+00       25      125       26      260  S
     19      1   2.1982056450071294D-01 5.8D-09 0.0D+00 3.8D-09 0.0D+00       21      120       21      210  S
     19      1   2.0681819311499847D-01 4.8D-09 0.0D+00 7.9D-10 0.0D+00       22      118       22      220  S
     19      1   2.1981904628887772D-01 5.8D-09 0.0D+00 1.5D-07 0.0D+00       23      152       23      230  S
     19      1   2.1982056450150966D-01 5.8D-09 0.0D+00 5.8D-09 0.0D+00       22      153       22      220  S
     19      1   2.0681908316188199D-01 4.9D-09 0.0D+00 8.5D-09 0.0D+00       22      114       22      220  S
     19      1   2.1981908793726188D-01 5.8D-09 0.0D+00 3.0D-07 0.0D+00       23      166       23      230  S
     19      1   2.1982020215343953D-01 5.8D-09 0.0D+00 1.9D-08 0.0D+00       23      142       23      230  S
     19      1   2.0682181133266553D-01 4.8D-09 0.0D+00 4.0D-09 0.0D+00       22      123       22      220  S
     19      1   2.0682157417937538D-01 4.8D-09 0.0D+00 4.9D-10 0.0D+00       22      130       22      220  S
     19      1   2.0682181133278460D-01 4.8D-09 0.0D+00 2.0D-09 0.0D+00       22      128       22      220  S
     19      1   2.0681819311508290D-01 4.8D-09 0.0D+00 1.9D-09 0.0D+00       22      115       22      220  S
     19      1   2.1982148821958586D-01 5.8D-09 0.0D+00 1.9D-08 0.0D+00       23      165       23      230  S
     19      1   2.0681861569177418D-01 4.8D-09 0.0D+00 4.7D-09 0.0D+00       22      115       22      220  S
     19      1   2.0681908316187225D-01 4.9D-09 0.0D+00 2.7D-09 0.0D+00       22      118       22      220  S
     19      1   2.0682181133268543D-01 4.8D-09 0.0D+00 3.8D-10 0.0D+00       22      116       22      220  S
     19      1   2.0681861569155466D-01 4.8D-09 0.0D+00 6.9D-09 0.0D+00       21      115       21      210  S
     19      1   2.0681896982825518D-01 4.8D-09 0.0D+00 1.7D-09 0.0D+00       22      123       22      220  S
     19      1   2.0681861569175811D-01 4.8D-09 0.0D+00 2.1D-09 0.0D+00       22      119       22      220  S
     19      1   2.1982148821750250D-01 5.8D-09 0.0D+00 2.2D-07 0.0D+00       23      141       23      230  S
     19      1   2.1982123092023434D-01 5.8D-09 0.0D+00 9.8D-09 0.0D+00       21      128       21      210  S
     19      1   2.1982056449941317D-01 5.8D-09 0.0D+00 2.0D-07 0.0D+00       23      165       23      230  S
     19      1   2.1982100988776604D-01 5.8D-09 0.0D+00 1.3D-07 0.0D+00       23      167       23      230  S
     19      1   2.1981908793996577D-01 5.8D-09 0.0D+00 4.7D-09 0.0D+00       21      150       21      210  S
     19      1   2.1981766307570710D-01 5.8D-09 0.0D+00 2.2D-08 0.0D+00       23      160       23      230  S
     19      1   2.0681861569163013D-01 4.8D-09 0.0D+00 3.2D-09 0.0D+00       22      110       22      220  S
     19      1   2.1982020215026707D-01 5.8D-09 0.0D+00 3.3D-07 0.0D+00       24      175       24      240  S
     19      1   2.0682157418071739D-01 4.8D-09 0.0D+00 1.8D-09 0.0D+00       22      144       22      220  S
     19      1   2.0681819311501751D-01 4.8D-09 0.0D+00 5.1D-09 0.0D+00       22      111       22      220  S
     19      1   2.4963083321404694D-01 6.8D-09 0.0D+00 3.1D-07 0.0D+00       22      138       22      220  S
     19      1   2.0681861569172674D-01 4.8D-09 0.0D+00 1.6D-08 0.0D+00       23      120       23      230  S
     19      1   2.0681896982811629D-01 4.8D-09 0.0D+00 3.5D-09 0.0D+00       21      111       21      210  S
     19      1   2.0681819311497446D-01 4.8D-09 0.0D+00 4.6D-09 0.0D+00       22      127       22      220  S
     19      1   2.1981687713694689D-01 5.8D-09 0.0D+00 7.0D-09 0.0D+00       22      150       22      220  S
     19      1   2.0681819311495783D-01 4.8D-09 0.0D+00 7.4D-09 0.0D+00       22      116       22      220  S
     19      1   2.0681861569144558D-01 4.8D-09 0.0D+00 7.7D-09 0.0D+00       21      117       21      210  S
     19      1   2.1981687713702952D-01 5.8D-09 0.0D+00 1.4D-08 0.0D+00       24      163       24      240  S
     19      1   2.0681819311495747D-01 4.8D-09 0.0D+00 6.0D-09 0.0D+00       22      117       22      220  S
     19      1   2.1981908793980764D-01 5.8D-09 0.0D+00 8.0D-09 0.0D+00       22      146       22      220  S
     19      1   2.1981766307569589D-01 5.8D-09 0.0D+00 3.1D-09 0.0D+00       22      146       22      220  S
     19      1   2.1982020215336251D-01 5.8D-09 0.0D+00 8.0D-09 0.0D+00       22      156       22      220  S
     19      1   2.0681819311494806D-01 4.8D-09 0.0D+00 6.9D-09 0.0D+00       22      106       22      220  S
     19      1   2.1981732862538075D-01 5.8D-09 0.0D+00 1.5D-07 0.0D+00       24      173       24      240  S
     19      1   2.1981904629029883D-01 5.8D-09 0.0D+00 1.7D-09 0.0D+00       21      143       21      210  S
     19      1   2.0681819311506069D-01 4.8D-09 0.0D+00 4.6D-09 0.0D+00       22      121       22      220  S
     19      1   2.1981904629070320D-01 5.8D-09 0.0D+00 7.7D-09 0.0D+00       21      164       21      210  S
     19      1   2.0685288918201000D-01 5.0D-09 0.0D+00 1.6D-06 0.0D+00       24      233       24      240  S
     19      1   2.0681861569174584D-01 4.8D-09 0.0D+00 3.3D-09 0.0D+00       22      112       22      220  S
     19      1   2.0681896982837814D-01 4.8D-09 0.0D+00 6.2D-09 0.0D+00       22      116       22      220  S
     19      1   2.0681896982901812D-01 4.8D-09 0.0D+00 4.1D-09 0.0D+00       22      128       22      220  S
     19      1   2.1982148821962058D-01 5.8D-09 0.0D+00 5.4D-10 0.0D+00       22      153       22      220  S
     19      1   2.1981766307298103D-01 5.8D-09 0.0D+00 3.1D-07 0.0D+00       24      164       24      240  S
     19      1   2.0682157418198169D-01 4.8D-09 0.0D+00 5.9D-09 0.0D+00       22      127       22      220  S
     19      1   2.1982020215032955D-01 5.8D-09 0.0D+00 3.1D-07 0.0D+00       23      142       23      230  S
     19      1   2.1981732862526454D-01 5.8D-09 0.0D+00 1.6D-07 0.0D+00       24      158       24      240  S
     19      1   2.4963791162496621D-01 6.8D-09 0.0D+00 5.9D-10 0.0D+00       21      167       21      210  S
     19      1   2.0682157418064789D-01 4.8D-09 0.0D+00 3.0D-10 0.0D+00       22      122       22      220  S
     19      1   2.1981908793972585D-01 5.8D-09 0.0D+00 1.0D-09 0.0D+00       22      144       22      220  S
     19      1   8.2267042710051796D-01 1.1D-16 0.0D+00 8.2D-01 0.0D+00        3       30        3       30  S
     19      1   2.1981687713550535D-01 5.8D-09 0.0D+00 1.4D-07 0.0D+00       22      139       22      220  S
     19      1   2.1982020215309728D-01 5.8D-09 0.0D+00 8.7D-09 0.0D+00       22      138       22      220  S
     19      1   2.1982056450088763D-01 5.8D-09 0.0D+00 1.4D-10 0.0D+00       22      151       22      220  S
     19      1   2.0681819311493277D-01 4.8D-09 0.0D+00 8.7D-09 0.0D+00       22      112       22      220  S
     19      1   2.1982021143302699D-01 5.8D-09 0.0D+00 6.9D-08 0.0D+00       22      152       22      220  S
     19      1   2.1981687713454895D-01 5.8D-09 0.0D+00 3.0D-07 0.0D+00       23      157       23      230  S
     19      1   2.0681934931796081D-01 4.8D-09 0.0D+00 1.5D-08 0.0D+00       23      125       23      230  S
     19      1   2.1982148821961017D-01 5.8D-09 0.0D+00 8.3D-09 0.0D+00       22      151       22      220  S
     19      1   2.0681896982822126D-01 4.8D-09 0.0D+00 8.5D-09 0.0D+00       22      119       22      220  S
     19      1   2.1982056450049359D-01 5.8D-09 0.0D+00 3.2D-06 0.0D+00       22      141       22      220  S
     19      1   2.1981687713692710D-01 5.8D-09 0.0D+00 3.4D-09 0.0D+00       22      121       22      220  S
     19      1   2.0681819311493763D-01 4.8D-09 0.0D+00 2.1D-09 0.0D+00       22      111       22      220  S
     19      1   2.0681896982822948D-01 4.8D-09 0.0D+00 3.1D-09 0.0D+00       22      119       22      220  S
     19      1   2.1982046444674719D-01 5.8D-09 0.0D+00 5.5D-09 0.0D+00       22      118       22      220  S
     19      1   2.1981904628886348D-01 5.8D-09 0.0D+00 1.6D-07 0.0D+00       23      151       23      230  S
     19      1   2.4963083385473406D-01 6.8D-09 0.0D+00 7.5D-09 0.0D+00       22      154       22      220  S
     19      1   2.1981904628757026D-01 5.8D-09 0.0D+00 3.2D-07 0.0D+00       23      136       23      230  S
     19      1   2.0682157417942088D-01 4.8D-09 0.0D+00 4.5D-09 0.0D+00       22      125       22      220  S
     19      1   2.1982046444528872D-01 5.8D-09 0.0D+00 1.5D-07 0.0D+00       24      178       24      240  S
     19      1   2.1982020215330064D-01 5.8D-09 0.0D+00 1.1D-10 0.0D+00       22      117       22      220  S
     19      1   2.0681861569167606D-01 4.8D-09 0.0D+00 4.2D-09 0.0D+00       22      111       22      220  S
     19      1   2.0681819311506311D-01 4.8D-09 0.0D+00 7.2D-09 0.0D+00       22      110       22      220  S
     19      1   2.0681896982819206D-01 4.8D-09 0.0D+00 7.0D-09 0.0D+00       22      128       22      220  S
     19      1   2.0681819311485430D-01 4.8D-09 0.0D+00 9.1D-09 0.0D+00       22      125       22      220  S
     19      1   2.1982056450574919D-01 5.8D-09 0.0D+00 3.0D-09 0.0D+00       23      144       23      230  S
     19      1   2.1982046444670467D-01 5.8D-09 0.0D+00 8.1D-10 0.0D+00       22      169       22      220  S
     19      1   2.0681819311501823D-01 4.8D-09 0.0D+00 5.9D-09 0.0D+00       22      121       22      220  S
     19      1   2.0681861569173912D-01 4.8D-09 0.0D+00 3.8D-09 0.0D+00       22      113       22      220  S
     19      1   2.0681934931782830D-01 4.8D-09 0.0D+00 8.5D-10 0.0D+00       22      117       22      220  S
     19      1   2.0681814445376864D-01 4.8D-09 0.0D+00 8.0D-09 0.0D+00       22      112       22      220  S
     19      1   2.0681819311504276D-01 4.8D-09 0.0D+00 9.8D-09 0.0D+00       22      120       22      220  S
     19      1   2.1981908793749180D-01 5.8D-09 0.0D+00 3.0D-07 0.0D+00       23      183       23      230  S
     19      1   4.5551895223345107D-01 0.0D+00 0.0D+00 1.0D+00 0.0D+00       24      182       25      250  S
     19      1   2.1981687714394249D-01 5.8D-09 0.0D+00 1.3D-09 0.0D+00       22      140       22      220  S
     19      1   2.0681861569162108D-01 4.8D-09 0.0D+00 8.6D-09 0.0D+00       22      109       22      220  S
     19      1   2.0681896982831285D-01 4.8D-09 0.0D+00 2.2D-09 0.0D+00       22      119       22      220  S
     19      1   2.0681861569170026D-01 4.8D-09 0.0D+00 4.3D-09 0.0D+00       22      121       22      220  S
     19      1   2.0681896982894440D-01 4.8D-09 0.0D+00 9.2D-09 0.0D+00       22      122       22      220  S
     19      1   2.0682157418057365D-01 4.8D-09 0.0D+00 5.0D-09 0.0D+00       22      120       22      220  S
     19      1   2.1981908793977667D-01 5.8D-09 0.0D+00 9.4D-09 0.0D+00       22      145       22      220  S
     19      1   2.0681819311496330D-01 4.8D-09 0.0D+00 7.8D-09 0.0D+00       22      124       22      220  S
     19      1   2.1982020215127013D-01 5.8D-09 0.0D+00 2.1D-07 0.0D+00       23      172       23      230  S
     19      1   2.1981732862681791D-01 5.8D-09 0.0D+00 8.9D-09 0.0D+00       22      118       22      220  S
     19      1   2.1981687713709225D-01 5.8D-09 0.0D+00 1.9D-08 0.0D+00       24      196       24      240  S
     19      1   2.1981732862383710D-01 5.8D-09 0.0D+00 3.2D-07 0.0D+00       23      155       23      230  S
     19      1   2.0681896982820938D-01 4.8D-09 0.0D+00 1.1D-09 0.0D+00       21      116       21      210  S
     19      1   2.0681861569173265D-01 4.8D-09 0.0D+00 8.0D-09 0.0D+00       22      113       22      220  S
     19      1   2.1981904629009319D-01 5.8D-09 0.0D+00 9.3D-09 0.0D+00       21      116       21      210  S
     19      1   2.0681861569179716D-01 4.8D-09 0.0D+00 9.1D-09 0.0D+00       22      113       22      220  S
     19      1   2.0681819311504210D-01 4.8D-09 0.0D+00 6.5D-09 0.0D+00       22      119       22      220  S
     19      1   2.1981732862491254D-01 5.8D-09 0.0D+00 2.1D-07 0.0D+00       23      131       23      230  S
     19      1   2.0681896982824136D-01 4.8D-09 0.0D+00 2.0D-10 0.0D+00       22      114       22      220  S
     19      1   2.0681861569173707D-01 4.8D-09 0.0D+00 8.1D-09 0.0D+00       22      111       22      220  S
     19      1   2.0682181133263144D-01 4.8D-09 0.0D+00 8.1D-09 0.0D+00       22      116       22      220  S
     19      1   2.0681896982829776D-01 4.8D-09 0.0D+00 6.5D-09 0.0D+00       22      119       22      220  S
     19      1   2.1982020215229336D-01 5.8D-09 0.0D+00 9.7D-08 0.0D+00       23      150       23      230  S
     19      1   2.0681934931784482D-01 4.8D-09 0.0D+00 8.0D-09 0.0D+00       22      124       22      220  S
     19      1   2.0681861569177123D-01 4.8D-09 0.0D+00 7.2D-09 0.0D+00       22      112       22      220  S
     19      1   2.1981732862685588D-01 5.8D-09 0.0D+00 1.3D-08 0.0D+00       23      128       23      230  S
     19      1   2.0681908316185529D-01 4.9D-09 0.0D+00 2.9D-10 0.0D+00       22      125       22      220  S
     19      1   2.1981908793691282D-01 5.8D-09 0.0D+00 3.0D-07 0.0D+00       24      173       24      240  S
     19      1   2.1982021143437722D-01 5.8D-09 0.0D+00 3.2D-09 0.0D+00       22      137       22      220  S
     19      1   2.0681819311506419D-01 4.8D-09 0.0D+00 4.8D-10 0.0D+00       22      118       22      220  S
     19      1   2.1981732862663889D-01 5.8D-09 0.0D+00 2.6D-09 0.0D+00       21      116       21      210  S
     19      1   2.4963791162179616D-01 6.8D-09 0.0D+00 2.5D-07 0.0D+00       22      147       22      220  S
     19      1   2.0681896982813625D-01 4.8D-09 0.0D+00 8.5D-09 0.0D+00       22      115       22      220  S
     19      1   2.1981908793669869D-01 5.8D-09 0.0D+00 3.1D-07 0.0D+00       22      128       22      220  S
     19      1   2.1981766307272221D-01 5.8D-09 0.0D+00 3.1D-07 0.0D+00       23      162       23      230  S
     19      1   2.0681814445373581D-01 4.8D-09 0.0D+00 3.9D-09 0.0D+00       22      129       22      220  S
     19      1   2.1981908793996660D-01 5.8D-09 0.0D+00 2.6D-08 0.0D+00       23      162       23      230  S
     19      1   2.1982021143438057D-01 5.8D-09 0.0D+00 2.1D-09 0.0D+00       22      170       22      220  S
     19      1   2.0681861569153079D-01 4.8D-09 0.0D+00 4.9D-09 0.0D+00       21      110       21      210  S
     19      1   2.0682157418204855D-01 4.8D-09 0.0D+00 4.9D-09 0.0D+00       22      125       22      220  S
     19      1   2.1982020215181827D-01 5.8D-09 0.0D+00 1.4D-07 0.0D+00       24      180       24      240  S
     19      1   2.5311775964158734D-01 4.7D-09 0.0D+00 1.3D-08 0.0D+00       23      183       23      230  S
     19      1   2.1982021143399366D-01 5.8D-09 0.0D+00 1.5D-08 0.0D+00       24      146       24      240  S
     19      1   2.0681819311504465D-01 4.8D-09 0.0D+00 6.6D-09 0.0D+00       22      113       22      220  S
     19      1   2.0682181133265540D-01 4.8D-09 0.0D+00 1.2D-09 0.0D+00       22      120       22      220  S
     19      1   2.1981766307573958D-01 5.8D-09 0.0D+00 4.5D-09 0.0D+00       22      163       22      220  S
     19      1   3.1312612261712014D-01 2.2D-16 0.0D+00 3.1D-01 0.0D+00       14      214       14      140  S
     19      1   2.1982021143406252D-01 5.8D-09 0.0D+00 5.0D-09 0.0D+00       22      136       22      220  S
     19      1   2.1981732862682751D-01 5.8D-09 0.0D+00 1.6D-09 0.0D+00       22      156       22      220  S
     19      1   2.0681819311496147D-01 4.8D-09 0.0D+00 6.1D-09 0.0D+00       22      113       22      220  S
     19      1   2.1433112977030788D-01 5.3D-09 0.0D+00 4.9D-09 0.0D+00       22      129       22      220  S
     19      1   2.0682181133302530D-01 4.8D-09 0.0D+00 3.8D-09 0.0D+00       21      125       21      210  S
     19      1   2.0681934931806359D-01 4.8D-09 0.0D+00 1.9D-09 0.0D+00       22      120       22      220  S
     19      1   2.0681819311503238D-01 4.8D-09 0.0D+00 2.4D-09 0.0D+00       22      114       22      220  S
     19      1   2.1981687713663225D-01 5.8D-09 0.0D+00 5.0D-08 0.0D+00       23      161       23      230  S
     19      1   2.1981766307575629D-01 5.8D-09 0.0D+00 7.6D-09 0.0D+00       22      117       22      220  S
     19      1   2.0682181133254721D-01 4.8D-09 0.0D+00 8.9D-09 0.0D+00       22      125       22      220  S
     19      1   2.0681819311508198D-01 4.8D-09 0.0D+00 2.0D-09 0.0D+00       22      131       22      220  S
     19      1   2.1981687713688491D-01 5.8D-09 0.0D+00 1.9D-08 0.0D+00       24      147       24      240  S
     19      1   2.1981904629032381D-01 5.8D-09 0.0D+00 8.0D-09 0.0D+00       21      120       21      210  S
     19      1   2.1982056450080420D-01 5.8D-09 0.0D+00 4.5D-09 0.0D+00       22      144       22      220  S
     19      1   2.0681908316190167D-01 4.9D-09 0.0D+00 7.0D-10 0.0D+00       22      116       22      220  S
     19      1   2.0681819311496755D-01 4.8D-09 0.0D+00 1.8D-09 0.0D+00       22      121       22      220  S
     19      1   2.0681814445356636D-01 4.8D-09 0.0D+00 5.8D-10 0.0D+00       21      106       21      210  S
     19      1   2.0681908316187703D-01 4.9D-09 0.0D+00 7.9D-09 0.0D+00       22      119       22      220  S
     19      1   2.0681814445388302D-01 4.8D-09 0.0D+00 9.7D-09 0.0D+00       22      112       22      220  S
     19      1   2.0681861569171339D-01 4.8D-09 0.0D+00 1.7D-09 0.0D+00       22      118       22      220  S
     19      1   2.1981732862688497D-01 5.8D-09 0.0D+00 2.6D-08 0.0D+00       24      167       24      240  S
     19      1   2.1982148821960243D-01 5.8D-09 0.0D+00 4.1D-09 0.0D+00       22      142       22      220  S
     19      1   2.0681861569170104D-01 4.8D-09 0.0D+00 2.0D-09 0.0D+00       22      117       22      220  S
     19      1   2.1982021143410968D-01 5.8D-09 0.0D+00 3.5D-10 0.0D+00       22      167       22      220  S
     19      1   2.0682181133259142D-01 4.8D-09 0.0D+00 1.2D-09 0.0D+00       22      118       22      220  S
     19      1   2.0681819311492572D-01 4.8D-09 0.0D+00 5.5D-09 0.0D+00       22      113       22      220  S
     19      1   2.1982021143456723D-01 5.8D-09 0.0D+00 9.1D-09 0.0D+00       22      154       22      220  S
     19      1   2.1982037190826523D-01 5.8D-09 0.0D+00 3.4D-09 0.0D+00       21      164       21      210  S
     19      1   2.1981904629037177D-01 5.8D-09 0.0D+00 8.3D-09 0.0D+00       21      157       21      210  S
     19      1   2.1982021143451100D-01 5.8D-09 0.0D+00 5.5D-09 0.0D+00       22      156       22      220  S
     19      1   2.0682181133265468D-01 4.8D-09 0.0D+00 8.7D-09 0.0D+00       22      117       22      220  S
     19      1   2.1981766307288347D-01 5.8D-09 0.0D+00 2.9D-07 0.0D+00       23      151       23      230  S
     19      1   2.1982020215373096D-01 5.8D-09 0.0D+00 2.2D-09 0.0D+00       22      170       22      220  S
     19      1   2.0682157418058916D-01 4.8D-09 0.0D+00 5.5D-09 0.0D+00       22      125       22      220  S
     19      1   2.0681819311495389D-01 4.8D-09 0.0D+00 3.0D-09 0.0D+00       22      126       22      220  S
     19      1   2.1982020215213291D-01 5.8D-09 0.0D+00 1.3D-07 0.0D+00       24      179       24      240  S
     19      1   2.0682157417866370D-01 4.8D-09 0.0D+00 9.2D-09 0.0D+00       21      118       21      210  S
     19      1   2.1982148821958972D-01 5.8D-09 0.0D+00 3.4D-09 0.0D+00       22      156       22      220  S
     19      1   2.0681861569179014D-01 4.8D-09 0.0D+00 3.1D-09 0.0D+00       22      116       22      220  S
     19      1   2.0681819311493818D-01 4.8D-09 0.0D+00 4.1D-09 0.0D+00       22      121       22      220  S
     19      1   2.0681908316190895D-01 4.9D-09 0.0D+00 1.7D-09 0.0D+00       22      117       22      220  S
     19      1   2.0681896982824419D-01 4.8D-09 0.0D+00 4.4D-09 0.0D+00       22      121       22      220  S
     19      1   2.0681819311520061D-01 4.8D-09 0.0D+00 8.6D-09 0.0D+00       22      115       22      220  S
     19      1   2.1981732863288544D-01 5.8D-09 0.0D+00 2.0D-07 0.0D+00       24      169       24      240  S
     19      1   2.1981766307614201D-01 5.8D-09 0.0D+00 8.3D-09 0.0D+00       22      157       22      220  S
     19      1   2.1982056450085971D-01 5.8D-09 0.0D+00 3.2D-09 0.0D+00       22      127       22      220  S
     19      1   2.0681934931792481D-01 4.8D-09 0.0D+00 8.1D-09 0.0D+00       22      116       22      220  S
     19      1   2.0681934931775997D-01 4.8D-09 0.0D+00 4.8D-09 0.0D+00       22      120       22      220  S
     19      1   2.0681819311473604D-01 4.8D-09 0.0D+00 2.4D-09 0.0D+00       21      109       21      210  S
     19      1   2.1981732862392075D-01 5.8D-09 0.0D+00 3.3D-07 0.0D+00       23      142       23      230  S
     19      1   2.1972581142543846D-01 2.7D-07 0.0D+00 5.4D-02 0.0D+00       25      130       26      260  S
     19      1   2.0681819311489369D-01 4.8D-09 0.0D+00 5.8D-11 0.0D+00       22      114       22      220  S
     19      1   2.1982100988916356D-01 5.8D-09 0.0D+00 9.6D-09 0.0D+00       21      121       21      210  S
     19      1   2.0681819311513319D-01 4.8D-09 0.0D+00 6.8D-09 0.0D+00       22      124       22      220  S
     19      1   2.0681819311498348D-01 4.8D-09 0.0D+00 5.1D-09 0.0D+00       22      115       22      220  S
     19      1   2.1982100988937209D-01 5.8D-09 0.0D+00 3.8D-09 0.0D+00       21      122       21      210  S
     19      1   2.0681934931781989D-01 4.8D-09 0.0D+00 7.8D-09 0.0D+00       22      114       22      220  S
     19      1   2.0681861569162713D-01 4.8D-09 0.0D+00 7.5D-09 0.0D+00       21      114       21      210  S
     19      1   2.1982056450090537D-01 5.8D-09 0.0D+00 4.6D-09 0.0D+00       22      113       22      220  S
     19      1   2.1982021143846603D-01 5.8D-09 0.0D+00 2.7D-07 0.0D+00       23      157       23      230  S
     19      1   2.1981904629053164D-01 5.8D-09 0.0D+00 7.0D-09 0.0D+00       22      139       22      220  S
     19      1   2.0682157418056929D-01 4.8D-09 0.0D+00 3.2D-09 0.0D+00       22      128       22      220  S
     19      1   2.0681861569168802D-01 4.8D-09 0.0D+00 8.1D-09 0.0D+00       22      114       22      220  S
     19      1   2.1981687713668277D-01 5.8D-09 0.0D+00 6.7D-09 0.0D+00       21      120       21      210  S
     19      1   2.1981687713553993D-01 5.8D-09 0.0D+00 1.5D-07 0.0D+00       24      163       24      240  S
     19      1   2.0681819311500771D-01 4.8D-09 0.0D+00 2.5D-09 0.0D+00       22      115       22      220  S
     19      1   2.0681861569168095D-01 4.8D-09 0.0D+00 4.7D-10 0.0D+00       22      108       22      220  S
     19      1   2.0681819311496544D-01 4.8D-09 0.0D+00 5.7D-09 0.0D+00       22      113       22      220  S
     19      1   2.1981732862683473D-01 5.8D-09 0.0D+00 7.6D-10 0.0D+00       22      134       22      220  S
     19      1   2.0682157417940844D-01 4.8D-09 0.0D+00 7.8D-09 0.0D+00       22      127       22      220  S
     19      1   2.0681861569154383D-01 4.8D-09 0.0D+00 2.8D-09 0.0D+00       21      112       21      210  S
     19      1   2.0681819311500227D-01 4.8D-09 0.0D+00 8.5D-09 0.0D+00       22      115       22      220  S
     19      1   2.1982021143398389D-01 5.8D-09 0.0D+00 5.5D-10 0.0D+00       22      125       22      220  S
     19      1   2.0681814445372615D-01 4.8D-09 0.0D+00 9.5D-09 0.0D+00       22      116       22      220  S
     19      1   2.0682157418063032D-01 4.8D-09 0.0D+00 1.5D-09 0.0D+00       22      122       22      220  S
     19      1   2.0681819311498270D-01 4.8D-09 0.0D+00 6.5D-09 0.0D+00       22      112       22      220  S
     19      1   2.0682157418056743D-01 4.8D-09 0.0D+00 1.0D-09 0.0D+00       22      132       22      220  S
     19      1   2.0681819311496868D-01 4.8D-09 0.0D+00 8.8D-10 0.0D+00       22      117       22      220  S
     19      1   2.0681819311479485D-01 4.8D-09 0.0D+00 6.3D-09 0.0D+00       21      106       21      210  S
     19      1   2.1981766307588019D-01 5.8D-09 0.0D+00 5.5D-10 0.0D+00       22      165       22      220  S
     19      1   2.0681908316182962D-01 4.9D-09 0.0D+00 7.2D-09 0.0D+00       22      120       22      220  S
     19      1   2.0681896982830048D-01 4.8D-09 0.0D+00 4.8D-09 0.0D+00       22      111       22      220  S
     19      1   2.0681819311509819D-01 4.8D-09 0.0D+00 1.1D-09 0.0D+00       22      118       22      220  S
     19      1   2.0681819311488753D-01 4.8D-09 0.0D+00 3.3D-09 0.0D+00       22      143       22      220  S
     19      1   2.1981732863417996D-01 5.8D-09 0.0D+00 2.5D-09 0.0D+00       23      134       23      230  S
     19      1   2.1433736094234215D-01 5.3D-09 0.0D+00 9.4D-09 0.0D+00       22      124       22      220  S
     19      1   2.0682157417889444D-01 4.8D-09 0.0D+00 4.4D-09 0.0D+00       22      113       22      220  S
     19      1   2.1982021143431227D-01 5.8D-09 0.0D+00 5.6D-09 0.0D+00       21      154       21      210  S
     19      1   2.1981904628746296D-01 5.8D-09 0.0D+00 3.2D-07 0.0D+00       23      141       23      230  S
     19      1   2.0681819311504002D-01 4.8D-09 0.0D+00 9.1D-09 0.0D+00       22      113       22      220  S
     19      1   2.0681861569160881D-01 4.8D-09 0.0D+00 9.9D-09 0.0D+00       22      129       22      220  S
     19      1   2.0681861569175569D-01 4.8D-09 0.0D+00 6.0D-09 0.0D+00       22      120       22      220  S
     19      1   2.1982100993493597D-01 5.8D-09 0.0D+00 5.3D-09 0.0D+00       24      162       24      240  S
     19      1   2.1981766307523853D-01 5.8D-09 0.0D+00 7.3D-08 0.0D+00       23      167       23      230  S
     19      1   2.1982148821848291D-01 5.8D-09 0.0D+00 1.5D-07 0.0D+00       23      172       23      230  S
     19      1   2.0681819311479946D-01 4.8D-09 0.0D+00 6.7D-09 0.0D+00       21      114       21      210  S
     19      1   2.0681896982840398D-01 4.8D-09 0.0D+00 7.5D-10 0.0D+00       22      120       22      220  S
     19      1   2.0681819311500596D-01 4.8D-09 0.0D+00 9.9D-09 0.0D+00       22      120       22      220  S
     19      1   2.1982020215291156D-01 5.8D-09 0.0D+00 2.1D-09 0.0D+00       21      125       21      210  S
     19      1   2.1981732862728112D-01 5.8D-09 0.0D+00 1.3D-08 0.0D+00       23      183       23      230  S
     19      1   2.1981904627585308D-01 5.8D-09 0.0D+00 1.3D-09 0.0D+00       21      146       21      210  S
     19      1   2.4963083385469001D-01 6.8D-09 0.0D+00 1.5D-08 0.0D+00       22      151       22      220  S
     19      1   2.0681819311491895D-01 4.8D-09 0.0D+00 3.8D-09 0.0D+00       22      122       22      220  S
     19      1   2.0681883973795967D-01 4.8D-09 0.0D+00 6.6D-09 0.0D+00       22      145       22      220  S
     19      1   2.1981766307570189D-01 5.8D-09 0.0D+00 7.6D-09 0.0D+00       22      153       22      220  S
     19      1   2.1981904629055052D-01 5.8D-09 0.0D+00 2.3D-09 0.0D+00       21      161       21      210  S
     19      1   2.1981766307604197D-01 5.8D-09 0.0D+00 1.8D-08 0.0D+00       23      160       23      230  S
     19      1   2.1981687713701017D-01 5.8D-09 0.0D+00 1.5D-09 0.0D+00       22      166       22      220  S
     19      1   2.0682157418059605D-01 4.8D-09 0.0D+00 7.9D-09 0.0D+00       22      125       22      220  S
     19      1   2.1982148821676667D-01 5.8D-09 0.0D+00 3.1D-07 0.0D+00       23      134       23      230  S
     19      1   2.1982020215331277D-01 5.8D-09 0.0D+00 6.2D-09 0.0D+00       22      131       22      220  S
     19      1   2.1982037190823309D-01 5.8D-09 0.0D+00 9.6D-09 0.0D+00       22      163       22      220  S
     19      1   2.1982123092104736D-01 5.8D-09 0.0D+00 2.3D-09 0.0D+00       22      144       22      220  S
     19      1   2.0681934931786158D-01 4.8D-09 0.0D+00 3.9D-09 0.0D+00       22      121       22      220  S
     19      1   2.1981908793964047D-01 5.8D-09 0.0D+00 2.0D-09 0.0D+00       21      154       21      210  S
     19      1   2.0681819311508218D-01 4.8D-09 0.0D+00 6.4D-09 0.0D+00       22      134       22      220  S
     19      1   2.2220964268582463D-01 5.5D-09 0.0D+00 3.3D-09 0.0D+00       22      189       22      220  S
     19      1   2.1982037190677167D-01 5.8D-09 0.0D+00 1.5D-07 0.0D+00       23      178       23      230  S
     19      1   2.0682157417895672D-01 4.8D-09 0.0D+00 1.4D-09 0.0D+00       22      116       22      220  S
     19      1   2.0681819311481880D-01 4.8D-09 0.0D+00 7.3D-09 0.0D+00       22      128       22      220  S
     19      1   2.0681861569169119D-01 4.8D-09 0.0D+00 7.6D-09 0.0D+00       22      118       22      220  S
     19      1   2.0682181133266772D-01 4.8D-09 0.0D+00 4.8D-09 0.0D+00       22      119       22      220  S
     19      1   2.0681896983366690D-01 4.8D-09 0.0D+00 1.6D-09 0.0D+00       23      124       23      230  S
     19      1   2.0681819311493782D-01 4.8D-09 0.0D+00 4.8D-09 0.0D+00       22      120       22      220  S
     19      1   2.1982056450089446D-01 5.8D-09 0.0D+00 2.2D-08 0.0D+00       23      148       23      230  S
     19      1   2.1981908793845170D-01 5.8D-09 0.0D+00 1.5D-07 0.0D+00       24      167       24      240  S
     19      1   2.0681908316195810D-01 4.9D-09 0.0D+00 1.8D-09 0.0D+00       22      116       22      220  S
     19      1   2.1981732862669187D-01 5.8D-09 0.0D+00 2.2D-09 0.0D+00       21      116       21      210  S
     19      1   2.0681861569173979D-01 4.8D-09 0.0D+00 4.6D-09 0.0D+00       22      115       22      220  S
     19      1   2.0681819311493943D-01 4.8D-09 0.0D+00 8.3D-09 0.0D+00       22      130       22      220  S
     19      1   2.0681819311504818D-01 4.8D-09 0.0D+00 5.2D-09 0.0D+00       22      111       22      220  S
     19      1   2.0682181133263336D-01 4.8D-09 0.0D+00 9.8D-09 0.0D+00       22      116       22      220  S
     19      1   2.0681814445371979D-01 4.8D-09 0.0D+00 2.2D-09 0.0D+00       22      118       22      220  S
     19      1   2.0681908316196831D-01 4.9D-09 0.0D+00 1.4D-09 0.0D+00       22      115       22      220  S
     19      1   2.1981908793860308D-01 5.8D-09 0.0D+00 1.5D-07 0.0D+00       23      147       23      230  S
     19      1   2.1972358874808948D-01 2.8D-07 0.0D+00 8.7D-03 0.0D+00       25      132       26      260  S
     19      1   2.0681908316188827D-01 4.9D-09 0.0D+00 2.1D-09 0.0D+00       22      112       22      220  S
     19      1   2.0681908316188446D-01 4.9D-09 0.0D+00 8.7D-10 0.0D+00       22      117       22      220  S
     19      1   2.1982021143153524D-01 5.8D-09 0.0D+00 3.3D-07 0.0D+00       24      158       24      240  S
     19      1   2.1981766307612569D-01 5.8D-09 0.0D+00 2.8D-09 0.0D+00       22      162       22      220  S
     19      1   2.0682157418050359D-01 4.8D-09 0.0D+00 8.8D-10 0.0D+00       22      121       22      220  S
     19      1   2.1982046444689501D-01 5.8D-09 0.0D+00 5.0D-09 0.0D+00       22      153       22      220  S
     19      1   2.0681819311500765D-01 4.8D-09 0.0D+00 2.7D-09 0.0D+00       22      128       22      220  S
     19      1   2.0681819311493113D-01 4.8D-09 0.0D+00 8.1D-09 0.0D+00       22      111       22      220  S
     19      1   2.1981908793724017D-01 5.8D-09 0.0D+00 2.8D-07 0.0D+00       23      172       23      230  S
     19      1   2.0681819311506267D-01 4.8D-09 0.0D+00 6.0D-09 0.0D+00       22      112       22      220  S
     19      1   2.0681819311502797D-01 4.8D-09 0.0D+00 6.0D-09 0.0D+00       22      111       22      220  S
     19      1   2.0681819311505695D-01 4.8D-09 0.0D+00 9.4D-09 0.0D+00       22      117       22      220  S
     19      1   2.1982123092031955D-01 5.8D-09 0.0D+00 7.4D-09 0.0D+00       21      141       21      210  S
     19      1   2.0681819311493485D-01 4.8D-09 0.0D+00 9.6D-09 0.0D+00       22      121       22      220  S
     19      1   2.0681861569163981D-01 4.8D-09 0.0D+00 5.9D-09 0.0D+00       22      121       22      220  S
     19      1   2.1981766307288428D-01 5.8D-09 0.0D+00 2.9D-07 0.0D+00       24      180       24      240  S
     19      1   2.0682181133256219D-01 4.8D-09 0.0D+00 3.7D-09 0.0D+00       22      121       22      220  S
     19      1   2.1981766307322434D-01 5.8D-09 0.0D+00 2.9D-07 0.0D+00       24      175       24      240  S
     19      1   2.1981766307561321D-01 5.8D-09 0.0D+00 1.1D-09 0.0D+00       22      141       22      220  S
     19      1   2.1981732862401729D-01 5.8D-09 0.0D+00 3.2D-07 0.0D+00       23      142       23      230  S
     19      1   2.0682157418063757D-01 4.8D-09 0.0D+00 1.9D-09 0.0D+00       22      125       22      220  S
     19      1   2.0681934931781804D-01 4.8D-09 0.0D+00 3.3D-09 0.0D+00       22      138       22      220  S
     19      1   2.0681861569172291D-01 4.8D-09 0.0D+00 7.6D-09 0.0D+00       22      113       22      220  S
     19      1   2.0681819311500765D-01 4.8D-09 0.0D+00 8.3D-09 0.0D+00       22      115       22      220  S
     19      1   2.0681819311505453D-01 4.8D-09 0.0D+00 6.3D-09 0.0D+00       22      120       22      220  S
     19      1   2.0681819311491020D-01 4.8D-09 0.0D+00 9.8D-09 0.0D+00       22      115       22      220  S
     19      1   2.0681819311509711D-01 4.8D-09 0.0D+00 2.0D-09 0.0D+00       22      120       22      220  S
     19      1   2.1982021143438976D-01 5.8D-09 0.0D+00 8.8D-09 0.0D+00       21      175       21      210  S
     19      1   2.0681934931778762D-01 4.8D-09 0.0D+00 9.4D-09 0.0D+00       22      115       22      220  S
     19      1   2.0682043332656583D-01 4.8D-09 0.0D+00 1.9D-08 0.0D+00       22      125       22      220  S
     19      1   2.0682157418203720D-01 4.8D-09 0.0D+00 3.2D-10 0.0D+00       22      125       22      220  S
     19      1   2.1982021143401703D-01 5.8D-09 0.0D+00 3.6D-09 0.0D+00       22      136       22      220  S
     19      1   2.1981732862701148D-01 5.8D-09 0.0D+00 6.9D-09 0.0D+00       22      144       22      220  S
     19      1   2.1433079152508464D-01 5.3D-09 0.0D+00 5.2D-08 0.0D+00       23      162       23      230  S
     19      1   2.0681819311498473D-01 4.8D-09 0.0D+00 6.0D-09 0.0D+00       22      117       22      220  S
     19      1   2.0681908316193626D-01 4.9D-09 0.0D+00 5.1D-09 0.0D+00       22      134       22      220  S
     19      1   2.1982021143408559D-01 5.8D-09 0.0D+00 5.0D-09 0.0D+00       22      166       22      220  S
     19      1   2.1982046444674655D-01 5.8D-09 0.0D+00 2.0D-08 0.0D+00       23      150       23      230  S
     19      1   2.1982020215347253D-01 5.8D-09 0.0D+00 8.1D-09 0.0D+00       22      160       22      220  S
     19      1   2.1982056450076867D-01 5.8D-09 0.0D+00 3.5D-09 0.0D+00       22      122       22      220  S
     19      1   2.0681861569176158D-01 4.8D-09 0.0D+00 2.5D-09 0.0D+00       22      136       22      220  S
     19      1   2.0682157418055638D-01 4.8D-09 0.0D+00 8.2D-09 0.0D+00       22      120       22      220  S
     19      1   2.0681934931790380D-01 4.8D-09 0.0D+00 2.6D-09 0.0D+00       22      119       22      220  S
     19      1   2.0681908316181447D-01 4.9D-09 0.0D+00 1.3D-08 0.0D+00       23      124       23      230  S
     19      1   2.0681861569174526D-01 4.8D-09 0.0D+00 9.4D-09 0.0D+00       22      115       22      220  S
     19      1   2.0681819311499364D-01 4.8D-09 0.0D+00 2.9D-10 0.0D+00       22      115       22      220  S
     19      1   2.1981766307558326D-01 5.8D-09 0.0D+00 2.7D-09 0.0D+00       21      167       21      210  S
     19      1   2.0681861569165003D-01 4.8D-09 0.0D+00 1.9D-09 0.0D+00       22      107       22      220  S
     19      1   2.1981904629079477D-01 5.8D-09 0.0D+00 7.9D-09 0.0D+00       22      163       22      220  S
     19      1   2.1982037190828543D-01 5.8D-09 0.0D+00 4.0D-10 0.0D+00       22      171       22      220  S
     19      1   2.0681908316189643D-01 4.9D-09 0.0D+00 1.2D-10 0.0D+00       22      111       22      220  S
     19      1   2.0681819311500788D-01 4.8D-09 0.0D+00 3.1D-09 0.0D+00       22      116       22      220  S
     19      1   2.1982148821998962D-01 5.8D-09 0.0D+00 5.1D-09 0.0D+00       22      143       22      220  S
     19      1   2.0682181133258978D-01 4.8D-09 0.0D+00 3.9D-09 0.0D+00       22      116       22      220  S
     19      1   2.0681819311498531D-01 4.8D-09 0.0D+00 6.4D-09 0.0D+00       22      108       22      220  S
     19      1   2.1981904629019083D-01 5.8D-09 0.0D+00 1.6D-07 0.0D+00       22      120       22      220  S
