     15   0.00    0.00    0.00   2.6190174864814031D-01 5.5D-09 0.0D+00 1.8D-09 0.0D+00       21      118       21      210     171     333     365     333     328   0.32     0    0      1  BR
     15   0.00    0.00    0.00   2.4963551129169689D-01 6.8D-09 0.0D+00 7.7D-09 0.0D+00       21      113       21      210     184     320     369     320     323   0.30     0    0      2  BR
     15   0.00    0.00    0.00   2.4963083516385037D-01 6.8D-09 0.0D+00 5.7D-09 0.0D+00       22      118       22      220     197     339     396     339     338   0.31     0    0      3  BR
     15      1   2.4963083516359530D-01 6.8D-09 0.0D+00 4.9D-09 0.0D+00       22      115       22      220  S
     15      1   2.4963791293418058D-01 6.8D-09 0.0D+00 4.2D-10 0.0D+00       22      116       22      220  S
     15      1   2.4963900159653163D-01 6.8D-09 0.0D+00 2.1D-09 0.0D+00       22      112       22      220  S
     15      1   2.9328684592494375D-01 7.4D-09 0.0D+00 9.5D-09 0.0D+00       21      163       21      210  S
     15      1   2.4963083516354773D-01 6.8D-09 0.0D+00 2.3D-09 0.0D+00       22      114       22      220  S
     15      1   2.4963791293410226D-01 6.8D-09 0.0D+00 6.7D-09 0.0D+00       21      110       21      210  S
     15      1   2.4963083516339998D-01 6.8D-09 0.0D+00 5.8D-09 0.0D+00       22      115       22      220  S
     15   0.00    0.00    0.00   2.4963081382875016D-01 6.8D-09 0.0D+00 3.2D-10 0.0D+00       22      111       22      220     157     328     352     328     331   0.31     0    0     11  BR
     15      1   2.4963083452692128D-01 6.8D-09 0.0D+00 5.1D-09 0.0D+00       22      120       22      220  S
     15      1   2.4963791293409707D-01 6.8D-09 0.0D+00 7.1D-09 0.0D+00       21      108       21      210  S
     15      1   2.4963791293397039D-01 6.8D-09 0.0D+00 6.4D-11 0.0D+00       21      106       21      210  S
     15      1   2.4963900159657429D-01 6.8D-09 0.0D+00 1.6D-10 0.0D+00       22      113       22      220  S
     15      1   2.4963083516337392D-01 6.8D-09 0.0D+00 9.9D-09 0.0D+00       22      109       22      220  S
     15      1   2.4963791293386911D-01 6.8D-09 0.0D+00 9.7D-09 0.0D+00       21      109       21      210  S
     15      1   2.4963083516342396D-01 6.8D-09 0.0D+00 3.9D-09 0.0D+00       22      108       22      220  S
     15      1   2.4963791293451462D-01 6.8D-09 0.0D+00 2.4D-09 0.0D+00       22      119       22      220  S
     15      1   2.4963791293399532D-01 6.8D-09 0.0D+00 8.7D-09 0.0D+00       21      107       21      210  S
     15      1   2.4963083516349924D-01 6.8D-09 0.0D+00 9.0D-09 0.0D+00       22      108       22      220  S
     15      1   2.6190682776999497D-01 5.5D-09 0.0D+00 9.1D-10 0.0D+00       22      121       22      220  S
     15      1   2.4963083516362741D-01 6.8D-09 0.0D+00 2.3D-08 0.0D+00       23      123       23      230  S
     15      1   2.4963083516348947D-01 6.8D-09 0.0D+00 4.5D-09 0.0D+00       22      118       22      220  S
     15      1   2.6190391226068699D-01 5.5D-09 0.0D+00 8.2D-09 0.0D+00       22      120       22      220  S
     15      1   2.6190682777004320D-01 5.5D-09 0.0D+00 2.2D-09 0.0D+00       22      133       22      220  S
     15      1   2.4963083516298434D-01 6.8D-09 0.0D+00 7.2D-09 0.0D+00       21      114       21      210  S
     15      1   2.4963083516336157D-01 6.8D-09 0.0D+00 6.9D-09 0.0D+00       22      111       22      220  S
     15      1   2.4963083516348628D-01 6.8D-09 0.0D+00 2.3D-09 0.0D+00       22      111       22      220  S
     15      1   2.4963791293409981D-01 6.8D-09 0.0D+00 7.1D-09 0.0D+00       21      109       21      210  S
     15      1   2.4963791293398027D-01 6.8D-09 0.0D+00 1.7D-09 0.0D+00       21      110       21      210  S
     15      1   2.4963791293424797D-01 6.8D-09 0.0D+00 3.8D-09 0.0D+00       22      118       22      220  S
     15      1   2.6191568307621976D-01 5.5D-09 0.0D+00 1.8D-09 0.0D+00       21      119       21      210  S
     15      1   2.6191254989223212D-01 5.5D-09 0.0D+00 9.3D-09 0.0D+00       21      117       21      210  S
     15      1   2.4963083516340984D-01 6.8D-09 0.0D+00 5.4D-10 0.0D+00       22      115       22      220  S
     15      1   2.4963081382895191D-01 6.8D-09 0.0D+00 3.6D-09 0.0D+00       22      116       22      220  S
     15      1   2.4963309850357318D-01 6.8D-09 0.0D+00 5.8D-09 0.0D+00       22      111       22      220  S
     15      1   2.4963791293471554D-01 6.8D-09 0.0D+00 5.2D-09 0.0D+00       22      114       22      220  S
     15      1   2.4963083516348289D-01 6.8D-09 0.0D+00 3.3D-10 0.0D+00       22      116       22      220  S
     15      1   2.4963083452693266D-01 6.8D-09 0.0D+00 6.0D-09 0.0D+00       22      115       22      220  S
     15      1   2.9328684592462784D-01 7.4D-09 0.0D+00 2.3D-09 0.0D+00       21      146       21      210  S
     15      1   2.6191418950921252D-01 5.5D-09 0.0D+00 5.0D-09 0.0D+00       22      123       22      220  S
     15      1   2.4963083516314821D-01 6.8D-09 0.0D+00 2.1D-09 0.0D+00       21      112       21      210  S
     15      1   2.4963900159614263D-01 6.8D-09 0.0D+00 1.5D-09 0.0D+00       21      106       21      210  S
     15      1   2.4963083516334822D-01 6.8D-09 0.0D+00 8.1D-09 0.0D+00       22      110       22      220  S
     15      1   2.4963081382890145D-01 6.8D-09 0.0D+00 7.1D-09 0.0D+00       22      112       22      220  S
     15      1   2.4963083452697560D-01 6.8D-09 0.0D+00 6.2D-09 0.0D+00       22      119       22      220  S
     15      1   2.4963083516332488D-01 6.8D-09 0.0D+00 6.7D-09 0.0D+00       22      112       22      220  S
     15      1   2.6191568307712154D-01 5.5D-09 0.0D+00 6.8D-09 0.0D+00       22      118       22      220  S
     15      1   2.4963081382899105D-01 6.8D-09 0.0D+00 6.3D-09 0.0D+00       22      111       22      220  S
     15      1   2.4963083516345061D-01 6.8D-09 0.0D+00 7.9D-09 0.0D+00       22      109       22      220  S
     15      1   2.4963083452694410D-01 6.8D-09 0.0D+00 2.2D-09 0.0D+00       22      112       22      220  S
     15      1   2.4963083516266732D-01 6.8D-09 0.0D+00 5.9D-09 0.0D+00       21      118       21      210  S
     15      1   2.4963083516353304D-01 6.8D-09 0.0D+00 8.2D-09 0.0D+00       22      113       22      220  S
     15      1   2.6190682777010976D-01 5.5D-09 0.0D+00 4.0D-10 0.0D+00       22      120       22      220  S
     15      1   2.9328684592511395D-01 7.4D-09 0.0D+00 4.5D-09 0.0D+00       21      145       21      210  S
     15      1   2.4963081382861041D-01 6.8D-09 0.0D+00 2.6D-09 0.0D+00       22      110       22      220  S
     15      1   2.4963083516356060D-01 6.8D-09 0.0D+00 3.5D-09 0.0D+00       22      107       22      220  S
     15      1   2.9328684592218074D-01 7.4D-09 0.0D+00 1.5D-07 0.0D+00       22      147       22      220  S
     15      1   2.4963551129153883D-01 6.8D-09 0.0D+00 6.1D-09 0.0D+00       21      109       21      210  S
     15      1   2.6190290014311479D-01 5.5D-09 0.0D+00 6.5D-09 0.0D+00       21      114       21      210  S
     15      1   2.4963309850354501D-01 6.8D-09 0.0D+00 3.5D-09 0.0D+00       21      111       21      210  S
     15      1   2.4963551129179695D-01 6.8D-09 0.0D+00 4.9D-09 0.0D+00       22      117       22      220  S
     15      1   2.4963309850359727D-01 6.8D-09 0.0D+00 4.5D-09 0.0D+00       21      114       21      210  S
     15      1   2.6191568307679591D-01 5.5D-09 0.0D+00 5.3D-10 0.0D+00       21      120       21      210  S
     15      1   2.4963083516339163D-01 6.8D-09 0.0D+00 5.7D-09 0.0D+00       22      109       22      220  S
     15      1   2.4963900159617358D-01 6.8D-09 0.0D+00 9.1D-10 0.0D+00       21      106       21      210  S
     15      1   2.4963083452700738D-01 6.8D-09 0.0D+00 8.4D-10 0.0D+00       22      113       22      220  S
     15      1   2.6191568307698826D-01 5.5D-09 0.0D+00 1.6D-08 0.0D+00       24      142       24      240  S
     15      1   2.4963083516336379D-01 6.8D-09 0.0D+00 2.0D-09 0.0D+00       22      112       22      220  S
     15      1   2.4963900159617505D-01 6.8D-09 0.0D+00 5.5D-11 0.0D+00       21      107       21      210  S
     15      1   2.4964402571845745D-01 6.8D-09 0.0D+00 2.0D-09 0.0D+00       21      103       21      210  S
     15      1   2.4963791293382770D-01 6.8D-09 0.0D+00 5.4D-09 0.0D+00       21      107       21      210  S
     15      1   2.4963083516353138D-01 6.8D-09 0.0D+00 5.9D-09 0.0D+00       22      112       22      220  S
     15      1   2.4963900159658040D-01 6.8D-09 0.0D+00 6.2D-09 0.0D+00       22      115       22      220  S
     15      1   2.6190997391720916D-01 5.5D-09 0.0D+00 5.9D-09 0.0D+00       21      121       21      210  S
     15      1   2.4963083452709184D-01 6.8D-09 0.0D+00 1.0D-09 0.0D+00       22      111       22      220  S
     15      1   2.4963081382889465D-01 6.8D-09 0.0D+00 6.5D-09 0.0D+00       22      114       22      220  S
     15      1   2.4963083516344009D-01 6.8D-09 0.0D+00 5.7D-09 0.0D+00       22      114       22      220  S
     15      1   2.4963900159607877D-01 6.8D-09 0.0D+00 8.3D-09 0.0D+00       21      113       21      210  S
     15      1   2.4963791293470883D-01 6.8D-09 0.0D+00 3.8D-10 0.0D+00       22      134       22      220  S
     15      1   2.6190630418879063D-01 5.5D-09 0.0D+00 9.0D-09 0.0D+00       22      122       22      220  S
     15      1   2.4963309850351531D-01 6.8D-09 0.0D+00 7.2D-09 0.0D+00       21      107       21      210  S
     15      1   2.4963083516338111D-01 6.8D-09 0.0D+00 7.1D-09 0.0D+00       22      113       22      220  S
     15      1   2.4963900159647237D-01 6.8D-09 0.0D+00 4.3D-09 0.0D+00       22      118       22      220  S
     15      1   2.6190174864855953D-01 5.5D-09 0.0D+00 8.0D-09 0.0D+00       22      130       22      220  S
     15      1   2.4963227466071350D-01 6.8D-09 0.0D+00 9.0D-09 0.0D+00       22      120       22      220  S
     15      1   2.4963083516334844D-01 6.8D-09 0.0D+00 4.0D-09 0.0D+00       22      111       22      220  S
     15      1   2.4963791293450413D-01 6.8D-09 0.0D+00 8.2D-09 0.0D+00       22      118       22      220  S
     15      1   2.4963083516375817D-01 6.8D-09 0.0D+00 8.9D-09 0.0D+00       22      112       22      220  S
     15      1   2.4963791293388349D-01 6.8D-09 0.0D+00 2.4D-09 0.0D+00       21      124       21      210  S
     15      1   2.4963083516352891D-01 6.8D-09 0.0D+00 3.2D-09 0.0D+00       22      112       22      220  S
     15      1   2.4963900159653840D-01 6.8D-09 0.0D+00 1.4D-09 0.0D+00       22      115       22      220  S
     15      1   2.4964402571851599D-01 6.8D-09 0.0D+00 6.1D-09 0.0D+00       21      103       21      210  S
     15      1   2.4963227466038751D-01 6.8D-09 0.0D+00 1.4D-11 0.0D+00       22      117       22      220  S
     15      1   2.4963791293425550D-01 6.8D-09 0.0D+00 3.4D-10 0.0D+00       22      112       22      220  S
     15      1   2.4963900159645938D-01 6.8D-09 0.0D+00 3.3D-09 0.0D+00       22      113       22      220  S
     15      1   2.4963791293393051D-01 6.8D-09 0.0D+00 7.4D-09 0.0D+00       21      107       21      210  S
     15      1   2.4963081382870270D-01 6.8D-09 0.0D+00 8.8D-09 0.0D+00       22      108       22      220  S
     15      1   2.4963083452701443D-01 6.8D-09 0.0D+00 6.4D-09 0.0D+00       22      113       22      220  S
