     11   0.00    0.00    0.00   3.0417465836349572D-01 6.7D-09 0.0D+00 8.8D-09 0.0D+00       22      118       22      220     172     338     370     338     338   0.18     0    0      1  BR
     11      1   3.0418783718160447D-01 6.7D-09 0.0D+00 7.2D-09 0.0D+00       22      124       22      220  S
     11      1   3.0418570576602533D-01 6.7D-09 0.0D+00 8.7D-09 0.0D+00       22      120       22      220  S
     11   0.00    0.00    0.00   3.0417453281837425D-01 6.7D-09 0.0D+00 8.3D-09 0.0D+00       22      131       22      220     187     349     384     349     351   0.15     0    0      4  BR
     11      1   3.0418169888257929D-01 6.7D-09 0.0D+00 8.8D-09 0.0D+00       22      120       22      220  S
     11      1   3.0417807082339188D-01 6.7D-09 0.0D+00 7.2D-09 0.0D+00       22      120       22      220  S
     11      1   3.0417807082349679D-01 6.7D-09 0.0D+00 5.5D-09 0.0D+00       22      126       22      220  S
     11      1   3.0418060575680661D-01 6.7D-09 0.0D+00 1.1D-09 0.0D+00       22      118       22      220  S
     11      1   3.0417952130953946D-01 6.7D-09 0.0D+00 1.3D-09 0.0D+00       22      119       22      220  S
     11      1   3.0418570576590981D-01 6.7D-09 0.0D+00 9.9D-09 0.0D+00       22      118       22      220  S
     11      1   3.0418169888234736D-01 6.7D-09 0.0D+00 8.4D-09 0.0D+00       22      121       22      220  S
     11      1   3.0417465836485280D-01 6.7D-09 0.0D+00 1.2D-09 0.0D+00       22      114       22      220  S
     11   0.00    0.00    0.00   3.0417199421163660D-01 6.7D-09 0.0D+00 7.3D-10 0.0D+00       22      123       22      220     182     341     380     341     343   0.22     0    0     13  BR
     11      1   3.0417453281846579D-01 6.7D-09 0.0D+00 8.4D-09 0.0D+00       22      121       22      220  S
     11      1   3.0417952130945231D-01 6.7D-09 0.0D+00 2.8D-09 0.0D+00       22      117       22      220  S
     11      1   3.0417465836356811D-01 6.7D-09 0.0D+00 4.8D-09 0.0D+00       22      119       22      220  S
     11      1   3.0417453281854462D-01 6.7D-09 0.0D+00 9.1D-09 0.0D+00       22      125       22      220  S
     11      1   3.0417465836361840D-01 6.7D-09 0.0D+00 6.9D-10 0.0D+00       22      123       22      220  S
     11      1   3.0417465836362340D-01 6.7D-09 0.0D+00 3.4D-09 0.0D+00       22      115       22      220  S
     11      1   3.0418376353303594D-01 6.7D-09 0.0D+00 3.7D-10 0.0D+00       22      123       22      220  S
     11      1   3.0417813575976316D-01 6.7D-09 0.0D+00 2.2D-09 0.0D+00       22      126       22      220  S
     11      1   3.0417453281854251D-01 6.7D-09 0.0D+00 9.2D-09 0.0D+00       22      133       22      220  S
     11      1   3.0417465836478835D-01 6.7D-09 0.0D+00 7.0D-09 0.0D+00       22      123       22      220  S
     11      1   3.0418376353327015D-01 6.7D-09 0.0D+00 2.2D-09 0.0D+00       22      115       22      220  S
     11      1   3.0418376353323323D-01 6.7D-09 0.0D+00 7.9D-09 0.0D+00       22      124       22      220  S
     11      1   3.0418062830320869D-01 6.7D-09 0.0D+00 7.5D-09 0.0D+00       22      118       22      220  S
     11      1   3.0417453281847345D-01 6.7D-09 0.0D+00 1.0D-09 0.0D+00       22      132       22      220  S
     11      1   3.0417199421173285D-01 6.7D-09 0.0D+00 9.3D-09 0.0D+00       22      118       22      220  S
     11      1   3.0417465836476221D-01 6.7D-09 0.0D+00 7.7D-10 0.0D+00       22      122       22      220  S
     11      1   3.0417952130954501D-01 6.7D-09 0.0D+00 1.6D-09 0.0D+00       22      128       22      220  S
     11      1   3.0417453281845047D-01 6.7D-09 0.0D+00 3.5D-10 0.0D+00       22      131       22      220  S
     11      1   3.0417453281848961D-01 6.7D-09 0.0D+00 7.7D-09 0.0D+00       22      121       22      220  S
     11      1   3.0417465836487229D-01 6.7D-09 0.0D+00 3.2D-09 0.0D+00       22      128       22      220  S
     11      1   3.0418060575679445D-01 6.7D-09 0.0D+00 8.2D-09 0.0D+00       22      120       22      220  S
     11      1   3.0417465836491708D-01 6.7D-09 0.0D+00 6.8D-09 0.0D+00       22      129       22      220  S
     11      1   3.5298908264697193D-01 8.1D-09 0.0D+00 5.7D-04 0.0D+00       24      270       24      240  S
     11      1   3.0417465836355961D-01 6.7D-09 0.0D+00 9.3D-10 0.0D+00       22      117       22      220  S
     11      1   3.0418376353305582D-01 6.7D-09 0.0D+00 3.2D-09 0.0D+00       22      119       22      220  S
     11      1   3.0417199421180097D-01 6.7D-09 0.0D+00 6.8D-09 0.0D+00       22      118       22      220  S
     11      1   3.0417807082339721D-01 6.7D-09 0.0D+00 6.4D-10 0.0D+00       22      119       22      220  S
     11      1   3.5300945035726877D-01 8.1D-09 0.0D+00 1.1D-07 0.0D+00       23      163       23      230  S
     11      1   3.0417952130952824D-01 6.7D-09 0.0D+00 8.2D-09 0.0D+00       22      118       22      220  S
     11      1   3.0417199421163793D-01 6.7D-09 0.0D+00 8.4D-09 0.0D+00       22      112       22      220  S
     11      1   3.0418169888257546D-01 6.7D-09 0.0D+00 6.6D-09 0.0D+00       22      121       22      220  S
     11      1   3.0418062830310955D-01 6.7D-09 0.0D+00 3.7D-09 0.0D+00       22      114       22      220  S
     11      1   3.0418376353310278D-01 6.7D-09 0.0D+00 1.4D-09 0.0D+00       22      121       22      220  S
     11      1   3.0417453281839679D-01 6.7D-09 0.0D+00 3.8D-09 0.0D+00       22      126       22      220  S
     11      1   3.0418130343090599D-01 6.7D-09 0.0D+00 2.2D-09 0.0D+00       22      124       22      220  S
     11      1   3.0417453281842899D-01 6.7D-09 0.0D+00 5.0D-09 0.0D+00       22      126       22      220  S
     11      1   3.0418570576588594D-01 6.7D-09 0.0D+00 9.2D-09 0.0D+00       22      120       22      220  S
     11      1   6.0465600124029972D-01 2.2D-16 0.0D+00 6.0D-01 0.0D+00        3       40        3       30  S
     11      1   3.0417465836478075D-01 6.7D-09 0.0D+00 8.6D-09 0.0D+00       22      120       22      220  S
     11      1   3.0417465836352936D-01 6.7D-09 0.0D+00 1.2D-09 0.0D+00       22      120       22      220  S
     11      1   3.0418570576602066D-01 6.7D-09 0.0D+00 3.3D-09 0.0D+00       22      118       22      220  S
     11      1   3.0417453281837098D-01 6.7D-09 0.0D+00 9.9D-09 0.0D+00       22      122       22      220  S
     11      1   3.0417465836492075D-01 6.7D-09 0.0D+00 5.5D-09 0.0D+00       22      126       22      220  S
     11      1   3.0417453281846490D-01 6.7D-09 0.0D+00 1.4D-08 0.0D+00       23      133       23      230  S
     11      1   3.0417453281837881D-01 6.7D-09 0.0D+00 3.1D-09 0.0D+00       22      128       22      220  S
     11      1   3.5299727523599772D-01 8.1D-09 0.0D+00 4.0D-09 0.0D+00       22      165       22      220  S
     11      1   3.0418376353309656D-01 6.7D-09 0.0D+00 9.8D-09 0.0D+00       22      119       22      220  S
     11      1   3.0417465836479096D-01 6.7D-09 0.0D+00 1.9D-09 0.0D+00       22      123       22      220  S
     11      1   3.0418376353320054D-01 6.7D-09 0.0D+00 8.0D-09 0.0D+00       22      126       22      220  S
     11      1   3.0417952130948622D-01 6.7D-09 0.0D+00 5.5D-09 0.0D+00       22      120       22      220  S
     11      1   3.0418060575683270D-01 6.7D-09 0.0D+00 5.3D-11 0.0D+00       22      117       22      220  S
     11      1   3.0418060575692674D-01 6.7D-09 0.0D+00 6.5D-09 0.0D+00       22      125       22      220  S
     11      1   3.0417465836482183D-01 6.7D-09 0.0D+00 7.5D-09 0.0D+00       22      128       22      220  S
     11      1   3.0418570576583109D-01 6.7D-09 0.0D+00 6.0D-09 0.0D+00       22      117       22      220  S
     11      1   3.0417465836486685D-01 6.7D-09 0.0D+00 4.2D-09 0.0D+00       22      127       22      220  S
     11      1   3.0417465836357610D-01 6.7D-09 0.0D+00 6.2D-09 0.0D+00       22      117       22      220  S
     11      1   3.0417807082342113D-01 6.7D-09 0.0D+00 4.4D-09 0.0D+00       22      120       22      220  S
     11      1   3.0417453281845858D-01 6.7D-09 0.0D+00 7.7D-09 0.0D+00       22      129       22      220  S
     11      1   3.0418060575680533D-01 6.7D-09 0.0D+00 1.1D-11 0.0D+00       22      118       22      220  S
     11      1   3.0417453281844692D-01 6.7D-09 0.0D+00 1.3D-09 0.0D+00       22      124       22      220  S
     11      1   3.0417199421184271D-01 6.7D-09 0.0D+00 1.1D-10 0.0D+00       22      122       22      220  S
     11      1   3.0418130343091243D-01 6.7D-09 0.0D+00 6.3D-09 0.0D+00       22      120       22      220  S
     11      1   3.0418060575688810D-01 6.7D-09 0.0D+00 7.7D-09 0.0D+00       22      124       22      220  S
     11      1   3.0417952130939330D-01 6.7D-09 0.0D+00 6.2D-09 0.0D+00       22      122       22      220  S
     11      1   3.0418376353324633D-01 6.7D-09 0.0D+00 8.8D-09 0.0D+00       22      123       22      220  S
     11      1   3.0418062830268983D-01 6.7D-09 0.0D+00 4.8D-09 0.0D+00       20      107       20      200  S
     11      1   3.0417453281853934D-01 6.7D-09 0.0D+00 1.3D-09 0.0D+00       22      124       22      220  S
     11      1   3.0417952130953263D-01 6.7D-09 0.0D+00 2.5D-09 0.0D+00       22      119       22      220  S
     11      1   3.0417453281824824D-01 6.7D-09 0.0D+00 1.9D-09 0.0D+00       22      129       22      220  S
     11      1   3.0417199421185759D-01 6.7D-09 0.0D+00 6.1D-09 0.0D+00       22      118       22      220  S
     11      1   3.0417199421174040D-01 6.7D-09 0.0D+00 5.9D-09 0.0D+00       22      113       22      220  S
     11      1   3.0417199421311936D-01 6.7D-09 0.0D+00 5.9D-09 0.0D+00       22      121       22      220  S
     11      1   3.0417453281849910D-01 6.7D-09 0.0D+00 4.7D-10 0.0D+00       22      121       22      220  S
     11      1   3.0417465836341384D-01 6.7D-09 0.0D+00 6.6D-11 0.0D+00       22      126       22      220  S
     11      1   3.0417453281849977D-01 6.7D-09 0.0D+00 8.0D-09 0.0D+00       22      122       22      220  S
     11      1   3.0417465836481755D-01 6.7D-09 0.0D+00 5.9D-09 0.0D+00       22      129       22      220  S
     11      1   3.0417952130960402D-01 6.7D-09 0.0D+00 4.3D-09 0.0D+00       22      118       22      220  S
     11      1   3.0417807082338283D-01 6.7D-09 0.0D+00 1.0D-09 0.0D+00       22      124       22      220  S
     11      1   3.0417199421179208D-01 6.7D-09 0.0D+00 9.0D-10 0.0D+00       22      119       22      220  S
     11      1   3.0418062830313924D-01 6.7D-09 0.0D+00 1.6D-09 0.0D+00       22      117       22      220  S
     11      1   3.0417952130962023D-01 6.7D-09 0.0D+00 8.2D-09 0.0D+00       22      122       22      220  S
     11      1   3.0417465836487778D-01 6.7D-09 0.0D+00 1.1D-09 0.0D+00       22      117       22      220  S
     11      1   3.0418376353317816D-01 6.7D-09 0.0D+00 2.6D-09 0.0D+00       22      119       22      220  S
     11      1   3.0417453281840956D-01 6.7D-09 0.0D+00 4.0D-09 0.0D+00       22      131       22      220  S
     11      1   3.0417465836358021D-01 6.7D-09 0.0D+00 8.9D-09 0.0D+00       22      120       22      220  S
     11      1   3.0417952130954279D-01 6.7D-09 0.0D+00 6.9D-09 0.0D+00       22      122       22      220  S
     11      1   4.3237702193140332D-01 8.5D-09 0.0D+00 7.2D-09 0.0D+00       22      209       22      220  S
