      7   0.00    0.00    0.00   4.3237161742369362D-01 8.5D-09 0.0D+00 4.0D-10 0.0D+00       22      107       22      220     141     320     333     320     327   0.10     0    0      1  BR
      7   0.00    0.00    0.00   4.3236756420340883D-01 8.5D-09 0.0D+00 5.9D-09 0.0D+00       22      113       22      220     150     333     348     333     333   0.15     0    0      2  BR
      7      1   4.3238062921892306D-01 8.5D-09 0.0D+00 9.0D-09 0.0D+00       22      125       22      220  S
      7      1   4.3236866830691717D-01 8.5D-09 0.0D+00 9.7D-09 0.0D+00       20      101       20      200  S
      7      1   4.3236756420330591D-01 8.5D-09 0.0D+00 1.9D-09 0.0D+00       22      113       22      220  S
      7      1   4.3236756420244815D-01 8.5D-09 0.0D+00 1.8D-09 0.0D+00       20      103       20      200  S
      7      1   4.3236756420362771D-01 8.5D-09 0.0D+00 5.7D-09 0.0D+00       22      137       22      220  S
      7      1   4.3237161742355273D-01 8.5D-09 0.0D+00 7.0D-09 0.0D+00       22      105       22      220  S
      7      1   4.3236866830760173D-01 8.5D-09 0.0D+00 2.4D-09 0.0D+00       22      112       22      220  S
      7      1   4.3236756420336742D-01 8.5D-09 0.0D+00 5.4D-09 0.0D+00       22      112       22      220  S
      7      1   4.3236756420232497D-01 8.5D-09 0.0D+00 1.5D-09 0.0D+00       20      100       20      200  S
      7      1   4.3236756420251088D-01 8.5D-09 0.0D+00 4.7D-09 0.0D+00       20      100       20      200  S
      7      1   4.3238062921898407D-01 8.5D-09 0.0D+00 6.4D-09 0.0D+00       22      140       22      220  S
      7      1   4.3236756420332878D-01 8.5D-09 0.0D+00 3.3D-09 0.0D+00       22      113       22      220  S
      7      1   4.3236756420329964D-01 8.5D-09 0.0D+00 3.6D-09 0.0D+00       22      110       22      220  S
      7      1   4.3236866830688647D-01 8.5D-09 0.0D+00 8.0D-10 0.0D+00       20      105       20      200  S
      7      1   4.3238062921788262D-01 8.5D-09 0.0D+00 8.9D-10 0.0D+00       20      111       20      200  S
      7      1   4.3236866830673204D-01 8.5D-09 0.0D+00 3.7D-09 0.0D+00       20      104       20      200  S
      7      1   4.3238062921872905D-01 8.5D-09 0.0D+00 8.1D-09 0.0D+00       22      130       22      220  S
      7      1   4.3236756420324335D-01 8.5D-09 0.0D+00 5.9D-09 0.0D+00       22      111       22      220  S
      7      1   4.3236866830686921D-01 8.5D-09 0.0D+00 4.1D-10 0.0D+00       20      103       20      200  S
      7      1   4.3236866830765547D-01 8.5D-09 0.0D+00 3.8D-09 0.0D+00       22      108       22      220  S
      7      1   4.3237161742380964D-01 8.5D-09 0.0D+00 5.7D-09 0.0D+00       22      111       22      220  S
      7      1   4.3236756420331984D-01 8.5D-09 0.0D+00 3.6D-09 0.0D+00       22      108       22      220  S
      7      1   4.3236866830678394D-01 8.5D-09 0.0D+00 2.6D-09 0.0D+00       20      102       20      200  S
      7      1   4.3236756420322342D-01 8.5D-09 0.0D+00 5.8D-09 0.0D+00       22      115       22      220  S
      7      1   4.3237161742368063D-01 8.5D-09 0.0D+00 5.9D-09 0.0D+00       22      105       22      220  S
      7      1   4.3236756420360539D-01 8.5D-09 0.0D+00 4.2D-09 0.0D+00       22      112       22      220  S
      7      1   4.3238062922838638D-01 8.5D-09 0.0D+00 2.0D-09 0.0D+00       22      149       22      220  S
      7      1   4.3237161742383379D-01 8.5D-09 0.0D+00 4.8D-09 0.0D+00       22      108       22      220  S
      7      1   4.3236756420231431D-01 8.5D-09 0.0D+00 3.0D-09 0.0D+00       20      101       20      200  S
      7      1   4.3238062921798548D-01 8.5D-09 0.0D+00 2.6D-09 0.0D+00       20      115       20      200  S
      7      1   4.3236756420334854D-01 8.5D-09 0.0D+00 3.5D-09 0.0D+00       22      109       22      220  S
      7      1   4.3238062922839521D-01 8.5D-09 0.0D+00 2.7D-09 0.0D+00       22      134       22      220  S
      7      1   4.3236866830754506D-01 8.5D-09 0.0D+00 4.7D-09 0.0D+00       22      113       22      220  S
      7      1   4.3236756420304712D-01 8.5D-09 0.0D+00 2.8D-09 0.0D+00       22      108       22      220  S
      7      1   4.3238062922837739D-01 8.5D-09 0.0D+00 4.2D-09 0.0D+00       22      136       22      220  S
      7      1   4.3236756420240724D-01 8.5D-09 0.0D+00 1.6D-09 0.0D+00       20      101       20      200  S
      7      1   4.3236756420243871D-01 8.5D-09 0.0D+00 7.0D-10 0.0D+00       20      103       20      200  S
      7      1   4.3238062922739301D-01 8.5D-09 0.0D+00 4.8D-09 0.0D+00       20      119       20      200  S
      7      1   4.3236756420234951D-01 8.5D-09 0.0D+00 5.7D-10 0.0D+00       20       99       20      200  S
      7      1   4.3236756420315320D-01 8.5D-09 0.0D+00 8.2D-09 0.0D+00       22      109       22      220  S
      7      1   4.3237161742373414D-01 8.5D-09 0.0D+00 7.5D-09 0.0D+00       22      104       22      220  S
      7      1   4.3238062922842635D-01 8.5D-09 0.0D+00 8.6D-09 0.0D+00       22      149       22      220  S
      7      1   4.3238062921879850D-01 8.5D-09 0.0D+00 5.8D-09 0.0D+00       22      130       22      220  S
      7      1   4.3236866830766485D-01 8.5D-09 0.0D+00 1.2D-09 0.0D+00       22      135       22      220  S
      7      1   4.3238062922816256D-01 8.5D-09 0.0D+00 9.2D-09 0.0D+00       22      133       22      220  S
      7      1   4.3238062921888337D-01 8.5D-09 0.0D+00 3.5D-09 0.0D+00       22      127       22      220  S
      7      1   4.3236756420333206D-01 8.5D-09 0.0D+00 1.6D-09 0.0D+00       22      114       22      220  S
      7      1   4.3238062922847376D-01 8.5D-09 0.0D+00 2.6D-09 0.0D+00       22      141       22      220  S
      7      1   4.3238062922827858D-01 8.5D-09 0.0D+00 5.9D-09 0.0D+00       22      158       22      220  S
      7      1   4.3238062921791748D-01 8.5D-09 0.0D+00 4.0D-09 0.0D+00       20      110       20      200  S
      7      1   4.3236756420344663D-01 8.5D-09 0.0D+00 8.7D-09 0.0D+00       22      112       22      220  S
      7      1   4.3238062922817178D-01 8.5D-09 0.0D+00 9.4D-09 0.0D+00       22      135       22      220  S
      7      1   4.3236866830752874D-01 8.5D-09 0.0D+00 9.5D-09 0.0D+00       22      115       22      220  S
      7      1   4.3236756420332806D-01 8.5D-09 0.0D+00 7.0D-09 0.0D+00       22      110       22      220  S
      7      1   4.3238062921879217D-01 8.5D-09 0.0D+00 7.8D-11 0.0D+00       22      145       22      220  S
      7      1   4.3238062921786929D-01 8.5D-09 0.0D+00 5.5D-09 0.0D+00       20      114       20      200  S
      7      1   4.3236866830679838D-01 8.5D-09 0.0D+00 1.8D-09 0.0D+00       20      101       20      200  S
      7      1   4.3236866830772319D-01 8.5D-09 0.0D+00 1.5D-09 0.0D+00       22      138       22      220  S
      7      1   4.3238062922829973D-01 8.5D-09 0.0D+00 6.1D-09 0.0D+00       22      146       22      220  S
      7      1   4.3236756420343997D-01 8.5D-09 0.0D+00 8.8D-09 0.0D+00       22      114       22      220  S
      7      1   4.3238062922831827D-01 8.5D-09 0.0D+00 5.0D-09 0.0D+00       22      136       22      220  S
      7      1   4.3236756420310707D-01 8.5D-09 0.0D+00 3.4D-09 0.0D+00       22      113       22      220  S
      7      1   4.3236866830788018D-01 8.5D-09 0.0D+00 7.0D-09 0.0D+00       22      116       22      220  S
      7      1   4.3238062921866555D-01 8.5D-09 0.0D+00 4.3D-09 0.0D+00       22      128       22      220  S
      7      1   4.3236756420326844D-01 8.5D-09 0.0D+00 4.5D-09 0.0D+00       22      111       22      220  S
      7      1   4.3236756420332051D-01 8.5D-09 0.0D+00 6.0D-10 0.0D+00       22      114       22      220  S
      7      1   4.3236756420339229D-01 8.5D-09 0.0D+00 4.1D-09 0.0D+00       22      111       22      220  S
      7      1   4.3236756420337358D-01 8.5D-09 0.0D+00 7.8D-10 0.0D+00       22      113       22      220  S
      7      1   4.3236866830771409D-01 8.5D-09 0.0D+00 4.6D-09 0.0D+00       22      110       22      220  S
      7      1   4.3236866830778786D-01 8.5D-09 0.0D+00 8.7D-09 0.0D+00       22      132       22      220  S
      7      1   4.3238062921886861D-01 8.5D-09 0.0D+00 4.6D-10 0.0D+00       22      124       22      220  S
      7      1   4.3238062921779979D-01 8.5D-09 0.0D+00 7.2D-09 0.0D+00       20      130       20      200  S
      7      1   4.3236756420350997D-01 8.5D-09 0.0D+00 1.6D-09 0.0D+00       22      110       22      220  S
      7      1   4.3236866830781556D-01 8.5D-09 0.0D+00 4.7D-09 0.0D+00       22      113       22      220  S
      7      1   4.3238062922836917D-01 8.5D-09 0.0D+00 7.5D-09 0.0D+00       22      141       22      220  S
      7      1   4.3237161742357516D-01 8.5D-09 0.0D+00 2.0D-09 0.0D+00       22      109       22      220  S
      7      1   4.3236866830774373D-01 8.5D-09 0.0D+00 5.1D-10 0.0D+00       22      111       22      220  S
      7      1   4.3236756420322736D-01 8.5D-09 0.0D+00 5.5D-09 0.0D+00       22      115       22      220  S
      7      1   4.3238062921871900D-01 8.5D-09 0.0D+00 8.1D-09 0.0D+00       22      139       22      220  S
      7      1   4.3236756420223921D-01 8.5D-09 0.0D+00 6.3D-09 0.0D+00       20      101       20      200  S
      7      1   4.3236756420318923D-01 8.5D-09 0.0D+00 7.8D-09 0.0D+00       22      114       22      220  S
      7      1   4.3236756420322481D-01 8.5D-09 0.0D+00 6.9D-09 0.0D+00       22      114       22      220  S
      7      1   4.3236756420328226D-01 8.5D-09 0.0D+00 2.3D-09 0.0D+00       22      112       22      220  S
      7      1   4.3236866830779908D-01 8.5D-09 0.0D+00 3.5D-09 0.0D+00       22      135       22      220  S
      7      1   4.3238062921802273D-01 8.5D-09 0.0D+00 5.8D-09 0.0D+00       20      101       20      200  S
      7      1   4.3237161742380553D-01 8.5D-09 0.0D+00 4.6D-09 0.0D+00       22      104       22      220  S
      7      1   4.3236756420338551D-01 8.5D-09 0.0D+00 6.0D-09 0.0D+00       22      113       22      220  S
      7      1   4.3237161742373825D-01 8.5D-09 0.0D+00 7.8D-10 0.0D+00       22      111       22      220  S
      7      1   4.3238062922844206D-01 8.5D-09 0.0D+00 2.8D-09 0.0D+00       22      135       22      220  S
      7      1   4.3238062922847176D-01 8.5D-09 0.0D+00 3.7D-10 0.0D+00       22      134       22      220  S
      7      1   4.3236756420317068D-01 8.5D-09 0.0D+00 5.1D-09 0.0D+00       22      113       22      220  S
      7      1   4.3238062921824377D-01 8.5D-09 0.0D+00 1.4D-09 0.0D+00       20      100       20      200  S
      7      1   4.3236756420240097D-01 8.5D-09 0.0D+00 4.6D-09 0.0D+00       20      103       20      200  S
      7      1   4.3238062922839743D-01 8.5D-09 0.0D+00 3.0D-09 0.0D+00       22      138       22      220  S
      7      1   4.3236756420229849D-01 8.5D-09 0.0D+00 6.3D-09 0.0D+00       20      100       20      200  S
      7      1   4.3236866830761034D-01 8.5D-09 0.0D+00 2.2D-09 0.0D+00       22      132       22      220  S
      7      1   4.3236866830779774D-01 8.5D-09 0.0D+00 7.9D-09 0.0D+00       22      111       22      220  S
      7      1   4.3238062921803261D-01 8.5D-09 0.0D+00 6.9D-10 0.0D+00       20      101       20      200  S
