      9      1   3.5353330728756105D-01 6.5D-09 0.0D+00 7.8D-09 0.0D+00       22      134       22      220  S
      9      1   3.5353330728725307D-01 6.5D-09 0.0D+00 9.1D-09 0.0D+00       21      126       21      210  S
      9      1   3.5353330728596377D-01 6.5D-09 0.0D+00 5.2D-09 0.0D+00       22      113       22      220  S
      9      1   3.5353330729591931D-01 6.5D-09 0.0D+00 8.9D-09 0.0D+00       22      128       22      220  S
      9      1   3.5353330728546889D-01 6.5D-09 0.0D+00 5.9D-10 0.0D+00       22      137       22      220  S
      9      1   3.5353330728445692D-01 6.5D-09 0.0D+00 6.7D-09 0.0D+00       22      135       22      220  S
      9      1   3.5353330728762494D-01 6.5D-09 0.0D+00 2.9D-09 0.0D+00       22      128       22      220  S
      9      1   3.5353330728757038D-01 6.5D-09 0.0D+00 4.8D-10 0.0D+00       22      116       22      220  S
      9      1   3.5353329686238272D-01 6.5D-09 0.0D+00 9.5D-04 0.0D+00       23      144       24      234  S
      9      1   3.5353330728752613D-01 6.5D-09 0.0D+00 9.1D-09 0.0D+00       22      139       22      220  S
      9      1   3.5353330728688931D-01 6.5D-09 0.0D+00 2.8D-08 0.0D+00       23      137       23      230  S
      9      1   3.5353330729401317D-01 6.5D-09 0.0D+00 5.7D-07 0.0D+00       23      128       23      230  S
      9      1   3.5353330728534477D-01 6.5D-09 0.0D+00 1.8D-09 0.0D+00       22      164       22      220  S
      9      1   3.5353330728762306D-01 6.5D-09 0.0D+00 6.0D-09 0.0D+00       22      125       22      220  S
      9      1   3.5353330728545340D-01 6.5D-09 0.0D+00 1.6D-09 0.0D+00       22      120       22      220  S
      9      1   3.5353330728742510D-01 6.5D-09 0.0D+00 2.8D-06 0.0D+00       23      124       23      230  S
      9      1   3.5353330729183807D-01 6.5D-09 0.0D+00 9.8D-09 0.0D+00       21      144       21      210  S
      9      1   3.5353330728508586D-01 6.5D-09 0.0D+00 8.3D-09 0.0D+00       22      125       22      220  S
      9      1   3.5353330728762949D-01 6.5D-09 0.0D+00 8.3D-09 0.0D+00       22      138       22      220  S
      9      1   3.5353330728547611D-01 6.5D-09 0.0D+00 5.8D-09 0.0D+00       22      137       22      220  S
      9      1   3.5353330728566112D-01 6.5D-09 0.0D+00 2.6D-10 0.0D+00       22      129       22      220  S
      9      1   3.5353330733509480D-01 6.5D-09 0.0D+00 4.3D-06 0.0D+00       23      137       23      230  S
      9      1   3.5353330739112748D-01 6.5D-09 0.0D+00 9.4D-06 0.0D+00       23      159       23      230  S
      9      1   3.5353330727164423D-01 6.5D-09 0.0D+00 6.9D-11 0.0D+00       22      180       22      220  S
      9      1   3.5353330728752352D-01 6.5D-09 0.0D+00 2.5D-10 0.0D+00       22      135       22      220  S
      9      1   3.5353330728643190D-01 6.5D-09 0.0D+00 3.9D-09 0.0D+00       22      128       22      220  S
      9      1   3.5353330728476456D-01 6.5D-09 0.0D+00 5.2D-09 0.0D+00       22      159       22      220  S
      9      1   3.5353330726927590D-01 6.5D-09 0.0D+00 9.8D-09 0.0D+00       22      186       22      220  S
      9      1   3.5353330728728694D-01 6.5D-09 0.0D+00 6.0D-09 0.0D+00       21      118       21      210  S
      9      1   3.5353330728757293D-01 6.5D-09 0.0D+00 8.9D-09 0.0D+00       22      134       22      220  S
      9      1   3.5353330728774235D-01 6.5D-09 0.0D+00 6.6D-09 0.0D+00       22      152       22      220  S
      9      1   3.5353330728750121D-01 6.5D-09 0.0D+00 2.1D-09 0.0D+00       22      115       22      220  S
      9      1   3.5353330728725085D-01 6.5D-09 0.0D+00 2.2D-06 0.0D+00       23      185       23      230  S
      9      1   3.5353330728733368D-01 6.5D-09 0.0D+00 3.2D-09 0.0D+00       22      140       22      220  S
      9      1   3.5353330728747828D-01 6.5D-09 0.0D+00 8.3D-09 0.0D+00       22      114       22      220  S
      9      1   3.5353330728772392D-01 6.5D-09 0.0D+00 9.1D-10 0.0D+00       22      140       22      220  S
      9      1   3.5353330728717519D-01 6.5D-09 0.0D+00 2.8D-09 0.0D+00       22      124       22      220  S
      9      1   3.5353330728744015D-01 6.5D-09 0.0D+00 3.5D-09 0.0D+00       22      143       22      220  S
      9      1   3.5353330728756993D-01 6.5D-09 0.0D+00 2.6D-10 0.0D+00       22      125       22      220  S
      9      1   3.5353330728984961D-01 6.5D-09 0.0D+00 3.2D-09 0.0D+00       22      128       22      220  S
      9      1   3.5353330728750443D-01 6.5D-09 0.0D+00 3.3D-09 0.0D+00       22      120       22      220  S
      9      1   3.5353330729625704D-01 6.5D-09 0.0D+00 8.1D-07 0.0D+00       23      140       23      230  S
      9      1   3.5353330728746069D-01 6.5D-09 0.0D+00 2.0D-09 0.0D+00       22      150       22      220  S
      9      1   3.5353330728762528D-01 6.5D-09 0.0D+00 1.4D-09 0.0D+00       22      122       22      220  S
      9      1   3.5353330728615806D-01 6.5D-09 0.0D+00 9.5D-09 0.0D+00       22      152       22      220  S
      9      1   3.5353330728773585D-01 6.5D-09 0.0D+00 3.9D-09 0.0D+00       22      110       22      220  S
      9      1   3.5353330728419624D-01 6.5D-09 0.0D+00 2.2D-09 0.0D+00       21      149       21      210  S
      9      1   3.5353330728765447D-01 6.5D-09 0.0D+00 6.9D-09 0.0D+00       22      148       22      220  S
      9      1   3.5353330728764576D-01 6.5D-09 0.0D+00 5.2D-09 0.0D+00       22      128       22      220  S
      9      1   3.5353330744940520D-01 6.5D-09 0.0D+00 1.6D-08 0.0D+00       23      142       23      230  S
      9      1   3.5353330728755317D-01 6.5D-09 0.0D+00 7.2D-09 0.0D+00       22      142       22      220  S
      9      1   3.5353330728741184D-01 6.5D-09 0.0D+00 4.7D-09 0.0D+00       22      121       22      220  S
      9      1   3.5353330728758192D-01 6.5D-09 0.0D+00 6.8D-09 0.0D+00       22      125       22      220  S
      9      1   5.0387369622081180D-01 6.0D-09 0.0D+00 1.4D-07 0.0D+00       22      219       22      220  S
      9      1   3.5353330728758969D-01 6.5D-09 0.0D+00 1.2D-09 0.0D+00       22      133       22      220  S
      9      1   3.5353330728607796D-01 6.5D-09 0.0D+00 1.8D-09 0.0D+00       22      137       22      220  S
      9      1   3.5353330728777477D-01 6.5D-09 0.0D+00 5.4D-09 0.0D+00       22      119       22      220  S
      9      1   3.5353330728459553D-01 6.5D-09 0.0D+00 2.7D-08 0.0D+00       23      143       23      230  S
      9      1   3.5353330728742921D-01 6.5D-09 0.0D+00 1.7D-09 0.0D+00       22      138       22      220  S
      9      1   3.5353330728506682D-01 6.5D-09 0.0D+00 9.2D-09 0.0D+00       21      135       21      210  S
      9      1   3.5353330728566429D-01 6.5D-09 0.0D+00 8.9D-10 0.0D+00       22      153       22      220  S
      9      1   3.5353330728744908D-01 6.5D-09 0.0D+00 5.0D-09 0.0D+00       22      133       22      220  S
      9      1   3.5353330728762900D-01 6.5D-09 0.0D+00 7.2D-09 0.0D+00       22      115       22      220  S
      9      1   3.5353330728582721D-01 6.5D-09 0.0D+00 2.0D-09 0.0D+00       22      149       22      220  S
      9      1   3.5353330728759591D-01 6.5D-09 0.0D+00 9.9D-10 0.0D+00       22      140       22      220  S
      9      1   3.5353330728778254D-01 6.5D-09 0.0D+00 5.4D-09 0.0D+00       22      129       22      220  S
      9      1   3.5353330729204824D-01 6.5D-09 0.0D+00 4.3D-07 0.0D+00       23      141       23      230  S
      9      1   3.5353330728533833D-01 6.5D-09 0.0D+00 9.1D-10 0.0D+00       22      124       22      220  S
      9      1   3.5353330728383392D-01 6.5D-09 0.0D+00 1.4D-09 0.0D+00       22      132       22      220  S
      9      1   3.5353330727126270D-01 6.5D-09 0.0D+00 2.0D-09 0.0D+00       21      169       21      210  S
      9      1   3.5353330728680238D-01 6.5D-09 0.0D+00 8.6D-09 0.0D+00       22      143       22      220  S
      9      1   3.5353330728679738D-01 6.5D-09 0.0D+00 7.0D-09 0.0D+00       21      128       21      210  S
      9      1   3.5353330728779386D-01 6.5D-09 0.0D+00 6.6D-09 0.0D+00       22      131       22      220  S
      9      1   3.5353330728736682D-01 6.5D-09 0.0D+00 1.7D-09 0.0D+00       21      123       21      210  S
      9      1   3.5353330728639815D-01 6.5D-09 0.0D+00 7.0D-09 0.0D+00       22      121       22      220  S
      9      1   3.5353330728749532D-01 6.5D-09 0.0D+00 7.3D-09 0.0D+00       22      110       22      220  S
      9      1   3.5353330728508159D-01 6.5D-09 0.0D+00 2.8D-06 0.0D+00       23      166       23      230  S
      9      1   3.5353330728439397D-01 6.5D-09 0.0D+00 9.6D-10 0.0D+00       22      150       22      220  S
      9      1   3.5353330728718296D-01 6.5D-09 0.0D+00 6.3D-09 0.0D+00       21      125       21      210  S
      9      1   3.5353330728769361D-01 6.5D-09 0.0D+00 3.6D-09 0.0D+00       22      124       22      220  S
      9      1   3.5353330728588495D-01 6.5D-09 0.0D+00 3.8D-09 0.0D+00       22      124       22      220  S
      9      1   3.5353330728768539D-01 6.5D-09 0.0D+00 3.3D-08 0.0D+00       23      143       23      230  S
      9      1   3.5353330728748322D-01 6.5D-09 0.0D+00 1.2D-09 0.0D+00       22      163       22      220  S
      9      1   3.5353330728742305D-01 6.5D-09 0.0D+00 1.9D-09 0.0D+00       22      126       22      220  S
      9      1   3.5353330728746996D-01 6.5D-09 0.0D+00 1.9D-09 0.0D+00       22      145       22      220  S
      9      1   3.5353330728669452D-01 6.5D-09 0.0D+00 3.4D-09 0.0D+00       22      135       22      220  S
      9      1   3.5353330728745830D-01 6.5D-09 0.0D+00 1.2D-09 0.0D+00       22      210       22      220  S
      9      1   3.5353330728759308D-01 6.5D-09 0.0D+00 4.2D-09 0.0D+00       22      133       22      220  S
      9      1   3.5353330728731275D-01 6.5D-09 0.0D+00 2.7D-09 0.0D+00       22      142       22      220  S
      9      1   3.5353330728730509D-01 6.5D-09 0.0D+00 2.8D-06 0.0D+00       24      194       24      240  S
      9      1   3.5353330728741028D-01 6.5D-09 0.0D+00 3.0D-09 0.0D+00       22      118       22      220  S
      9      1   3.5353330728650556D-01 6.5D-09 0.0D+00 6.5D-10 0.0D+00       22      129       22      220  S
      9      1   3.5353330728741278D-01 6.5D-09 0.0D+00 5.5D-09 0.0D+00       22      155       22      220  S
      9      1   3.5353330728689819D-01 6.5D-09 0.0D+00 2.8D-06 0.0D+00       21      130       21      210  S
      9      1   3.5353330728492527D-01 6.5D-09 0.0D+00 7.0D-09 0.0D+00       22      147       22      220  S
      9      1   3.5353330737379834D-01 6.5D-09 0.0D+00 7.9D-06 0.0D+00       23      150       23      230  S
      9      1   3.5353330728511467D-01 6.5D-09 0.0D+00 1.9D-09 0.0D+00       22      154       22      220  S
      9      1   3.5353330728533333D-01 6.5D-09 0.0D+00 6.0D-09 0.0D+00       22      134       22      220  S
      9      1   3.5353330728760030D-01 6.5D-09 0.0D+00 9.2D-09 0.0D+00       22      122       22      220  S
      9      1   3.5353330728740168D-01 6.5D-09 0.0D+00 5.5D-09 0.0D+00       22      135       22      220  S
      9      1   3.5353330728500437D-01 6.5D-09 0.0D+00 1.2D-09 0.0D+00       22      120       22      220  S
      9      1   3.5353330728432764D-01 6.5D-09 0.0D+00 1.9D-09 0.0D+00       22      146       22      220  S
      9      1   3.5353330728695470D-01 6.5D-09 0.0D+00 2.9D-06 0.0D+00       23      143       23      230  S
      9      1   3.5353330728597637D-01 6.5D-09 0.0D+00 2.4D-09 0.0D+00       22      131       22      220  S
      9      1   3.5353330728765775D-01 6.5D-09 0.0D+00 8.1D-09 0.0D+00       22      113       22      220  S
      9      1   3.5353330728757115D-01 6.5D-09 0.0D+00 6.4D-09 0.0D+00       22      113       22      220  S
      9      1   3.5353330729215243D-01 6.5D-09 0.0D+00 6.5D-09 0.0D+00       22      140       22      220  S
      9      1   3.5353330728749982D-01 6.5D-09 0.0D+00 2.0D-06 0.0D+00       23      129       23      230  S
      9      1   3.5353330729686266D-01 6.5D-09 0.0D+00 8.8D-07 0.0D+00       23      155       23      230  S
      9      1   3.5353330728723625D-01 6.5D-09 0.0D+00 8.5D-09 0.0D+00       21      108       21      210  S
      9      1   3.5353330728434845D-01 6.5D-09 0.0D+00 8.7D-09 0.0D+00       22      190       22      220  S
      9      1   3.5353330728744037D-01 6.5D-09 0.0D+00 1.1D-09 0.0D+00       22      141       22      220  S
      9      1   3.5353330728762089D-01 6.5D-09 0.0D+00 4.5D-10 0.0D+00       22      116       22      220  S
      9      1   3.5353330728599541D-01 6.5D-09 0.0D+00 6.6D-09 0.0D+00       22      113       22      220  S
      9      1   3.5353330730570431D-01 6.5D-09 0.0D+00 1.7D-06 0.0D+00       23      142       23      230  S
      9      1   3.5353330728602189D-01 6.5D-09 0.0D+00 8.1D-09 0.0D+00       22      139       22      220  S
      9      1   3.5353330728555710D-01 6.5D-09 0.0D+00 9.7D-09 0.0D+00       22      155       22      220  S
      9      1   3.5353330728757298D-01 6.5D-09 0.0D+00 6.6D-09 0.0D+00       22      129       22      220  S
      9      1   3.5353330883939982D-01 6.5D-09 0.0D+00 5.7D-09 0.0D+00       22      125       22      220  S
      9      1   3.5353330728421056D-01 6.5D-09 0.0D+00 9.5D-09 0.0D+00       21      134       21      210  S
      9      1   3.5353330727179527D-01 6.5D-09 0.0D+00 3.7D-09 0.0D+00       22      182       22      220  S
      9      1   3.5353330728374921D-01 6.5D-09 0.0D+00 1.7D-09 0.0D+00       22      133       22      220  S
      9      1   3.5353330728749632D-01 6.5D-09 0.0D+00 2.9D-06 0.0D+00       23      142       23      230  S
      9      1   3.5353330728534471D-01 6.5D-09 0.0D+00 6.3D-09 0.0D+00       22      125       22      220  S
      9      1   3.5353330728594440D-01 6.5D-09 0.0D+00 6.0D-09 0.0D+00       22      159       22      220  S
      9      1   3.5353330728739635D-01 6.5D-09 0.0D+00 9.5D-09 0.0D+00       22      124       22      220  S
      9      1   3.5353330728529814D-01 6.5D-09 0.0D+00 7.9D-09 0.0D+00       22      118       22      220  S
      9      1   3.5353330728776439D-01 6.5D-09 0.0D+00 3.0D-08 0.0D+00       23      135       23      230  S
      9      1   3.5353330728538157D-01 6.5D-09 0.0D+00 1.6D-09 0.0D+00       22      134       22      220  S
      9      1   3.5353330728741694D-01 6.5D-09 0.0D+00 1.8D-09 0.0D+00       22      131       22      220  S
      9      1   3.5353330728762178D-01 6.5D-09 0.0D+00 6.7D-09 0.0D+00       22      120       22      220  S
      9      1   3.5353330728753507D-01 6.5D-09 0.0D+00 4.6D-09 0.0D+00       22      138       22      220  S
      9      1   3.5353329686126250D-01 6.5D-09 0.0D+00 9.5D-04 0.0D+00       23      144       23      230  S
      9      1   3.5353330728630300D-01 6.5D-09 0.0D+00 1.8D-09 0.0D+00       22      138       22      220  S
      9      1   3.5353330736343458D-01 6.5D-09 0.0D+00 6.9D-06 0.0D+00       23      124       23      230  S
      9      1   3.5353330728765286D-01 6.5D-09 0.0D+00 2.9D-06 0.0D+00       23      132       23      230  S
      9      1   3.5353330728763849D-01 6.5D-09 0.0D+00 7.7D-09 0.0D+00       22      139       22      220  S
      9      1   3.5353330728754317D-01 6.5D-09 0.0D+00 7.3D-09 0.0D+00       22      113       22      220  S
      9      1   3.5353330728773269D-01 6.5D-09 0.0D+00 8.4D-09 0.0D+00       22      116       22      220  S
      9      1   3.5353330728776289D-01 6.5D-09 0.0D+00 9.2D-10 0.0D+00       22      131       22      220  S
      9      1   3.5353330728758336D-01 6.5D-09 0.0D+00 8.6D-09 0.0D+00       22      118       22      220  S
      9      1   5.0387369624041445D-01 6.0D-09 0.0D+00 1.1D-07 0.0D+00       24      192       24      240  S
      9      1   3.5353330728616422D-01 6.5D-09 0.0D+00 5.8D-09 0.0D+00       22      130       22      220  S
      9      1   3.5353330729729404D-01 6.5D-09 0.0D+00 3.7D-06 0.0D+00       23      140       23      230  S
      9      1   3.5353330728704346D-01 6.5D-09 0.0D+00 1.2D-09 0.0D+00       20      101       20      200  S
      9      1   3.5353330728779520D-01 6.5D-09 0.0D+00 5.4D-09 0.0D+00       22      121       22      220  S
      9      1   3.5353330728377164D-01 6.5D-09 0.0D+00 3.5D-09 0.0D+00       22      140       22      220  S
      9      1   3.5353330728704219D-01 6.5D-09 0.0D+00 9.7D-09 0.0D+00       22      141       22      220  S
      9      1   3.5353330728766924D-01 6.5D-09 0.0D+00 3.2D-09 0.0D+00       22      121       22      220  S
      9      1   3.5353330728573867D-01 6.5D-09 0.0D+00 1.6D-08 0.0D+00       23      137       23      230  S
      9      1   3.5353330728750265D-01 6.5D-09 0.0D+00 1.8D-09 0.0D+00       22      123       22      220  S
      9      1   3.5353330728760146D-01 6.5D-09 0.0D+00 8.8D-09 0.0D+00       22      122       22      220  S
      9      1   5.5898952126969503D-01 7.5D-09 0.0D+00 5.9D-09 0.0D+00       21      140       21      210  S
      9      1   3.5353330728765742D-01 6.5D-09 0.0D+00 3.1D-09 0.0D+00       22      115       22      220  S
      9      1   3.5353330728748716D-01 6.5D-09 0.0D+00 6.5D-10 0.0D+00       22      124       22      220  S
      9      1   3.5353330728605353D-01 6.5D-09 0.0D+00 7.7D-09 0.0D+00       22      132       22      220  S
      9      1   3.5353330728542037D-01 6.5D-09 0.0D+00 9.5D-09 0.0D+00       22      117       22      220  S
      9      1   3.5353330728754623D-01 6.5D-09 0.0D+00 7.9D-09 0.0D+00       22      114       22      220  S
      9      1   3.5353330728765059D-01 6.5D-09 0.0D+00 8.5D-09 0.0D+00       22      115       22      220  S
      9      1   3.5353330744958755D-01 6.5D-09 0.0D+00 3.8D-09 0.0D+00       22      124       22      220  S
      9      1   3.5353330728621701D-01 6.5D-09 0.0D+00 2.8D-09 0.0D+00       22      111       22      220  S
      9      1   3.5353330728765020D-01 6.5D-09 0.0D+00 4.6D-09 0.0D+00       22      124       22      220  S
      9      1   3.5353330728339732D-01 6.5D-09 0.0D+00 1.0D-08 0.0D+00       22      160       22      220  S
      9      1   3.5353330728747973D-01 6.5D-09 0.0D+00 2.1D-08 0.0D+00       23      158       23      230  S
      9      1   3.5353330728759741D-01 6.5D-09 0.0D+00 9.2D-09 0.0D+00       22      124       22      220  S
      9      1   3.5353330728753835D-01 6.5D-09 0.0D+00 3.2D-09 0.0D+00       22      149       22      220  S
      9      1   3.5353330728749288D-01 6.5D-09 0.0D+00 9.5D-09 0.0D+00       22      122       22      220  S
      9      1   3.5353330728302346D-01 6.5D-09 0.0D+00 5.6D-09 0.0D+00       22      129       22      220  S
      9      1   3.5353330728665766D-01 6.5D-09 0.0D+00 6.2D-09 0.0D+00       22      114       22      220  S
      9      1   3.5353330728757837D-01 6.5D-09 0.0D+00 3.1D-09 0.0D+00       22      121       22      220  S
      9      1   3.5353330728550836D-01 6.5D-09 0.0D+00 2.8D-09 0.0D+00       22      143       22      220  S
      9      1   3.5353330728760546D-01 6.5D-09 0.0D+00 2.0D-09 0.0D+00       22      120       22      220  S
      9      1   3.5353330728669302D-01 6.5D-09 0.0D+00 9.9D-11 0.0D+00       22      129       22      220  S
      9      1   3.5353330728748350D-01 6.5D-09 0.0D+00 3.6D-09 0.0D+00       22      128       22      220  S
      9      1   3.5353330728704863D-01 6.5D-09 0.0D+00 2.6D-09 0.0D+00       22      157       22      220  S
      9      1   3.5353330728739130D-01 6.5D-09 0.0D+00 9.0D-10 0.0D+00       22      143       22      220  S
      9      1   3.5353330728745713D-01 6.5D-09 0.0D+00 9.9D-09 0.0D+00       22      145       22      220  S
      9      1   3.5353330728779281D-01 6.5D-09 0.0D+00 1.0D-08 0.0D+00       23      146       23      230  S
      9      1   3.5353330728596122D-01 6.5D-09 0.0D+00 9.6D-09 0.0D+00       22      156       22      220  S
      9      1   3.5353330728681120D-01 6.5D-09 0.0D+00 6.4D-10 0.0D+00       22      130       22      220  S
      9      1   3.5353330728762566D-01 6.5D-09 0.0D+00 6.2D-09 0.0D+00       22      115       22      220  S
      9      1   3.5353330728418808D-01 6.5D-09 0.0D+00 7.8D-09 0.0D+00       22      138       22      220  S
      9      1   3.5353330728445898D-01 6.5D-09 0.0D+00 7.4D-09 0.0D+00       22      127       22      220  S
      9      1   3.5353330728507215D-01 6.5D-09 0.0D+00 7.5D-09 0.0D+00       22      133       22      220  S
      9      1   3.5353330734665045D-01 6.5D-09 0.0D+00 4.5D-06 0.0D+00       23      123       23      230  S
      9      1   3.5353330728632598D-01 6.5D-09 0.0D+00 1.6D-09 0.0D+00       22      124       22      220  S
      9      1   3.5353330728771659D-01 6.5D-09 0.0D+00 5.9D-09 0.0D+00       22      116       22      220  S
      9      1   3.5353330727170740D-01 6.5D-09 0.0D+00 4.8D-09 0.0D+00       22      185       22      220  S
      9      1   3.5353330728770693D-01 6.5D-09 0.0D+00 5.7D-09 0.0D+00       22      137       22      220  S
      9      1   3.5353330728744786D-01 6.5D-09 0.0D+00 8.7D-09 0.0D+00       22      138       22      220  S
      9      1   3.5353330728752125D-01 6.5D-09 0.0D+00 5.0D-09 0.0D+00       22      116       22      220  S
      9      1   3.5353330728747256D-01 6.5D-09 0.0D+00 4.3D-09 0.0D+00       22      129       22      220  S
      9      1   3.5353330728622284D-01 6.5D-09 0.0D+00 1.7D-09 0.0D+00       22      134       22      220  S
      9      1   3.5353330728767407D-01 6.5D-09 0.0D+00 5.9D-11 0.0D+00       22      134       22      220  S
      9      1   3.5353330728699722D-01 6.5D-09 0.0D+00 3.6D-09 0.0D+00       20      119       20      200  S
      9      1   3.5353330728755911D-01 6.5D-09 0.0D+00 4.5D-09 0.0D+00       22      122       22      220  S
      9      1   3.5353330728553523D-01 6.5D-09 0.0D+00 9.5D-09 0.0D+00       22      156       22      220  S
      9      1   3.5353330728767579D-01 6.5D-09 0.0D+00 3.2D-10 0.0D+00       22      125       22      220  S
      9      1   3.5353330728763216D-01 6.5D-09 0.0D+00 1.1D-08 0.0D+00       23      137       23      230  S
      9      1   3.5353330728689691D-01 6.5D-09 0.0D+00 3.5D-09 0.0D+00       20      115       20      200  S
      9      1   3.5353330728765192D-01 6.5D-09 0.0D+00 3.9D-09 0.0D+00       22      127       22      220  S
      9      1   3.5353330731378896D-01 6.5D-09 0.0D+00 2.4D-06 0.0D+00       23      141       23      230  S
      9      1   3.5353330728557736D-01 6.5D-09 0.0D+00 2.9D-06 0.0D+00       23      159       23      230  S
      9      1   3.5353329686129953D-01 6.5D-09 0.0D+00 9.5D-04 0.0D+00       23      160       23      230  S
      9      1   3.5353330728753507D-01 6.5D-09 0.0D+00 3.9D-09 0.0D+00       22      115       22      220  S
      9      1   3.5353330728739396D-01 6.5D-09 0.0D+00 7.1D-09 0.0D+00       22      128       22      220  S
      9      1   3.5353330728764021D-01 6.5D-09 0.0D+00 3.8D-09 0.0D+00       22      126       22      220  S
      9      1   3.5353330883925366D-01 6.5D-09 0.0D+00 8.9D-09 0.0D+00       22      127       22      220  S
      9      1   3.5353330728747745D-01 6.5D-09 0.0D+00 3.8D-09 0.0D+00       22      114       22      220  S
      9      1   3.5353330728745569D-01 6.5D-09 0.0D+00 1.1D-09 0.0D+00       22      114       22      220  S
      9      1   3.5353330728797683D-01 6.5D-09 0.0D+00 1.5D-06 0.0D+00       23      153       23      230  S
      9      1   3.5353330728735211D-01 6.5D-09 0.0D+00 2.4D-09 0.0D+00       22      142       22      220  S
      9      1   3.5353330740829436D-01 6.5D-09 0.0D+00 1.1D-05 0.0D+00       23      175       23      230  S
      9      1   3.5353330728759558D-01 6.5D-09 0.0D+00 9.6D-09 0.0D+00       22      127       22      220  S
      9      1   3.5353330728743382D-01 6.5D-09 0.0D+00 2.5D-09 0.0D+00       22      127       22      220  S
      9      1   3.5353330728450050D-01 6.5D-09 0.0D+00 2.8D-09 0.0D+00       22      132       22      220  S
      9      1   3.5353330728939725D-01 6.5D-09 0.0D+00 4.4D-07 0.0D+00       23      151       23      230  S
      9      1   3.5353330728441845D-01 6.5D-09 0.0D+00 9.5D-09 0.0D+00       22      137       22      220  S
      9      1   3.5353330727172144D-01 6.5D-09 0.0D+00 2.6D-09 0.0D+00       22      181       22      220  S
      9      1   3.5353330728462895D-01 6.5D-09 0.0D+00 5.6D-09 0.0D+00       22      138       22      220  S
      9      1   3.5353330728140636D-01 6.5D-09 0.0D+00 4.3D-08 0.0D+00       22      128       22      220  S
      9      1   3.5353330728743326D-01 6.5D-09 0.0D+00 2.7D-09 0.0D+00       22      133       22      220  S
      9      1   3.5353330728742843D-01 6.5D-09 0.0D+00 2.2D-09 0.0D+00       22      144       22      220  S
      9      1   3.5353330728761967D-01 6.5D-09 0.0D+00 8.6D-09 0.0D+00       22      125       22      220  S
      9      1   3.5353330728752674D-01 6.5D-09 0.0D+00 2.8D-10 0.0D+00       22      108       22      220  S
      9      1   3.5353330728458982D-01 6.5D-09 0.0D+00 1.1D-09 0.0D+00       22      131       22      220  S
      9      1   3.5353330729505567D-01 6.5D-09 0.0D+00 7.6D-07 0.0D+00       23      138       23      230  S
      9      1   3.5353330728624560D-01 6.5D-09 0.0D+00 4.8D-10 0.0D+00       22      155       22      220  S
      9      1   3.5353330728758153D-01 6.5D-09 0.0D+00 1.4D-08 0.0D+00       23      142       23      230  S
      9      1   3.5353330728484750D-01 6.5D-09 0.0D+00 5.3D-09 0.0D+00       22      142       22      220  S
      9      1   3.5353330728751409D-01 6.5D-09 0.0D+00 7.9D-09 0.0D+00       22      139       22      220  S
      9      1   3.5353330728559451D-01 6.5D-09 0.0D+00 8.7D-09 0.0D+00       22      116       22      220  S
      9      1   3.5353330728753912D-01 6.5D-09 0.0D+00 7.6D-09 0.0D+00       22      139       22      220  S
      9      1   3.5353330728720272D-01 6.5D-09 0.0D+00 8.4D-09 0.0D+00       21      144       21      210  S
      9      1   3.5353330728377463D-01 6.5D-09 0.0D+00 2.5D-06 0.0D+00       23      149       23      230  S
      9      1   3.5353330728534416D-01 6.5D-09 0.0D+00 6.4D-09 0.0D+00       22      140       22      220  S
      9      1   3.5353330728759891D-01 6.5D-09 0.0D+00 3.5D-10 0.0D+00       22      147       22      220  S
      9      1   3.5353330728355298D-01 6.5D-09 0.0D+00 2.5D-08 0.0D+00       23      152       24      235  S
      9      1   3.5353330728756061D-01 6.5D-09 0.0D+00 7.2D-09 0.0D+00       22      125       22      220  S
      9      1   3.5353330883953921D-01 6.5D-09 0.0D+00 5.2D-09 0.0D+00       22      129       22      220  S
      9      1   3.5353330728535814D-01 6.5D-09 0.0D+00 2.6D-09 0.0D+00       22      126       22      220  S
      9      1   3.5353330728512744D-01 6.5D-09 0.0D+00 4.6D-09 0.0D+00       21      132       21      210  S
      9      1   3.5353330728735638D-01 6.5D-09 0.0D+00 5.7D-09 0.0D+00       21      135       21      210  S
      9      1   3.5353330728446858D-01 6.5D-09 0.0D+00 4.8D-09 0.0D+00       22      132       22      220  S
      9      1   3.5353330728555421D-01 6.5D-09 0.0D+00 1.3D-08 0.0D+00       24      190       24      240  S
      9      1   3.5353330728539811D-01 6.5D-09 0.0D+00 9.0D-09 0.0D+00       22      150       22      220  S
      9      1   3.5353330728761045D-01 6.5D-09 0.0D+00 1.2D-09 0.0D+00       22      130       22      220  S
      9      1   3.5353330728535676D-01 6.5D-09 0.0D+00 1.6D-09 0.0D+00       22      146       22      220  S
      9      1   3.5353330728745747D-01 6.5D-09 0.0D+00 3.9D-09 0.0D+00       22      120       22      220  S
      9      1   3.5353330728756521D-01 6.5D-09 0.0D+00 8.4D-09 0.0D+00       22      122       22      220  S
      9      1   3.5353330728762911D-01 6.5D-09 0.0D+00 9.0D-10 0.0D+00       22      114       22      220  S
      9      1   3.5353330728738386D-01 6.5D-09 0.0D+00 1.4D-09 0.0D+00       22      119       22      220  S
      9      1   3.5353330728531757D-01 6.5D-09 0.0D+00 8.2D-09 0.0D+00       22      133       22      220  S
      9      1   3.5353330728537308D-01 6.5D-09 0.0D+00 1.4D-09 0.0D+00       22      143       22      220  S
      9      1   3.5353330728796334D-01 6.5D-09 0.0D+00 1.5D-08 0.0D+00       23      149       23      230  S
      9      1   3.5353330728530236D-01 6.5D-09 0.0D+00 7.9D-09 0.0D+00       22      121       22      220  S
      9      1   3.5353330731822058D-01 6.5D-09 0.0D+00 2.7D-06 0.0D+00       23      135       23      230  S
      9      1   3.5353330728529270D-01 6.5D-09 0.0D+00 1.2D-09 0.0D+00       22      154       22      220  S
      9      1   3.5353330728761251D-01 6.5D-09 0.0D+00 1.2D-09 0.0D+00       22      121       22      220  S
      9      1   3.5353330728753180D-01 6.5D-09 0.0D+00 4.5D-09 0.0D+00       22      116       22      220  S
      9      1   3.5353330728749188D-01 6.5D-09 0.0D+00 2.3D-09 0.0D+00       22      121       22      220  S
      9      1   3.5353330728682747D-01 6.5D-09 0.0D+00 7.9D-09 0.0D+00       21      136       21      210  S
      9      1   3.5353330728761961D-01 6.5D-09 0.0D+00 8.2D-09 0.0D+00       22      129       22      220  S
      9      1   3.5353330728746829D-01 6.5D-09 0.0D+00 4.6D-09 0.0D+00       22      152       22      220  S
      9      1   3.5353330728400645D-01 6.5D-09 0.0D+00 7.5D-09 0.0D+00       22      152       22      220  S
      9      1   5.0387369624068967D-01 6.0D-09 0.0D+00 5.6D-10 0.0D+00       21      147       21      210  S
      9      1   3.5353330728760907D-01 6.5D-09 0.0D+00 3.8D-10 0.0D+00       22      116       22      220  S
      9      1   3.5353330728578825D-01 6.5D-09 0.0D+00 5.2D-09 0.0D+00       21      129       21      210  S
      9      1   5.1630822433731371D-01 4.5D-09 0.0D+00 8.4D+01 0.0D+00       23      295       23      230  S
      9      1   3.5353330728762339D-01 6.5D-09 0.0D+00 1.3D-09 0.0D+00       22      116       22      220  S
      9      1   3.5353330728744708D-01 6.5D-09 0.0D+00 3.6D-09 0.0D+00       22      114       22      220  S
      9      1   3.5353330728674454D-01 6.5D-09 0.0D+00 8.3D-09 0.0D+00       22      128       22      220  S
      9      1   3.5353330728749971D-01 6.5D-09 0.0D+00 9.4D-09 0.0D+00       22      119       22      220  S
      9      1   3.5353330728750171D-01 6.5D-09 0.0D+00 1.9D-09 0.0D+00       22      121       22      220  S
      9      1   3.5353330728760984D-01 6.5D-09 0.0D+00 4.0D-09 0.0D+00       22      120       22      220  S
      9      1   3.5353330728765286D-01 6.5D-09 0.0D+00 8.3D-09 0.0D+00       22      129       22      220  S
      9      1   3.5353330728647148D-01 6.5D-09 0.0D+00 5.9D-09 0.0D+00       22      152       22      220  S
      9      1   3.5353330728764121D-01 6.5D-09 0.0D+00 1.7D-09 0.0D+00       22      119       22      220  S
      9      1   3.5353330731636867D-01 6.5D-09 0.0D+00 2.7D-06 0.0D+00       23      140       23      230  S
      9      1   3.5353330741171507D-01 6.5D-09 0.0D+00 1.1D-05 0.0D+00       23      166       23      230  S
      9      1   3.5353330728753696D-01 6.5D-09 0.0D+00 2.9D-09 0.0D+00       22      135       22      220  S
      9      1   3.5353330728710314D-01 6.5D-09 0.0D+00 8.4D-09 0.0D+00       22      156       22      220  S
      9      1   3.5353330730332772D-01 6.5D-09 0.0D+00 1.5D-06 0.0D+00       23      132       23      230  S
      9      1   3.5353330728773674D-01 6.5D-09 0.0D+00 6.1D-09 0.0D+00       22      120       22      220  S
      9      1   3.5353330728751758D-01 6.5D-09 0.0D+00 1.0D-08 0.0D+00       22      145       22      220  S
      9      1   3.5353330744921108D-01 6.5D-09 0.0D+00 6.7D-09 0.0D+00       22      119       22      220  S
      9      1   3.5353330730563526D-01 6.5D-09 0.0D+00 1.6D-06 0.0D+00       23      132       23      230  S
      9      1   3.5353330728705701D-01 6.5D-09 0.0D+00 2.5D-06 0.0D+00       22      202       22      220  S
      9      1   3.5353330728779103D-01 6.5D-09 0.0D+00 7.9D-10 0.0D+00       22      148       22      220  S
      9      1   3.5353330728504900D-01 6.5D-09 0.0D+00 9.6D-09 0.0D+00       22      134       22      220  S
      9      1   3.5353330728737004D-01 6.5D-09 0.0D+00 3.3D-08 0.0D+00       23      149       23      230  S
      9      1   3.5353330728752946D-01 6.5D-09 0.0D+00 6.0D-09 0.0D+00       22      124       22      220  S
      9      1   3.5353330818688811D-01 6.5D-09 0.0D+00 2.8D-06 0.0D+00       23      180       23      230  S
      9      1   3.5353330728530824D-01 6.5D-09 0.0D+00 2.5D-09 0.0D+00       22      167       22      220  S
      9      1   3.5353330728746385D-01 6.5D-09 0.0D+00 1.9D-09 0.0D+00       22      149       22      220  S
      9      1   3.5353330731127891D-01 6.5D-09 0.0D+00 2.4D-06 0.0D+00       23      148       23      230  S
      9      1   3.5353330728766008D-01 6.5D-09 0.0D+00 8.5D-09 0.0D+00       22      117       22      220  S
      9      1   3.5353330728752824D-01 6.5D-09 0.0D+00 9.3D-09 0.0D+00       22      133       22      220  S
      9      1   3.5353330730624355D-01 6.5D-09 0.0D+00 1.7D-06 0.0D+00       23      123       23      230  S
      9      1   3.5353330728764054D-01 6.5D-09 0.0D+00 1.2D-08 0.0D+00       23      133       23      230  S
