      7      1   5.0387369624858791D-01 6.0D-09 0.0D+00 2.8D-09 0.0D+00       22      119       22      220  S
      7      1   5.0387369629262446D-01 6.0D-09 0.0D+00 5.1D-09 0.0D+00       22      136       22      220  S
      7      1   5.0387369624887957D-01 6.0D-09 0.0D+00 3.2D-08 0.0D+00       23      133       23      230  S
      7      1   5.0387369624681322D-01 6.0D-09 0.0D+00 9.4D-09 0.0D+00       20      110       20      200  S
      7      1   5.0387369624862888D-01 6.0D-09 0.0D+00 8.5D-10 0.0D+00       22      132       22      220  S
      7      1   5.0387369624867206D-01 6.0D-09 0.0D+00 2.9D-10 0.0D+00       22      126       22      220  S
      7      1   5.0387369624795175D-01 6.0D-09 0.0D+00 2.0D-09 0.0D+00       21      114       21      210  S
      7      1   5.0387369624870570D-01 6.0D-09 0.0D+00 8.4D-09 0.0D+00       22      123       22      220  S
      7      1   5.0387369624879907D-01 6.0D-09 0.0D+00 6.2D-09 0.0D+00       22      119       22      220  S
      7      1   5.0387369624901901D-01 6.0D-09 0.0D+00 9.4D-09 0.0D+00       22      121       22      220  S
      7      1   5.0387369624862555D-01 6.0D-09 0.0D+00 5.2D-09 0.0D+00       22      122       22      220  S
      7      1   5.0387369624856881D-01 6.0D-09 0.0D+00 5.1D-09 0.0D+00       22      129       22      220  S
      7      1   5.0387369624854839D-01 6.0D-09 0.0D+00 8.4D-09 0.0D+00       22      124       22      220  S
      7      1   5.0387369624861056D-01 6.0D-09 0.0D+00 1.4D-09 0.0D+00       22      118       22      220  S
      7      1   7.0704307237261399D-01 8.1D-09 0.0D+00 5.3D-08 0.0D+00       23      180       23      230  S
      7      1   5.0387369624869116D-01 6.0D-09 0.0D+00 1.6D-09 0.0D+00       22      131       22      220  S
      7      1   5.0387369624867651D-01 6.0D-09 0.0D+00 2.6D-09 0.0D+00       22      119       22      220  S
      7      1   5.0387369624877520D-01 6.0D-09 0.0D+00 5.8D-09 0.0D+00       22      117       22      220  S
      7      1   5.0387369624689149D-01 6.0D-09 0.0D+00 4.9D-09 0.0D+00       20      108       20      200  S
      7      1   5.0387369624684408D-01 6.0D-09 0.0D+00 9.9D-09 0.0D+00       20      112       20      200  S
      7      1   5.0387369624687484D-01 6.0D-09 0.0D+00 7.8D-09 0.0D+00       20      111       20      200  S
      7      1   5.0387369624864742D-01 6.0D-09 0.0D+00 4.2D-09 0.0D+00       22      117       22      220  S
      7      1   5.0387369624863787D-01 6.0D-09 0.0D+00 1.3D-09 0.0D+00       22      114       22      220  S
      7      1   5.0387369624867884D-01 6.0D-09 0.0D+00 1.7D-08 0.0D+00       23      129       23      230  S
      7      1   5.0387369624883893D-01 6.0D-09 0.0D+00 2.4D-09 0.0D+00       22      125       22      220  S
      7      1   5.0387369624877221D-01 6.0D-09 0.0D+00 8.3D-10 0.0D+00       22      123       22      220  S
      7      1   5.0387369624881995D-01 6.0D-09 0.0D+00 4.8D-09 0.0D+00       22      123       22      220  S
      7      1   5.0387369624862555D-01 6.0D-09 0.0D+00 2.4D-09 0.0D+00       22      115       22      220  S
      7      1   5.0387369624863276D-01 6.0D-09 0.0D+00 4.6D-09 0.0D+00       22      118       22      220  S
      7      1   5.0387369624846445D-01 6.0D-09 0.0D+00 1.1D-08 0.0D+00       23      135       23      230  S
      7      1   5.0387369624870848D-01 6.0D-09 0.0D+00 7.5D-09 0.0D+00       22      120       22      220  S
      7      1   5.0387369624863243D-01 6.0D-09 0.0D+00 3.2D-09 0.0D+00       22      118       22      220  S
      7      1   5.0387369624872758D-01 6.0D-09 0.0D+00 3.4D-10 0.0D+00       22      122       22      220  S
      7      1   5.0387369624702594D-01 6.0D-09 0.0D+00 2.0D-09 0.0D+00       20      115       20      200  S
      7      1   5.0387369624871925D-01 6.0D-09 0.0D+00 9.4D-09 0.0D+00       22      118       22      220  S
      7      1   5.0387369624781153D-01 6.0D-09 0.0D+00 9.5D-09 0.0D+00       21      117       21      210  S
      7      1   5.0387369624681300D-01 6.0D-09 0.0D+00 9.4D-09 0.0D+00       20      108       20      200  S
      7      1   5.0387369624848100D-01 6.0D-09 0.0D+00 2.6D-09 0.0D+00       22      113       22      220  S
      7      1   5.0387369624861078D-01 6.0D-09 0.0D+00 7.1D-09 0.0D+00       22      116       22      220  S
      7      1   5.0387369624863032D-01 6.0D-09 0.0D+00 4.4D-09 0.0D+00       22      123       22      220  S
      7      1   5.0387369624869760D-01 6.0D-09 0.0D+00 8.0D-09 0.0D+00       22      123       22      220  S
      7      1   5.0387369624866096D-01 6.0D-09 0.0D+00 1.2D-09 0.0D+00       22      116       22      220  S
      7      1   5.0387369624868805D-01 6.0D-09 0.0D+00 7.2D-09 0.0D+00       22      114       22      220  S
      7      1   5.0387369624678413D-01 6.0D-09 0.0D+00 1.9D-08 0.0D+00       21      130       21      210  S
      7      1   5.0387369624877132D-01 6.0D-09 0.0D+00 4.6D-10 0.0D+00       22      116       22      220  S
      7      1   5.0387369624856893D-01 6.0D-09 0.0D+00 1.0D-09 0.0D+00       22      117       22      220  S
      7      1   5.0387369624870615D-01 6.0D-09 0.0D+00 2.0D-09 0.0D+00       22      116       22      220  S
      7      1   5.0387369624792100D-01 6.0D-09 0.0D+00 1.7D-09 0.0D+00       21      115       21      210  S
      7      1   5.0387369629267953D-01 6.0D-09 0.0D+00 1.7D-09 0.0D+00       22      125       22      220  S
      7      1   5.0387369624859379D-01 6.0D-09 0.0D+00 5.6D-09 0.0D+00       22      120       22      220  S
      7      1   5.0387369629113710D-01 6.0D-09 0.0D+00 2.4D-09 0.0D+00       20      122       20      200  S
      7      1   5.0387369624880485D-01 6.0D-09 0.0D+00 7.4D-09 0.0D+00       22      127       22      220  S
      7      1   5.0387369624858858D-01 6.0D-09 0.0D+00 1.9D-08 0.0D+00       24      150       24      240  S
      7      1   5.0387369624881473D-01 6.0D-09 0.0D+00 7.5D-09 0.0D+00       22      138       22      220  S
      7      1   5.0387369624863165D-01 6.0D-09 0.0D+00 4.4D-09 0.0D+00       22      118       22      220  S
      7      1   5.0387369624871536D-01 6.0D-09 0.0D+00 9.5D-09 0.0D+00       22      122       22      220  S
      7      1   5.0387369624878287D-01 6.0D-09 0.0D+00 5.7D-09 0.0D+00       22      122       22      220  S
      7      1   5.0387369624855116D-01 6.0D-09 0.0D+00 6.8D-09 0.0D+00       22      114       22      220  S
      7      1   5.0387369629260426D-01 6.0D-09 0.0D+00 9.4D-09 0.0D+00       22      129       22      220  S
      7      1   5.0387369629257095D-01 6.0D-09 0.0D+00 7.3D-09 0.0D+00       22      140       22      220  S
      7      1   5.0387369624858203D-01 6.0D-09 0.0D+00 6.0D-09 0.0D+00       22      113       22      220  S
      7      1   5.0387369624865419D-01 6.0D-09 0.0D+00 2.8D-09 0.0D+00       22      116       22      220  S
      7      1   5.0387369624848821D-01 6.0D-09 0.0D+00 5.9D-09 0.0D+00       22      129       22      220  S
      7      1   5.0387369624871348D-01 6.0D-09 0.0D+00 7.3D-09 0.0D+00       22      116       22      220  S
      7      1   5.0387369629258505D-01 6.0D-09 0.0D+00 2.0D-09 0.0D+00       22      127       22      220  S
      7      1   5.0387369624864198D-01 6.0D-09 0.0D+00 9.6D-09 0.0D+00       22      120       22      220  S
      7      1   5.0387369624877898D-01 6.0D-09 0.0D+00 9.1D-09 0.0D+00       22      122       22      220  S
      7      1   5.0387369624878420D-01 6.0D-09 0.0D+00 7.6D-09 0.0D+00       22      119       22      220  S
      7      1   5.0387369624872203D-01 6.0D-09 0.0D+00 3.3D-09 0.0D+00       22      119       22      220  S
      7      1   5.0387369624862888D-01 6.0D-09 0.0D+00 9.3D-09 0.0D+00       22      132       22      220  S
      7      1   5.0387369624858469D-01 6.0D-09 0.0D+00 6.0D-09 0.0D+00       22      117       22      220  S
      7      1   5.0387369624870115D-01 6.0D-09 0.0D+00 6.3D-09 0.0D+00       22      116       22      220  S
      7      1   5.0387369624877154D-01 6.0D-09 0.0D+00 8.0D-09 0.0D+00       22      117       22      220  S
      7      1   5.0387369629259326D-01 6.0D-09 0.0D+00 7.3D-09 0.0D+00       22      141       22      220  S
      7      1   5.0387369624868350D-01 6.0D-09 0.0D+00 8.2D-09 0.0D+00       22      116       22      220  S
      7      1   5.0387369624879030D-01 6.0D-09 0.0D+00 1.5D-08 0.0D+00       23      125       23      230  S
      7      1   5.0387369624881462D-01 6.0D-09 0.0D+00 1.8D-09 0.0D+00       22      117       22      220  S
      7      1   5.0387369624879896D-01 6.0D-09 0.0D+00 8.1D-09 0.0D+00       22      126       22      220  S
      7      1   5.0387369624872480D-01 6.0D-09 0.0D+00 1.3D-09 0.0D+00       22      117       22      220  S
      7      1   5.0387369624874900D-01 6.0D-09 0.0D+00 8.0D-09 0.0D+00       22      115       22      220  S
      7      1   5.0387369624676359D-01 6.0D-09 0.0D+00 2.3D-09 0.0D+00       20      114       20      200  S
      7      1   5.0387369629256196D-01 6.0D-09 0.0D+00 8.5D-09 0.0D+00       22      136       22      220  S
      7      1   5.0387369624684530D-01 6.0D-09 0.0D+00 6.3D-09 0.0D+00       20      113       20      200  S
      7      1   5.0387369624872713D-01 6.0D-09 0.0D+00 4.0D-09 0.0D+00       22      116       22      220  S
      7      1   5.0387369624865264D-01 6.0D-09 0.0D+00 1.5D-08 0.0D+00       23      128       23      230  S
      7      1   5.0387369624873568D-01 6.0D-09 0.0D+00 1.3D-09 0.0D+00       22      129       22      220  S
      7      1   5.0387369624872125D-01 6.0D-09 0.0D+00 8.3D-10 0.0D+00       22      118       22      220  S
      7      1   5.0387369624865708D-01 6.0D-09 0.0D+00 1.1D-09 0.0D+00       22      123       22      220  S
      7      1   5.0387369624676870D-01 6.0D-09 0.0D+00 2.0D-08 0.0D+00       21      117       21      210  S
      7      1   5.0387369624867429D-01 6.0D-09 0.0D+00 8.0D-09 0.0D+00       22      118       22      220  S
      7      1   5.0387369624863931D-01 6.0D-09 0.0D+00 1.6D-10 0.0D+00       22      120       22      220  S
      7      1   5.0387369624880529D-01 6.0D-09 0.0D+00 7.8D-09 0.0D+00       22      117       22      220  S
      7      1   5.0387369629233913D-01 6.0D-09 0.0D+00 8.3D-09 0.0D+00       22      143       22      220  S
      7      1   5.0387369624685285D-01 6.0D-09 0.0D+00 8.9D-09 0.0D+00       20      111       20      200  S
      7      1   5.0387369624865375D-01 6.0D-09 0.0D+00 7.4D-09 0.0D+00       22      116       22      220  S
      7      1   5.0387369624880141D-01 6.0D-09 0.0D+00 6.4D-09 0.0D+00       22      116       22      220  S
      7      1   5.0387369624853395D-01 6.0D-09 0.0D+00 8.0D-09 0.0D+00       22      118       22      220  S
      7      1   5.0387369624877376D-01 6.0D-09 0.0D+00 5.9D-09 0.0D+00       22      121       22      220  S
      7      1   5.0387369624870448D-01 6.0D-09 0.0D+00 7.0D-09 0.0D+00       22      119       22      220  S
      7      1   7.0704306950332463D-01 8.1D-09 0.0D+00 6.9D-08 0.0D+00       23      150       23      230  S
      7      1   5.0387369624865408D-01 6.0D-09 0.0D+00 8.7D-09 0.0D+00       22      126       22      220  S
      7      1   5.0387369624778755D-01 6.0D-09 0.0D+00 2.0D-09 0.0D+00       21      118       21      210  S
      7      1   5.0387369624668132D-01 6.0D-09 0.0D+00 1.8D-09 0.0D+00       20      112       20      200  S
      7      1   5.0387369624682155D-01 6.0D-09 0.0D+00 6.7D-09 0.0D+00       20      109       20      200  S
      7      1   5.0387369629248624D-01 6.0D-09 0.0D+00 1.9D-09 0.0D+00       22      126       22      220  S
      7      1   5.0387369624872314D-01 6.0D-09 0.0D+00 2.5D-09 0.0D+00       22      120       22      220  S
      7      1   5.0387369624857470D-01 6.0D-09 0.0D+00 8.0D-09 0.0D+00       22      115       22      220  S
      7      1   5.0387369624890388D-01 6.0D-09 0.0D+00 3.8D-08 0.0D+00       23      128       23      230  S
      7      1   5.0387369624882150D-01 6.0D-09 0.0D+00 8.8D-09 0.0D+00       22      119       22      220  S
      7      1   5.0387369624802236D-01 6.0D-09 0.0D+00 6.0D-09 0.0D+00       21      116       21      210  S
      7      1   5.0387369624877709D-01 6.0D-09 0.0D+00 8.7D-09 0.0D+00       22      115       22      220  S
      7      1   5.0387369629259982D-01 6.0D-09 0.0D+00 2.3D-09 0.0D+00       22      135       22      220  S
      7      1   5.0387369624857836D-01 6.0D-09 0.0D+00 8.9D-09 0.0D+00       22      112       22      220  S
      7      1   5.0387369624877265D-01 6.0D-09 0.0D+00 1.9D-09 0.0D+00       22      117       22      220  S
      7      1   5.0387369624884004D-01 6.0D-09 0.0D+00 5.5D-09 0.0D+00       22      119       22      220  S
      7      1   5.0387369624878842D-01 6.0D-09 0.0D+00 2.1D-09 0.0D+00       22      120       22      220  S
      7      1   5.0387369624871003D-01 6.0D-09 0.0D+00 6.4D-09 0.0D+00       22      117       22      220  S
      7      1   5.0387369624853595D-01 6.0D-09 0.0D+00 6.5D-09 0.0D+00       22      119       22      220  S
      7      1   5.0387369624882206D-01 6.0D-09 0.0D+00 5.0D-10 0.0D+00       22      120       22      220  S
      7      1   5.0387369629245327D-01 6.0D-09 0.0D+00 1.4D-09 0.0D+00       22      128       22      220  S
      7      1   5.0387369624856726D-01 6.0D-09 0.0D+00 7.0D-09 0.0D+00       22      128       22      220  S
      7      1   5.0387369624858847D-01 6.0D-09 0.0D+00 6.0D-09 0.0D+00       22      119       22      220  S
      7      1   5.0387369624859524D-01 6.0D-09 0.0D+00 8.5D-09 0.0D+00       22      119       22      220  S
      7      1   5.0387369624865563D-01 6.0D-09 0.0D+00 1.6D-09 0.0D+00       22      120       22      220  S
      7      1   5.0387369624700251D-01 6.0D-09 0.0D+00 4.5D-10 0.0D+00       20      108       20      200  S
      7      1   5.0387369624875677D-01 6.0D-09 0.0D+00 2.3D-09 0.0D+00       22      124       22      220  S
      7      1   5.0387369624787437D-01 6.0D-09 0.0D+00 5.7D-09 0.0D+00       21      115       21      210  S
      7      1   5.0387369624880296D-01 6.0D-09 0.0D+00 9.8D-09 0.0D+00       22      124       22      220  S
      7      1   5.0387369624877942D-01 6.0D-09 0.0D+00 9.5D-09 0.0D+00       22      124       22      220  S
      7      1   5.0387369624874800D-01 6.0D-09 0.0D+00 1.9D-08 0.0D+00       23      126       23      230  S
      7      1   5.0387369624851930D-01 6.0D-09 0.0D+00 7.3D-09 0.0D+00       22      116       22      220  S
      7      1   5.0387369629260137D-01 6.0D-09 0.0D+00 8.3D-09 0.0D+00       22      140       22      220  S
      7      1   5.0387369624876543D-01 6.0D-09 0.0D+00 2.0D-09 0.0D+00       22      125       22      220  S
      7      1   5.0387369624786305D-01 6.0D-09 0.0D+00 3.1D-08 0.0D+00       22      128       22      220  S
      7      1   5.0387369624880185D-01 6.0D-09 0.0D+00 7.0D-09 0.0D+00       22      119       22      220  S
      7      1   5.0387369624873379D-01 6.0D-09 0.0D+00 1.7D-10 0.0D+00       22      131       22      220  S
      7      1   5.0387369624871914D-01 6.0D-09 0.0D+00 5.7D-09 0.0D+00       22      118       22      220  S
      7      1   5.0387369624858236D-01 6.0D-09 0.0D+00 6.3D-09 0.0D+00       22      119       22      220  S
      7      1   5.0387369624881151D-01 6.0D-09 0.0D+00 5.2D-08 0.0D+00       23      135       23      230  S
      7      1   5.0387369624864142D-01 6.0D-09 0.0D+00 2.2D-09 0.0D+00       22      119       22      220  S
      7      1   5.0387369624878253D-01 6.0D-09 0.0D+00 2.2D-08 0.0D+00       23      125       23      230  S
      7      1   5.0387369624858680D-01 6.0D-09 0.0D+00 1.2D-09 0.0D+00       22      125       22      220  S
      7      1   5.0387369624854395D-01 6.0D-09 0.0D+00 9.1D-09 0.0D+00       22      130       22      220  S
      7      1   5.0387369629261380D-01 6.0D-09 0.0D+00 1.0D-08 0.0D+00       22      127       22      220  S
      7      1   5.0387369624853062D-01 6.0D-09 0.0D+00 1.3D-09 0.0D+00       22      115       22      220  S
      7      1   5.0387369624875633D-01 6.0D-09 0.0D+00 6.7D-09 0.0D+00       22      118       22      220  S
      7      1   5.0387369624868972D-01 6.0D-09 0.0D+00 6.2D-10 0.0D+00       22      130       22      220  S
      7      1   5.0387369624866407D-01 6.0D-09 0.0D+00 7.9D-09 0.0D+00       22      117       22      220  S
      7      1   5.0387369624896827D-01 6.0D-09 0.0D+00 2.9D-09 0.0D+00       22      126       22      220  S
      7      1   5.0387369624876976D-01 6.0D-09 0.0D+00 4.1D-08 0.0D+00       23      131       23      230  S
      7      1   5.0387369624880152D-01 6.0D-09 0.0D+00 8.4D-09 0.0D+00       22      119       22      220  S
      7      1   5.0387369624867329D-01 6.0D-09 0.0D+00 6.2D-10 0.0D+00       22      117       22      220  S
      7      1   5.0387369624869593D-01 6.0D-09 0.0D+00 5.0D-10 0.0D+00       22      117       22      220  S
      7      1   5.0387369624865341D-01 6.0D-09 0.0D+00 1.1D-09 0.0D+00       22      122       22      220  S
      7      1   5.0387369624858158D-01 6.0D-09 0.0D+00 4.6D-09 0.0D+00       22      118       22      220  S
      7      1   5.0387369624866318D-01 6.0D-09 0.0D+00 4.5D-09 0.0D+00       22      123       22      220  S
      7      1   5.0387369624858291D-01 6.0D-09 0.0D+00 9.0D-09 0.0D+00       22      118       22      220  S
      7      1   5.0387369624875289D-01 6.0D-09 0.0D+00 4.7D-09 0.0D+00       22      122       22      220  S
      7      1   5.0387369624854572D-01 6.0D-09 0.0D+00 9.0D-09 0.0D+00       22      118       22      220  S
      7      1   5.0387369624866618D-01 6.0D-09 0.0D+00 1.8D-09 0.0D+00       22      118       22      220  S
      7      1   5.0387369624875178D-01 6.0D-09 0.0D+00 5.0D-08 0.0D+00       23      137       23      230  S
      7      1   5.0387369624858269D-01 6.0D-09 0.0D+00 7.8D-09 0.0D+00       22      115       22      220  S
      7      1   5.0387369624866396D-01 6.0D-09 0.0D+00 9.4D-09 0.0D+00       22      119       22      220  S
      7      1   5.0387369624861000D-01 6.0D-09 0.0D+00 7.0D-09 0.0D+00       22      119       22      220  S
      7      1   5.0387369624860578D-01 6.0D-09 0.0D+00 4.3D-09 0.0D+00       22      121       22      220  S
      7      1   5.0387369624864076D-01 6.0D-09 0.0D+00 2.8D-09 0.0D+00       22      116       22      220  S
      7      1   5.0387369624890044D-01 6.0D-09 0.0D+00 8.6D-09 0.0D+00       22      117       22      220  S
      7      1   5.0387369624778988D-01 6.0D-09 0.0D+00 7.4D-09 0.0D+00       21      117       21      210  S
      7      1   5.0387369624884359D-01 6.0D-09 0.0D+00 6.5D-09 0.0D+00       22      117       22      220  S
      7      1   5.0387369624859180D-01 6.0D-09 0.0D+00 3.3D-09 0.0D+00       22      115       22      220  S
      7      1   5.0387369624854617D-01 6.0D-09 0.0D+00 6.2D-09 0.0D+00       22      119       22      220  S
      7      1   5.0387369624874256D-01 6.0D-09 0.0D+00 2.5D-09 0.0D+00       22      126       22      220  S
      7      1   5.0387369624665568D-01 6.0D-09 0.0D+00 3.0D-09 0.0D+00       20      115       20      200  S
      7      1   5.0387369624873224D-01 6.0D-09 0.0D+00 5.9D-09 0.0D+00       22      115       22      220  S
      7      1   5.0387369624867628D-01 6.0D-09 0.0D+00 3.2D-08 0.0D+00       23      143       23      230  S
      7      1   5.0387369624867062D-01 6.0D-09 0.0D+00 9.5D-09 0.0D+00       22      114       22      220  S
      7      1   5.0387369624853440D-01 6.0D-09 0.0D+00 8.0D-09 0.0D+00       22      116       22      220  S
      7      1   5.0387369624881106D-01 6.0D-09 0.0D+00 7.0D-09 0.0D+00       22      120       22      220  S
      7      1   5.0387369624855494D-01 6.0D-09 0.0D+00 9.1D-09 0.0D+00       22      124       22      220  S
      7      1   5.0387369624864542D-01 6.0D-09 0.0D+00 1.5D-09 0.0D+00       22      121       22      220  S
      7      1   5.0387369624790490D-01 6.0D-09 0.0D+00 3.3D-10 0.0D+00       21      119       21      210  S
      7      1   5.0387369629274981D-01 6.0D-09 0.0D+00 1.8D-09 0.0D+00       22      142       22      220  S
      7      1   5.0387369622209688D-01 6.0D-09 0.0D+00 4.3D-09 0.0D+00       21      122       21      210  S
      7      1   5.0387369624870637D-01 6.0D-09 0.0D+00 8.4D-09 0.0D+00       22      124       22      220  S
      7      1   5.0387369629258183D-01 6.0D-09 0.0D+00 7.8D-09 0.0D+00       22      131       22      220  S
      7      1   5.5897339757298770D-01 9.5D-09 0.0D+00 3.3D-07 0.0D+00       23      170       23      230  S
      7      1   5.0387369624858214D-01 6.0D-09 0.0D+00 9.5D-09 0.0D+00       22      121       22      220  S
      7      1   5.0387369624887235D-01 6.0D-09 0.0D+00 4.7D-09 0.0D+00       22      122       22      220  S
      7      1   5.0387369624882139D-01 6.0D-09 0.0D+00 2.5D-08 0.0D+00       23      130       23      230  S
      7      1   5.0387369624869127D-01 6.0D-09 0.0D+00 8.8D-09 0.0D+00       22      120       22      220  S
      7      1   5.0387369624684164D-01 6.0D-09 0.0D+00 7.4D-09 0.0D+00       20      113       20      200  S
      7      1   5.0387369624881451D-01 6.0D-09 0.0D+00 9.3D-09 0.0D+00       22      123       22      220  S
      7      1   5.0387369624860878D-01 6.0D-09 0.0D+00 6.2D-09 0.0D+00       22      116       22      220  S
      7      1   5.0387369624853662D-01 6.0D-09 0.0D+00 1.2D-09 0.0D+00       22      124       22      220  S
      7      1   5.0387369624864120D-01 6.0D-09 0.0D+00 9.5D-10 0.0D+00       22      130       22      220  S
      7      1   5.0387369624869005D-01 6.0D-09 0.0D+00 2.3D-10 0.0D+00       22      118       22      220  S
      7      1   5.0387369624862499D-01 6.0D-09 0.0D+00 5.9D-09 0.0D+00       22      114       22      220  S
      7      1   5.0387369624883793D-01 6.0D-09 0.0D+00 8.7D-09 0.0D+00       22      119       22      220  S
      7      1   5.0387369624905354D-01 6.0D-09 0.0D+00 9.9D-09 0.0D+00       22      123       22      220  S
      7      1   5.0387369624861822D-01 6.0D-09 0.0D+00 2.3D-09 0.0D+00       22      120       22      220  S
      7      1   5.0387369624688516D-01 6.0D-09 0.0D+00 5.9D-09 0.0D+00       20      116       20      200  S
      7      1   5.0387369624868206D-01 6.0D-09 0.0D+00 6.3D-10 0.0D+00       22      129       22      220  S
      7      1   5.0387369624881817D-01 6.0D-09 0.0D+00 3.1D-08 0.0D+00       23      138       23      230  S
      7      1   5.0387369629105450D-01 6.0D-09 0.0D+00 6.3D-09 0.0D+00       20      119       20      200  S
      7      1   5.0387369624874767D-01 6.0D-09 0.0D+00 4.7D-09 0.0D+00       22      120       22      220  S
      7      1   5.0387369624862022D-01 6.0D-09 0.0D+00 5.7D-09 0.0D+00       22      121       22      220  S
      7      1   5.0387369624880818D-01 6.0D-09 0.0D+00 6.7D-09 0.0D+00       22      127       22      220  S
      7      1   5.0387369624860134D-01 6.0D-09 0.0D+00 2.7D-09 0.0D+00       22      118       22      220  S
      7      1   5.0387369624860490D-01 6.0D-09 0.0D+00 4.9D-09 0.0D+00       22      128       22      220  S
      7      1   5.0387369624851952D-01 6.0D-09 0.0D+00 9.8D-09 0.0D+00       22      124       22      220  S
      7      1   5.0387369624894252D-01 6.0D-09 0.0D+00 7.6D-09 0.0D+00       22      121       22      220  S
      7      1   5.0387369624870859D-01 6.0D-09 0.0D+00 2.9D-08 0.0D+00       23      128       23      230  S
      7      1   5.0387369624878631D-01 6.0D-09 0.0D+00 7.9D-09 0.0D+00       22      130       22      220  S
      7      1   5.0387369624848855D-01 6.0D-09 0.0D+00 8.6D-09 0.0D+00       22      116       22      220  S
      7      1   5.0387369624883382D-01 6.0D-09 0.0D+00 4.5D-09 0.0D+00       22      124       22      220  S
      7      1   5.0387369624875233D-01 6.0D-09 0.0D+00 2.6D-09 0.0D+00       22      119       22      220  S
      7      1   5.0387369624865530D-01 6.0D-09 0.0D+00 1.4D-08 0.0D+00       23      136       23      230  S
      7      1   5.0387369624874168D-01 6.0D-09 0.0D+00 9.6D-10 0.0D+00       22      121       22      220  S
      7      1   5.0387369624686551D-01 6.0D-09 0.0D+00 9.0D-09 0.0D+00       20      110       20      200  S
      7      1   5.0387369624867162D-01 6.0D-09 0.0D+00 3.4D-10 0.0D+00       22      129       22      220  S
      7      1   5.0387369624686829D-01 6.0D-09 0.0D+00 5.6D-09 0.0D+00       20      114       20      200  S
      7      1   5.0387369624860812D-01 6.0D-09 0.0D+00 3.6D-09 0.0D+00       22      115       22      220  S
      7      1   5.0387369624851952D-01 6.0D-09 0.0D+00 5.9D-09 0.0D+00       22      114       22      220  S
      7      1   5.0387369624687761D-01 6.0D-09 0.0D+00 6.3D-09 0.0D+00       20      107       20      200  S
      7      1   5.0387369624872214D-01 6.0D-09 0.0D+00 4.3D-09 0.0D+00       22      118       22      220  S
      7      1   5.0387369624677447D-01 6.0D-09 0.0D+00 9.8D-09 0.0D+00       20      106       20      200  S
      7      1   5.0387369624855960D-01 6.0D-09 0.0D+00 7.5D-09 0.0D+00       22      119       22      220  S
      7      1   5.0387369624898359D-01 6.0D-09 0.0D+00 6.0D-09 0.0D+00       22      117       22      220  S
      7      1   5.0387369624878164D-01 6.0D-09 0.0D+00 6.2D-09 0.0D+00       22      116       22      220  S
      7      1   5.0387369624857847D-01 6.0D-09 0.0D+00 7.4D-09 0.0D+00       22      118       22      220  S
      7      1   5.0387369624877620D-01 6.0D-09 0.0D+00 4.8D-10 0.0D+00       22      119       22      220  S
      7      1   5.0387369629265277D-01 6.0D-09 0.0D+00 1.5D-09 0.0D+00       22      131       22      220  S
      7      1   5.0387369624873291D-01 6.0D-09 0.0D+00 9.3D-09 0.0D+00       22      121       22      220  S
      7      1   5.0387369624853151D-01 6.0D-09 0.0D+00 6.3D-09 0.0D+00       22      115       22      220  S
      7      1   5.0387369624884137D-01 6.0D-09 0.0D+00 4.6D-09 0.0D+00       22      126       22      220  S
      7      1   5.0387369624874090D-01 6.0D-09 0.0D+00 2.9D-09 0.0D+00       22      120       22      220  S
      7      1   5.0387369624695488D-01 6.0D-09 0.0D+00 1.9D-09 0.0D+00       20      110       20      200  S
      7      1   5.0387369624875389D-01 6.0D-09 0.0D+00 1.9D-08 0.0D+00       23      126       23      230  S
      7      1   5.0387369624856471D-01 6.0D-09 0.0D+00 3.2D-09 0.0D+00       22      115       22      220  S
      7      1   5.0387369624865253D-01 6.0D-09 0.0D+00 2.1D-09 0.0D+00       22      116       22      220  S
      7      1   5.0387369624881273D-01 6.0D-09 0.0D+00 6.4D-09 0.0D+00       22      123       22      220  S
      7      1   5.0387369624867240D-01 6.0D-09 0.0D+00 2.1D-09 0.0D+00       22      125       22      220  S
      7      1   5.0387369604606480D-01 6.0D-09 0.0D+00 6.0D-09 0.0D+00       22      184       22      220  S
      7      1   5.0387369629258305D-01 6.0D-09 0.0D+00 4.4D-09 0.0D+00       22      127       22      220  S
      7      1   5.0387369624862277D-01 6.0D-09 0.0D+00 7.3D-09 0.0D+00       22      124       22      220  S
      7      1   5.0387369624871348D-01 6.0D-09 0.0D+00 4.8D-09 0.0D+00       22      119       22      220  S
      7      1   5.0387369624856215D-01 6.0D-09 0.0D+00 6.4D-10 0.0D+00       22      128       22      220  S
      7      1   5.0387369629332623D-01 6.0D-09 0.0D+00 6.2D-09 0.0D+00       22      139       22      220  S
      7      1   5.0387369629245704D-01 6.0D-09 0.0D+00 1.8D-10 0.0D+00       22      126       22      220  S
      7      1   5.0387369629289980D-01 6.0D-09 0.0D+00 4.8D-09 0.0D+00       22      150       22      220  S
      7      1   5.0387369624772771D-01 6.0D-09 0.0D+00 3.9D-09 0.0D+00       21      132       21      210  S
      7      1   5.0387369624874656D-01 6.0D-09 0.0D+00 4.9D-09 0.0D+00       22      117       22      220  S
      7      1   5.0387369624877609D-01 6.0D-09 0.0D+00 4.9D-09 0.0D+00       22      114       22      220  S
      7      1   5.0387369624780531D-01 6.0D-09 0.0D+00 4.6D-09 0.0D+00       21      117       21      210  S
      7      1   5.0387369624853529D-01 6.0D-09 0.0D+00 5.4D-09 0.0D+00       22      129       22      220  S
      7      1   5.0387369624681444D-01 6.0D-09 0.0D+00 9.3D-09 0.0D+00       20      108       20      200  S
      7      1   5.0387369624860168D-01 6.0D-09 0.0D+00 3.6D-09 0.0D+00       22      125       22      220  S
      7      1   5.0387369624852141D-01 6.0D-09 0.0D+00 2.7D-09 0.0D+00       22      116       22      220  S
      7      1   5.0387369629260881D-01 6.0D-09 0.0D+00 2.6D-09 0.0D+00       22      132       22      220  S
      7      1   5.0387369629289047D-01 6.0D-09 0.0D+00 8.0D-09 0.0D+00       22      144       22      220  S
      7      1   5.0387369624856115D-01 6.0D-09 0.0D+00 6.4D-09 0.0D+00       22      117       22      220  S
      7      1   5.0387369624875777D-01 6.0D-09 0.0D+00 4.9D-09 0.0D+00       22      120       22      220  S
      7      1   5.0387369624856704D-01 6.0D-09 0.0D+00 5.8D-09 0.0D+00       22      117       22      220  S
      7      1   5.0387369624802547D-01 6.0D-09 0.0D+00 6.4D-09 0.0D+00       21      119       21      210  S
      7      1   5.0387369629253753D-01 6.0D-09 0.0D+00 8.1D-09 0.0D+00       22      127       22      220  S
      7      1   5.0387369624868739D-01 6.0D-09 0.0D+00 9.5D-09 0.0D+00       22      119       22      220  S
      7      1   5.0387369629243906D-01 6.0D-09 0.0D+00 2.8D-09 0.0D+00       22      124       22      220  S
      7      1   5.0387369624690548D-01 6.0D-09 0.0D+00 8.2D-09 0.0D+00       20      109       20      200  S
      7      1   5.0387369624867240D-01 6.0D-09 0.0D+00 1.4D-09 0.0D+00       22      116       22      220  S
      7      1   5.0387369624880640D-01 6.0D-09 0.0D+00 8.9D-09 0.0D+00       22      118       22      220  S
      7      1   5.0387369624684708D-01 6.0D-09 0.0D+00 7.9D-09 0.0D+00       20      110       20      200  S
      7      1   5.0387369624847733D-01 6.0D-09 0.0D+00 9.5D-09 0.0D+00       22      121       22      220  S
      7      1   5.0387369624856004D-01 6.0D-09 0.0D+00 1.1D-09 0.0D+00       22      129       22      220  S
      7      1   5.0387369624874345D-01 6.0D-09 0.0D+00 2.8D-09 0.0D+00       22      115       22      220  S
      7      1   5.0387369624887235D-01 6.0D-09 0.0D+00 1.2D-08 0.0D+00       23      132       23      230  S
      7      1   5.0387369624877199D-01 6.0D-09 0.0D+00 1.9D-09 0.0D+00       22      115       22      220  S
      7      1   5.0387369624771905D-01 6.0D-09 0.0D+00 6.0D-09 0.0D+00       21      117       21      210  S
      7      1   5.0387369629293843D-01 6.0D-09 0.0D+00 7.3D-08 0.0D+00       24      165       24      240  S
      7      1   5.0387369624689649D-01 6.0D-09 0.0D+00 6.1D-09 0.0D+00       20      109       20      200  S
      7      1   5.0387369624862777D-01 6.0D-09 0.0D+00 8.1D-10 0.0D+00       22      127       22      220  S
      7      1   5.0387369624876344D-01 6.0D-09 0.0D+00 6.6D-09 0.0D+00       22      118       22      220  S
      7      1   5.0387369624857903D-01 6.0D-09 0.0D+00 9.4D-09 0.0D+00       22      129       22      220  S
      7      1   5.0387369624859013D-01 6.0D-09 0.0D+00 1.0D-09 0.0D+00       22      121       22      220  S
      7      1   5.0387369629266221D-01 6.0D-09 0.0D+00 5.3D-09 0.0D+00       22      124       22      220  S
      7      1   5.0387369624711575D-01 6.0D-09 0.0D+00 9.5D-09 0.0D+00       20      112       20      200  S
      7      1   5.0387369624667810D-01 6.0D-09 0.0D+00 1.8D-08 0.0D+00       21      117       21      210  S
      7      1   5.0387369624886313D-01 6.0D-09 0.0D+00 2.9D-08 0.0D+00       23      124       23      230  S
      7      1   5.5898952127526191D-01 7.5D-09 0.0D+00 2.7D-08 0.0D+00       23      202       23      230  S
      7      1   5.0387369629268508D-01 6.0D-09 0.0D+00 4.8D-10 0.0D+00       22      127       22      220  S
      7      1   5.0387369624850364D-01 6.0D-09 0.0D+00 8.5D-09 0.0D+00       22      122       22      220  S
      7      1   5.0387369624864875D-01 6.0D-09 0.0D+00 1.2D-09 0.0D+00       22      115       22      220  S
      7      1   5.0387369624858391D-01 6.0D-09 0.0D+00 5.4D-09 0.0D+00       22      121       22      220  S
      7      1   5.0387369624875455D-01 6.0D-09 0.0D+00 2.2D-08 0.0D+00       23      129       23      230  S
      7      1   5.0387369624865830D-01 6.0D-09 0.0D+00 1.8D-09 0.0D+00       22      125       22      220  S
      7      1   5.0387369624887390D-01 6.0D-09 0.0D+00 2.2D-08 0.0D+00       23      133       23      230  S
      7      1   5.0387369624868239D-01 6.0D-09 0.0D+00 8.6D-10 0.0D+00       22      115       22      220  S
      7      1   5.0387369624895173D-01 6.0D-09 0.0D+00 3.7D-09 0.0D+00       22      119       22      220  S
      7      1   5.0387369624851530D-01 6.0D-09 0.0D+00 1.7D-09 0.0D+00       22      126       22      220  S
      7      1   5.0387369624876233D-01 6.0D-09 0.0D+00 3.3D-09 0.0D+00       22      119       22      220  S
      7      1   5.0387369624867095D-01 6.0D-09 0.0D+00 3.8D-09 0.0D+00       22      119       22      220  S
