     21      1   2.2460553358457075D-01 4.9D-09 0.0D+00 8.8D-09 0.0D+00       22      114       22      220  S
     21      1   2.2351243198932472D-01 4.9D-09 0.0D+00 1.6D-09 0.0D+00       22      114       22      220  S
     21      1   2.2213109166088554D-01 4.7D-09 0.0D+00 1.6D-09 0.0D+00       22      135       22      220  S
     21      1   2.2351243198948881D-01 4.9D-09 0.0D+00 1.3D-08 0.0D+00       23      120       23      230  S
     21      1   2.2351243198930690D-01 4.9D-09 0.0D+00 6.8D-09 0.0D+00       22      113       22      220  S
     21      1   2.2480705973234252D-01 4.9D-09 0.0D+00 6.5D-09 0.0D+00       22      113       22      220  S
     21      1   2.2351243198911946D-01 4.9D-09 0.0D+00 3.9D-09 0.0D+00       21      126       21      210  S
     21      1   2.2904764419770840D-01 5.2D-09 0.0D+00 5.6D-09 0.0D+00       22      214       22      220  S
     21      1   2.1822305684202467D-01 4.7D-09 0.0D+00 1.4D-09 0.0D+00       22      116       22      220  S
     21      1   2.1822305684193810D-01 4.7D-09 0.0D+00 5.4D-09 0.0D+00       22      111       22      220  S
     21      1   2.2351243198931187D-01 4.9D-09 0.0D+00 4.3D-10 0.0D+00       22      112       22      220  S
     21      1   2.2213109166085790D-01 4.7D-09 0.0D+00 8.5D-09 0.0D+00       21      176       21      210  S
     21      1   2.2351243198935963D-01 4.9D-09 0.0D+00 9.9D-09 0.0D+00       22      124       22      220  S
     21      1   2.1822305684204210D-01 4.7D-09 0.0D+00 1.4D-09 0.0D+00       22      121       22      220  S
     21      1   2.2351243198940041D-01 4.9D-09 0.0D+00 9.9D-10 0.0D+00       22      125       22      220  S
     21      1   2.2868709095749487D-01 5.2D-09 0.0D+00 3.2D-07 0.0D+00       25      220       25      250  S
     21      1   2.2480705973197407D-01 4.9D-09 0.0D+00 4.7D-09 0.0D+00       21      121       21      210  S
     21      1   2.2213109166097966D-01 4.7D-09 0.0D+00 7.5D-09 0.0D+00       22      160       22      220  S
     21      1   2.2460553358451785D-01 4.9D-09 0.0D+00 3.4D-09 0.0D+00       22      127       22      220  S
     21      1   2.2213109166104089D-01 4.7D-09 0.0D+00 6.8D-09 0.0D+00       22      153       22      220  S
     21      1   2.1822305684202972D-01 4.7D-09 0.0D+00 6.9D-09 0.0D+00       22      121       22      220  S
     21      1   2.1822305684203985D-01 4.7D-09 0.0D+00 9.4D-09 0.0D+00       22      113       22      220  S
     21      1   2.1822305684193663D-01 4.7D-09 0.0D+00 3.4D-09 0.0D+00       22      130       22      220  S
     21      1   2.1822305684198845D-01 4.7D-09 0.0D+00 8.0D-09 0.0D+00       22      110       22      220  S
     21      1   2.2351243198942250D-01 4.9D-09 0.0D+00 1.9D-09 0.0D+00       22      113       22      220  S
     21      1   2.2213109166283973D-01 4.7D-09 0.0D+00 3.1D-09 0.0D+00       22      182       22      220  S
     21      1   2.3015906650761581D-01 5.2D-09 0.0D+00 2.5D-08 0.0D+00       24      190       24      240  S
     21      1   2.1822305684192550D-01 4.7D-09 0.0D+00 4.2D-09 0.0D+00       22      109       22      220  S
     21      1   2.2213109166103531D-01 4.7D-09 0.0D+00 2.6D-09 0.0D+00       22      155       22      220  S
     21      1   2.1822305684206819D-01 4.7D-09 0.0D+00 6.0D-09 0.0D+00       22      113       22      220  S
     21      1   2.2213109167253900D-01 4.7D-09 0.0D+00 2.1D-09 0.0D+00       22      166       22      220  S
     21      1   2.1822305684198293D-01 4.7D-09 0.0D+00 6.1D-10 0.0D+00       22      125       22      220  S
     21      1   2.2912900625113120D-01 5.1D-09 0.0D+00 1.7D-07 0.0D+00       23      163       23      230  S
     21      1   2.2480705973256446D-01 4.9D-09 0.0D+00 2.6D-08 0.0D+00       23      126       23      230  S
     21      1   2.2351243198936716D-01 4.9D-09 0.0D+00 3.7D-09 0.0D+00       22      117       22      220  S
     21      1   2.2351243198929976D-01 4.9D-09 0.0D+00 3.4D-09 0.0D+00       22      117       22      220  S
     21      1   2.1822305684205559D-01 4.7D-09 0.0D+00 7.8D-09 0.0D+00       22      142       22      220  S
     21      1   2.1822305684209031D-01 4.7D-09 0.0D+00 9.8D-09 0.0D+00       22      107       22      220  S
     21      1   2.1822305684200782D-01 4.7D-09 0.0D+00 4.7D-10 0.0D+00       22      113       22      220  S
     21      1   2.1822305684194307D-01 4.7D-09 0.0D+00 4.7D-09 0.0D+00       22      106       22      220  S
     21      1   2.2351243198914178D-01 4.9D-09 0.0D+00 8.8D-09 0.0D+00       21      117       21      210  S
     21      1   2.2351243198904772D-01 4.9D-09 0.0D+00 6.5D-09 0.0D+00       21      119       21      210  S
     21      1   2.2351243198935164D-01 4.9D-09 0.0D+00 9.2D-09 0.0D+00       22      122       22      220  S
     21      1   2.2213109166097034D-01 4.7D-09 0.0D+00 4.4D-09 0.0D+00       22      147       22      220  S
     21      1   2.5636530686622699D-01 5.5D-09 0.0D+00 7.7D-08 0.0D+00       24      194       24      240  S
     21      1   2.2480705973267295D-01 4.9D-09 0.0D+00 8.0D-09 0.0D+00       22      111       22      220  S
     21      1   2.2644208397600504D-01 5.5D-09 0.0D+00 8.1D-08 0.0D+00       23      165       23      230  S
     21      1   2.1822305684203683D-01 4.7D-09 0.0D+00 1.8D-09 0.0D+00       22      112       22      220  S
     21      1   2.1822305684214807D-01 4.7D-09 0.0D+00 2.6D-08 0.0D+00       23      122       23      230  S
     21      1   2.2480705973251769D-01 4.9D-09 0.0D+00 1.2D-09 0.0D+00       22      117       22      220  S
     21      1   2.2351243198909387D-01 4.9D-09 0.0D+00 5.9D-09 0.0D+00       21      126       21      210  S
     21      1   2.2351243198931761D-01 4.9D-09 0.0D+00 8.2D-09 0.0D+00       22      115       22      220  S
     21      1   4.3634520015131573D-01 4.3D-04 0.0D+00 1.0D+00 0.0D+00       22      130       23      230  S
     21      1   2.2213109166858588D-01 4.7D-09 0.0D+00 5.3D-09 0.0D+00       22      190       22      220  S
     21      1   2.2213109166320399D-01 4.7D-09 0.0D+00 8.1D-09 0.0D+00       22      158       22      220  S
     21      1   2.1822305684210214D-01 4.7D-09 0.0D+00 1.0D-08 0.0D+00       22      112       22      220  S
     21      1   2.2351243198937823D-01 4.9D-09 0.0D+00 2.8D-09 0.0D+00       22      111       22      220  S
     21      1   2.2213109166064035D-01 4.7D-09 0.0D+00 7.2D-09 0.0D+00       21      118       21      210  S
     21      1   2.1822305684193363D-01 4.7D-09 0.0D+00 9.8D-09 0.0D+00       22      114       22      220  S
     21      1   2.2460553358447141D-01 4.9D-09 0.0D+00 7.2D-09 0.0D+00       22      123       22      220  S
     21      1   2.2351243198946219D-01 4.9D-09 0.0D+00 5.8D-09 0.0D+00       22      121       22      220  S
     21      1   2.2351243198920362D-01 4.9D-09 0.0D+00 3.0D-09 0.0D+00       22      121       22      220  S
     21      1   2.2480705973230486D-01 4.9D-09 0.0D+00 7.6D-09 0.0D+00       22      111       22      220  S
     21      1   2.2213109166112563D-01 4.7D-09 0.0D+00 6.6D-09 0.0D+00       22      158       22      220  S
     21      1   2.2351243198904489D-01 4.9D-09 0.0D+00 7.1D-09 0.0D+00       21      114       21      210  S
     21      1   2.1822305684182441D-01 4.7D-09 0.0D+00 2.2D-09 0.0D+00       21      104       21      210  S
     21      1   2.2351243198937859D-01 4.9D-09 0.0D+00 3.5D-09 0.0D+00       22      115       22      220  S
     21      1   7.8945248557884951D-01 0.0D+00 0.0D+00 7.9D-01 0.0D+00        3       36        3       30  S
     21      1   2.5636530686683878D-01 5.5D-09 0.0D+00 3.0D-08 0.0D+00       23      185       23      230  S
     21      1   2.2351243198936335D-01 4.9D-09 0.0D+00 6.4D-09 0.0D+00       22      136       22      220  S
     21      1   2.1822305684181112D-01 4.7D-09 0.0D+00 5.8D-09 0.0D+00       21      108       21      210  S
     21      1   2.2351243198915136D-01 4.9D-09 0.0D+00 6.8D-09 0.0D+00       21      113       21      210  S
     21      1   2.2351243198925203D-01 4.9D-09 0.0D+00 4.0D-08 0.0D+00       23      128       23      230  S
     21      1   2.1822305684211799D-01 4.7D-09 0.0D+00 3.5D-09 0.0D+00       22      124       22      220  S
     21      1   2.2397386060591920D-01 4.9D-09 0.0D+00 7.6D-10 0.0D+00       21      113       21      210  S
     21      1   2.1822305684204338D-01 4.7D-09 0.0D+00 1.0D-09 0.0D+00       22      106       22      220  S
     21      1   2.2351243198941106D-01 4.9D-09 0.0D+00 7.6D-09 0.0D+00       22      127       22      220  S
     21      1   2.2351243198931020D-01 4.9D-09 0.0D+00 4.5D-09 0.0D+00       22      128       22      220  S
     21      1   2.2351243198938262D-01 4.9D-09 0.0D+00 2.7D-09 0.0D+00       22      110       22      220  S
     21      1   2.1822305684207419D-01 4.7D-09 0.0D+00 2.8D-08 0.0D+00       23      124       23      230  S
     21      1   2.1822305684181137D-01 4.7D-09 0.0D+00 1.2D-09 0.0D+00       21      109       21      210  S
     21      1   2.2351243198932910D-01 4.9D-09 0.0D+00 1.9D-08 0.0D+00       23      119       23      230  S
     21      1   2.2480705973254472D-01 4.9D-09 0.0D+00 9.0D-09 0.0D+00       22      127       22      220  S
     21      1   2.2480705973252643D-01 4.9D-09 0.0D+00 3.1D-09 0.0D+00       22      120       22      220  S
     21      1   2.2480705973225185D-01 4.9D-09 0.0D+00 5.2D-09 0.0D+00       21      114       21      210  S
     21      1   2.1822305684201382D-01 4.7D-09 0.0D+00 1.1D-09 0.0D+00       22      121       22      220  S
     21      1   2.2480705973233611D-01 4.9D-09 0.0D+00 6.8D-09 0.0D+00       21      117       21      210  S
     21      1   2.2213109166088810D-01 4.7D-09 0.0D+00 3.6D-09 0.0D+00       22      164       22      220  S
     21      1   2.1822305684205481D-01 4.7D-09 0.0D+00 6.4D-09 0.0D+00       22      120       22      220  S
     21      1   2.2480705973245146D-01 4.9D-09 0.0D+00 3.4D-09 0.0D+00       22      142       22      220  S
     21      1   2.2351243198941004D-01 4.9D-09 0.0D+00 3.3D-09 0.0D+00       22      132       22      220  S
     21      1   3.4721537013657716D-01 1.4D-09 0.0D+00 2.8D+03 0.0D+00       27      346       27      270  S
     21      1   2.2480705973249937D-01 4.9D-09 0.0D+00 7.5D-09 0.0D+00       22      116       22      220  S
     21      1   2.2912900625389013D-01 5.1D-09 0.0D+00 3.0D-08 0.0D+00       23      228       23      230  S
     21      1   2.1822305684201038D-01 4.7D-09 0.0D+00 8.1D-09 0.0D+00       22      108       22      220  S
     21      1   2.1822305684203200D-01 4.7D-09 0.0D+00 1.7D-09 0.0D+00       22      128       22      220  S
     21      1   2.2480705973238152D-01 4.9D-09 0.0D+00 2.3D-09 0.0D+00       22      107       22      220  S
     21      1   2.2351243198921009D-01 4.9D-09 0.0D+00 1.3D-08 0.0D+00       22      128       22      220  S
     21      1   2.2351243199038315D-01 4.9D-09 0.0D+00 4.7D-09 0.0D+00       22      150       22      220  S
     21      1   2.2351243198924930D-01 4.9D-09 0.0D+00 7.9D-09 0.0D+00       22      111       22      220  S
