     13      1   3.0709939017646187D-01 6.2D-09 0.0D+00 4.7D-09 0.0D+00       22      108       22      220  S
     13      1   3.1753493582470504D-01 7.5D-09 0.0D+00 3.0D-07 0.0D+00       22      156       22      220  S
     13      1   3.0709939017667159D-01 6.2D-09 0.0D+00 1.6D-09 0.0D+00       22      109       22      220  S
     13      1   2.9871247032310999D-01 5.5D-09 0.0D+00 8.6D-09 0.0D+00       22      113       22      220  S
     13      1   3.1753493582764220D-01 7.5D-09 0.0D+00 1.3D-07 0.0D+00       24      172       24      240  S
     13      1   3.0709939017593108D-01 6.2D-09 0.0D+00 7.4D-09 0.0D+00       21      108       21      210  S
     13      1   3.5352151772646151D-01 8.1D-09 0.0D+00 1.8D-09 0.0D+00       21      152       21      210  S
     13      1   2.9871247032303050D-01 5.5D-09 0.0D+00 7.6D-09 0.0D+00       22      111       22      220  S
     13      1   2.9871247032300491D-01 5.5D-09 0.0D+00 1.1D-08 0.0D+00       23      124       23      230  S
     13      1   3.1753493582886938D-01 7.5D-09 0.0D+00 8.7D-09 0.0D+00       21      123       21      210  S
     13      1   2.9871247032303222D-01 5.5D-09 0.0D+00 6.9D-09 0.0D+00       22      117       22      220  S
     13      1   2.9871247032303977D-01 5.5D-09 0.0D+00 5.0D-09 0.0D+00       22      112       22      220  S
     13      1   3.1753493582940517D-01 7.5D-09 0.0D+00 4.6D-09 0.0D+00       22      129       22      220  S
     13      1   3.1753493582957065D-01 7.5D-09 0.0D+00 3.5D-09 0.0D+00       21      144       21      210  S
     13      1   4.2589229853420640D-01 4.4D-09 0.0D+00 2.3D+04 0.0D+00       31      424       31      310  S
     13      1   3.1753493583880577D-01 7.5D-09 0.0D+00 3.1D-07 0.0D+00       25      184       25      250  S
     13      1   3.1753493582890913D-01 7.5D-09 0.0D+00 6.6D-09 0.0D+00       21      141       21      210  S
     13      1   3.1753493582979642D-01 7.5D-09 0.0D+00 3.0D-09 0.0D+00       22      150       22      220  S
     13      1   3.1753493584583165D-01 7.5D-09 0.0D+00 2.7D-09 0.0D+00       23      164       23      230  S
     13      1   3.0709939017635224D-01 6.2D-09 0.0D+00 6.2D-09 0.0D+00       22      120       22      220  S
     13      1   3.1753493582572218D-01 7.5D-09 0.0D+00 2.5D-07 0.0D+00       23      157       23      230  S
     13      1   2.9871247032291620D-01 5.5D-09 0.0D+00 7.2D-09 0.0D+00       22      110       22      220  S
     13      1   3.1753493582927672D-01 7.5D-09 0.0D+00 3.7D-09 0.0D+00       21      145       21      210  S
     13      1   2.9871247032294529D-01 5.5D-09 0.0D+00 1.7D-09 0.0D+00       22      115       22      220  S
     13      1   3.0709939017664628D-01 6.2D-09 0.0D+00 1.2D-09 0.0D+00       22      112       22      220  S
     13      1   3.0709939017625987D-01 6.2D-09 0.0D+00 3.9D-09 0.0D+00       21      104       21      210  S
     13      1   3.0709939017659804D-01 6.2D-09 0.0D+00 1.0D-09 0.0D+00       22      106       22      220  S
     13      1   3.1753493582882514D-01 7.5D-09 0.0D+00 6.7D-08 0.0D+00       23      156       23      230  S
     13      1   2.9871247032269815D-01 5.5D-09 0.0D+00 3.2D-08 0.0D+00       22      126       22      220  S
     13      1   3.1753493582903386D-01 7.5D-09 0.0D+00 9.9D-09 0.0D+00       21      126       21      210  S
     13      1   3.1753493582399234D-01 7.5D-09 0.0D+00 3.2D-07 0.0D+00       22      136       22      220  S
     13      1   3.0709939017649318D-01 6.2D-09 0.0D+00 6.7D-09 0.0D+00       22      118       22      220  S
     13      1   3.1753493582994685D-01 7.5D-09 0.0D+00 3.4D-09 0.0D+00       22      145       22      220  S
     13      1   2.9871247032305581D-01 5.5D-09 0.0D+00 7.9D-10 0.0D+00       22      108       22      220  S
     13      1   3.1753493582963710D-01 7.5D-09 0.0D+00 1.6D-10 0.0D+00       21      133       21      210  S
     13      1   2.9871247032290810D-01 5.5D-09 0.0D+00 6.8D-09 0.0D+00       22      117       22      220  S
     13      1   3.0709939017661098D-01 6.2D-09 0.0D+00 1.6D-09 0.0D+00       22      109       22      220  S
     13      1   2.9871247032306381D-01 5.5D-09 0.0D+00 5.5D-09 0.0D+00       22      122       22      220  S
     13      1   3.0709939017619814D-01 6.2D-09 0.0D+00 3.9D-09 0.0D+00       22      124       22      220  S
     13      1   3.1753493582955022D-01 7.5D-09 0.0D+00 4.2D-09 0.0D+00       22      157       22      220  S
     13      1   3.1753493583006626D-01 7.5D-09 0.0D+00 2.9D-09 0.0D+00       22      137       22      220  S
     13      1   3.1753493583044967D-01 7.5D-09 0.0D+00 2.5D-08 0.0D+00       24      150       24      240  S
     13      1   2.9871247032304282D-01 5.5D-09 0.0D+00 6.6D-09 0.0D+00       22      112       22      220  S
     13      1   3.1753493582911729D-01 7.5D-09 0.0D+00 9.5D-10 0.0D+00       22      152       22      220  S
     13      1   3.1753493582863390D-01 7.5D-09 0.0D+00 2.7D-08 0.0D+00       23      178       23      230  S
     13      1   3.0709939017660109D-01 6.2D-09 0.0D+00 2.8D-09 0.0D+00       22      112       22      220  S
     13      1   3.0709939017923354D-01 6.2D-09 0.0D+00 2.6D-07 0.0D+00       23      116       23      230  S
     13      1   3.0709939017654125D-01 6.2D-09 0.0D+00 2.9D-09 0.0D+00       22      107       22      220  S
     13      1   3.0709939017621818D-01 6.2D-09 0.0D+00 3.2D-08 0.0D+00       22      117       22      220  S
     13      1   3.1753493582936432D-01 7.5D-09 0.0D+00 7.9D-09 0.0D+00       22      150       22      220  S
     13      1   2.9871247032308729D-01 5.5D-09 0.0D+00 1.4D-09 0.0D+00       22      109       22      220  S
     13      1   2.9871247032296538D-01 5.5D-09 0.0D+00 8.9D-09 0.0D+00       22      118       22      220  S
     13      1   3.0709939017654692D-01 6.2D-09 0.0D+00 9.5D-09 0.0D+00       22      111       22      220  S
     13      1   3.0709939017678645D-01 6.2D-09 0.0D+00 2.1D-10 0.0D+00       22      112       22      220  S
     13      1   3.1753493582774162D-01 7.5D-09 0.0D+00 9.2D-08 0.0D+00       23      158       23      230  S
     13      1   3.1753493582721981D-01 7.5D-09 0.0D+00 1.1D-07 0.0D+00       22      134       22      220  S
     13      1   3.0709939017644999D-01 6.2D-09 0.0D+00 3.1D-10 0.0D+00       22      110       22      220  S
     13      1   3.0709939017666465D-01 6.2D-09 0.0D+00 7.1D-09 0.0D+00       22      118       22      220  S
     13      1   3.1753493582933862D-01 7.5D-09 0.0D+00 8.8D-09 0.0D+00       22      147       22      220  S
     13      1   3.0709939017635929D-01 6.2D-09 0.0D+00 4.0D-09 0.0D+00       22      119       22      220  S
     13      1   3.2614088624712922D-01 6.4D-09 0.0D+00 8.1D-08 0.0D+00       23      144       23      230  S
     13      1   2.9871247032293097D-01 5.5D-09 0.0D+00 8.0D-09 0.0D+00       22      114       22      220  S
     13      1   2.9871247032300013D-01 5.5D-09 0.0D+00 7.9D-09 0.0D+00       22      120       22      220  S
     13      1   3.1753493582839776D-01 7.5D-09 0.0D+00 2.6D-08 0.0D+00       22      153       22      220  S
     13      1   3.1753493582607273D-01 7.5D-09 0.0D+00 2.0D-07 0.0D+00       24      165       24      240  S
     13      1   2.9871247032292703D-01 5.5D-09 0.0D+00 2.5D-08 0.0D+00       23      132       23      230  S
     13      1   2.9871247032306630D-01 5.5D-09 0.0D+00 9.7D-09 0.0D+00       22      114       22      220  S
     13      1   3.1753493582649678D-01 7.5D-09 0.0D+00 1.6D-07 0.0D+00       22      121       22      220  S
     13      1   3.1753493582999337D-01 7.5D-09 0.0D+00 8.8D-09 0.0D+00       22      154       22      220  S
     13      1   3.0709939017641841D-01 6.2D-09 0.0D+00 9.3D-09 0.0D+00       22      128       22      220  S
     13      1   3.1753493583009001D-01 7.5D-09 0.0D+00 8.0D-09 0.0D+00       22      145       22      220  S
     13      1   2.9871247032294607D-01 5.5D-09 0.0D+00 2.4D-09 0.0D+00       22      116       22      220  S
     13      1   3.0709939017669996D-01 6.2D-09 0.0D+00 8.2D-09 0.0D+00       22      113       22      220  S
     13      1   3.1753493582907555D-01 7.5D-09 0.0D+00 4.7D-09 0.0D+00       21      144       21      210  S
     13      1   3.1753493582990289D-01 7.5D-09 0.0D+00 8.0D-09 0.0D+00       21      161       21      210  S
     13      1   3.0709939017645094D-01 6.2D-09 0.0D+00 1.6D-09 0.0D+00       21      104       21      210  S
     13      1   2.9871247032304687D-01 5.5D-09 0.0D+00 1.3D-09 0.0D+00       22      118       22      220  S
     13      1   3.0709939017628468D-01 6.2D-09 0.0D+00 1.4D-09 0.0D+00       21      106       21      210  S
     13      1   3.1753493583043796D-01 7.5D-09 0.0D+00 5.1D-11 0.0D+00       22      165       22      220  S
     13      1   3.0709939017657922D-01 6.2D-09 0.0D+00 2.4D-09 0.0D+00       22      114       22      220  S
     13      1   3.1753493582435971D-01 7.5D-09 0.0D+00 3.2D-07 0.0D+00       23      151       23      230  S
     13      1   2.9871247032300635D-01 5.5D-09 0.0D+00 9.6D-09 0.0D+00       22      117       22      220  S
     13      1   3.1753493582889708D-01 7.5D-09 0.0D+00 1.9D-09 0.0D+00       21      141       21      210  S
     13      1   3.1753493582961101D-01 7.5D-09 0.0D+00 8.9D-09 0.0D+00       22      131       22      220  S
     13      1   3.1753493582990011D-01 7.5D-09 0.0D+00 8.2D-10 0.0D+00       22      153       22      220  S
     13      1   3.0709939017638921D-01 6.2D-09 0.0D+00 4.1D-09 0.0D+00       22      115       22      220  S
     13      1   3.1753493582475939D-01 7.5D-09 0.0D+00 3.3D-07 0.0D+00       22      155       22      220  S
     13      1   2.9871247032275677D-01 5.5D-09 0.0D+00 3.7D-09 0.0D+00       21      124       21      210  S
     13      1   3.1753493582764158D-01 7.5D-09 0.0D+00 8.0D-08 0.0D+00       22      137       22      220  S
     13      1   3.1753493582941206D-01 7.5D-09 0.0D+00 8.9D-09 0.0D+00       22      147       22      220  S
     13      1   3.0709939017620108D-01 6.2D-09 0.0D+00 7.5D-09 0.0D+00       21      113       21      210  S
     13      1   2.9871247032288467D-01 5.5D-09 0.0D+00 5.9D-09 0.0D+00       22      114       22      220  S
     13      1   3.0709939017660626D-01 6.2D-09 0.0D+00 4.7D-09 0.0D+00       22      116       22      220  S
     13      1   3.1753493582781167D-01 7.5D-09 0.0D+00 5.4D-08 0.0D+00       22      141       22      220  S
     13      1   3.2614088633165472D-01 6.4D-09 0.0D+00 1.7D-09 0.0D+00       22      127       22      220  S
     13      1   3.0709939017671206D-01 6.2D-09 0.0D+00 8.5D-09 0.0D+00       22      126       22      220  S
     13      1   3.1753493582554865D-01 7.5D-09 0.0D+00 2.3D-07 0.0D+00       22      169       22      220  S
     13      1   3.1753493582956493D-01 7.5D-09 0.0D+00 3.9D-09 0.0D+00       22      140       22      220  S
     13      1   3.1753493582691317D-01 7.5D-09 0.0D+00 1.6D-07 0.0D+00       23      160       23      230  S
     13      1   3.1753493582938852D-01 7.5D-09 0.0D+00 6.9D-09 0.0D+00       22      159       22      220  S
