     17   0.00    0.00    0.00   2.6028708335460055D-01 5.2D-09 0.0D+00 5.4D-09 0.0D+00       22      130       22      220     193     352     392     352     350   0.42     0    0      1  BR
     17      1   2.7272578716898299D-01 5.1D-09 0.0D+00 1.5D-10 0.0D+00       21      110       21      210  S
     17      1   2.6028708335456491D-01 5.2D-09 0.0D+00 1.6D-09 0.0D+00       22      133       22      220  S
     17      1   2.6028708335469464D-01 5.2D-09 0.0D+00 1.3D-09 0.0D+00       22      122       22      220  S
     17      1   2.6028708335426787D-01 5.2D-09 0.0D+00 7.9D-09 0.0D+00       21      109       21      210  S
     17      1   2.6053419772147762D-01 5.4D-09 0.0D+00 2.6D-08 0.0D+00       23      149       23      230  S
     17      1   2.6053419772297992D-01 5.4D-09 0.0D+00 1.7D-09 0.0D+00       23      128       23      230  S
     17      1   2.6028708335426531D-01 5.2D-09 0.0D+00 3.3D-09 0.0D+00       21      122       21      210  S
     17      1   2.6097874023375628D-01 5.5D-09 0.0D+00 3.4D-08 0.0D+00       24      157       24      240  S
     17      1   2.6097874023255241D-01 5.5D-09 0.0D+00 7.9D-09 0.0D+00       22      134       22      220  S
     17      1   2.6028708335436862D-01 5.2D-09 0.0D+00 3.9D-09 0.0D+00       22      118       22      220  S
     17      1   2.6097874023287637D-01 5.5D-09 0.0D+00 7.1D-10 0.0D+00       22      128       22      220  S
     17      1   2.6097874023239948D-01 5.5D-09 0.0D+00 7.4D-09 0.0D+00       22      120       22      220  S
     17      1   2.6097874023252737D-01 5.5D-09 0.0D+00 6.1D-09 0.0D+00       22      121       22      220  S
     17      1   2.6097874023389689D-01 5.5D-09 0.0D+00 1.5D-08 0.0D+00       24      151       24      240  S
     17      1   2.6053419772309200D-01 5.4D-09 0.0D+00 1.7D-08 0.0D+00       25      171       25      250  S
     17      1   2.6097874023384737D-01 5.5D-09 0.0D+00 6.2D-09 0.0D+00       23      138       23      230  S
     17      1   2.6097874023261064D-01 5.5D-09 0.0D+00 3.7D-09 0.0D+00       22      116       22      220  S
     17      1   2.7427138046919947D-01 6.5D-09 0.0D+00 6.7D-09 0.0D+00       22      130       22      220  S
     17      1   2.6097874023289847D-01 5.5D-09 0.0D+00 8.8D-09 0.0D+00       22      126       22      220  S
     17      1   2.6028708335560979D-01 5.2D-09 0.0D+00 4.7D-10 0.0D+00       23      133       23      230  S
     17      1   2.6028708335446865D-01 5.2D-09 0.0D+00 1.1D-09 0.0D+00       22      114       22      220  S
     17      1   2.6028708335457668D-01 5.2D-09 0.0D+00 3.4D-08 0.0D+00       23      123       23      230  S
     17      1   2.6097874023381978D-01 5.5D-09 0.0D+00 1.2D-09 0.0D+00       23      145       23      230  S
     17      1   2.6053419772309777D-01 5.4D-09 0.0D+00 5.5D-09 0.0D+00       23      126       23      230  S
     17      1   2.6053419772302344D-01 5.4D-09 0.0D+00 5.3D-09 0.0D+00       23      154       23      230  S
     17      1   2.6053419772305136D-01 5.4D-09 0.0D+00 1.7D-09 0.0D+00       23      131       23      230  S
     17      1   2.6097874023251877D-01 5.5D-09 0.0D+00 7.7D-09 0.0D+00       22      119       22      220  S
     17      1   2.6097874023266221D-01 5.5D-09 0.0D+00 6.0D-09 0.0D+00       22      118       22      220  S
     17      1   2.6028708335445916D-01 5.2D-09 0.0D+00 1.5D-09 0.0D+00       22      120       22      220  S
     17      1   2.6028708335451628D-01 5.2D-09 0.0D+00 8.1D-09 0.0D+00       22      115       22      220  S
     17      1   2.6028708335437623D-01 5.2D-09 0.0D+00 4.9D-09 0.0D+00       21      122       21      210  S
     17      1   2.6097874023379863D-01 5.5D-09 0.0D+00 8.5D-10 0.0D+00       23      130       23      230  S
     17      1   2.6028708335438927D-01 5.2D-09 0.0D+00 5.1D-09 0.0D+00       21      112       21      210  S
     17      1   2.6053419772303310D-01 5.4D-09 0.0D+00 7.1D-09 0.0D+00       23      155       23      230  S
     17      1   2.6053419772301156D-01 5.4D-09 0.0D+00 8.9D-09 0.0D+00       23      146       23      230  S
     17      1   2.6053419772132885D-01 5.4D-09 0.0D+00 2.0D-09 0.0D+00       21      116       21      210  S
     17      1   2.6097874023383488D-01 5.5D-09 0.0D+00 1.9D-10 0.0D+00       23      142       23      230  S
     17      1   2.8116436577053044D-01 5.4D-09 0.0D+00 2.4D-07 0.0D+00       24      185       24      240  S
     17      1   2.6097874023236012D-01 5.5D-09 0.0D+00 2.7D-09 0.0D+00       22      112       22      220  S
     17      1   2.6097874023375334D-01 5.5D-09 0.0D+00 3.4D-09 0.0D+00       23      139       23      230  S
     17      1   2.6097874023362133D-01 5.5D-09 0.0D+00 2.7D-09 0.0D+00       23      144       23      230  S
     17      1   2.6097874023284484D-01 5.5D-09 0.0D+00 3.1D-09 0.0D+00       22      129       22      220  S
     17      1   2.7427896684263758D-01 5.2D-09 0.0D+00 1.4D-07 0.0D+00       23      169       23      230  S
     17      1   2.6053419772271430D-01 5.4D-09 0.0D+00 2.1D-09 0.0D+00       22      119       22      220  S
     17      1   2.6097874023220746D-01 5.5D-09 0.0D+00 1.3D-09 0.0D+00       21      122       21      210  S
     17      1   2.6097874023262718D-01 5.5D-09 0.0D+00 2.0D-08 0.0D+00       23      127       23      230  S
     17      1   2.6097874023249601D-01 5.5D-09 0.0D+00 6.6D-09 0.0D+00       22      141       22      220  S
     17      1   2.6053419772298142D-01 5.4D-09 0.0D+00 5.6D-09 0.0D+00       23      137       23      230  S
     17      1   2.6028708335434891D-01 5.2D-09 0.0D+00 8.2D-10 0.0D+00       21      116       21      210  S
     17      1   2.7719416277103875D-01 6.3D-09 0.0D+00 5.3D-09 0.0D+00       22      126       22      220  S
     17      1   2.6097874023252560D-01 5.5D-09 0.0D+00 3.7D-08 0.0D+00       23      129       23      230  S
     17      1   2.6053419772303654D-01 5.4D-09 0.0D+00 5.7D-09 0.0D+00       23      150       23      230  S
     17      1   2.6053419772305747D-01 5.4D-09 0.0D+00 1.2D-09 0.0D+00       23      137       23      230  S
     17      1   2.6097874023380163D-01 5.5D-09 0.0D+00 3.0D-09 0.0D+00       23      141       23      230  S
     17      1   2.7719416277093262D-01 6.3D-09 0.0D+00 5.1D-09 0.0D+00       22      135       22      220  S
     17      1   2.6028708335448508D-01 5.2D-09 0.0D+00 9.6D-09 0.0D+00       22      116       22      220  S
     17      1   2.6097874023256323D-01 5.5D-09 0.0D+00 2.2D-09 0.0D+00       22      130       22      220  S
     17      1   2.6053419772306208D-01 5.4D-09 0.0D+00 2.1D-09 0.0D+00       23      140       23      230  S
     17      1   2.6028708335437228D-01 5.2D-09 0.0D+00 9.4D-09 0.0D+00       22      116       22      220  S
     17      1   2.6097874023369988D-01 5.5D-09 0.0D+00 7.9D-09 0.0D+00       22      124       22      220  S
     17      1   2.6963478852867073D-01 5.3D-09 0.0D+00 1.1D-09 0.0D+00       22      123       22      220  S
     17      1   2.6097874023397793D-01 5.5D-09 0.0D+00 9.2D-09 0.0D+00       23      134       23      230  S
     17      1   2.6963478852866751D-01 5.3D-09 0.0D+00 3.7D-09 0.0D+00       22      113       22      220  S
     17      1   2.6028708335437811D-01 5.2D-09 0.0D+00 3.6D-09 0.0D+00       21      109       21      210  S
     17      1   2.6028708335422257D-01 5.2D-09 0.0D+00 7.3D-10 0.0D+00       21      129       21      210  S
     17      1   2.6028708335433220D-01 5.2D-09 0.0D+00 7.8D-09 0.0D+00       21      114       21      210  S
     17      1   2.6053419772277031D-01 5.4D-09 0.0D+00 8.0D-09 0.0D+00       22      133       22      220  S
     17      1   2.6053419772311220D-01 5.4D-09 0.0D+00 4.5D-09 0.0D+00       23      138       23      230  S
     17      1   2.6028708335426631D-01 5.2D-09 0.0D+00 6.3D-09 0.0D+00       21      120       21      210  S
     17      1   2.6097874023247380D-01 5.5D-09 0.0D+00 8.6D-09 0.0D+00       22      123       22      220  S
     17      1   2.6053419772304476D-01 5.4D-09 0.0D+00 5.1D-09 0.0D+00       23      141       23      230  S
     17      1   2.6053419772313741D-01 5.4D-09 0.0D+00 8.8D-10 0.0D+00       23      136       23      230  S
     17      1   2.6028708335442624D-01 5.2D-09 0.0D+00 5.4D-09 0.0D+00       21      119       21      210  S
     17      1   2.6028708335447420D-01 5.2D-09 0.0D+00 2.1D-08 0.0D+00       23      132       23      230  S
     17      1   2.6053419772203334D-01 5.4D-09 0.0D+00 8.4D-09 0.0D+00       22      124       22      220  S
     17      1   2.6097874023248424D-01 5.5D-09 0.0D+00 7.5D-09 0.0D+00       22      123       22      220  S
     17      1   2.6053419772301722D-01 5.4D-09 0.0D+00 4.0D-09 0.0D+00       23      136       23      230  S
     17      1   2.6097874023397538D-01 5.5D-09 0.0D+00 9.8D-09 0.0D+00       23      138       23      230  S
     17      1   2.6028708335436945D-01 5.2D-09 0.0D+00 2.2D-09 0.0D+00       21      116       21      210  S
     17      1   2.6097874023381551D-01 5.5D-09 0.0D+00 7.3D-09 0.0D+00       23      149       23      230  S
     17      1   3.0438971797184972D-01 6.5D-09 0.0D+00 8.3D-09 0.0D+00       22      172       22      220  S
     17      1   2.6097874023394974D-01 5.5D-09 0.0D+00 9.2D-09 0.0D+00       23      139       23      230  S
     17      1   2.6053419772305658D-01 5.4D-09 0.0D+00 5.4D-09 0.0D+00       23      132       23      230  S
     17      1   2.6053419772327147D-01 5.4D-09 0.0D+00 2.3D-09 0.0D+00       23      174       23      230  S
     17      1   2.6053419772294240D-01 5.4D-09 0.0D+00 3.0D-09 0.0D+00       23      144       23      230  S
     17      1   2.6053419772315495D-01 5.4D-09 0.0D+00 1.5D-09 0.0D+00       23      133       23      230  S
     17      1   2.7272578716969514D-01 5.1D-09 0.0D+00 7.8D-09 0.0D+00       22      115       22      220  S
     17      1   2.6028708335439543D-01 5.2D-09 0.0D+00 6.3D-09 0.0D+00       22      117       22      220  S
     17      1   2.6097874023382578D-01 5.5D-09 0.0D+00 6.9D-09 0.0D+00       23      144       23      230  S
     17      1   2.6097874023257550D-01 5.5D-09 0.0D+00 5.0D-09 0.0D+00       22      134       22      220  S
     17      1   2.6097874023245476D-01 5.5D-09 0.0D+00 2.3D-09 0.0D+00       22      134       22      220  S
     17      1   2.6097874023252121D-01 5.5D-09 0.0D+00 7.4D-09 0.0D+00       22      121       22      220  S
     17      1   2.6028708335447065D-01 5.2D-09 0.0D+00 8.2D-09 0.0D+00       21      107       21      210  S
     17      1   2.6028708335570405D-01 5.2D-09 0.0D+00 9.1D-09 0.0D+00       23      126       23      230  S
     17      1   2.6028708335447653D-01 5.2D-09 0.0D+00 4.5D-09 0.0D+00       22      115       22      220  S
     17      1   2.6097874023385093D-01 5.5D-09 0.0D+00 6.7D-09 0.0D+00       23      143       23      230  S
     17      1   2.6097874023357254D-01 5.5D-09 0.0D+00 4.1D-09 0.0D+00       22      125       22      220  S
     17      1   2.6097874023384421D-01 5.5D-09 0.0D+00 6.8D-09 0.0D+00       23      138       23      230  S
     17      1   2.6963478852790346D-01 5.3D-09 0.0D+00 3.0D-09 0.0D+00       21      110       21      210  S
