     11      1   3.2614088633158250D-01 6.4D-09 0.0D+00 5.5D-09 0.0D+00       22      106       22      220  S
     11      1   3.5352151482575939D-01 8.1D-09 0.0D+00 1.1D-06 0.0D+00       23      176       23      230  S
     11      1   3.2614088633109661D-01 6.4D-09 0.0D+00 4.7D-09 0.0D+00       21      101       21      210  S
     11      1   3.2614088633136101D-01 6.4D-09 0.0D+00 2.9D-09 0.0D+00       22      106       22      220  S
     11      1   1.9848510934080053D+00 0.0D+00 0.0D+00 1.0D+00 0.0D+00        3       30        3       30  S
     11      1   3.2614088633143290D-01 6.4D-09 0.0D+00 1.0D-08 0.0D+00       22      107       22      220  S
     11      1   3.2614088633184846D-01 6.4D-09 0.0D+00 5.5D-09 0.0D+00       22      109       22      220  S
     11      1   3.2614088633133509D-01 6.4D-09 0.0D+00 1.4D-09 0.0D+00       22      105       22      220  S
     11      1   3.2614088633146154D-01 6.4D-09 0.0D+00 9.5D-09 0.0D+00       22      103       22      220  S
     11      1   3.2614088633085903D-01 6.4D-09 0.0D+00 3.4D-10 0.0D+00       21      107       21      210  S
     11      1   3.2614088633110561D-01 6.4D-09 0.0D+00 2.2D-10 0.0D+00       21      103       21      210  S
     11      1   3.2614088633123828D-01 6.4D-09 0.0D+00 9.0D-09 0.0D+00       21      100       21      210  S
     11      1   3.2614088633144489D-01 6.4D-09 0.0D+00 4.5D-09 0.0D+00       22      107       22      220  S
     11      1   3.2614088633150473D-01 6.4D-09 0.0D+00 5.3D-09 0.0D+00       22      104       22      220  S
     11      1   3.2614088633112109D-01 6.4D-09 0.0D+00 4.3D-09 0.0D+00       21      100       21      210  S
     11      1   3.5352151772265350D-01 8.1D-09 0.0D+00 2.4D-07 0.0D+00       23      195       23      230  S
     11      1   3.2614088633117855D-01 6.4D-09 0.0D+00 5.6D-09 0.0D+00       21      101       21      210  S
     11      1   3.5352151482219257D-01 8.1D-09 0.0D+00 1.6D-06 0.0D+00       24      172       24      240  S
     11      1   3.2614088633144556D-01 6.4D-09 0.0D+00 2.9D-08 0.0D+00       23      128       23      230  S
     11      1   3.2614088633142907D-01 6.4D-09 0.0D+00 1.2D-08 0.0D+00       23      115       23      230  S
     11      1   3.2614088633141602D-01 6.4D-09 0.0D+00 9.2D-10 0.0D+00       22      105       22      220  S
     11      1   4.0258863330050448D-01 1.5D-04 0.0D+00 1.0D+00 0.0D+00       23      164       24      240  S
     11      1   3.2614088633126009D-01 6.4D-09 0.0D+00 7.5D-09 0.0D+00       21      101       21      210  S
     11      1   3.2614088633110655D-01 6.4D-09 0.0D+00 7.0D-09 0.0D+00       21      101       21      210  S
     11      1   3.2614088633131189D-01 6.4D-09 0.0D+00 2.9D-09 0.0D+00       22      103       22      220  S
     11      1   3.2614088633149912D-01 6.4D-09 0.0D+00 3.7D-09 0.0D+00       22      108       22      220  S
     11      1   3.2614088633153560D-01 6.4D-09 0.0D+00 2.3D-08 0.0D+00       23      112       23      230  S
     11      1   3.2614088633143901D-01 6.4D-09 0.0D+00 1.7D-09 0.0D+00       22      105       22      220  S
     11      1   3.2614088633151478D-01 6.4D-09 0.0D+00 6.0D-09 0.0D+00       22      103       22      220  S
     11      1   3.5352151194817910D-01 8.1D-09 0.0D+00 1.1D-08 0.0D+00       23      144       23      230  S
     11      1   3.2614088633109667D-01 6.4D-09 0.0D+00 8.8D-09 0.0D+00       21      102       21      210  S
     11      1   3.2614088633146238D-01 6.4D-09 0.0D+00 9.4D-10 0.0D+00       22      106       22      220  S
     11      1   3.5352151772681389D-01 8.1D-09 0.0D+00 1.3D-10 0.0D+00       22      179       22      220  S
     11      1   3.2614088633121718D-01 6.4D-09 0.0D+00 8.0D-09 0.0D+00       21      100       21      210  S
     11      1   3.2614088633139732D-01 6.4D-09 0.0D+00 1.7D-09 0.0D+00       22      105       22      220  S
     11      1   3.2614088633138849D-01 6.4D-09 0.0D+00 2.4D-08 0.0D+00       23      122       23      230  S
     11      1   3.2614088633098454D-01 6.4D-09 0.0D+00 7.9D-09 0.0D+00       21      101       21      210  S
     11      1   3.2614088633102156D-01 6.4D-09 0.0D+00 6.7D-09 0.0D+00       21      100       21      210  S
     11      1   3.2614088633147237D-01 6.4D-09 0.0D+00 5.5D-09 0.0D+00       22      106       22      220  S
     11      1   3.2614088633122901D-01 6.4D-09 0.0D+00 3.6D-10 0.0D+00       22      105       22      220  S
     11      1   3.2614088633106098D-01 6.4D-09 0.0D+00 6.5D-09 0.0D+00       21      103       21      210  S
     11      1   3.2614088633111210D-01 6.4D-09 0.0D+00 5.1D-10 0.0D+00       21      100       21      210  S
     11      1   3.2614088633144428D-01 6.4D-09 0.0D+00 2.0D-09 0.0D+00       22      106       22      220  S
     11      1   3.2614088633100058D-01 6.4D-09 0.0D+00 5.7D-09 0.0D+00       21      101       21      210  S
     11      1   3.2614088633119959D-01 6.4D-09 0.0D+00 8.5D-09 0.0D+00       22      105       22      220  S
     11      1   3.2614088633129479D-01 6.4D-09 0.0D+00 1.2D-09 0.0D+00       22      103       22      220  S
     11      1   3.2614088633114824D-01 6.4D-09 0.0D+00 2.3D-09 0.0D+00       21      100       21      210  S
     11      1   3.2614088633099919D-01 6.4D-09 0.0D+00 4.5D-09 0.0D+00       21      100       21      210  S
     11      1   3.2614088633131427D-01 6.4D-09 0.0D+00 4.0D-09 0.0D+00       21      101       21      210  S
     11      1   3.2614088633134314D-01 6.4D-09 0.0D+00 6.9D-09 0.0D+00       22      105       22      220  S
     11      1   3.2614088633148314D-01 6.4D-09 0.0D+00 6.6D-09 0.0D+00       22      106       22      220  S
     11      1   3.2614088633102584D-01 6.4D-09 0.0D+00 8.7D-09 0.0D+00       21      100       21      210  S
     11      1   3.2614088633126609D-01 6.4D-09 0.0D+00 7.5D-09 0.0D+00       22      111       22      220  S
     11      1   3.2614088633111871D-01 6.4D-09 0.0D+00 7.2D-09 0.0D+00       21      100       21      210  S
     11      1   3.2614088633163241D-01 6.4D-09 0.0D+00 9.3D-09 0.0D+00       22      107       22      220  S
     11      1   3.2614088633146404D-01 6.4D-09 0.0D+00 7.1D-09 0.0D+00       22      103       22      220  S
     11      1   3.2614088633138444D-01 6.4D-09 0.0D+00 2.7D-09 0.0D+00       22      105       22      220  S
     11      1   3.2614088633115790D-01 6.4D-09 0.0D+00 1.4D-09 0.0D+00       21      100       21      210  S
     11      1   3.2614088633132898D-01 6.4D-09 0.0D+00 5.2D-09 0.0D+00       22      106       22      220  S
     11      1   3.2614088633136573D-01 6.4D-09 0.0D+00 7.4D-09 0.0D+00       22      103       22      220  S
     11      1   3.2614088633163985D-01 6.4D-09 0.0D+00 2.1D-08 0.0D+00       23      113       23      230  S
     11      1   3.2614088633134286D-01 6.4D-09 0.0D+00 5.8D-09 0.0D+00       22      104       22      220  S
     11      1   3.2614088633122867D-01 6.4D-09 0.0D+00 1.5D-09 0.0D+00       21      103       21      210  S
     11      1   3.2614088633132188D-01 6.4D-09 0.0D+00 5.6D-09 0.0D+00       22      104       22      220  S
     11      1   3.2614088633140559D-01 6.4D-09 0.0D+00 1.1D-08 0.0D+00       23      115       23      230  S
     11      1   3.2614088633129928D-01 6.4D-09 0.0D+00 4.4D-09 0.0D+00       21      100       21      210  S
     11      1   3.2614088633097299D-01 6.4D-09 0.0D+00 3.1D-09 0.0D+00       21      105       21      210  S
     11      1   3.2614088633131044D-01 6.4D-09 0.0D+00 7.5D-09 0.0D+00       22      107       22      220  S
     11      1   3.2614088633141375D-01 6.4D-09 0.0D+00 4.0D-09 0.0D+00       22      106       22      220  S
     11      1   3.2614088633069527D-01 6.4D-09 0.0D+00 5.2D-09 0.0D+00       21      117       21      210  S
     11      1   3.2614088633101623D-01 6.4D-09 0.0D+00 7.9D-09 0.0D+00       21      103       21      210  S
     11      1   3.2614088633100080D-01 6.4D-09 0.0D+00 6.6D-09 0.0D+00       21      101       21      210  S
     11      1   3.2614088633117633D-01 6.4D-09 0.0D+00 7.5D-09 0.0D+00       21      103       21      210  S
     11      1   3.2614088633132582D-01 6.4D-09 0.0D+00 7.9D-09 0.0D+00       22      106       22      220  S
     11      1   3.2614088633132876D-01 6.4D-09 0.0D+00 8.3D-09 0.0D+00       22      106       22      220  S
     11      1   3.2614088633140714D-01 6.4D-09 0.0D+00 7.6D-09 0.0D+00       22      108       22      220  S
     11      1   3.2614088633154842D-01 6.4D-09 0.0D+00 1.4D-08 0.0D+00       23      112       23      230  S
     11      1   3.2614088633135541D-01 6.4D-09 0.0D+00 7.0D-09 0.0D+00       22      107       22      220  S
     11      1   3.5352151798309872D-01 8.1D-09 0.0D+00 2.3D-07 0.0D+00       23      212       23      230  S
     11      1   3.2614088633139815D-01 6.4D-09 0.0D+00 5.3D-09 0.0D+00       22      106       22      220  S
     11      1   3.2614088633127292D-01 6.4D-09 0.0D+00 9.0D-09 0.0D+00       21      102       21      210  S
     11      1   3.2614088633127419D-01 6.4D-09 0.0D+00 2.5D-09 0.0D+00       21      101       21      210  S
     11      1   3.2614088633137112D-01 6.4D-09 0.0D+00 2.0D-10 0.0D+00       22      108       22      220  S
     11      1   3.2614088633135940D-01 6.4D-09 0.0D+00 4.6D-10 0.0D+00       22      105       22      220  S
     11      1   3.2614088633156252D-01 6.4D-09 0.0D+00 1.1D-11 0.0D+00       22      110       22      220  S
     11      1   3.2614088633149046D-01 6.4D-09 0.0D+00 7.4D-09 0.0D+00       22      105       22      220  S
     11      1   3.2614088633126020D-01 6.4D-09 0.0D+00 4.4D-09 0.0D+00       21      103       21      210  S
     11      1   3.2614088633118526D-01 6.4D-09 0.0D+00 1.5D-10 0.0D+00       21      100       21      210  S
     11      1   3.2614088633073562D-01 6.4D-09 0.0D+00 9.1D-09 0.0D+00       21      102       21      210  S
     11      1   3.2614088633165467D-01 6.4D-09 0.0D+00 3.3D-08 0.0D+00       23      114       23      230  S
     11      1   3.2614088633100963D-01 6.4D-09 0.0D+00 8.1D-09 0.0D+00       21      101       21      210  S
     11      1   3.2614088633145361D-01 6.4D-09 0.0D+00 1.2D-09 0.0D+00       22      106       22      220  S
     11      1   3.2614088633147326D-01 6.4D-09 0.0D+00 4.6D-09 0.0D+00       22      106       22      220  S
     11      1   3.2614088633125154D-01 6.4D-09 0.0D+00 2.7D-09 0.0D+00       22      103       22      220  S
     11      1   3.2614088633139543D-01 6.4D-09 0.0D+00 1.6D-09 0.0D+00       22      107       22      220  S
     11      1   3.2614088633107052D-01 6.4D-09 0.0D+00 8.1D-09 0.0D+00       21      105       21      210  S
     11      1   3.2614088633101829D-01 6.4D-09 0.0D+00 1.1D-08 0.0D+00       22      117       22      220  S
     11      1   3.2614088633093719D-01 6.4D-09 0.0D+00 2.2D-09 0.0D+00       21      104       21      210  S
     11      1   3.2614088633143151D-01 6.4D-09 0.0D+00 1.7D-09 0.0D+00       22      110       22      220  S
     11      1   3.2614088633152510D-01 6.4D-09 0.0D+00 9.6D-09 0.0D+00       22      110       22      220  S
