     19      1   2.3062510118645410D-01 5.0D-09 0.0D+00 3.9D-09 0.0D+00       22      111       22      220  S
     19      1   2.3062510118637639D-01 5.0D-09 0.0D+00 3.0D-10 0.0D+00       22      113       22      220  S
     19      1   2.3062510118644042D-01 5.0D-09 0.0D+00 1.5D-09 0.0D+00       22      132       22      220  S
     19      1   2.3062510118634935D-01 5.0D-09 0.0D+00 8.1D-09 0.0D+00       22      115       22      220  S
     19      1   2.5653498905153893D-01 5.4D-09 0.0D+00 6.9D-11 0.0D+00       22      175       22      220  S
     19      1   2.3062510118652996D-01 5.0D-09 0.0D+00 5.3D-09 0.0D+00       22      112       22      220  S
     19      1   2.3062510118740875D-01 5.0D-09 0.0D+00 3.1D-09 0.0D+00       23      145       23      230  S
     19      1   2.5653498905493183D-01 5.4D-09 0.0D+00 2.9D-08 0.0D+00       23      140       23      230  S
     19      1   2.3062510118621751D-01 5.0D-09 0.0D+00 4.9D-09 0.0D+00       22      127       22      220  S
     19      1   2.3062510118638102D-01 5.0D-09 0.0D+00 2.3D-09 0.0D+00       22      114       22      220  S
     19      1   2.6097874023240081D-01 5.5D-09 0.0D+00 7.8D-09 0.0D+00       22      183       22      220  S
     19      1   2.3062510118632812D-01 5.0D-09 0.0D+00 3.0D-10 0.0D+00       22      107       22      220  S
     19      1   2.3062510118601917D-01 5.0D-09 0.0D+00 8.3D-09 0.0D+00       21      106       21      210  S
     19      1   2.3062510118625393D-01 5.0D-09 0.0D+00 5.9D-09 0.0D+00       22      118       22      220  S
     19      1   2.3062510118641960D-01 5.0D-09 0.0D+00 7.2D-09 0.0D+00       22      112       22      220  S
     19      1   2.3062510118645674D-01 5.0D-09 0.0D+00 1.5D-08 0.0D+00       23      121       23      230  S
     19      1   2.3062510118636589D-01 5.0D-09 0.0D+00 1.7D-09 0.0D+00       22      114       22      220  S
     19      1   2.3062510118640878D-01 5.0D-09 0.0D+00 8.3D-09 0.0D+00       22      126       22      220  S
     19      1   2.5570817668785251D-01 6.1D-09 0.0D+00 2.1D-08 0.0D+00       24      138       24      240  S
     19      1   2.3062510118674631D-01 5.0D-09 0.0D+00 9.2D-09 0.0D+00       22      137       22      220  S
     19      1   2.3062510118633731D-01 5.0D-09 0.0D+00 7.7D-09 0.0D+00       22      107       22      220  S
     19      1   2.3062510118583612D-01 5.0D-09 0.0D+00 3.4D-09 0.0D+00       21      113       21      210  S
     19      1   2.3062510118636637D-01 5.0D-09 0.0D+00 8.6D-09 0.0D+00       22      110       22      220  S
     19      1   2.3062510118650811D-01 5.0D-09 0.0D+00 2.3D-09 0.0D+00       22      122       22      220  S
     19      1   2.3062510118639470D-01 5.0D-09 0.0D+00 3.9D-09 0.0D+00       22      115       22      220  S
     19      1   2.3062510118640933D-01 5.0D-09 0.0D+00 9.0D-09 0.0D+00       22      111       22      220  S
     19      1   2.3062510118648913D-01 5.0D-09 0.0D+00 4.7D-09 0.0D+00       22      109       22      220  S
     19      1   2.3062510118594018D-01 5.0D-09 0.0D+00 9.7D-10 0.0D+00       21      104       21      210  S
     19      1   2.3062510118624244D-01 5.0D-09 0.0D+00 6.4D-09 0.0D+00       22      129       22      220  S
     19      1   2.3062510118638349D-01 5.0D-09 0.0D+00 2.1D-09 0.0D+00       22      109       22      220  S
     19      1   2.3062510118626764D-01 5.0D-09 0.0D+00 5.0D-09 0.0D+00       22      109       22      220  S
     19      1   2.3062510118585211D-01 5.0D-09 0.0D+00 5.2D-09 0.0D+00       21      121       21      210  S
     19      1   2.3062510118638829D-01 5.0D-09 0.0D+00 2.3D-09 0.0D+00       22      110       22      220  S
     19      1   2.3062510118633234D-01 5.0D-09 0.0D+00 5.3D-09 0.0D+00       22      113       22      220  S
     19      1   2.5653498905482375D-01 5.4D-09 0.0D+00 8.2D-09 0.0D+00       22      147       22      220  S
     19      1   2.3062510118623614D-01 5.0D-09 0.0D+00 3.6D-09 0.0D+00       22      114       22      220  S
     19      1   2.5570817668936496D-01 6.1D-09 0.0D+00 4.8D-08 0.0D+00       25      212       25      250  S
     19      1   2.3062510118641991D-01 5.0D-09 0.0D+00 8.1D-10 0.0D+00       22      117       22      220  S
     19      1   2.3062510118600957D-01 5.0D-09 0.0D+00 2.2D-10 0.0D+00       21      121       21      210  S
     19      1   2.3062510118631233D-01 5.0D-09 0.0D+00 9.5D-09 0.0D+00       22      119       22      220  S
     19      1   2.3062510118576721D-01 5.0D-09 0.0D+00 9.3D-09 0.0D+00       21      117       21      210  S
     19      1   2.3062510118645782D-01 5.0D-09 0.0D+00 7.9D-09 0.0D+00       22      120       22      220  S
     19      1   2.3062510118738239D-01 5.0D-09 0.0D+00 6.5D-09 0.0D+00       22      142       22      220  S
     19      1   2.3062510118640353D-01 5.0D-09 0.0D+00 2.7D-10 0.0D+00       22      133       22      220  S
     19      1   2.5570817668929274D-01 6.1D-09 0.0D+00 1.3D-08 0.0D+00       25      220       25      250  S
     19      1   2.3062510118650326D-01 5.0D-09 0.0D+00 7.3D-09 0.0D+00       22      118       22      220  S
     19      1   2.3062510118639590D-01 5.0D-09 0.0D+00 6.3D-09 0.0D+00       22      113       22      220  S
     19      1   2.5570817668805873D-01 6.1D-09 0.0D+00 2.4D-08 0.0D+00       24      148       24      240  S
     19      1   2.3062510118638060D-01 5.0D-09 0.0D+00 2.0D-09 0.0D+00       22      124       22      220  S
     19      1   2.5570817668887058D-01 6.1D-09 0.0D+00 7.4D-08 0.0D+00       25      193       25      250  S
     19      1   2.3062510118632190D-01 5.0D-09 0.0D+00 6.3D-09 0.0D+00       22      113       22      220  S
     19      1   2.5653498905479005D-01 5.4D-09 0.0D+00 1.2D-10 0.0D+00       21      174       21      210  S
     19      1   2.3062510118671650D-01 5.0D-09 0.0D+00 1.4D-08 0.0D+00       23      162       23      230  S
     19      1   2.3062510118627921D-01 5.0D-09 0.0D+00 3.3D-09 0.0D+00       22      114       22      220  S
     19      1   2.3062510118642787D-01 5.0D-09 0.0D+00 7.6D-09 0.0D+00       22      119       22      220  S
     19      1   2.3062510118636498D-01 5.0D-09 0.0D+00 2.2D-09 0.0D+00       22      139       22      220  S
     19      1   2.3062510118636334D-01 5.0D-09 0.0D+00 4.2D-09 0.0D+00       22      106       22      220  S
     19      1   2.3062510118601154D-01 5.0D-09 0.0D+00 5.0D-09 0.0D+00       21      114       21      210  S
     19      1   2.3062510118633564D-01 5.0D-09 0.0D+00 8.3D-09 0.0D+00       22      117       22      220  S
     19      1   2.3062510118626614D-01 5.0D-09 0.0D+00 6.6D-09 0.0D+00       22      117       22      220  S
     19      1   2.3062510118629356D-01 5.0D-09 0.0D+00 2.8D-09 0.0D+00       22      108       22      220  S
     19      1   2.5570817668971668D-01 6.1D-09 0.0D+00 5.5D-09 0.0D+00       23      166       23      230  S
     19      1   2.3062510118650587D-01 5.0D-09 0.0D+00 1.4D-09 0.0D+00       22      111       22      220  S
     19      1   2.5570817669043749D-01 6.1D-09 0.0D+00 1.9D-08 0.0D+00       25      209       25      250  S
     19      1   2.3062510118615875D-01 5.0D-09 0.0D+00 9.5D-09 0.0D+00       21      102       21      210  S
     19      1   2.3062510118645038D-01 5.0D-09 0.0D+00 2.2D-11 0.0D+00       22      136       22      220  S
     19      1   2.3062510118640800D-01 5.0D-09 0.0D+00 6.3D-09 0.0D+00       22      110       22      220  S
     19      1   2.3062510118632523D-01 5.0D-09 0.0D+00 1.8D-09 0.0D+00       22      112       22      220  S
     19      1   2.3062510118658153D-01 5.0D-09 0.0D+00 8.8D-09 0.0D+00       22      108       22      220  S
     19      1   2.3062510118639964D-01 5.0D-09 0.0D+00 1.7D-11 0.0D+00       22      113       22      220  S
     19      1   2.3062510118628557D-01 5.0D-09 0.0D+00 3.0D-10 0.0D+00       22      109       22      220  S
     19      1   2.3062510118619600D-01 5.0D-09 0.0D+00 3.1D-09 0.0D+00       21      109       21      210  S
     19      1   2.3062510118630503D-01 5.0D-09 0.0D+00 1.8D-09 0.0D+00       22      111       22      220  S
     19      1   2.3062510118644894D-01 5.0D-09 0.0D+00 3.8D-09 0.0D+00       22      133       22      220  S
     19      1   2.3062510118643922D-01 5.0D-09 0.0D+00 3.9D-09 0.0D+00       22      108       22      220  S
     19      1   2.3062510118627516D-01 5.0D-09 0.0D+00 2.7D-09 0.0D+00       22      128       22      220  S
     19      1   2.3062510118634363D-01 5.0D-09 0.0D+00 8.9D-09 0.0D+00       22      127       22      220  S
     19      1   2.3062510118644036D-01 5.0D-09 0.0D+00 7.6D-09 0.0D+00       22      109       22      220  S
     19      1   2.3062510118631213D-01 5.0D-09 0.0D+00 1.5D-09 0.0D+00       22      124       22      220  S
     19      1   2.6028708333578898D-01 5.2D-09 0.0D+00 3.0D-07 0.0D+00       24      173       24      240  S
     19      1   2.6084149226606984D-01 5.7D-09 0.0D+00 2.0D-08 0.0D+00       24      198       24      240  S
     19      1   2.5653498905475225D-01 5.4D-09 0.0D+00 9.1D-09 0.0D+00       22      220       22      220  S
     19      1   2.3062510118737664D-01 5.0D-09 0.0D+00 6.9D-09 0.0D+00       23      151       23      230  S
     19      1   2.3062510118641222D-01 5.0D-09 0.0D+00 7.1D-09 0.0D+00       22      110       22      220  S
     19      1   2.3062510118744942D-01 5.0D-09 0.0D+00 7.9D-09 0.0D+00       22      128       22      220  S
     19      1   2.3062510118621007D-01 5.0D-09 0.0D+00 8.8D-09 0.0D+00       22      106       22      220  S
     19      1   2.5570817668756951D-01 6.1D-09 0.0D+00 3.0D-07 0.0D+00       24      153       24      240  S
     19      1   2.3062510118673338D-01 5.0D-09 0.0D+00 8.7D-09 0.0D+00       22      138       22      220  S
     19      1   2.3062510118644672D-01 5.0D-09 0.0D+00 1.3D-09 0.0D+00       22      116       22      220  S
     19      1   2.3062510118645740D-01 5.0D-09 0.0D+00 9.2D-09 0.0D+00       22      113       22      220  S
     19      1   2.5653498905474920D-01 5.4D-09 0.0D+00 2.7D-09 0.0D+00       21      125       21      210  S
     19      1   2.3062510118611873D-01 5.0D-09 0.0D+00 1.7D-09 0.0D+00       21      106       21      210  S
     19      1   2.3062510118645155D-01 5.0D-09 0.0D+00 9.3D-09 0.0D+00       22      110       22      220  S
     19      1   2.3062510118618357D-01 5.0D-09 0.0D+00 4.7D-09 0.0D+00       22      112       22      220  S
     19      1   2.5653498905116923D-01 5.4D-09 0.0D+00 2.2D-08 0.0D+00       23      183       23      230  S
     19      1   2.3062510118624208D-01 5.0D-09 0.0D+00 8.9D-09 0.0D+00       22      138       22      220  S
     19      1   2.3062510118641427D-01 5.0D-09 0.0D+00 5.2D-09 0.0D+00       22      125       22      220  S
     19      1   2.3062510118634649D-01 5.0D-09 0.0D+00 9.3D-09 0.0D+00       22      105       22      220  S
     19      1   2.3062510118636942D-01 5.0D-09 0.0D+00 6.2D-09 0.0D+00       22      111       22      220  S
     19      1   2.3062510118634413D-01 5.0D-09 0.0D+00 7.1D-09 0.0D+00       22      110       22      220  S
     19      1   2.3062510118644411D-01 5.0D-09 0.0D+00 2.8D-09 0.0D+00       22      115       22      220  S
     19      1   2.3062510118630900D-01 5.0D-09 0.0D+00 3.3D-10 0.0D+00       22      115       22      220  S
     19      1   2.3062510118738608D-01 5.0D-09 0.0D+00 3.1D-09 0.0D+00       23      134       23      230  S
     19      1   2.3062510118632584D-01 5.0D-09 0.0D+00 3.9D-09 0.0D+00       22      112       22      220  S
     19      1   2.3062510118682433D-01 5.0D-09 0.0D+00 7.7D-09 0.0D+00       22      165       22      220  S
     19      1   2.3062510118632099D-01 5.0D-09 0.0D+00 3.0D-08 0.0D+00       23      126       23      230  S
     19      1   2.3062510118747856D-01 5.0D-09 0.0D+00 5.5D-09 0.0D+00       23      135       23      230  S
     19      1   2.3062510118621266D-01 5.0D-09 0.0D+00 9.6D-09 0.0D+00       22      107       22      220  S
     19      1   2.3062510118633783D-01 5.0D-09 0.0D+00 4.2D-09 0.0D+00       22      113       22      220  S
     19      1   2.3062510118650140D-01 5.0D-09 0.0D+00 1.0D-09 0.0D+00       22      112       22      220  S
     19      1   2.3062510118643179D-01 5.0D-09 0.0D+00 5.6D-09 0.0D+00       22      112       22      220  S
     19      1   2.3062510118634821D-01 5.0D-09 0.0D+00 7.7D-09 0.0D+00       22      117       22      220  S
     19      1   2.5570817668875429D-01 6.1D-09 0.0D+00 2.8D-08 0.0D+00       25      198       25      250  S
     19      1   2.3062510118637286D-01 5.0D-09 0.0D+00 3.8D-09 0.0D+00       22      119       22      220  S
     19      1   2.5570817668935991D-01 6.1D-09 0.0D+00 9.2D-09 0.0D+00       22      143       22      220  S
     19      1   2.5653498905490962D-01 5.4D-09 0.0D+00 7.3D-09 0.0D+00       22      144       22      220  S
     19      1   2.3062510118612339D-01 5.0D-09 0.0D+00 9.1D-09 0.0D+00       21      107       21      210  S
     19      1   2.3062510118634352D-01 5.0D-09 0.0D+00 1.8D-10 0.0D+00       22      118       22      220  S
     19      1   2.3062510118640092D-01 5.0D-09 0.0D+00 9.1D-11 0.0D+00       22      109       22      220  S
     19      1   2.3062510118639185D-01 5.0D-09 0.0D+00 8.8D-09 0.0D+00       22      115       22      220  S
     19      1   2.3062510118638566D-01 5.0D-09 0.0D+00 1.8D-09 0.0D+00       22      118       22      220  S
     19      1   2.3062510118678456D-01 5.0D-09 0.0D+00 7.5D-09 0.0D+00       22      136       22      220  S
     19      1   2.3062510118635207D-01 5.0D-09 0.0D+00 3.5D-09 0.0D+00       22      113       22      220  S
     19      1   2.3062510118619667D-01 5.0D-09 0.0D+00 7.6D-09 0.0D+00       21      111       21      210  S
     19      1   2.3062510118633800D-01 5.0D-09 0.0D+00 4.2D-09 0.0D+00       22      109       22      220  S
     19      1   2.9448188524052960D-01 4.8D-09 0.0D+00 5.4D+00 0.0D+00       26      416       26      260  S
     19      1   2.5570817669662016D-01 6.1D-09 0.0D+00 4.7D-08 0.0D+00       25      195       25      250  S
     19      1   2.3062510118638371D-01 5.0D-09 0.0D+00 7.7D-09 0.0D+00       22      116       22      220  S
     19      1   2.3062510118628807D-01 5.0D-09 0.0D+00 1.9D-09 0.0D+00       22      117       22      220  S
     19      1   2.3062510118635704D-01 5.0D-09 0.0D+00 2.3D-09 0.0D+00       22      126       22      220  S
     19      1   2.3062510118642118D-01 5.0D-09 0.0D+00 9.7D-09 0.0D+00       22      123       22      220  S
     19      1   2.5653498905097644D-01 5.4D-09 0.0D+00 2.3D-09 0.0D+00       22      155       22      220  S
     19      1   2.3062510118633087D-01 5.0D-09 0.0D+00 6.5D-09 0.0D+00       22      112       22      220  S
     19      1   2.3062510118649987D-01 5.0D-09 0.0D+00 4.2D-08 0.0D+00       23      121       23      230  S
     19      1   2.3062510118627672D-01 5.0D-09 0.0D+00 3.8D-09 0.0D+00       22      109       22      220  S
     19      1   2.3062510118639970D-01 5.0D-09 0.0D+00 6.3D-09 0.0D+00       22      109       22      220  S
     19      1   2.3062510118634064D-01 5.0D-09 0.0D+00 1.9D-09 0.0D+00       22      116       22      220  S
     19      1   2.5570817668912466D-01 6.1D-09 0.0D+00 1.4D-08 0.0D+00       24      175       24      240  S
     19      1   2.6097874023019946D-01 5.5D-09 0.0D+00 2.7D-07 0.0D+00       24      193       24      240  S
     19      1   2.3062510118634538D-01 5.0D-09 0.0D+00 5.1D-09 0.0D+00       22      108       22      220  S
     19      1   2.3062510118784621D-01 5.0D-09 0.0D+00 2.0D-09 0.0D+00       23      147       23      230  S
     19      1   2.3062510118635307D-01 5.0D-09 0.0D+00 1.2D-09 0.0D+00       22      115       22      220  S
     19      1   2.3062510118645513D-01 5.0D-09 0.0D+00 6.2D-09 0.0D+00       22      108       22      220  S
     19      1   2.3062510118659194D-01 5.0D-09 0.0D+00 3.0D-08 0.0D+00       23      122       23      230  S
     19      1   1.0125304652795681D+00 0.0D+00 0.0D+00 1.0D+00 0.0D+00        3       36        3       30  S
     19      1   2.3062510118618085D-01 5.0D-09 0.0D+00 2.7D-09 0.0D+00       21      105       21      210  S
     19      1   2.3062510118635865D-01 5.0D-09 0.0D+00 6.5D-09 0.0D+00       22      123       22      220  S
     19      1   2.5653498905076566D-01 5.4D-09 0.0D+00 6.3D-09 0.0D+00       22      146       22      220  S
     19      1   8.4455582863223455D-01 2.2D-16 0.0D+00 8.4D-01 0.0D+00        3       32        3       30  S
     19      1   2.3062510118635210D-01 5.0D-09 0.0D+00 5.8D-09 0.0D+00       22      112       22      220  S
     19      1   2.3062510118646240D-01 5.0D-09 0.0D+00 8.2D-10 0.0D+00       22      117       22      220  S
     19      1   2.3062510118644958D-01 5.0D-09 0.0D+00 9.1D-09 0.0D+00       22      110       22      220  S
     19      1   2.5570817668810586D-01 6.1D-09 0.0D+00 1.5D-08 0.0D+00       24      150       24      240  S
     19      1   2.3062510118640941D-01 5.0D-09 0.0D+00 7.8D-09 0.0D+00       22      107       22      220  S
     19      1   2.3062510118630319D-01 5.0D-09 0.0D+00 1.7D-09 0.0D+00       22      107       22      220  S
     19      1   2.3062510118645499D-01 5.0D-09 0.0D+00 3.4D-09 0.0D+00       22      121       22      220  S
     19      1   3.0108768207862013D-01 6.8D-09 0.0D+00 1.6D-07 0.0D+00       23      249       23      230  S
     19      1   2.3062510118642979D-01 5.0D-09 0.0D+00 2.8D-09 0.0D+00       22      122       22      220  S
     19      1   2.3062510118740806D-01 5.0D-09 0.0D+00 1.8D-09 0.0D+00       23      142       23      230  S
     19      1   2.3062510118647625D-01 5.0D-09 0.0D+00 9.9D-09 0.0D+00       22      121       22      220  S
     19      1   2.3062510118637042D-01 5.0D-09 0.0D+00 2.6D-09 0.0D+00       22      106       22      220  S
     19      1   2.3062510118635254D-01 5.0D-09 0.0D+00 5.2D-10 0.0D+00       22      110       22      220  S
     19      1   2.3062510118649157D-01 5.0D-09 0.0D+00 2.4D-10 0.0D+00       22      115       22      220  S
     19      1   2.3062510118625759D-01 5.0D-09 0.0D+00 4.4D-09 0.0D+00       22      107       22      220  S
     19      1   2.5898367528427269D-01 1.6D-07 0.0D+00 2.4D-03 0.0D+00       28      208       29      290  S
     19      1   2.3062510118632898D-01 5.0D-09 0.0D+00 4.6D-09 0.0D+00       22      107       22      220  S
     19      1   2.3062510118641708D-01 5.0D-09 0.0D+00 8.0D-09 0.0D+00       22      114       22      220  S
     19      1   2.3062510118644747D-01 5.0D-09 0.0D+00 3.2D-10 0.0D+00       22      110       22      220  S
     19      1   2.3062510118638227D-01 5.0D-09 0.0D+00 3.0D-09 0.0D+00       22      108       22      220  S
     19      1   2.3062510118633425D-01 5.0D-09 0.0D+00 1.9D-09 0.0D+00       22      122       22      220  S
     19      1   2.3062510118637852D-01 5.0D-09 0.0D+00 3.5D-09 0.0D+00       22      110       22      220  S
     19      1   2.3062510118631946D-01 5.0D-09 0.0D+00 3.4D-09 0.0D+00       22      118       22      220  S
     19      1   2.3062510118647139D-01 5.0D-09 0.0D+00 3.6D-10 0.0D+00       22      118       22      220  S
     19      1   2.3062510118622945D-01 5.0D-09 0.0D+00 1.7D-08 0.0D+00       22      124       22      220  S
     19      1   2.3062510118631360D-01 5.0D-09 0.0D+00 1.4D-10 0.0D+00       22      115       22      220  S
     19      1   2.6084149242676269D-01 5.7D-09 0.0D+00 1.5D-08 0.0D+00       23      203       23      230  S
     19      1   2.3062510118629143D-01 5.0D-09 0.0D+00 1.0D-08 0.0D+00       22      121       22      220  S
     19      1   2.3062510118634086D-01 5.0D-09 0.0D+00 2.9D-09 0.0D+00       22      111       22      220  S
     19      1   2.3062510118634727D-01 5.0D-09 0.0D+00 2.1D-08 0.0D+00       23      136       23      230  S
     19      1   2.5570817668759616D-01 6.1D-09 0.0D+00 1.7D-08 0.0D+00       24      166       24      240  S
     19      1   2.3062510118639984D-01 5.0D-09 0.0D+00 2.5D-09 0.0D+00       22      116       22      220  S
     19      1   2.3062510118662050D-01 5.0D-09 0.0D+00 5.6D-09 0.0D+00       22      139       22      220  S
     19      1   2.3062510118582361D-01 5.0D-09 0.0D+00 1.6D-09 0.0D+00       21      170       21      210  S
     19      1   2.3062510118591426D-01 5.0D-09 0.0D+00 9.7D-10 0.0D+00       21      107       21      210  S
     19      1   2.3062510118613949D-01 5.0D-09 0.0D+00 3.0D-09 0.0D+00       21      106       21      210  S
     19      1   2.3062510118635385D-01 5.0D-09 0.0D+00 9.2D-10 0.0D+00       22      108       22      220  S
     19      1   2.3062510118628926D-01 5.0D-09 0.0D+00 2.8D-10 0.0D+00       22      109       22      220  S
     19      1   2.5653498905491695D-01 5.4D-09 0.0D+00 2.6D-09 0.0D+00       21      161       21      210  S
     19      1   2.3062510118579771D-01 5.0D-09 0.0D+00 5.4D-09 0.0D+00       21      120       21      210  S
     19      1   2.3062510118645044D-01 5.0D-09 0.0D+00 7.2D-09 0.0D+00       22      108       22      220  S
     19      1   2.5570817668880907D-01 6.1D-09 0.0D+00 8.0D-08 0.0D+00       25      197       25      250  S
     19      1   2.3062510118644297D-01 5.0D-09 0.0D+00 2.5D-08 0.0D+00       23      116       23      230  S
     19      1   2.3062510118633911D-01 5.0D-09 0.0D+00 8.0D-09 0.0D+00       22      111       22      220  S
     19      1   2.3062510118639959D-01 5.0D-09 0.0D+00 7.6D-09 0.0D+00       22      110       22      220  S
     19      1   2.3062510118621826D-01 5.0D-09 0.0D+00 3.2D-10 0.0D+00       22      104       22      220  S
     19      1   2.5570817669053142D-01 6.1D-09 0.0D+00 3.3D-08 0.0D+00       25      200       25      250  S
     19      1   2.3062510118633611D-01 5.0D-09 0.0D+00 4.2D-09 0.0D+00       22      112       22      220  S
     19      1   2.3062510118741783D-01 5.0D-09 0.0D+00 1.5D-09 0.0D+00       23      146       23      230  S
     19      1   2.3062510118643870D-01 5.0D-09 0.0D+00 4.1D-09 0.0D+00       22      106       22      220  S
     19      1   2.3062510118631849D-01 5.0D-09 0.0D+00 7.2D-10 0.0D+00       22      107       22      220  S
     19      1   2.5570817668905610D-01 6.1D-09 0.0D+00 1.0D-08 0.0D+00       23      169       23      230  S
     19      1   2.3062510118639495D-01 5.0D-09 0.0D+00 1.2D-09 0.0D+00       22      120       22      220  S
     19      1   2.5570817668753981D-01 6.1D-09 0.0D+00 1.7D-08 0.0D+00       23      163       23      230  S
     19      1   2.3062510118647533D-01 5.0D-09 0.0D+00 5.7D-09 0.0D+00       22      113       22      220  S
     19      1   2.3062510118599094D-01 5.0D-09 0.0D+00 7.8D-10 0.0D+00       21      117       21      210  S
     19      1   2.3062510118647536D-01 5.0D-09 0.0D+00 3.6D-09 0.0D+00       22      117       22      220  S
     19      1   2.3062510118627647D-01 5.0D-09 0.0D+00 2.7D-09 0.0D+00       22      130       22      220  S
     19      1   2.3062510118643820D-01 5.0D-09 0.0D+00 3.6D-08 0.0D+00       23      135       23      230  S
     19      1   2.5711945730810837D-01 5.3D-09 0.0D+00 3.3D-09 0.0D+00       22      159       22      220  S
     19      1   2.3062510118645566D-01 5.0D-09 0.0D+00 4.8D-09 0.0D+00       22      113       22      220  S
     19      1   2.3062510118629459D-01 5.0D-09 0.0D+00 7.2D-09 0.0D+00       21      103       21      210  S
     19      1   2.3062510118632709D-01 5.0D-09 0.0D+00 5.0D-09 0.0D+00       22      131       22      220  S
     19      1   2.3062510118743529D-01 5.0D-09 0.0D+00 1.9D-09 0.0D+00       23      134       23      230  S
     19      1   2.3062510118649804D-01 5.0D-09 0.0D+00 8.4D-10 0.0D+00       22      112       22      220  S
     19      1   2.3062510118640031D-01 5.0D-09 0.0D+00 4.7D-09 0.0D+00       22      125       22      220  S
     19      1   2.3062510118640936D-01 5.0D-09 0.0D+00 3.2D-09 0.0D+00       22      108       22      220  S
     19      1   2.3062510118639562D-01 5.0D-09 0.0D+00 3.8D-09 0.0D+00       22      113       22      220  S
     19      1   2.5570817668961549D-01 6.1D-09 0.0D+00 9.1D-09 0.0D+00       22      137       22      220  S
     19      1   2.3062510118637655D-01 5.0D-09 0.0D+00 7.0D-09 0.0D+00       22      116       22      220  S
     19      1   2.3062510118613411D-01 5.0D-09 0.0D+00 8.8D-10 0.0D+00       21      110       21      210  S
     19      1   2.3062510118644469D-01 5.0D-09 0.0D+00 4.1D-09 0.0D+00       22      127       22      220  S
     19      1   2.3062510118626356D-01 5.0D-09 0.0D+00 5.3D-10 0.0D+00       22      127       22      220  S
     19      1   2.3062510118623658D-01 5.0D-09 0.0D+00 4.0D-09 0.0D+00       22      121       22      220  S
     19      1   2.5653498905486860D-01 5.4D-09 0.0D+00 4.6D-09 0.0D+00       22      176       22      220  S
     19      1   2.3062510118627028D-01 5.0D-09 0.0D+00 4.6D-09 0.0D+00       22      112       22      220  S
     19      1   2.3062510118642143D-01 5.0D-09 0.0D+00 6.8D-09 0.0D+00       22      106       22      220  S
     19      1   2.3062510118620624D-01 5.0D-09 0.0D+00 6.3D-09 0.0D+00       22      112       22      220  S
     19      1   2.3062510118744747D-01 5.0D-09 0.0D+00 3.8D-09 0.0D+00       23      131       23      230  S
     19      1   2.3062510118648707D-01 5.0D-09 0.0D+00 4.7D-09 0.0D+00       22      113       22      220  S
     19      1   2.3062510118628660D-01 5.0D-09 0.0D+00 8.5D-09 0.0D+00       22      108       22      220  S
     19      1   2.3062510118634802D-01 5.0D-09 0.0D+00 5.4D-09 0.0D+00       22      111       22      220  S
     19      1   2.3062510118639870D-01 5.0D-09 0.0D+00 5.5D-09 0.0D+00       22      128       22      220  S
     19      1   2.3062510118644708D-01 5.0D-09 0.0D+00 1.1D-10 0.0D+00       22      107       22      220  S
     19      1   2.3062510118645518D-01 5.0D-09 0.0D+00 1.5D-09 0.0D+00       22      119       22      220  S
     19      1   2.3062510118632809D-01 5.0D-09 0.0D+00 1.9D-09 0.0D+00       22      109       22      220  S
     19      1   2.3062510118628746D-01 5.0D-09 0.0D+00 9.6D-09 0.0D+00       22      109       22      220  S
     19      1   2.3062510118645776D-01 5.0D-09 0.0D+00 5.3D-09 0.0D+00       22      115       22      220  S
     19      1   2.3062510118736138D-01 5.0D-09 0.0D+00 7.9D-09 0.0D+00       23      137       23      230  S
     19      1   2.3062510118639384D-01 5.0D-09 0.0D+00 9.4D-09 0.0D+00       22      120       22      220  S
     19      1   2.3062510118630203D-01 5.0D-09 0.0D+00 6.7D-09 0.0D+00       22      119       22      220  S
     19      1   2.3062510118658977D-01 5.0D-09 0.0D+00 3.2D-08 0.0D+00       23      163       23      230  S
     19      1   2.3062510118652080D-01 5.0D-09 0.0D+00 6.7D-09 0.0D+00       22      113       22      220  S
     19      1   2.3062510118626342D-01 5.0D-09 0.0D+00 1.7D-09 0.0D+00       22      110       22      220  S
     19      1   2.8116436573554709D-01 5.4D-09 0.0D+00 3.1D-07 0.0D+00       22      183       22      220  S
     19      1   2.3062510118625718D-01 5.0D-09 0.0D+00 6.0D-09 0.0D+00       22      108       22      220  S
     19      1   2.3062510118620280D-01 5.0D-09 0.0D+00 7.9D-09 0.0D+00       22      113       22      220  S
     19      1   2.3062510118721416D-01 5.0D-09 0.0D+00 5.7D-09 0.0D+00       22      139       22      220  S
     19      1   2.6084149242471333D-01 5.7D-09 0.0D+00 1.4D-07 0.0D+00       23      170       23      230  S
     19      1   2.3062510118621826D-01 5.0D-09 0.0D+00 9.2D-09 0.0D+00       22      108       22      220  S
     19      1   2.3062510118637841D-01 5.0D-09 0.0D+00 3.7D-09 0.0D+00       22      118       22      220  S
     19      1   2.5852055900916315D-01 5.1D-09 0.0D+00 3.1D-09 0.0D+00       22      163       22      220  S
     19      1   2.3062510118651186D-01 5.0D-09 0.0D+00 9.5D-09 0.0D+00       22      107       22      220  S
     19      1   2.3062510118761398D-01 5.0D-09 0.0D+00 5.5D-09 0.0D+00       23      137       23      230  S
     19      1   2.3062510118624391D-01 5.0D-09 0.0D+00 1.0D-08 0.0D+00       23      126       23      230  S
     19      1   2.3062510118747637D-01 5.0D-09 0.0D+00 5.7D-09 0.0D+00       23      140       23      230  S
     19      1   2.3062510118648208D-01 5.0D-09 0.0D+00 3.4D-09 0.0D+00       22      128       22      220  S
     19      1   2.3062510118629256D-01 5.0D-09 0.0D+00 2.8D-09 0.0D+00       22      110       22      220  S
     19      1   2.3062510118745330D-01 5.0D-09 0.0D+00 3.8D-09 0.0D+00       23      135       23      230  S
     19      1   2.3062510118612570D-01 5.0D-09 0.0D+00 9.2D-09 0.0D+00       21      108       21      210  S
     19      1   2.3062510118641077D-01 5.0D-09 0.0D+00 1.5D-10 0.0D+00       22      113       22      220  S
     19      1   2.5653498905486932D-01 5.4D-09 0.0D+00 2.6D-09 0.0D+00       22      162       22      220  S
     19      1   2.3062510118638377D-01 5.0D-09 0.0D+00 1.1D-09 0.0D+00       22      111       22      220  S
     19      1   2.5653498907166433D-01 5.4D-09 0.0D+00 4.0D-09 0.0D+00       22      143       22      220  S
     19      1   2.3062510118650709D-01 5.0D-09 0.0D+00 6.2D-09 0.0D+00       22      120       22      220  S
     19      1   2.3062510118741286D-01 5.0D-09 0.0D+00 5.8D-09 0.0D+00       23      129       23      230  S
     19      1   2.5570817668803109D-01 6.1D-09 0.0D+00 2.8D-08 0.0D+00       23      152       23      230  S
     19      1   2.3062510118634935D-01 5.0D-09 0.0D+00 2.6D-09 0.0D+00       22      126       22      220  S
     19      1   2.3062510118644458D-01 5.0D-09 0.0D+00 2.7D-09 0.0D+00       22      112       22      220  S
     19      1   2.3062510118628735D-01 5.0D-09 0.0D+00 1.5D-09 0.0D+00       22      112       22      220  S
     19      1   2.3062510118741122D-01 5.0D-09 0.0D+00 4.5D-10 0.0D+00       23      139       23      230  S
     19      1   2.3062510118650559D-01 5.0D-09 0.0D+00 1.7D-08 0.0D+00       23      115       23      230  S
     19      1   2.3062510118636906D-01 5.0D-09 0.0D+00 8.0D-09 0.0D+00       22      114       22      220  S
     19      1   2.3062510118640916D-01 5.0D-09 0.0D+00 4.6D-09 0.0D+00       22      126       22      220  S
     19      1   2.3062510118635920D-01 5.0D-09 0.0D+00 3.7D-09 0.0D+00       22      113       22      220  S
     19      1   2.3062510118640539D-01 5.0D-09 0.0D+00 5.2D-09 0.0D+00       22      116       22      220  S
     19      1   2.3062510118634408D-01 5.0D-09 0.0D+00 2.2D-10 0.0D+00       22      109       22      220  S
     19      1   2.3062510118630192D-01 5.0D-09 0.0D+00 2.6D-08 0.0D+00       23      123       23      230  S
     19      1   2.3062510118642085D-01 5.0D-09 0.0D+00 8.1D-09 0.0D+00       22      121       22      220  S
     19      1   2.3062510118639176D-01 5.0D-09 0.0D+00 2.6D-08 0.0D+00       23      129       23      230  S
     19      1   2.5653498905094185D-01 5.4D-09 0.0D+00 1.6D-09 0.0D+00       22      154       22      220  S
     19      1   2.3062510118620533D-01 5.0D-09 0.0D+00 7.3D-10 0.0D+00       22      108       22      220  S
     19      1   2.3062510118629828D-01 5.0D-09 0.0D+00 5.9D-10 0.0D+00       22      111       22      220  S
     19      1   2.3062510118616478D-01 5.0D-09 0.0D+00 7.7D-09 0.0D+00       21      120       21      210  S
     19      1   2.3062510118645801D-01 5.0D-09 0.0D+00 6.2D-09 0.0D+00       22      115       22      220  S
     19      1   2.3062510118651250D-01 5.0D-09 0.0D+00 6.2D-09 0.0D+00       22      115       22      220  S
     19      1   2.3062510118634363D-01 5.0D-09 0.0D+00 9.0D-09 0.0D+00       22      118       22      220  S
     19      1   2.3062510118645255D-01 5.0D-09 0.0D+00 5.9D-09 0.0D+00       22      114       22      220  S
     19      1   2.3062510118631227D-01 5.0D-09 0.0D+00 6.1D-09 0.0D+00       22      110       22      220  S
     19      1   2.3062510118625504D-01 5.0D-09 0.0D+00 8.7D-09 0.0D+00       21      106       21      210  S
     19      1   2.3062510118634252D-01 5.0D-09 0.0D+00 6.5D-09 0.0D+00       22      112       22      220  S
     19      1   2.5570817668870865D-01 6.1D-09 0.0D+00 5.9D-08 0.0D+00       25      211       25      250  S
     19      1   2.3062510118646407D-01 5.0D-09 0.0D+00 1.2D-10 0.0D+00       22      114       22      220  S
     19      1   2.3062510118636745D-01 5.0D-09 0.0D+00 7.2D-09 0.0D+00       22      110       22      220  S
     19      1   2.3062510118659096D-01 5.0D-09 0.0D+00 4.0D-09 0.0D+00       22      117       22      220  S
     19      1   2.3062510118615215D-01 5.0D-09 0.0D+00 7.6D-09 0.0D+00       21      106       21      210  S
     19      1   2.3062510118637713D-01 5.0D-09 0.0D+00 1.5D-09 0.0D+00       22      109       22      220  S
     19      1   2.5653498905093214D-01 5.4D-09 0.0D+00 4.9D-09 0.0D+00       22      146       22      220  S
     19      1   2.3062510118725765D-01 5.0D-09 0.0D+00 8.0D-09 0.0D+00       23      135       23      230  S
     19      1   2.3062510118654644D-01 5.0D-09 0.0D+00 3.3D-10 0.0D+00       22      110       22      220  S
     19      1   2.3062510118629831D-01 5.0D-09 0.0D+00 4.5D-09 0.0D+00       22      105       22      220  S
     19      1   2.3062510118640187D-01 5.0D-09 0.0D+00 1.1D-08 0.0D+00       23      121       23      230  S
     19      1   2.3062510118639923D-01 5.0D-09 0.0D+00 6.0D-09 0.0D+00       22      113       22      220  S
     19      1   2.3062510118644616D-01 5.0D-09 0.0D+00 3.0D-08 0.0D+00       23      118       23      230  S
     19      1   2.5570817668769630D-01 6.1D-09 0.0D+00 5.3D-09 0.0D+00       22      140       22      220  S
     19      1   2.5570817668768853D-01 6.1D-09 0.0D+00 3.7D-08 0.0D+00       24      155       24      240  S
     19      1   2.3062510118579652D-01 5.0D-09 0.0D+00 5.3D-09 0.0D+00       21      119       21      210  S
     19      1   1.4498123772295453D+00 0.0D+00 0.0D+00 1.0D+00 0.0D+00        3       34        3       30  S
     19      1   2.3062510118624613D-01 5.0D-09 0.0D+00 4.5D-09 0.0D+00       22      107       22      220  S
     19      1   2.3062510118649066D-01 5.0D-09 0.0D+00 6.5D-09 0.0D+00       22      120       22      220  S
     19      1   2.3062510118612556D-01 5.0D-09 0.0D+00 5.3D-09 0.0D+00       21      109       21      210  S
     19      1   2.3062510118642371D-01 5.0D-09 0.0D+00 3.8D-09 0.0D+00       22      109       22      220  S
     19      1   2.3062510118640633D-01 5.0D-09 0.0D+00 4.3D-09 0.0D+00       22      106       22      220  S
     19      1   2.5711945730141927D-01 5.3D-09 0.0D+00 3.2D-07 0.0D+00       24      189       24      240  S
     19      1   2.3062510118603369D-01 5.0D-09 0.0D+00 9.4D-09 0.0D+00       21      110       21      210  S
     19      1   2.6097874023114437D-01 5.5D-09 0.0D+00 1.6D-07 0.0D+00       24      202       24      240  S
     19      1   2.3062510118637677D-01 5.0D-09 0.0D+00 6.7D-09 0.0D+00       22      106       22      220  S
     19      1   2.5570817669002599D-01 6.1D-09 0.0D+00 6.4D-08 0.0D+00       24      186       24      240  S
     19      1   2.5653498905104877D-01 5.4D-09 0.0D+00 3.2D-09 0.0D+00       22      151       22      220  S
     19      1   2.3062510118631546D-01 5.0D-09 0.0D+00 1.1D-08 0.0D+00       23      119       23      230  S
     19      1   2.3062510118612756D-01 5.0D-09 0.0D+00 2.5D-09 0.0D+00       21      106       21      210  S
     19      1   2.5570817669632750D-01 6.1D-09 0.0D+00 7.1D-09 0.0D+00       23      156       23      230  S
     19      1   2.3062510118653223D-01 5.0D-09 0.0D+00 4.0D-09 0.0D+00       22      108       22      220  S
     19      1   2.3062510118633825D-01 5.0D-09 0.0D+00 4.5D-09 0.0D+00       22      124       22      220  S
     19      1   2.3062510118630775D-01 5.0D-09 0.0D+00 3.6D-09 0.0D+00       22      109       22      220  S
     19      1   2.3062510118643476D-01 5.0D-09 0.0D+00 8.3D-09 0.0D+00       22      105       22      220  S
     19      1   2.6097874023393636D-01 5.5D-09 0.0D+00 3.0D-08 0.0D+00       25      193       25      250  S
     19      1   2.5570817668822238D-01 6.1D-09 0.0D+00 4.2D-08 0.0D+00       24      155       24      240  S
     19      1   2.3062510118621746D-01 5.0D-09 0.0D+00 1.6D-09 0.0D+00       22      106       22      220  S
     19      1   2.3062510118630530D-01 5.0D-09 0.0D+00 7.7D-09 0.0D+00       22      111       22      220  S
     19      1   2.5656387222951776D-01 1.1D-16 0.0D+00 8.5D+05 0.0D+00       24      335       25      250  S
     19      1   2.3062510118655813D-01 5.0D-09 0.0D+00 9.4D-09 0.0D+00       22      113       22      220  S
     19      1   2.3062510118624135D-01 5.0D-09 0.0D+00 9.8D-09 0.0D+00       22      109       22      220  S
     19      1   2.5653498905097372D-01 5.4D-09 0.0D+00 6.4D-09 0.0D+00       22      171       22      220  S
     19      1   2.3062510118642937D-01 5.0D-09 0.0D+00 3.9D-09 0.0D+00       22      108       22      220  S
     19      1   2.3062510118637414D-01 5.0D-09 0.0D+00 5.9D-10 0.0D+00       22      114       22      220  S
     19      1   2.3062510118629215D-01 5.0D-09 0.0D+00 6.1D-09 0.0D+00       22      114       22      220  S
     19      1   2.3062510118654939D-01 5.0D-09 0.0D+00 5.4D-09 0.0D+00       22      120       22      220  S
     19      1   2.5653498905480165D-01 5.4D-09 0.0D+00 5.7D-09 0.0D+00       22     2539       22      220  S
     19      1   2.3062510118634746D-01 5.0D-09 0.0D+00 2.0D-09 0.0D+00       22      117       22      220  S
     19      1   2.5653498873848785D-01 5.4D-09 0.0D+00 4.1D-05 0.0D+00       22      159       22      220  S
     19      1   2.3062510118641127D-01 5.0D-09 0.0D+00 3.8D-09 0.0D+00       22      115       22      220  S
     19      1   2.3062510118635873D-01 5.0D-09 0.0D+00 5.7D-09 0.0D+00       22      111       22      220  S
     19      1   2.3062510118637466D-01 5.0D-09 0.0D+00 3.1D-09 0.0D+00       22      122       22      220  S
     19      1   2.5570817669715468D-01 6.1D-09 0.0D+00 1.8D-08 0.0D+00       25      215       25      250  S
     19      1   2.3062510118655427D-01 5.0D-09 0.0D+00 2.4D-09 0.0D+00       22      125       22      220  S
     19      1   2.3062510118643026D-01 5.0D-09 0.0D+00 8.9D-09 0.0D+00       22      108       22      220  S
     19      1   2.3062510118628834D-01 5.0D-09 0.0D+00 5.7D-09 0.0D+00       22      125       22      220  S
     19      1   2.3062510118643639D-01 5.0D-09 0.0D+00 7.5D-09 0.0D+00       22      121       22      220  S
     19      1   2.3062510118652343D-01 5.0D-09 0.0D+00 1.8D-09 0.0D+00       22      115       22      220  S
     19      1   2.5653498905085248D-01 5.4D-09 0.0D+00 1.3D-09 0.0D+00       22      150       22      220  S
     19      1   2.3062510118587423D-01 5.0D-09 0.0D+00 9.1D-09 0.0D+00       21      128       21      210  S
     19      1   2.3062510118633284D-01 5.0D-09 0.0D+00 3.3D-09 0.0D+00       22      109       22      220  S
     19      1   2.3062510118750754D-01 5.0D-09 0.0D+00 4.4D-09 0.0D+00       23      135       23      230  S
     19      1   2.3062510118644458D-01 5.0D-09 0.0D+00 1.9D-09 0.0D+00       22      117       22      220  S
     19      1   2.3062510118643606D-01 5.0D-09 0.0D+00 2.7D-09 0.0D+00       22      114       22      220  S
     19      1   2.3062510118643334D-01 5.0D-09 0.0D+00 2.5D-09 0.0D+00       22      115       22      220  S
     19      1   2.3062510118640622D-01 5.0D-09 0.0D+00 1.1D-09 0.0D+00       22      110       22      220  S
     19      1   2.3062510118734680D-01 5.0D-09 0.0D+00 4.7D-09 0.0D+00       23      133       23      230  S
     19      1   2.3062510118650092D-01 5.0D-09 0.0D+00 6.6D-09 0.0D+00       22      111       22      220  S
     19      1   2.3062510118636600D-01 5.0D-09 0.0D+00 4.7D-09 0.0D+00       22      112       22      220  S
     19      1   2.3062510118733279D-01 5.0D-09 0.0D+00 8.5D-09 0.0D+00       23      129       23      230  S
     19      1   2.3062510118621907D-01 5.0D-09 0.0D+00 2.2D-09 0.0D+00       22      105       22      220  S
     19      1   2.3062510118653023D-01 5.0D-09 0.0D+00 4.0D-09 0.0D+00       22      112       22      220  S
     19      1   2.3062510118644047D-01 5.0D-09 0.0D+00 9.7D-09 0.0D+00       22      116       22      220  S
     19      1   2.5529635327605255D-01 5.9D-09 0.0D+00 2.6D-07 0.0D+00       24      269       24      240  S
     19      1   2.3062510118630236D-01 5.0D-09 0.0D+00 3.1D-08 0.0D+00       23      143       23      230  S
     19      1   2.5570817668972917D-01 6.1D-09 0.0D+00 4.9D-08 0.0D+00       24      172       24      240  S
     19      1   2.5570817668801760D-01 6.1D-09 0.0D+00 1.7D-08 0.0D+00       24      167       24      240  S
     19      1   2.3062510118640972D-01 5.0D-09 0.0D+00 8.6D-09 0.0D+00       22      117       22      220  S
     19      1   2.3062510118634488D-01 5.0D-09 0.0D+00 5.1D-09 0.0D+00       22      118       22      220  S
     19      1   2.3062510118642032D-01 5.0D-09 0.0D+00 8.5D-09 0.0D+00       22      108       22      220  S
     19      1   2.3062510118631099D-01 5.0D-09 0.0D+00 8.7D-09 0.0D+00       22      114       22      220  S
     19      1   2.3062510118655574D-01 5.0D-09 0.0D+00 4.1D-09 0.0D+00       22      115       22      220  S
     19      1   2.3062510118639176D-01 5.0D-09 0.0D+00 1.7D-08 0.0D+00       23      127       23      230  S
     19      1   2.3062510118638146D-01 5.0D-09 0.0D+00 4.9D-09 0.0D+00       22      113       22      220  S
     19      1   2.3062510118627111D-01 5.0D-09 0.0D+00 4.6D-09 0.0D+00       22      109       22      220  S
     19      1   2.3062510118634441D-01 5.0D-09 0.0D+00 3.6D-09 0.0D+00       22      119       22      220  S
     19      1   2.5653498905088740D-01 5.4D-09 0.0D+00 6.2D-09 0.0D+00       22      145       22      220  S
     19      1   2.3062510118640259D-01 5.0D-09 0.0D+00 2.0D-10 0.0D+00       22      112       22      220  S
     19      1   2.3062510118639931D-01 5.0D-09 0.0D+00 6.3D-09 0.0D+00       22      125       22      220  S
     19      1   2.5570817668831641D-01 6.1D-09 0.0D+00 2.1D-08 0.0D+00       24      186       24      240  S
     19      1   2.3062510118636034D-01 5.0D-09 0.0D+00 3.1D-08 0.0D+00       23      124       23      230  S
     19      1   2.3062510118639962D-01 5.0D-09 0.0D+00 9.2D-10 0.0D+00       22      112       22      220  S
     19      1   2.5570817668908474D-01 6.1D-09 0.0D+00 7.3D-09 0.0D+00       23      178       23      230  S
     19      1   2.3062510118634708D-01 5.0D-09 0.0D+00 1.4D-08 0.0D+00       23      117       23      230  S
     19      1   2.3062510118622329D-01 5.0D-09 0.0D+00 3.4D-09 0.0D+00       22      109       22      220  S
     19      1   2.3062510118632065D-01 5.0D-09 0.0D+00 1.6D-09 0.0D+00       22      114       22      220  S
     19      1   2.3062510118624599D-01 5.0D-09 0.0D+00 1.7D-09 0.0D+00       22      118       22      220  S
     19      1   2.3062510118633922D-01 5.0D-09 0.0D+00 8.3D-09 0.0D+00       22      119       22      220  S
     19      1   2.3062510118641172D-01 5.0D-09 0.0D+00 3.9D-09 0.0D+00       22      112       22      220  S
     19      1   3.0115750839687450D-01 1.5D-02 0.0D+00 1.0D+00 0.0D+00       22      150       23      230  S
     19      1   2.3062510118625087D-01 5.0D-09 0.0D+00 1.5D-09 0.0D+00       22      118       22      220  S
     19      1   2.3062510118646792D-01 5.0D-09 0.0D+00 4.8D-09 0.0D+00       22      112       22      220  S
     19      1   2.5653498905103977D-01 5.4D-09 0.0D+00 1.1D-09 0.0D+00       22      172       22      220  S
     19      1   2.3062510118640336D-01 5.0D-09 0.0D+00 7.1D-09 0.0D+00       22      126       22      220  S
     19      1   2.3062510118636864D-01 5.0D-09 0.0D+00 3.5D-09 0.0D+00       22      111       22      220  S
     19      1   2.3062510118640642D-01 5.0D-09 0.0D+00 6.0D-09 0.0D+00       22      125       22      220  S
     19      1   2.3062510118603219D-01 5.0D-09 0.0D+00 6.6D-09 0.0D+00       21      103       21      210  S
     19      1   2.3062510118598345D-01 5.0D-09 0.0D+00 9.5D-10 0.0D+00       21      105       21      210  S
     19      1   2.3062510118639867D-01 5.0D-09 0.0D+00 9.0D-09 0.0D+00       22      110       22      220  S
     19      1   2.3062510118652566D-01 5.0D-09 0.0D+00 4.9D-09 0.0D+00       22      112       22      220  S
     19      1   2.3062510118632279D-01 5.0D-09 0.0D+00 1.7D-09 0.0D+00       22      111       22      220  S
     19      1   2.3062510118619015D-01 5.0D-09 0.0D+00 9.4D-09 0.0D+00       22      109       22      220  S
     19      1   2.3062510118757945D-01 5.0D-09 0.0D+00 4.6D-09 0.0D+00       23      135       23      230  S
     19      1   2.5570817668929247D-01 6.1D-09 0.0D+00 9.9D-09 0.0D+00       23      184       23      230  S
     19      1   2.3062510118636753D-01 5.0D-09 0.0D+00 6.5D-09 0.0D+00       22      130       22      220  S
     19      1   2.3062510118643720D-01 5.0D-09 0.0D+00 1.5D-09 0.0D+00       22      111       22      220  S
     19      1   2.3062510118763543D-01 5.0D-09 0.0D+00 9.3D-09 0.0D+00       23      129       23      230  S
     19      1   2.3062510118645854D-01 5.0D-09 0.0D+00 2.4D-09 0.0D+00       22      116       22      220  S
     19      1   2.3062510118615467D-01 5.0D-09 0.0D+00 8.7D-09 0.0D+00       21      111       21      210  S
     19      1   2.3062510118632085D-01 5.0D-09 0.0D+00 3.1D-09 0.0D+00       22      130       22      220  S
     19      1   2.3062510118745566D-01 5.0D-09 0.0D+00 1.8D-09 0.0D+00       23      152       23      230  S
     19      1   2.5570817668765794D-01 6.1D-09 0.0D+00 1.6D-08 0.0D+00       24      164       24      240  S
     19      1   2.3062510118632573D-01 5.0D-09 0.0D+00 4.0D-09 0.0D+00       22      125       22      220  S
     19      1   2.3062510118644214D-01 5.0D-09 0.0D+00 7.1D-10 0.0D+00       22      111       22      220  S
     19      1   2.3062510118631618D-01 5.0D-09 0.0D+00 6.3D-09 0.0D+00       22      108       22      220  S
     19      1   2.5653498905084943D-01 5.4D-09 0.0D+00 5.4D-09 0.0D+00       22      150       22      220  S
     19      1   2.3062510118626525D-01 5.0D-09 0.0D+00 9.3D-09 0.0D+00       22      112       22      220  S
     19      1   2.3062510118630375D-01 5.0D-09 0.0D+00 3.6D-09 0.0D+00       22      109       22      220  S
     19      1   2.5653498905504346D-01 5.4D-09 0.0D+00 3.2D-09 0.0D+00       21      179       21      210  S
     19      1   2.5570817668888929D-01 6.1D-09 0.0D+00 9.5D-09 0.0D+00       23      165       23      230  S
     19      1   2.3062510118657314D-01 5.0D-09 0.0D+00 8.0D-09 0.0D+00       22      121       22      220  S
     19      1   2.3062510118630311D-01 5.0D-09 0.0D+00 1.8D-10 0.0D+00       22      114       22      220  S
     19      1   2.5653498905142519D-01 5.4D-09 0.0D+00 9.2D-09 0.0D+00       22      160       22      220  S
     19      1   2.3062510118630150D-01 5.0D-09 0.0D+00 5.9D-10 0.0D+00       22      117       22      220  S
     19      1   2.3062510118634835D-01 5.0D-09 0.0D+00 1.5D-09 0.0D+00       22      107       22      220  S
     19      1   2.3062510118638660D-01 5.0D-09 0.0D+00 1.6D-09 0.0D+00       22      122       22      220  S
     19      1   2.3062510118584414D-01 5.0D-09 0.0D+00 1.7D-09 0.0D+00       21      113       21      210  S
     19      1   3.0438971795501801D-01 6.5D-09 0.0D+00 3.2D-07 0.0D+00       22      167       22      220  S
     19      1   2.5570817669073476D-01 6.1D-09 0.0D+00 2.1D-08 0.0D+00       25      208       25      250  S
     19      1   2.3062510118644181D-01 5.0D-09 0.0D+00 8.7D-09 0.0D+00       22      138       22      220  S
     19      1   2.3062510118769508D-01 5.0D-09 0.0D+00 2.9D-08 0.0D+00       25      146       25      250  S
     19      1   2.6074343068624928D-01 3.1D-07 0.0D+00 1.2D-02 0.0D+00       25      148       26      260  S
     19      1   2.5653498905085137D-01 5.4D-09 0.0D+00 1.4D-09 0.0D+00       22      171       22      220  S
     19      1   2.3062510118656165D-01 5.0D-09 0.0D+00 6.9D-09 0.0D+00       22      152       22      220  S
     19      1   2.3062510118648688D-01 5.0D-09 0.0D+00 4.3D-09 0.0D+00       22      109       22      220  S
     19      1   2.5570817669033846D-01 6.1D-09 0.0D+00 2.3D-08 0.0D+00       25      220       25      250  S
     19      1   2.3062510118631804D-01 5.0D-09 0.0D+00 8.6D-09 0.0D+00       22      109       22      220  S
     19      1   2.5570817668824319D-01 6.1D-09 0.0D+00 8.6D-09 0.0D+00       22      141       22      220  S
     19      1   2.3062510118641830D-01 5.0D-09 0.0D+00 5.7D-09 0.0D+00       22      110       22      220  S
     19      1   2.3062510118757509D-01 5.0D-09 0.0D+00 1.4D-09 0.0D+00       23      127       23      230  S
     19      1   2.3062510118655688D-01 5.0D-09 0.0D+00 5.7D-08 0.0D+00       24      138       24      240  S
     19      1   2.3062510118639762D-01 5.0D-09 0.0D+00 6.8D-09 0.0D+00       22      127       22      220  S
     19      1   2.3062510118612745D-01 5.0D-09 0.0D+00 9.7D-09 0.0D+00       21      106       21      210  S
     19      1   2.3062510118643953D-01 5.0D-09 0.0D+00 1.1D-08 0.0D+00       23      120       23      230  S
     19      1   2.3062510118633314D-01 5.0D-09 0.0D+00 4.4D-09 0.0D+00       22      110       22      220  S
     19      1   2.6097874023235673D-01 5.5D-09 0.0D+00 2.0D-08 0.0D+00       24      188       24      240  S
     19      1   2.5570817669620216D-01 6.1D-09 0.0D+00 2.1D-08 0.0D+00       25      200       25      250  S
     19      1   2.5653498905102085D-01 5.4D-09 0.0D+00 3.8D-09 0.0D+00       22      140       22      220  S
     19      1   2.5570817668794843D-01 6.1D-09 0.0D+00 3.2D-08 0.0D+00       24      175       24      240  S
     19      1   2.3062510118661014D-01 5.0D-09 0.0D+00 3.2D-09 0.0D+00       22      136       22      220  S
     19      1   2.5693868646194379D-01 5.0D-09 0.0D+00 6.2D-09 0.0D+00       22      139       22      220  S
     19      1   2.3062510118629090D-01 5.0D-09 0.0D+00 1.4D-09 0.0D+00       22      135       22      220  S
     19      1   2.3062510118621149D-01 5.0D-09 0.0D+00 8.9D-09 0.0D+00       22      111       22      220  S
     19      1   2.3062510118770277D-01 5.0D-09 0.0D+00 6.1D-09 0.0D+00       23      130       23      230  S
     19      1   2.5653498905099359D-01 5.4D-09 0.0D+00 6.6D-09 0.0D+00       22      165       22      220  S
     19      1   2.3062510118635315D-01 5.0D-09 0.0D+00 9.5D-09 0.0D+00       22      108       22      220  S
     19      1   2.3062510118642435D-01 5.0D-09 0.0D+00 6.1D-09 0.0D+00       22      122       22      220  S
     19      1   2.3062510118638632D-01 5.0D-09 0.0D+00 9.5D-09 0.0D+00       22      114       22      220  S
     19      1   2.5570817668820678D-01 6.1D-09 0.0D+00 1.9D-08 0.0D+00       24      180       24      240  S
     19      1   2.3062510118624316D-01 5.0D-09 0.0D+00 4.0D-09 0.0D+00       22      132       22      220  S
     19      1   2.3062510118636628D-01 5.0D-09 0.0D+00 9.5D-09 0.0D+00       22      123       22      220  S
     19      1   2.3062510118651069D-01 5.0D-09 0.0D+00 4.8D-09 0.0D+00       22      130       22      220  S
     19      1   2.3062510118637747D-01 5.0D-09 0.0D+00 2.1D-08 0.0D+00       23      135       23      230  S
     19      1   2.3062510118628013D-01 5.0D-09 0.0D+00 5.0D-09 0.0D+00       22      112       22      220  S
     19      1   2.3062510118629853D-01 5.0D-09 0.0D+00 3.4D-09 0.0D+00       22      110       22      220  S
     19      1   2.3062510118630630D-01 5.0D-09 0.0D+00 6.3D-09 0.0D+00       22      110       22      220  S
     19      1   2.3062510118629195D-01 5.0D-09 0.0D+00 9.3D-09 0.0D+00       22      107       22      220  S
     19      1   2.5653498908039890D-01 5.4D-09 0.0D+00 4.9D-08 0.0D+00       23      189       23      230  S
     19      1   2.3062510118731835D-01 5.0D-09 0.0D+00 6.7D-09 0.0D+00       22      134       22      220  S
     19      1   2.5653498905482019D-01 5.4D-09 0.0D+00 8.2D-11 0.0D+00       22      236       22      220  S
     19      1   2.3062510118641086D-01 5.0D-09 0.0D+00 2.1D-08 0.0D+00       23      120       23      230  S
     19      1   2.3062510118629842D-01 5.0D-09 0.0D+00 2.2D-09 0.0D+00       22      110       22      220  S
     19      1   2.3062510118653823D-01 5.0D-09 0.0D+00 3.4D-09 0.0D+00       22      124       22      220  S
     19      1   2.3062510118640156D-01 5.0D-09 0.0D+00 8.4D-09 0.0D+00       22      116       22      220  S
     19      1   2.3062510118647259D-01 5.0D-09 0.0D+00 6.6D-09 0.0D+00       22      114       22      220  S
     19      1   1.1958574199045482D+00 0.0D+00 0.0D+00 1.0D+00 0.0D+00        3       38        3       30  S
     19      1   2.3062510118648580D-01 5.0D-09 0.0D+00 1.8D-10 0.0D+00       22      116       22      220  S
     19      1   2.3062510118625748D-01 5.0D-09 0.0D+00 7.6D-09 0.0D+00       22      108       22      220  S
     19      1   2.3062510118649326D-01 5.0D-09 0.0D+00 4.6D-10 0.0D+00       22      118       22      220  S
     19      1   2.3062510118632493D-01 5.0D-09 0.0D+00 5.7D-09 0.0D+00       22      117       22      220  S
     19      1   2.3062510118647153D-01 5.0D-09 0.0D+00 3.5D-08 0.0D+00       23      111       23      230  S
     19      1   2.3062510118651461D-01 5.0D-09 0.0D+00 5.7D-09 0.0D+00       22      110       22      220  S
     19      1   2.3062510118625076D-01 5.0D-09 0.0D+00 7.6D-10 0.0D+00       22      113       22      220  S
     19      1   2.6026827261298541D-01 5.2D-09 0.0D+00 5.8D-04 0.0D+00       23      235       23      230  S
     19      1   2.3062510118633528D-01 5.0D-09 0.0D+00 6.2D-10 0.0D+00       22      110       22      220  S
     19      1   2.3062510118635987D-01 5.0D-09 0.0D+00 1.8D-09 0.0D+00       22      111       22      220  S
     19      1   2.6073985099453878D-01 5.8D-09 0.0D+00 2.7D-09 0.0D+00       22      135       22      220  S
     19      1   6.7641027935527442D-01 1.6D-03 0.0D+00 1.0D+00 0.0D+00       21      113       22      220  S
     19      1   2.5570817668973012D-01 6.1D-09 0.0D+00 1.6D-07 0.0D+00       24      175       24      240  S
     19      1   2.3062510118749785D-01 5.0D-09 0.0D+00 2.7D-09 0.0D+00       23      160       23      230  S
     19      1   2.3062510118660132D-01 5.0D-09 0.0D+00 3.5D-09 0.0D+00       22      109       22      220  S
     19      1   2.3062510118631144D-01 5.0D-09 0.0D+00 8.0D-09 0.0D+00       22      117       22      220  S
     19      1   2.3062510118623905D-01 5.0D-09 0.0D+00 5.4D-09 0.0D+00       22      107       22      220  S
     19      1   2.3062510118632712D-01 5.0D-09 0.0D+00 6.9D-09 0.0D+00       22      110       22      220  S
     19      1   2.3062510118634580D-01 5.0D-09 0.0D+00 5.2D-10 0.0D+00       22      130       22      220  S
     19      1   2.3062510118637775D-01 5.0D-09 0.0D+00 2.3D-09 0.0D+00       22      124       22      220  S
     19      1   2.3062510118666701D-01 5.0D-09 0.0D+00 4.3D-09 0.0D+00       22      160       22      220  S
     19      1   2.3062510118638815D-01 5.0D-09 0.0D+00 2.8D-09 0.0D+00       22      110       22      220  S
     19      1   2.3062510118644777D-01 5.0D-09 0.0D+00 4.7D-09 0.0D+00       22      111       22      220  S
