     13      1   3.0709939017647359D-01 6.2D-09 0.0D+00 4.6D-09 0.0D+00       22      110       22      220  S
     13      1   3.1753493583004672D-01 7.5D-09 0.0D+00 2.9D-09 0.0D+00       22      156       22      220  S
     13      1   3.1753493582962561D-01 7.5D-09 0.0D+00 2.0D-09 0.0D+00       21      152       21      210  S
     13      1   3.0709939017646182D-01 6.2D-09 0.0D+00 4.1D-09 0.0D+00       22      123       22      220  S
     13      1   3.0709939017647059D-01 6.2D-09 0.0D+00 7.5D-10 0.0D+00       22      115       22      220  S
     13      1   3.0709939017621801D-01 6.2D-09 0.0D+00 2.1D-08 0.0D+00       22      126       22      220  S
     13      1   3.1753493582939546D-01 7.5D-09 0.0D+00 8.6D-10 0.0D+00       22      146       22      220  S
     13      1   3.1753493582930464D-01 7.5D-09 0.0D+00 2.5D-09 0.0D+00       22      134       22      220  S
     13      1   3.1753493582905135D-01 7.5D-09 0.0D+00 3.0D-09 0.0D+00       21      126       21      210  S
     13      1   3.0709939017669829D-01 6.2D-09 0.0D+00 3.3D-09 0.0D+00       22      124       22      220  S
     13      1   3.1753493582927667D-01 7.5D-09 0.0D+00 4.0D-11 0.0D+00       22      154       22      220  S
     13      1   2.9871247032307868D-01 5.5D-09 0.0D+00 5.3D-09 0.0D+00       22      115       22      220  S
     13      1   3.1753493582895798D-01 7.5D-09 0.0D+00 8.7D-09 0.0D+00       21      107       21      210  S
     13      1   2.9871247032313836D-01 5.5D-09 0.0D+00 8.9D-09 0.0D+00       22      112       22      220  S
     13      1   3.1753493582937115D-01 7.5D-09 0.0D+00 1.5D-08 0.0D+00       23      148       23      230  S
     13      1   3.1753493583011755D-01 7.5D-09 0.0D+00 7.8D-09 0.0D+00       22      145       22      220  S
     13      1   3.1753493582976339D-01 7.5D-09 0.0D+00 6.4D-09 0.0D+00       22      155       22      220  S
     13      1   2.9871247032307491D-01 5.5D-09 0.0D+00 3.7D-08 0.0D+00       23      125       23      230  S
     13      1   3.1753493582960773D-01 7.5D-09 0.0D+00 3.6D-09 0.0D+00       21      131       21      210  S
     13      1   3.1753493582944753D-01 7.5D-09 0.0D+00 3.4D-09 0.0D+00       22      141       22      220  S
     13      1   2.9871247032279158D-01 5.5D-09 0.0D+00 2.2D-09 0.0D+00       21      108       21      210  S
     13      1   3.0709939017628851D-01 6.2D-09 0.0D+00 1.0D-08 0.0D+00       21      106       21      210  S
     13      1   3.1753493582917103D-01 7.5D-09 0.0D+00 9.1D-09 0.0D+00       21      131       21      210  S
     13      1   3.0709939017625176D-01 6.2D-09 0.0D+00 9.2D-09 0.0D+00       21      104       21      210  S
     13      1   2.9871247032305698D-01 5.5D-09 0.0D+00 1.9D-09 0.0D+00       22      119       22      220  S
     13      1   3.1753493582758896D-01 7.5D-09 0.0D+00 1.5D-07 0.0D+00       24      160       24      240  S
     13      1   3.1753493582899922D-01 7.5D-09 0.0D+00 8.9D-10 0.0D+00       21      131       21      210  S
     13      1   3.0709939017639981D-01 6.2D-09 0.0D+00 5.0D-10 0.0D+00       22      116       22      220  S
     13      1   2.9871247032295772D-01 5.5D-09 0.0D+00 4.5D-09 0.0D+00       22      119       22      220  S
     13      1   2.9871247032300779D-01 5.5D-09 0.0D+00 2.0D-11 0.0D+00       22      114       22      220  S
     13      1   3.1753493582385223D-01 7.5D-09 0.0D+00 3.3D-07 0.0D+00       23      149       23      230  S
     13      1   3.1753493582922149D-01 7.5D-09 0.0D+00 1.6D-10 0.0D+00       21      135       21      210  S
     13      1   3.0709939017658477D-01 6.2D-09 0.0D+00 2.4D-09 0.0D+00       22      109       22      220  S
     13      1   3.1753493582923775D-01 7.5D-09 0.0D+00 2.1D-09 0.0D+00       22      148       22      220  S
     13      1   3.1753493582922659D-01 7.5D-09 0.0D+00 2.3D-09 0.0D+00       21      144       21      210  S
     13      1   3.0709939017643234D-01 6.2D-09 0.0D+00 1.1D-09 0.0D+00       22      128       22      220  S
     13      1   3.0709939017656507D-01 6.2D-09 0.0D+00 7.1D-09 0.0D+00       22      107       22      220  S
     13      1   3.1753493582969350D-01 7.5D-09 0.0D+00 1.8D-09 0.0D+00       22      151       22      220  S
     13      1   2.9871247032309473D-01 5.5D-09 0.0D+00 6.2D-09 0.0D+00       22      111       22      220  S
     13      1   3.1753493582752229D-01 7.5D-09 0.0D+00 1.1D-07 0.0D+00       23      132       23      230  S
     13      1   3.0709939017650534D-01 6.2D-09 0.0D+00 9.5D-09 0.0D+00       22      106       22      220  S
     13      1   3.2614088633161603D-01 6.4D-09 0.0D+00 1.5D-08 0.0D+00       23      158       23      230  S
     13      1   2.9893609145952565D-01 5.5D-09 0.0D+00 8.1D-09 0.0D+00       21      118       21      210  S
     13      1   3.0709939017624555D-01 6.2D-09 0.0D+00 8.9D-10 0.0D+00       21      111       21      210  S
     13      1   2.9871247032321036D-01 5.5D-09 0.0D+00 2.3D-09 0.0D+00       22      114       22      220  S
     13      1   3.1753493582902137D-01 7.5D-09 0.0D+00 3.2D-09 0.0D+00       21      129       21      210  S
     13      1   2.9871247032297904D-01 5.5D-09 0.0D+00 2.8D-08 0.0D+00       23      125       23      230  S
     13      1   3.1753493582947934D-01 7.5D-09 0.0D+00 1.7D-08 0.0D+00       23      176       23      230  S
     13      1   2.9871247032302339D-01 5.5D-09 0.0D+00 4.3D-09 0.0D+00       22      120       22      220  S
     13      1   3.0709939017655730D-01 6.2D-09 0.0D+00 4.7D-09 0.0D+00       22      115       22      220  S
     13      1   2.9871247032295312D-01 5.5D-09 0.0D+00 6.0D-09 0.0D+00       22      116       22      220  S
     13      1   3.1753493582465969D-01 7.5D-09 0.0D+00 3.1D-07 0.0D+00       23      181       23      230  S
     13      1   3.1753493582955211D-01 7.5D-09 0.0D+00 3.6D-09 0.0D+00       21      142       21      210  S
     13      1   3.0709939017652638D-01 6.2D-09 0.0D+00 7.3D-09 0.0D+00       22      112       22      220  S
     13      1   3.1753493582700265D-01 7.5D-09 0.0D+00 1.5D-07 0.0D+00       23      134       23      230  S
     13      1   3.1753493582908393D-01 7.5D-09 0.0D+00 6.6D-09 0.0D+00       21      134       21      210  S
     13      1   3.2614088632874277D-01 6.4D-09 0.0D+00 2.2D-07 0.0D+00       24      141       24      240  S
     13      1   3.1753493582981379D-01 7.5D-09 0.0D+00 2.6D-09 0.0D+00       22      135       22      220  S
     13      1   2.9871247032292170D-01 5.5D-09 0.0D+00 1.2D-09 0.0D+00       22      117       22      220  S
     13      1   3.1753493583016584D-01 7.5D-09 0.0D+00 1.7D-08 0.0D+00       24      159       24      240  S
     13      1   3.0709939017631549D-01 6.2D-09 0.0D+00 6.9D-09 0.0D+00       21      102       21      210  S
     13      1   3.0709939017662713D-01 6.2D-09 0.0D+00 1.9D-09 0.0D+00       22      115       22      220  S
     13      1   3.1753493582738773D-01 7.5D-09 0.0D+00 1.4D-07 0.0D+00       24      164       24      240  S
     13      1   2.9871247032294085D-01 5.5D-09 0.0D+00 2.0D-09 0.0D+00       22      113       22      220  S
     13      1   2.9871247032281967D-01 5.5D-09 0.0D+00 4.9D-09 0.0D+00       22      122       22      220  S
     13      1   3.1753493582782011D-01 7.5D-09 0.0D+00 1.2D-07 0.0D+00       22      166       22      220  S
     13      1   3.0709939017605270D-01 6.2D-09 0.0D+00 6.9D-09 0.0D+00       21      122       21      210  S
     13      1   3.0709939017664711D-01 6.2D-09 0.0D+00 1.1D-09 0.0D+00       22      112       22      220  S
     13      1   2.9871247032301912D-01 5.5D-09 0.0D+00 2.0D-09 0.0D+00       22      111       22      220  S
     13      1   3.1753493582882358D-01 7.5D-09 0.0D+00 1.8D-09 0.0D+00       21      144       21      210  S
     13      1   2.9871247032305903D-01 5.5D-09 0.0D+00 2.2D-09 0.0D+00       22      114       22      220  S
     13      1   3.1753493583041387D-01 7.5D-09 0.0D+00 1.0D-10 0.0D+00       22      150       22      220  S
     13      1   3.1753493582975434D-01 7.5D-09 0.0D+00 8.3D-09 0.0D+00       22      144       22      220  S
     13      1   2.9871247032300352D-01 5.5D-09 0.0D+00 3.6D-09 0.0D+00       22      111       22      220  S
     13      1   2.9871247032302894D-01 5.5D-09 0.0D+00 9.8D-09 0.0D+00       22      116       22      220  S
     13      1   3.0709939017606985D-01 6.2D-09 0.0D+00 2.5D-09 0.0D+00       21      103       21      210  S
     13      1   3.1753493582821923D-01 7.5D-09 0.0D+00 6.0D-08 0.0D+00       24      172       24      240  S
     13      1   2.9871247032319159D-01 5.5D-09 0.0D+00 4.9D-09 0.0D+00       22      122       22      220  S
     13      1   2.9871247032310227D-01 5.5D-09 0.0D+00 8.3D-09 0.0D+00       22      119       22      220  S
     13      1   3.1753493582891862D-01 7.5D-09 0.0D+00 1.4D-08 0.0D+00       23      151       23      230  S
     13      1   7.9620162119703397D-01 0.0D+00 0.0D+00 1.0D+00 0.0D+00       22      124       23      230  S
     13      1   2.9871247032285098D-01 5.5D-09 0.0D+00 8.2D-10 0.0D+00       22      115       22      220  S
     13      1   3.0709939017650861D-01 6.2D-09 0.0D+00 1.3D-09 0.0D+00       22      113       22      220  S
     13      1   3.0709939017649907D-01 6.2D-09 0.0D+00 6.9D-09 0.0D+00       22      110       22      220  S
     13      1   3.0709939017658761D-01 6.2D-09 0.0D+00 9.0D-09 0.0D+00       22      110       22      220  S
     13      1   3.1753493582746284D-01 7.5D-09 0.0D+00 1.5D-07 0.0D+00       24      183       24      240  S
     13      1   3.1753493582907033D-01 7.5D-09 0.0D+00 4.2D-10 0.0D+00       21      131       21      210  S
     13      1   3.0709939017591192D-01 6.2D-09 0.0D+00 3.7D-09 0.0D+00       21      117       21      210  S
     13      1   3.1753493582976094D-01 7.5D-09 0.0D+00 8.1D-09 0.0D+00       22      159       22      220  S
     13      1   3.1753493582756265D-01 7.5D-09 0.0D+00 1.1D-07 0.0D+00       24      164       24      240  S
     13      1   3.1753493582926995D-01 7.5D-09 0.0D+00 5.1D-09 0.0D+00       22      144       22      220  S
     13      1   2.9871247032295600D-01 5.5D-09 0.0D+00 1.0D-08 0.0D+00       23      122       23      230  S
     13      1   3.1753493582988107D-01 7.5D-09 0.0D+00 2.2D-09 0.0D+00       22      151       22      220  S
     13      1   2.9871247032278375D-01 5.5D-09 0.0D+00 9.7D-09 0.0D+00       21      107       21      210  S
     13      1   3.0709939017631666D-01 6.2D-09 0.0D+00 9.2D-09 0.0D+00       21      107       21      210  S
     13      1   3.1753493583005749D-01 7.5D-09 0.0D+00 5.8D-09 0.0D+00       22      148       22      220  S
     13      1   2.9871247032290227D-01 5.5D-09 0.0D+00 9.2D-09 0.0D+00       22      115       22      220  S
     13      1   2.9871247032302145D-01 5.5D-09 0.0D+00 7.6D-10 0.0D+00       22      114       22      220  S
     13      1   3.0709939017647953D-01 6.2D-09 0.0D+00 5.3D-09 0.0D+00       22      108       22      220  S
     13      1   3.0709939017637078D-01 6.2D-09 0.0D+00 6.3D-09 0.0D+00       21      108       21      210  S
     13      1   3.1753493582843201D-01 7.5D-09 0.0D+00 5.2D-08 0.0D+00       23      155       23      230  S
     13      1   3.0709939017662891D-01 6.2D-09 0.0D+00 2.9D-09 0.0D+00       22      110       22      220  S
     13      1   3.1753493583013170D-01 7.5D-09 0.0D+00 1.1D-09 0.0D+00       22      145       22      220  S
     13      1   3.0709939017658200D-01 6.2D-09 0.0D+00 3.4D-09 0.0D+00       22      107       22      220  S
     13      1   3.0709939017649429D-01 6.2D-09 0.0D+00 6.1D-10 0.0D+00       22      111       22      220  S
     13      1   2.9871247032312020D-01 5.5D-09 0.0D+00 3.3D-09 0.0D+00       22      113       22      220  S
     13      1   3.0709939017662125D-01 6.2D-09 0.0D+00 4.9D-09 0.0D+00       22      123       22      220  S
     13      1   3.1753493582514142D-01 7.5D-09 0.0D+00 2.8D-07 0.0D+00       23      179       23      230  S
     13      1   3.1753493582930981D-01 7.5D-09 0.0D+00 1.0D-08 0.0D+00       22      129       22      220  S
     13      1   3.0709939018712162D-01 6.2D-09 0.0D+00 1.1D-06 0.0D+00       23      144       23      230  S
     13      1   2.9871247032303699D-01 5.5D-09 0.0D+00 8.4D-09 0.0D+00       22      115       22      220  S
     13      1   2.9871247032235843D-01 5.5D-09 0.0D+00 2.4D-09 0.0D+00       21      108       21      210  S
     13      1   2.9871247032276987D-01 5.5D-09 0.0D+00 5.3D-09 0.0D+00       22      112       22      220  S
     13      1   2.9871247032311160D-01 5.5D-09 0.0D+00 7.1D-09 0.0D+00       22      119       22      220  S
     13      1   3.1753493582901565D-01 7.5D-09 0.0D+00 6.0D-09 0.0D+00       21      145       21      210  S
     13      1   3.0709939017667598D-01 6.2D-09 0.0D+00 1.7D-08 0.0D+00       23      120       23      230  S
     13      1   5.0387369622301925D-01 6.0D-09 0.0D+00 5.9D-09 0.0D+00       21      193       21      210  S
     13      1   3.1753493582948861D-01 7.5D-09 0.0D+00 1.3D-10 0.0D+00       22      134       22      220  S
     13      1   3.1753493582900016D-01 7.5D-09 0.0D+00 1.7D-09 0.0D+00       21      122       21      210  S
     13      1   3.1753493582662218D-01 7.5D-09 0.0D+00 1.7D-07 0.0D+00       24      174       24      240  S
     13      1   3.0709939017648952D-01 6.2D-09 0.0D+00 1.7D-09 0.0D+00       22      112       22      220  S
     13      1   2.9871247032307346D-01 5.5D-09 0.0D+00 9.7D-09 0.0D+00       22      116       22      220  S
     13      1   3.1753493582767084D-01 7.5D-09 0.0D+00 1.5D-07 0.0D+00       23      176       23      230  S
     13      1   3.1753493582879128D-01 7.5D-09 0.0D+00 1.1D-09 0.0D+00       21      117       21      210  S
     13      1   3.0709939017666338D-01 6.2D-09 0.0D+00 4.6D-09 0.0D+00       22      120       22      220  S
     13      1   2.9871247032295289D-01 5.5D-09 0.0D+00 1.3D-09 0.0D+00       22      115       22      220  S
     13      1   3.0709939017645732D-01 6.2D-09 0.0D+00 6.0D-09 0.0D+00       22      112       22      220  S
     13      1   2.9871247032279352D-01 5.5D-09 0.0D+00 5.2D-09 0.0D+00       22      121       22      220  S
     13      1   3.0709939017666837D-01 6.2D-09 0.0D+00 2.6D-10 0.0D+00       22      112       22      220  S
     13      1   3.0709939017653942D-01 6.2D-09 0.0D+00 6.0D-09 0.0D+00       22      119       22      220  S
     13      1   2.9871247032304282D-01 5.5D-09 0.0D+00 4.6D-09 0.0D+00       22      112       22      220  S
     13      1   2.9871247032303960D-01 5.5D-09 0.0D+00 2.7D-09 0.0D+00       22      113       22      220  S
     13      1   3.0709939017637705D-01 6.2D-09 0.0D+00 2.1D-09 0.0D+00       22      117       22      220  S
     13      1   3.0709939017657384D-01 6.2D-09 0.0D+00 8.3D-09 0.0D+00       22      109       22      220  S
     13      1   3.0709939017656396D-01 6.2D-09 0.0D+00 3.9D-09 0.0D+00       22      108       22      220  S
     13      1   3.1753493582977410D-01 7.5D-09 0.0D+00 3.5D-08 0.0D+00       24      167       24      240  S
     13      1   2.9871247032286230D-01 5.5D-09 0.0D+00 9.5D-09 0.0D+00       22      112       22      220  S
     13      1   3.1753493582947484D-01 7.5D-09 0.0D+00 9.3D-09 0.0D+00       22      123       22      220  S
     13      1   3.1753493582771203D-01 7.5D-09 0.0D+00 1.0D-07 0.0D+00       24      154       24      240  S
     13      1   3.1753493582499143D-01 7.5D-09 0.0D+00 2.8D-07 0.0D+00       23      147       23      230  S
     13      1   3.1753493582581649D-01 7.5D-09 0.0D+00 2.2D-07 0.0D+00       23      171       23      230  S
     13      1   3.1753493582970155D-01 7.5D-09 0.0D+00 1.3D-09 0.0D+00       21      159       21      210  S
     13      1   2.9871247032293730D-01 5.5D-09 0.0D+00 3.3D-09 0.0D+00       22      122       22      220  S
     13      1   3.0709939017664412D-01 6.2D-09 0.0D+00 9.5D-09 0.0D+00       22      106       22      220  S
     13      1   3.1753493582946701D-01 7.5D-09 0.0D+00 8.3D-09 0.0D+00       22      133       22      220  S
     13      1   3.0709939017648924D-01 6.2D-09 0.0D+00 1.8D-09 0.0D+00       22      110       22      220  S
     13      1   3.0709939017635673D-01 6.2D-09 0.0D+00 5.6D-09 0.0D+00       21      108       21      210  S
     13      1   2.9871247032306181D-01 5.5D-09 0.0D+00 3.3D-09 0.0D+00       22      112       22      220  S
     13      1   3.1753493582895631D-01 7.5D-09 0.0D+00 9.1D-09 0.0D+00       21      140       21      210  S
     13      1   3.1753493582912856D-01 7.5D-09 0.0D+00 5.6D-09 0.0D+00       21      123       21      210  S
     13      1   3.0709939017636134D-01 6.2D-09 0.0D+00 1.4D-09 0.0D+00       21      106       21      210  S
     13      1   3.0709939017636606D-01 6.2D-09 0.0D+00 3.7D-09 0.0D+00       22      112       22      220  S
     13      1   3.1753493582586978D-01 7.5D-09 0.0D+00 2.2D-07 0.0D+00       23      146       23      230  S
     13      1   3.1753493583018538D-01 7.5D-09 0.0D+00 2.3D-09 0.0D+00       22      133       22      220  S
     13      1   3.1753493582435555D-01 7.5D-09 0.0D+00 3.3D-07 0.0D+00       23      157       23      230  S
     13      1   3.1753493582948550D-01 7.5D-09 0.0D+00 3.8D-09 0.0D+00       22      134       22      220  S
     13      1   3.0709939017641918D-01 6.2D-09 0.0D+00 5.0D-09 0.0D+00       21      112       21      210  S
     13      1   3.0709939017653820D-01 6.2D-09 0.0D+00 7.3D-09 0.0D+00       22      113       22      220  S
     13      1   3.1753493582745473D-01 7.5D-09 0.0D+00 1.0D-07 0.0D+00       23      137       23      230  S
     13      1   2.9871247032284637D-01 5.5D-09 0.0D+00 7.5D-09 0.0D+00       22      120       22      220  S
     13      1   2.9871247032305054D-01 5.5D-09 0.0D+00 2.0D-09 0.0D+00       22      116       22      220  S
     13      1   2.9871247032298098D-01 5.5D-09 0.0D+00 6.7D-09 0.0D+00       22      113       22      220  S
     13      1   3.1753493582705500D-01 7.5D-09 0.0D+00 1.4D-07 0.0D+00       24      157       24      240  S
     13      1   3.1753493582725090D-01 7.5D-09 0.0D+00 1.3D-07 0.0D+00       24      167       24      240  S
     13      1   2.9871247032315701D-01 5.5D-09 0.0D+00 8.1D-09 0.0D+00       22      112       22      220  S
     13      1   2.9871247032294118D-01 5.5D-09 0.0D+00 1.7D-09 0.0D+00       22      111       22      220  S
     13      1   3.1753493582650322D-01 7.5D-09 0.0D+00 1.5D-07 0.0D+00       23      143       23      230  S
     13      1   3.1753493582965386D-01 7.5D-09 0.0D+00 5.7D-09 0.0D+00       22      171       22      220  S
     13      1   3.0709939017631366D-01 6.2D-09 0.0D+00 1.2D-09 0.0D+00       21      104       21      210  S
     13      1   3.0709939017630672D-01 6.2D-09 0.0D+00 6.8D-09 0.0D+00       22      111       22      220  S
     13      1   3.1753493582997888D-01 7.5D-09 0.0D+00 3.8D-10 0.0D+00       22      162       22      220  S
     13      1   3.1753493582699316D-01 7.5D-09 0.0D+00 1.6D-07 0.0D+00       22      141       22      220  S
     13      1   3.1753493582864456D-01 7.5D-09 0.0D+00 7.1D-08 0.0D+00       24      157       24      240  S
     13      1   3.0709939017673765D-01 6.2D-09 0.0D+00 4.4D-09 0.0D+00       22      107       22      220  S
     13      1   3.1753493582893988D-01 7.5D-09 0.0D+00 8.3D-09 0.0D+00       21      129       21      210  S
     13      1   3.1753493582506770D-01 7.5D-09 0.0D+00 3.1D-07 0.0D+00       24      163       24      240  S
     13      1   3.0709939017629101D-01 6.2D-09 0.0D+00 2.7D-09 0.0D+00       21      103       21      210  S
     13      1   3.1315607218298402D-01 6.0D-02 0.0D+00 1.0D+00 0.0D+00       21      110       22      220  S
     13      1   3.1753493582498105D-01 7.5D-09 0.0D+00 2.7D-07 0.0D+00       23      142       23      230  S
     13      1   3.1753493582921100D-01 7.5D-09 0.0D+00 2.8D-09 0.0D+00       21      132       21      210  S
     13      1   2.9871247032306925D-01 5.5D-09 0.0D+00 3.2D-09 0.0D+00       22      111       22      220  S
     13      1   3.1753493582971720D-01 7.5D-09 0.0D+00 1.3D-08 0.0D+00       24      166       24      240  S
     13      1   3.1753493582994918D-01 7.5D-09 0.0D+00 3.1D-09 0.0D+00       22      164       22      220  S
     13      1   3.2081123583239107D-01 6.8D-09 0.0D+00 1.6D-09 0.0D+00       22      154       22      220  S
     13      1   3.0709939017659565D-01 6.2D-09 0.0D+00 2.1D-09 0.0D+00       22      118       22      220  S
     13      1   3.0709939017630955D-01 6.2D-09 0.0D+00 8.0D-09 0.0D+00       21      106       21      210  S
     13      1   3.1753493582943942D-01 7.5D-09 0.0D+00 4.8D-09 0.0D+00       22      139       22      220  S
     13      1   3.1753493582650349D-01 7.5D-09 0.0D+00 2.2D-07 0.0D+00       24      153       24      240  S
     13      1   3.1753493582536990D-01 7.5D-09 0.0D+00 3.1D-07 0.0D+00       23      151       23      230  S
     13      1   2.9871247032296222D-01 5.5D-09 0.0D+00 3.1D-09 0.0D+00       22      114       22      220  S
     13      1   2.9871247032306131D-01 5.5D-09 0.0D+00 9.6D-10 0.0D+00       22      118       22      220  S
     13      1   3.0709939017673205D-01 6.2D-09 0.0D+00 6.6D-09 0.0D+00       22      115       22      220  S
     13      1   2.9871247032295045D-01 5.5D-09 0.0D+00 7.8D-09 0.0D+00       22      114       22      220  S
     13      1   3.0709939017647864D-01 6.2D-09 0.0D+00 5.9D-09 0.0D+00       21      106       21      210  S
     13      1   3.0709939017676086D-01 6.2D-09 0.0D+00 9.1D-09 0.0D+00       22      110       22      220  S
     13      1   9.5877570708863369D-01 0.0D+00 0.0D+00 9.6D-01 0.0D+00        3       37        3       30  S
     13      1   3.1753493582980474D-01 7.5D-09 0.0D+00 6.5D-09 0.0D+00       22      158       22      220  S
     13      1   3.1753493582945397D-01 7.5D-09 0.0D+00 6.4D-09 0.0D+00       22      130       22      220  S
     13      1   2.9871247032293413D-01 5.5D-09 0.0D+00 8.6D-09 0.0D+00       22      116       22      220  S
     13      1   2.9871247032311582D-01 5.5D-09 0.0D+00 7.7D-09 0.0D+00       22      113       22      220  S
     13      1   3.1753493582433712D-01 7.5D-09 0.0D+00 3.1D-07 0.0D+00       22      136       22      220  S
     13      1   2.9871247032290449D-01 5.5D-09 0.0D+00 8.6D-09 0.0D+00       22      115       22      220  S
     13      1   3.1753493582963827D-01 7.5D-09 0.0D+00 2.6D-08 0.0D+00       23      137       23      230  S
     13      1   3.1753493583018982D-01 7.5D-09 0.0D+00 3.6D-10 0.0D+00       22      138       22      220  S
     13      1   3.1753493582921660D-01 7.5D-09 0.0D+00 2.7D-09 0.0D+00       21      133       21      210  S
     13      1   3.1753493582905579D-01 7.5D-09 0.0D+00 2.3D-08 0.0D+00       22      146       22      220  S
     13      1   3.0709939017621224D-01 6.2D-09 0.0D+00 6.2D-09 0.0D+00       21      110       21      210  S
     13      1   2.9871247032300174D-01 5.5D-09 0.0D+00 2.3D-09 0.0D+00       22      115       22      220  S
     13      1   3.1753493582953590D-01 7.5D-09 0.0D+00 1.2D-09 0.0D+00       22      138       22      220  S
     13      1   3.1753493583008713D-01 7.5D-09 0.0D+00 1.1D-08 0.0D+00       23      155       23      230  S
     13      1   3.0709939017649041D-01 6.2D-09 0.0D+00 7.2D-09 0.0D+00       22      123       22      220  S
     13      1   2.9871247032327536D-01 5.5D-09 0.0D+00 1.6D-08 0.0D+00       23      120       23      230  S
     13      1   2.9871247032298670D-01 5.5D-09 0.0D+00 7.1D-09 0.0D+00       22      115       22      220  S
     13      1   3.1753493582963016D-01 7.5D-09 0.0D+00 1.9D-09 0.0D+00       22      148       22      220  S
     13      1   2.9871247032289550D-01 5.5D-09 0.0D+00 1.7D-08 0.0D+00       23      130       23      230  S
     13      1   2.9871247032306752D-01 5.5D-09 0.0D+00 7.7D-09 0.0D+00       22      111       22      220  S
     13      1   3.1753493582927173D-01 7.5D-09 0.0D+00 9.0D-09 0.0D+00       21      129       21      210  S
     13      1   2.9871247032283543D-01 5.5D-09 0.0D+00 4.7D-09 0.0D+00       22      117       22      220  S
     13      1   3.1753493582869380D-01 7.5D-09 0.0D+00 2.8D-08 0.0D+00       24      175       24      240  S
     13      1   2.9871247032301201D-01 5.5D-09 0.0D+00 7.3D-09 0.0D+00       22      117       22      220  S
     13      1   3.0709939017630705D-01 6.2D-09 0.0D+00 7.5D-09 0.0D+00       21      105       21      210  S
     13      1   3.1753493582434078D-01 7.5D-09 0.0D+00 3.1D-07 0.0D+00       23      159       23      230  S
     13      1   2.9871247032292575D-01 5.5D-09 0.0D+00 3.5D-09 0.0D+00       22      111       22      220  S
     13      1   2.9871247032306181D-01 5.5D-09 0.0D+00 1.2D-08 0.0D+00       23      122       23      230  S
     13      1   2.9871247032295162D-01 5.5D-09 0.0D+00 1.7D-09 0.0D+00       22      119       22      220  S
     13      1   3.1753493582973052D-01 7.5D-09 0.0D+00 4.0D-09 0.0D+00       22      129       22      220  S
     13      1   3.1753493582989339D-01 7.5D-09 0.0D+00 2.9D-08 0.0D+00       23      166       23      230  S
     13      1   2.9871247032323767D-01 5.5D-09 0.0D+00 2.1D-09 0.0D+00       22      116       22      220  S
     13      1   2.9871247032321868D-01 5.5D-09 0.0D+00 8.4D-09 0.0D+00       22      113       22      220  S
     13      1   3.1753493582901127D-01 7.5D-09 0.0D+00 9.7D-09 0.0D+00       21      138       21      210  S
     13      1   3.1753493582965125D-01 7.5D-09 0.0D+00 9.6D-09 0.0D+00       22      144       22      220  S
     13      1   3.0709939017658217D-01 6.2D-09 0.0D+00 2.6D-09 0.0D+00       22      115       22      220  S
     13      1   3.0709939017628229D-01 6.2D-09 0.0D+00 7.3D-09 0.0D+00       21      102       21      210  S
     13      1   3.1753493582506637D-01 7.5D-09 0.0D+00 2.7D-07 0.0D+00       23      145       23      230  S
     13      1   3.1753493582603187D-01 7.5D-09 0.0D+00 2.3D-07 0.0D+00       22      152       22      220  S
     13      1   3.1753493582692843D-01 7.5D-09 0.0D+00 1.2D-07 0.0D+00       23      159       23      230  S
     13      1   2.9871247032305692D-01 5.5D-09 0.0D+00 1.9D-09 0.0D+00       22      113       22      220  S
     13      1   2.9871247032305398D-01 5.5D-09 0.0D+00 9.7D-09 0.0D+00       22      115       22      220  S
     13      1   3.0709939017660193D-01 6.2D-09 0.0D+00 2.8D-08 0.0D+00       23      144       23      230  S
     13      1   2.9871247032315251D-01 5.5D-09 0.0D+00 2.3D-10 0.0D+00       22      115       22      220  S
     13      1   3.0709939017652854D-01 6.2D-09 0.0D+00 8.2D-09 0.0D+00       21      102       21      210  S
     13      1   3.0709939017677634D-01 6.2D-09 0.0D+00 3.0D-09 0.0D+00       22      122       22      220  S
     13      1   3.1753493582976000D-01 7.5D-09 0.0D+00 8.2D-09 0.0D+00       22      143       22      220  S
     13      1   3.0709939018065524D-01 6.2D-09 0.0D+00 4.3D-07 0.0D+00       24      131       24      240  S
     13      1   3.1753493582449949D-01 7.5D-09 0.0D+00 3.1D-07 0.0D+00       23      154       23      230  S
     13      1   3.1753493582798753D-01 7.5D-09 0.0D+00 8.5D-08 0.0D+00       23      150       23      230  S
     13      1   2.9871247032304543D-01 5.5D-09 0.0D+00 2.2D-09 0.0D+00       22      113       22      220  S
     13      1   2.9871247032285381D-01 5.5D-09 0.0D+00 5.5D-10 0.0D+00       22      113       22      220  S
     13      1   2.9871247032286496D-01 5.5D-09 0.0D+00 9.7D-09 0.0D+00       22      117       22      220  S
     13      1   3.1753493583001297D-01 7.5D-09 0.0D+00 6.1D-09 0.0D+00       22      152       22      220  S
     13      1   3.0709939017663856D-01 6.2D-09 0.0D+00 5.7D-09 0.0D+00       22      111       22      220  S
     13      1   3.0709939017625160D-01 6.2D-09 0.0D+00 7.1D-09 0.0D+00       22      126       22      220  S
     13      1   2.9871247032297943D-01 5.5D-09 0.0D+00 5.9D-09 0.0D+00       22      109       22      220  S
     13      1   3.0709939017652249D-01 6.2D-09 0.0D+00 7.0D-09 0.0D+00       22      115       22      220  S
     13      1   3.1753493582459030D-01 7.5D-09 0.0D+00 3.0D-07 0.0D+00       24      170       24      240  S
     13      1   3.1753493582531955D-01 7.5D-09 0.0D+00 3.0D-07 0.0D+00       23      149       23      230  S
     13      1   2.9871247032282561D-01 5.5D-09 0.0D+00 5.2D-09 0.0D+00       22      116       22      220  S
     13      1   2.9871247032291698D-01 5.5D-09 0.0D+00 3.8D-09 0.0D+00       22      125       22      220  S
     13      1   2.9871247032334647D-01 5.5D-09 0.0D+00 4.6D-09 0.0D+00       22      113       22      220  S
     13      1   2.9871247032300285D-01 5.5D-09 0.0D+00 1.4D-08 0.0D+00       23      127       23      230  S
     13      1   3.1753493582959536D-01 7.5D-09 0.0D+00 1.9D-09 0.0D+00       21      141       21      210  S
     13      1   3.1753493582915626D-01 7.5D-09 0.0D+00 3.1D-08 0.0D+00       23      157       23      230  S
     13      1   3.1753493583023118D-01 7.5D-09 0.0D+00 1.8D-09 0.0D+00       22      166       22      220  S
     13      1   3.0709939017901883D-01 6.2D-09 0.0D+00 2.5D-07 0.0D+00       23      119       23      230  S
     13      1   2.9871247032302650D-01 5.5D-09 0.0D+00 6.5D-09 0.0D+00       22      113       22      220  S
     13      1   4.8707889111844271D-01 2.0D-04 0.0D+00 1.0D+00 0.0D+00       21      119       22      220  S
     13      1   3.0709939017655152D-01 6.2D-09 0.0D+00 2.7D-09 0.0D+00       22      115       22      220  S
     13      1   3.1753493582922054D-01 7.5D-09 0.0D+00 7.7D-09 0.0D+00       22      143       22      220  S
     13      1   3.0709939017660470D-01 6.2D-09 0.0D+00 5.7D-09 0.0D+00       22      109       22      220  S
     13      1   2.9871247032290826D-01 5.5D-09 0.0D+00 1.9D-09 0.0D+00       22      118       22      220  S
     13      1   3.0709939017648075D-01 6.2D-09 0.0D+00 6.7D-10 0.0D+00       22      109       22      220  S
     13      1   3.1753493582992992D-01 7.5D-09 0.0D+00 3.9D-09 0.0D+00       21      126       21      210  S
     13      1   2.9871247032298204D-01 5.5D-09 0.0D+00 3.2D-09 0.0D+00       22      114       22      220  S
     13      1   3.1753493582559172D-01 7.5D-09 0.0D+00 2.7D-07 0.0D+00       23      158       23      230  S
     13      1   2.9871247032312342D-01 5.5D-09 0.0D+00 3.6D-08 0.0D+00       23      118       23      230  S
     13      1   2.9871247032285586D-01 5.5D-09 0.0D+00 9.4D-09 0.0D+00       22      123       22      220  S
     13      1   3.0709939017658755D-01 6.2D-09 0.0D+00 4.3D-09 0.0D+00       22      108       22      220  S
     13      1   3.0709939017630100D-01 6.2D-09 0.0D+00 6.2D-09 0.0D+00       21      114       21      210  S
     13      1   3.1753493583022302D-01 7.5D-09 0.0D+00 1.0D-09 0.0D+00       22      163       22      220  S
     13      1   2.9871247032261516D-01 5.5D-09 0.0D+00 4.1D-11 0.0D+00       21      112       21      210  S
     13      1   2.9871247032290638D-01 5.5D-09 0.0D+00 5.3D-09 0.0D+00       22      116       22      220  S
     13      1   3.1753493582475234D-01 7.5D-09 0.0D+00 2.8D-07 0.0D+00       22      130       22      220  S
     13      1   3.0709939017655458D-01 6.2D-09 0.0D+00 2.0D-09 0.0D+00       22      110       22      220  S
     13      1   3.1753493582506270D-01 7.5D-09 0.0D+00 2.7D-07 0.0D+00       24      155       24      240  S
     13      1   2.9871247032305404D-01 5.5D-09 0.0D+00 6.2D-09 0.0D+00       22      116       22      220  S
     13      1   3.1753493582851505D-01 7.5D-09 0.0D+00 4.8D-08 0.0D+00       23      140       23      230  S
     13      1   2.9871247032288512D-01 5.5D-09 0.0D+00 2.7D-09 0.0D+00       22      121       22      220  S
     13      1   3.2614088624548476D-01 6.4D-09 0.0D+00 1.5D-07 0.0D+00       22      145       22      220  S
     13      1   2.9871247032312148D-01 5.5D-09 0.0D+00 3.8D-09 0.0D+00       22      115       22      220  S
     13      1   3.0709939017656185D-01 6.2D-09 0.0D+00 8.9D-09 0.0D+00       22      108       22      220  S
     13      1   3.1753493582971848D-01 7.5D-09 0.0D+00 5.8D-09 0.0D+00       22      139       22      220  S
     13      1   2.9871247032303178D-01 5.5D-09 0.0D+00 4.2D-09 0.0D+00       22      112       22      220  S
     13      1   3.0709939017644072D-01 6.2D-09 0.0D+00 1.2D-09 0.0D+00       21      100       21      210  S
     13      1   3.1753493582971160D-01 7.5D-09 0.0D+00 3.2D-09 0.0D+00       21      149       21      210  S
     13      1   3.1753493582990927D-01 7.5D-09 0.0D+00 7.7D-09 0.0D+00       22      157       22      220  S
     13      1   3.0709939017661320D-01 6.2D-09 0.0D+00 2.4D-09 0.0D+00       22      105       22      220  S
     13      1   2.9871247032295756D-01 5.5D-09 0.0D+00 4.8D-09 0.0D+00       22      117       22      220  S
     13      1   3.1753493582886533D-01 7.5D-09 0.0D+00 3.1D-09 0.0D+00       21      142       21      210  S
     13      1   2.9871247032292669D-01 5.5D-09 0.0D+00 7.7D-09 0.0D+00       22      115       22      220  S
     13      1   3.1753493582963555D-01 7.5D-09 0.0D+00 5.2D-10 0.0D+00       21      123       21      210  S
