      3      1   7.0705947763724308D-01 9.0D-09 0.0D+00 1.5D-11 0.0D+00       20       92       20      200  S
      3      1   7.0706664511789796D-01 6.4D-09 0.0D+00 5.1D-10 0.0D+00       23      107       23      230  S
      3      1   7.0706664511777373D-01 6.4D-09 0.0D+00 5.9D-09 0.0D+00       23      104       23      230  S
      3      1   7.0706664511769968D-01 6.4D-09 0.0D+00 5.6D-09 0.0D+00       23      104       23      230  S
      3      1   7.0706230066333808D-01 7.9D-09 0.0D+00 3.6D-09 0.0D+00       20       92       20      200  S
      3      1   7.0706664511792572D-01 6.4D-09 0.0D+00 1.9D-09 0.0D+00       23      107       23      230  S
      3      1   7.0705770978011129D-01 9.6D-09 0.0D+00 1.9D-09 0.0D+00       20       92       20      200  S
      3      1   7.0705697494720854D-01 9.9D-09 0.0D+00 5.2D-09 0.0D+00       20       91       20      200  S
      3      1   7.0706664511784556D-01 6.4D-09 0.0D+00 6.3D-09 0.0D+00       23      105       23      230  S
      3      1   7.0706664511798101D-01 6.4D-09 0.0D+00 5.5D-11 0.0D+00       23      103       23      230  S
      3      1   7.0706664511785489D-01 6.4D-09 0.0D+00 6.5D-09 0.0D+00       23      104       23      230  S
      3      1   7.0706664511777595D-01 6.4D-09 0.0D+00 4.1D-09 0.0D+00       23      105       23      230  S
      3      1   7.0706664511703721D-01 6.4D-09 0.0D+00 3.0D-09 0.0D+00       21       99       21      210  S
      3      1   7.0706664511715167D-01 6.4D-09 0.0D+00 4.9D-10 0.0D+00       21      100       21      210  S
      3      1   7.0706664511774420D-01 6.4D-09 0.0D+00 4.8D-09 0.0D+00       23      107       23      230  S
      3      1   7.0706664511776107D-01 6.4D-09 0.0D+00 9.4D-09 0.0D+00       23      104       23      230  S
      3      1   7.0706664511794726D-01 6.4D-09 0.0D+00 2.4D-09 0.0D+00       23      107       23      230  S
      3      1   7.0706664511761952D-01 6.4D-09 0.0D+00 9.4D-09 0.0D+00       23      106       23      230  S
      3      1   7.0706664511714290D-01 6.4D-09 0.0D+00 4.3D-09 0.0D+00       21       97       21      210  S
      3      1   7.0706664511699513D-01 6.4D-09 0.0D+00 7.6D-09 0.0D+00       21       99       21      210  S
      3      1   7.0706664511688444D-01 6.4D-09 0.0D+00 9.7D-09 0.0D+00       21      104       21      210  S
      3      1   7.0706664511731732D-01 6.4D-09 0.0D+00 6.3D-09 0.0D+00       21       97       21      210  S
      3      1   7.0706664511700279D-01 6.4D-09 0.0D+00 6.5D-09 0.0D+00       21       97       21      210  S
      3      1   7.0706156389130448D-01 8.2D-09 0.0D+00 9.2D-09 0.0D+00       20       93       20      200  S
      3      1   7.0706664511772332D-01 6.4D-09 0.0D+00 4.0D-09 0.0D+00       23      104       23      230  S
      3      1   7.0706664511736506D-01 6.4D-09 0.0D+00 6.1D-09 0.0D+00       21      102       21      210  S
      3      1   7.0706664511686723D-01 6.4D-09 0.0D+00 3.0D-09 0.0D+00       21      100       21      210  S
      3      1   7.0706664511735906D-01 6.4D-09 0.0D+00 8.5D-09 0.0D+00       21       97       21      210  S
      3      1   7.0706664511736539D-01 6.4D-09 0.0D+00 9.5D-09 0.0D+00       21       96       21      210  S
      3      1   7.0706664511717110D-01 6.4D-09 0.0D+00 8.2D-09 0.0D+00       21       96       21      210  S
      3      1   7.0706664511711947D-01 6.4D-09 0.0D+00 6.4D-09 0.0D+00       21       97       21      210  S
      3      1   7.0706664511662964D-01 6.4D-09 0.0D+00 9.8D-09 0.0D+00       21      101       21      210  S
      3      1   7.0706664511770301D-01 6.4D-09 0.0D+00 3.1D-09 0.0D+00       23      105       23      230  S
      3      1   7.0706664511723050D-01 6.4D-09 0.0D+00 7.6D-09 0.0D+00       21       98       21      210  S
      3      1   7.0705739319608618D-01 9.8D-09 0.0D+00 1.1D-09 0.0D+00       20       94       20      200  S
      3      1   7.0705843068681828D-01 9.4D-09 0.0D+00 2.0D-09 0.0D+00       20       93       20      200  S
      3      1   7.0706215863852651D-01 8.0D-09 0.0D+00 2.6D-09 0.0D+00       20       92       20      200  S
      3      1   7.0706664511702932D-01 6.4D-09 0.0D+00 3.4D-09 0.0D+00       21       97       21      210  S
      3      1   7.0705749894049019D-01 9.7D-09 0.0D+00 9.3D-09 0.0D+00       20       90       20      200  S
      3      1   7.0706148828560955D-01 8.2D-09 0.0D+00 4.8D-09 0.0D+00       20       93       20      200  S
      3      1   7.0705727709461674D-01 9.8D-09 0.0D+00 7.8D-09 0.0D+00       20       92       20      200  S
      3      1   7.0705744061486131D-01 9.7D-09 0.0D+00 9.7D-09 0.0D+00       20       92       20      200  S
      3      1   7.0705760199566692D-01 9.7D-09 0.0D+00 7.7D-09 0.0D+00       20       94       20      200  S
      3      1   7.0705776128584885D-01 9.6D-09 0.0D+00 5.3D-09 0.0D+00       20       94       20      200  S
      3      1   7.0705791853160693D-01 9.6D-09 0.0D+00 2.3D-09 0.0D+00       20       94       20      200  S
      3      1   7.0705807377903673D-01 9.5D-09 0.0D+00 1.5D-09 0.0D+00       20       93       20      200  S
      3      1   7.0705822707237609D-01 9.4D-09 0.0D+00 2.7D-09 0.0D+00       20       90       20      200  S
      3      1   7.0706664511726769D-01 6.4D-09 0.0D+00 3.8D-09 0.0D+00       21       97       21      210  S
      3      1   7.0705852796468138D-01 9.3D-09 0.0D+00 9.6D-09 0.0D+00       20       92       20      200  S
      3      1   7.0705867564521652D-01 9.3D-09 0.0D+00 4.7D-09 0.0D+00       20       92       20      200  S
      3      1   7.0705882153442845D-01 9.2D-09 0.0D+00 6.2D-09 0.0D+00       20       91       20      200  S
      3      1   7.0705896566964110D-01 9.1D-09 0.0D+00 1.5D-09 0.0D+00       20       91       20      200  S
      3      1   7.0705910808766359D-01 9.1D-09 0.0D+00 7.8D-09 0.0D+00       20       92       20      200  S
      3      1   7.0705924882396509D-01 9.0D-09 0.0D+00 1.0D-08 0.0D+00       20       95       20      200  S
      3      1   7.0705739215020114D-01 9.8D-09 0.0D+00 3.4D-10 0.0D+00       20       95       20      200  S
      3      1   7.0706141217083029D-01 8.2D-09 0.0D+00 1.5D-09 0.0D+00       20       95       20      200  S
      3      1   7.0705966128204434D-01 8.9D-09 0.0D+00 7.1D-09 0.0D+00       20       94       20      200  S
      3      1   7.0705979562575960D-01 8.8D-09 0.0D+00 8.5D-09 0.0D+00       20       92       20      200  S
      3      1   7.0705992845093513D-01 8.8D-09 0.0D+00 7.9D-09 0.0D+00       20       94       20      200  S
      3      1   7.0706005978647335D-01 8.7D-09 0.0D+00 3.4D-09 0.0D+00       20       94       20      200  S
      3      1   7.0706018966170037D-01 8.7D-09 0.0D+00 8.1D-10 0.0D+00       20       93       20      200  S
      3      1   7.0706031810439396D-01 8.6D-09 0.0D+00 4.8D-09 0.0D+00       20       91       20      200  S
      3      1   7.0706664511782336D-01 6.4D-09 0.0D+00 3.8D-09 0.0D+00       23      108       23      230  S
      3      1   7.0706664511714390D-01 6.4D-09 0.0D+00 3.6D-09 0.0D+00       21      100       21      210  S
      3      1   7.0705911101375796D-01 9.1D-09 0.0D+00 8.8D-09 0.0D+00       20       93       20      200  S
      3      1   7.0706664511759676D-01 6.4D-09 0.0D+00 8.8D-09 0.0D+00       23      104       23      230  S
      3      1   7.0706664511726913D-01 6.4D-09 0.0D+00 3.5D-09 0.0D+00       21       98       21      210  S
      3      1   7.0705823204042462D-01 9.4D-09 0.0D+00 8.2D-09 0.0D+00       20       91       20      200  S
      3      1   7.0706117931677570D-01 8.3D-09 0.0D+00 1.7D-09 0.0D+00       20       92       20      200  S
      3      1   7.0706129722972211D-01 8.3D-09 0.0D+00 5.3D-09 0.0D+00       20       93       20      200  S
      3      1   7.0706014494337033D-01 8.7D-09 0.0D+00 7.9D-09 0.0D+00       20       93       20      200  S
      3      1   7.0706152944725864D-01 8.2D-09 0.0D+00 5.2D-09 0.0D+00       20       93       20      200  S
      3      1   7.0706164379373104D-01 8.1D-09 0.0D+00 7.5D-09 0.0D+00       20       93       20      200  S
      3      1   7.0706175699330354D-01 8.1D-09 0.0D+00 3.2D-09 0.0D+00       20       91       20      200  S
      3      1   7.0706186906610669D-01 8.1D-09 0.0D+00 4.7D-09 0.0D+00       20       96       20      200  S
      3      1   7.0706198003127507D-01 8.0D-09 0.0D+00 1.4D-10 0.0D+00       20       95       20      200  S
      3      1   7.0706208990787189D-01 8.0D-09 0.0D+00 9.0D-09 0.0D+00       20       94       20      200  S
      3      1   7.0706219871388143D-01 8.0D-09 0.0D+00 4.9D-09 0.0D+00       20       92       20      200  S
      3      1   7.0705722626377221D-01 9.8D-09 0.0D+00 1.5D-09 0.0D+00       20       94       20      200  S
      3      1   7.0706241318854168D-01 7.9D-09 0.0D+00 8.1D-09 0.0D+00       20       96       20      200  S
      3      1   7.0706251889222471D-01 7.8D-09 0.0D+00 1.9D-08 0.0D+00       21       99       21      210  S
      3      1   7.0706664511785711D-01 6.4D-09 0.0D+00 1.6D-10 0.0D+00       23      104       23      230  S
      3      1   7.0706664511782069D-01 6.4D-09 0.0D+00 6.9D-09 0.0D+00       23      103       23      230  S
      3      1   7.0706664511811712D-01 6.4D-09 0.0D+00 9.8D-09 0.0D+00       23      104       23      230  S
      3      1   7.0706664511771466D-01 6.4D-09 0.0D+00 3.2D-09 0.0D+00       23      107       23      230  S
      3      1   7.0706664511778239D-01 6.4D-09 0.0D+00 5.6D-09 0.0D+00       23      105       23      230  S
      3      1   7.0706064767329924D-01 8.5D-09 0.0D+00 1.0D-09 0.0D+00       20       93       20      200  S
      3      1   7.0706664511773609D-01 6.4D-09 0.0D+00 9.0D-09 0.0D+00       23      109       23      230  S
      3      1   7.0706664511781203D-01 6.4D-09 0.0D+00 4.2D-09 0.0D+00       23      106       23      230  S
      3      1   7.0706664511760819D-01 6.4D-09 0.0D+00 6.8D-09 0.0D+00       23      106       23      230  S
      3      1   7.0706664511784190D-01 6.4D-09 0.0D+00 6.9D-09 0.0D+00       23      104       23      230  S
      3      1   7.0706664511768735D-01 6.4D-09 0.0D+00 4.0D-09 0.0D+00       23      109       23      230  S
      3      1   7.0706664511772022D-01 6.4D-09 0.0D+00 3.0D-09 0.0D+00       23      105       23      230  S
      3      1   7.0705975459780723D-01 8.8D-09 0.0D+00 8.8D-09 0.0D+00       20       93       20      200  S
      3      1   7.0706664511771988D-01 6.4D-09 0.0D+00 4.0D-10 0.0D+00       23      106       23      230  S
      3      1   7.0706664511771466D-01 6.4D-09 0.0D+00 7.9D-09 0.0D+00       23      107       23      230  S
      3      1   7.0705892337885656D-01 9.2D-09 0.0D+00 3.5D-09 0.0D+00       20       90       20      200  S
      3      1   7.0705901919353109D-01 9.1D-09 0.0D+00 1.1D-09 0.0D+00       20       91       20      200  S
      3      1   7.0706664511781347D-01 6.4D-09 0.0D+00 8.8D-09 0.0D+00       23      103       23      230  S
      3      1   7.0706664511762496D-01 6.4D-09 0.0D+00 4.0D-09 0.0D+00       23      110       23      230  S
      3      1   7.0706664511787953D-01 6.4D-09 0.0D+00 2.2D-09 0.0D+00       23      104       23      230  S
      3      1   7.0706664511776562D-01 6.4D-09 0.0D+00 1.5D-09 0.0D+00       23      105       23      230  S
      3      1   7.0706664511792072D-01 6.4D-09 0.0D+00 4.7D-09 0.0D+00       23      102       23      230  S
      3      1   7.0706664511777018D-01 6.4D-09 0.0D+00 1.3D-09 0.0D+00       23      106       23      230  S
      3      1   7.0706664511696504D-01 6.4D-09 0.0D+00 4.9D-09 0.0D+00       21       98       21      210  S
      3      1   7.0706664511723005D-01 6.4D-09 0.0D+00 5.5D-09 0.0D+00       21       96       21      210  S
      3      1   7.0706664511669648D-01 6.4D-09 0.0D+00 4.7D-09 0.0D+00       21       95       21      210  S
      3      1   7.0706664511734485D-01 6.4D-09 0.0D+00 1.5D-09 0.0D+00       21       99       21      210  S
      3      1   7.0706664511753081D-01 6.4D-09 0.0D+00 8.0D-09 0.0D+00       23      105       23      230  S
      3      1   7.0705966610772308D-01 8.9D-09 0.0D+00 6.3D-09 0.0D+00       20       94       20      200  S
      3      1   7.0706664511713990D-01 6.4D-09 0.0D+00 4.3D-09 0.0D+00       21      102       21      210  S
      3      1   7.0706664511743322D-01 6.4D-09 0.0D+00 4.3D-09 0.0D+00       21       97       21      210  S
      3      1   7.0706664511737249D-01 6.4D-09 0.0D+00 8.7D-09 0.0D+00       21      100       21      210  S
      3      1   7.0706664511712602D-01 6.4D-09 0.0D+00 1.7D-09 0.0D+00       21       98       21      210  S
      3      1   7.0706664511720807D-01 6.4D-09 0.0D+00 2.2D-09 0.0D+00       21       99       21      210  S
      3      1   7.0706664511709971D-01 6.4D-09 0.0D+00 6.3D-09 0.0D+00       21      100       21      210  S
      3      1   7.0706179547208547D-01 8.1D-09 0.0D+00 1.0D-09 0.0D+00       20       92       20      200  S
      3      1   7.0706664511806383D-01 6.4D-09 0.0D+00 1.7D-09 0.0D+00       23      106       23      230  S
      3      1   7.0706664511744055D-01 6.4D-09 0.0D+00 3.4D-09 0.0D+00       21      103       21      210  S
      3      1   7.0706664511740525D-01 6.4D-09 0.0D+00 3.1D-09 0.0D+00       21      102       21      210  S
      3      1   7.0706664511730677D-01 6.4D-09 0.0D+00 5.4D-09 0.0D+00       21       98       21      210  S
      3      1   7.0706664511721895D-01 6.4D-09 0.0D+00 5.5D-09 0.0D+00       21      101       21      210  S
      3      1   7.0706664511730877D-01 6.4D-09 0.0D+00 4.8D-09 0.0D+00       21       96       21      210  S
      3      1   7.0706664511775563D-01 6.4D-09 0.0D+00 1.1D-09 0.0D+00       23      105       23      230  S
      3      1   7.0705691636133394D-01 9.9D-09 0.0D+00 2.5D-09 0.0D+00       20       94       20      200  S
      3      1   7.0705957694805976D-01 8.9D-09 0.0D+00 4.7D-10 0.0D+00       20       92       20      200  S
      3      1   7.0706664511755346D-01 6.4D-09 0.0D+00 3.5D-09 0.0D+00       23      105       23      230  S
      3      1   7.0706664511704964D-01 6.4D-09 0.0D+00 8.5D-09 0.0D+00       21       96       21      210  S
      3      1   7.0706672670642234D-01 6.4D-09 0.0D+00 1.6D-09 0.0D+00       21       97       21      210  S
      3      1   7.0706686713465228D-01 6.4D-09 0.0D+00 3.6D-09 0.0D+00       21       99       21      210  S
      3      1   7.0706700561340297D-01 6.3D-09 0.0D+00 8.8D-09 0.0D+00       21       98       21      210  S
      3   0.00    0.00    0.00   7.0705680129763271D-01 1.0D-08 0.0D+00 4.7D-10 0.0D+00       20       92       20      200     114     286     288     286     292   0.08     0    0    332  BR
      3      1   7.0706172140724477D-01 8.1D-09 0.0D+00 9.5D-09 0.0D+00       20       94       20      200  S
      3      1   7.0705713874212428D-01 9.9D-09 0.0D+00 4.9D-09 0.0D+00       20       92       20      200  S
      3      1   7.0705730408872625D-01 9.8D-09 0.0D+00 4.9D-09 0.0D+00       20       96       20      200  S
      3      1   7.0705746725404550D-01 9.7D-09 0.0D+00 1.5D-09 0.0D+00       20       93       20      200  S
      3      1   7.0705762828833507D-01 9.7D-09 0.0D+00 3.5D-10 0.0D+00       20       95       20      200  S
      3      1   7.0705778723988721D-01 9.6D-09 0.0D+00 7.9D-09 0.0D+00       20       92       20      200  S
      3      1   7.0705794415437195D-01 9.5D-09 0.0D+00 7.5D-09 0.0D+00       20       94       20      200  S
      3      1   7.0706664511779838D-01 6.4D-09 0.0D+00 9.0D-09 0.0D+00       23      105       23      230  S
      3      1   7.0706664511734629D-01 6.4D-09 0.0D+00 5.3D-09 0.0D+00       21       97       21      210  S
      3      1   7.0705840312617430D-01 9.4D-09 0.0D+00 8.7D-10 0.0D+00       20       93       20      200  S
      3      1   7.0705855233396098D-01 9.3D-09 0.0D+00 2.6D-09 0.0D+00       20       92       20      200  S
      3      1   7.0705869971765778D-01 9.2D-09 0.0D+00 4.7D-09 0.0D+00       20       93       20      200  S
      3      1   7.0705884531574603D-01 9.2D-09 0.0D+00 4.7D-10 0.0D+00       20       93       20      200  S
      3      1   7.0705898916710541D-01 9.1D-09 0.0D+00 1.0D-08 0.0D+00       20       94       20      200  S
      3      1   7.0705913130677944D-01 9.1D-09 0.0D+00 5.1D-09 0.0D+00       20       94       20      200  S
      3      1   7.0705772074972018D-01 9.6D-09 0.0D+00 1.8D-09 0.0D+00       20       92       20      200  S
      3      1   7.0706164685224426D-01 8.1D-09 0.0D+00 4.7D-09 0.0D+00       20       92       20      200  S
      3      1   7.0705954780533475D-01 8.9D-09 0.0D+00 3.9D-09 0.0D+00       20       92       20      200  S
      3      1   7.0705968344268511D-01 8.9D-09 0.0D+00 3.0D-10 0.0D+00       20       92       20      200  S
      3      1   7.0705981753501979D-01 8.8D-09 0.0D+00 1.6D-09 0.0D+00       20       92       20      200  S
      3      1   7.0706120698526143D-01 8.3D-09 0.0D+00 7.5D-09 0.0D+00       20       92       20      200  S
      3      1   7.0706664511740280D-01 6.4D-09 0.0D+00 7.1D-09 0.0D+00       21       94       21      210  S
      3      1   7.0706019621778304D-01 8.7D-09 0.0D+00 4.9D-09 0.0D+00       20       92       20      200  S
      3      1   7.0706664511778383D-01 6.4D-09 0.0D+00 2.4D-09 0.0D+00       23      105       23      230  S
      3      1   7.0706664511728823D-01 6.4D-09 0.0D+00 2.3D-09 0.0D+00       21       99       21      210  S
      3      1   7.0706059130249210D-01 8.5D-09 0.0D+00 6.5D-10 0.0D+00       20       96       20      200  S
      3      1   7.0706071539088977D-01 8.5D-09 0.0D+00 1.3D-09 0.0D+00       20       92       20      200  S
      3      1   7.0706083815631504D-01 8.4D-09 0.0D+00 3.6D-09 0.0D+00       20       93       20      200  S
      3      1   7.0706095962375692D-01 8.4D-09 0.0D+00 2.3D-09 0.0D+00       20       95       20      200  S
      3      1   7.0706107981677602D-01 8.4D-09 0.0D+00 3.3D-09 0.0D+00       20       91       20      200  S
      3      1   7.0706119875864071D-01 8.3D-09 0.0D+00 8.4D-09 0.0D+00       20       96       20      200  S
      3      1   7.0705761587580696D-01 9.7D-09 0.0D+00 3.7D-09 0.0D+00       20       91       20      200  S
      3      1   7.0706143297779278D-01 8.2D-09 0.0D+00 9.7D-09 0.0D+00       20       92       20      200  S
      3      1   7.0706154829935075D-01 8.2D-09 0.0D+00 8.8D-10 0.0D+00       20       99       20      200  S
      3      1   7.0706166245593605D-01 8.1D-09 0.0D+00 4.7D-09 0.0D+00       20       94       20      200  S
      3      1   7.0706177546917270D-01 8.1D-09 0.0D+00 7.9D-09 0.0D+00       20       93       20      200  S
      3      1   7.0706188735865272D-01 8.1D-09 0.0D+00 9.7D-09 0.0D+00       20       92       20      200  S
      3      1   7.0706199814366155D-01 8.0D-09 0.0D+00 1.6D-10 0.0D+00       20       95       20      200  S
      3      1   7.0706031328374142D-01 8.6D-09 0.0D+00 4.3D-09 0.0D+00       20       93       20      200  S
      3      1   7.0705984431041768D-01 8.8D-09 0.0D+00 4.4D-09 0.0D+00       20       92       20      200  S
      3      1   7.0706232405932379D-01 7.9D-09 0.0D+00 1.3D-09 0.0D+00       20       95       20      200  S
      3      1   7.0706243061118101D-01 7.9D-09 0.0D+00 7.3D-09 0.0D+00       20       93       20      200  S
      3      1   7.0706253614871672D-01 7.8D-09 0.0D+00 8.9D-09 0.0D+00       20       92       20      200  S
      3      1   7.0706664511767281D-01 6.4D-09 0.0D+00 5.5D-09 0.0D+00       23      107       23      230  S
      3      1   7.0706664511789552D-01 6.4D-09 0.0D+00 2.9D-09 0.0D+00       23      104       23      230  S
      3      1   7.0706664511792305D-01 6.4D-09 0.0D+00 3.0D-09 0.0D+00       23      108       23      230  S
      3      1   7.0706664511716688D-01 6.4D-09 0.0D+00 3.1D-09 0.0D+00       21      101       21      210  S
      3      1   7.0706664511761164D-01 6.4D-09 0.0D+00 5.8D-10 0.0D+00       23      108       23      230  S
      3      1   7.0706664511759709D-01 6.4D-09 0.0D+00 4.1D-09 0.0D+00       23      107       23      230  S
      3      1   7.0706664511771178D-01 6.4D-09 0.0D+00 5.5D-10 0.0D+00       23      107       23      230  S
      3      1   7.0706664511797190D-01 6.4D-09 0.0D+00 1.3D-09 0.0D+00       23      105       23      230  S
      3      1   7.0706078421824470D-01 8.5D-09 0.0D+00 9.8D-09 0.0D+00       20       95       20      200  S
      3      1   7.0706664511753881D-01 6.4D-09 0.0D+00 3.4D-09 0.0D+00       23      107       23      230  S
      3      1   7.0706664511699013D-01 6.4D-09 0.0D+00 7.4D-09 0.0D+00       21       96       21      210  S
      3      1   7.0706002518410993D-01 8.7D-09 0.0D+00 3.9D-09 0.0D+00       20       92       20      200  S
      3      1   7.0706664511758388D-01 6.4D-09 0.0D+00 4.2D-09 0.0D+00       23      107       23      230  S
      3      1   7.0706664511775530D-01 6.4D-09 0.0D+00 3.8D-09 0.0D+00       23      104       23      230  S
      3      1   7.0706664511734829D-01 6.4D-09 0.0D+00 9.5D-09 0.0D+00       23      103       23      230  S
      3      1   7.0706664511753503D-01 6.4D-09 0.0D+00 8.1D-09 0.0D+00       23      108       23      230  S
      3      1   7.0706664511745410D-01 6.4D-09 0.0D+00 9.8D-09 0.0D+00       23      104       23      230  S
      3      1   7.0706664511762707D-01 6.4D-09 0.0D+00 2.4D-09 0.0D+00       23      103       23      230  S
      3      1   7.0706664511771977D-01 6.4D-09 0.0D+00 1.2D-10 0.0D+00       23      107       23      230  S
      3      1   7.0706664511774953D-01 6.4D-09 0.0D+00 2.4D-09 0.0D+00       23      107       23      230  S
      3      1   7.0706664511746198D-01 6.4D-09 0.0D+00 6.8D-09 0.0D+00       23      105       23      230  S
      3      1   7.0706664511716599D-01 6.4D-09 0.0D+00 8.5D-10 0.0D+00       21       97       21      210  S
      3      1   7.0706664511745676D-01 6.4D-09 0.0D+00 7.5D-09 0.0D+00       21       97       21      210  S
      3      1   7.0706664511704220D-01 6.4D-09 0.0D+00 1.3D-09 0.0D+00       21       96       21      210  S
      3      1   7.0706664511712713D-01 6.4D-09 0.0D+00 1.4D-10 0.0D+00       21      101       21      210  S
      3      1   7.0706664511717032D-01 6.4D-09 0.0D+00 1.3D-09 0.0D+00       21       99       21      210  S
      3      1   7.0706664511767892D-01 6.4D-09 0.0D+00 2.2D-09 0.0D+00       21       98       21      210  S
      3      1   7.0705993871907946D-01 8.8D-09 0.0D+00 8.7D-09 0.0D+00       20       94       20      200  S
      3      1   7.0706664511697970D-01 6.4D-09 0.0D+00 6.2D-09 0.0D+00       21       99       21      210  S
      3      1   7.0706664511721895D-01 6.4D-09 0.0D+00 1.1D-10 0.0D+00       21       97       21      210  S
      3      1   7.0706664511719131D-01 6.4D-09 0.0D+00 1.1D-09 0.0D+00       21      101       21      210  S
      3      1   7.0706664511721617D-01 6.4D-09 0.0D+00 1.5D-09 0.0D+00       21       98       21      210  S
      3      1   7.0706664511713091D-01 6.4D-09 0.0D+00 3.3D-10 0.0D+00       21       99       21      210  S
      3      1   7.0706664511753026D-01 6.4D-09 0.0D+00 2.4D-09 0.0D+00       23      108       23      230  S
      3      1   7.0706202238110683D-01 8.0D-09 0.0D+00 5.7D-09 0.0D+00       20       92       20      200  S
      3      1   7.0706664511778772D-01 6.4D-09 0.0D+00 2.2D-09 0.0D+00       23      106       23      230  S
      3      1   7.0705729578404097D-01 9.8D-09 0.0D+00 5.2D-10 0.0D+00       20       91       20      200  S
      3      1   7.0706134361320028D-01 8.3D-09 0.0D+00 3.6D-09 0.0D+00       20       92       20      200  S
      3      1   7.0706664511811512D-01 6.4D-09 0.0D+00 9.8D-09 0.0D+00       23      106       23      230  S
      3      1   7.0706664511753481D-01 6.4D-09 0.0D+00 1.0D-08 0.0D+00       21       98       21      210  S
      3      1   7.0706664511778827D-01 6.4D-09 0.0D+00 1.9D-09 0.0D+00       23      104       23      230  S
      3      1   7.0706664511778128D-01 6.4D-09 0.0D+00 6.4D-09 0.0D+00       23      104       23      230  S
      3      1   7.0706664511718698D-01 6.4D-09 0.0D+00 1.1D-08 0.0D+00       22      104       22      220  S
      3      1   7.0706664511711936D-01 6.4D-09 0.0D+00 3.9D-09 0.0D+00       21       96       21      210  S
      3      1   7.0706664511714634D-01 6.4D-09 0.0D+00 3.9D-09 0.0D+00       21       97       21      210  S
      3      1   7.0706664511740414D-01 6.4D-09 0.0D+00 4.7D-09 0.0D+00       21       96       21      210  S
      3      1   7.0706664511699135D-01 6.4D-09 0.0D+00 7.8D-09 0.0D+00       21      101       21      210  S
      3      1   7.0706674989640683D-01 6.4D-09 0.0D+00 6.1D-10 0.0D+00       21       99       21      203  S
      3      1   7.0706689000095024D-01 6.4D-09 0.0D+00 3.2D-11 0.0D+00       21       98       21      210  S
      3      1   7.0705679231745133D-01 1.0D-08 0.0D+00 7.2D-08 0.0D+00       21       95       21      210  S
      3      1   7.0706194980213455D-01 8.0D-09 0.0D+00 3.1D-09 0.0D+00       20      100       20      200  S
      3      1   7.0705699882989670D-01 9.9D-09 0.0D+00 5.1D-09 0.0D+00       20       95       20      200  S
      3      1   7.0705716603861302D-01 9.8D-09 0.0D+00 6.5D-09 0.0D+00       20       94       20      200  S
      3      1   7.0705733102389223D-01 9.8D-09 0.0D+00 9.0D-09 0.0D+00       20       91       20      200  S
      3      1   7.0705749383634897D-01 9.7D-09 0.0D+00 6.5D-09 0.0D+00       20       92       20      200  S
      3      1   7.0705765452515645D-01 9.7D-09 0.0D+00 1.8D-09 0.0D+00       20       94       20      200  S
      3      1   7.0705781313880744D-01 9.6D-09 0.0D+00 5.7D-09 0.0D+00       20       94       20      200  S
      3      1   7.0706664511766837D-01 6.4D-09 0.0D+00 1.4D-09 0.0D+00       23      105       23      230  S
      3      1   7.0706664511752382D-01 6.4D-09 0.0D+00 7.7D-09 0.0D+00       23      106       23      230  S
      3      1   7.0705827698540813D-01 9.4D-09 0.0D+00 2.1D-09 0.0D+00       20       92       20      200  S
      3      1   7.0705842774845473D-01 9.4D-09 0.0D+00 2.9D-09 0.0D+00       20       94       20      200  S
      3      1   7.0705857665397975D-01 9.3D-09 0.0D+00 3.2D-09 0.0D+00       20       94       20      200  S
      3      1   7.0705872374187584D-01 9.2D-09 0.0D+00 2.1D-09 0.0D+00       20       94       20      200  S
      3      1   7.0705886905106408D-01 9.2D-09 0.0D+00 8.6D-09 0.0D+00       20       93       20      200  S
      3      1   7.0705901261883664D-01 9.1D-09 0.0D+00 2.7D-09 0.0D+00       20       90       20      200  S
      3      1   7.0705804077505885D-01 9.5D-09 0.0D+00 4.6D-09 0.0D+00       20       93       20      200  S
      3      1   7.0706205845165748D-01 8.0D-09 0.0D+00 9.3D-09 0.0D+00       20       93       20      200  S
      3      1   7.0706664511740858D-01 6.4D-09 0.0D+00 7.2D-09 0.0D+00       21       96       21      210  S
      3      1   7.0705707768996073D-01 9.9D-09 0.0D+00 7.4D-09 0.0D+00       20       92       20      200  S
      3      1   7.0706118889914193D-01 8.3D-09 0.0D+00 7.4D-09 0.0D+00       20       94       20      200  S
      3      1   7.0706664511791395D-01 6.4D-09 0.0D+00 2.3D-09 0.0D+00       23      103       23      230  S
      3      1   7.0705997173604940D-01 8.8D-09 0.0D+00 3.3D-09 0.0D+00       20       92       20      200  S
      3      1   7.0706010258893348D-01 8.7D-09 0.0D+00 1.3D-09 0.0D+00       20       92       20      200  S
      3      1   7.0706664511767414D-01 6.4D-09 0.0D+00 1.5D-09 0.0D+00       23      107       23      230  S
      3      1   7.0706035996969774D-01 8.6D-09 0.0D+00 7.8D-10 0.0D+00       20       93       20      200  S
      3      1   7.0706048655284781D-01 8.6D-09 0.0D+00 5.6D-09 0.0D+00       20       92       20      200  S
      3      1   7.0706061176594137D-01 8.5D-09 0.0D+00 2.0D-09 0.0D+00       20       94       20      200  S
      3      1   7.0706073563554028D-01 8.5D-09 0.0D+00 1.9D-08 0.0D+00       21      106       21      210  S
      3      1   7.0706085818631548D-01 8.4D-09 0.0D+00 7.6D-09 0.0D+00       20       95       20      200  S
      3      1   7.0706097944289092D-01 8.4D-09 0.0D+00 2.4D-09 0.0D+00       20       95       20      200  S
      3      1   7.0706109942853279D-01 8.3D-09 0.0D+00 2.3D-09 0.0D+00       20       95       20      200  S
      3      1   7.0705793861916288D-01 9.5D-09 0.0D+00 3.4D-09 0.0D+00       20       91       20      200  S
      3      1   7.0706133568067797D-01 8.3D-09 0.0D+00 4.3D-09 0.0D+00       20       94       20      200  S
      3      1   7.0706145199050896D-01 8.2D-09 0.0D+00 8.7D-09 0.0D+00       20       93       20      200  S
      3      1   7.0706156711912971D-01 8.2D-09 0.0D+00 8.0D-09 0.0D+00       20       93       20      200  S
      3      1   7.0706168108740897D-01 8.1D-09 0.0D+00 2.5D-09 0.0D+00       20       95       20      200  S
      3      1   7.0706179391501101D-01 8.1D-09 0.0D+00 7.3D-09 0.0D+00       20       95       20      200  S
      3      1   7.0706190562136240D-01 8.1D-09 0.0D+00 2.6D-09 0.0D+00       20       93       20      200  S
      3      1   7.0706664511749573D-01 6.4D-09 0.0D+00 9.8D-09 0.0D+00       21       97       21      210  S
      3      1   7.0706664511761952D-01 6.4D-09 0.0D+00 6.5D-09 0.0D+00       23      105       23      230  S
      3      1   7.0706223420878112D-01 7.9D-09 0.0D+00 5.2D-09 0.0D+00       20       97       20      200  S
      3      1   7.0706234162206572D-01 7.9D-09 0.0D+00 7.4D-09 0.0D+00       20       94       20      200  S
      3      1   7.0706244800652540D-01 7.9D-09 0.0D+00 8.6D-09 0.0D+00       20       95       20      200  S
      3      1   7.0706255337956914D-01 7.8D-09 0.0D+00 7.9D-10 0.0D+00       20       96       20      200  S
      3      1   7.0706664511807371D-01 6.4D-09 0.0D+00 4.9D-09 0.0D+00       23      107       23      230  S
      3      1   7.0706664511772166D-01 6.4D-09 0.0D+00 6.4D-09 0.0D+00       23      105       23      230  S
      3      1   7.0705974918742953D-01 8.8D-09 0.0D+00 4.9D-11 0.0D+00       20       96       20      200  S
      3      1   7.0705897082201663D-01 9.1D-09 0.0D+00 8.7D-09 0.0D+00       20       93       20      200  S
      3      1   7.0706149434163323D-01 8.2D-09 0.0D+00 8.8D-09 0.0D+00       20       97       20      200  S
      3      1   7.0706664511743667D-01 6.4D-09 0.0D+00 4.0D-10 0.0D+00       23      105       23      230  S
      3      1   7.0706672961761008D-01 6.4D-09 0.0D+00 7.1D-09 0.0D+00       21       97       21      210  S
      3      1   7.0706664511762052D-01 6.4D-09 0.0D+00 3.9D-09 0.0D+00       23      107       23      230  S
      3      1   7.0706664511802864D-01 6.4D-09 0.0D+00 7.4D-09 0.0D+00       23      104       23      230  S
      3      1   7.0706664511765349D-01 6.4D-09 0.0D+00 1.9D-09 0.0D+00       23      107       23      230  S
      3      1   7.0706028964791834D-01 8.6D-09 0.0D+00 6.1D-09 0.0D+00       20       93       20      200  S
      3      1   7.0706664511772366D-01 6.4D-09 0.0D+00 6.2D-10 0.0D+00       23      104       23      230  S
      3      1   7.0706664511791717D-01 6.4D-09 0.0D+00 9.1D-09 0.0D+00       23      105       23      230  S
      3      1   7.0706664511768624D-01 6.4D-09 0.0D+00 3.3D-09 0.0D+00       23      103       23      230  S
      3      1   7.0706664511703832D-01 6.4D-09 0.0D+00 5.6D-09 0.0D+00       21       96       21      210  S
      3      1   7.0706664511709472D-01 6.4D-09 0.0D+00 5.5D-09 0.0D+00       21       98       21      210  S
      3      1   7.0706664511736883D-01 6.4D-09 0.0D+00 5.2D-09 0.0D+00       23      104       23      230  S
      3      1   7.0706664511756845D-01 6.4D-09 0.0D+00 7.1D-09 0.0D+00       23      103       23      230  S
      3      1   7.0706026891538487D-01 8.7D-09 0.0D+00 7.2D-09 0.0D+00       20       92       20      200  S
      3      1   7.0706664511777928D-01 6.4D-09 0.0D+00 4.0D-11 0.0D+00       23      107       23      230  S
      3      1   7.0706664511727235D-01 6.4D-09 0.0D+00 7.7D-09 0.0D+00       21      100       21      210  S
      3      1   7.0706664511703898D-01 6.4D-09 0.0D+00 9.5D-09 0.0D+00       21       97       21      210  S
      3      1   7.0706664511715811D-01 6.4D-09 0.0D+00 2.7D-09 0.0D+00       21       95       21      210  S
      3      1   7.0706664511704043D-01 6.4D-09 0.0D+00 9.7D-09 0.0D+00       21       98       21      210  S
      3      1   7.0706664511813422D-01 6.4D-09 0.0D+00 7.3D-09 0.0D+00       23      106       23      230  S
      3      1   7.0706664511727313D-01 6.4D-09 0.0D+00 7.4D-09 0.0D+00       21       97       21      210  S
      3      1   7.0706020512784484D-01 8.7D-09 0.0D+00 6.5D-09 0.0D+00       20       95       20      200  S
      3      1   7.0706664511763651D-01 6.4D-09 0.0D+00 4.4D-10 0.0D+00       23      104       23      230  S
      3      1   7.0706664511769224D-01 6.4D-09 0.0D+00 9.3D-09 0.0D+00       23      106       23      230  S
      3      1   7.0706664511754413D-01 6.4D-09 0.0D+00 3.4D-09 0.0D+00       23      105       23      230  S
      3      1   7.0706664511747053D-01 6.4D-09 0.0D+00 2.7D-09 0.0D+00       23      107       23      230  S
