      7   0.00    0.00    0.00   5.0387369624860889D-01 6.0D-09 0.0D+00 4.6D-09 0.0D+00       22      125       22      220     196     343     392     343     345   0.21     0    0      1  BR
      7      1   5.0387369624877298D-01 6.0D-09 0.0D+00 9.1D-09 0.0D+00       22      121       22      220  S
      7      1   5.0387369624872791D-01 6.0D-09 0.0D+00 7.3D-10 0.0D+00       22      124       22      220  S
      7      1   5.0387369624672362D-01 6.0D-09 0.0D+00 6.9D-09 0.0D+00       20      116       20      200  S
      7      1   5.0387369624865730D-01 6.0D-09 0.0D+00 8.4D-09 0.0D+00       22      115       22      220  S
      7      1   5.0387369624855105D-01 6.0D-09 0.0D+00 8.8D-09 0.0D+00       22      122       22      220  S
      7      1   5.0387369624858669D-01 6.0D-09 0.0D+00 2.6D-09 0.0D+00       22      116       22      220  S
      7      1   5.0387369624866396D-01 6.0D-09 0.0D+00 1.9D-09 0.0D+00       22      117       22      220  S
      7      1   5.0387369629239298D-01 6.0D-09 0.0D+00 2.2D-09 0.0D+00       22      122       22      220  S
      7      1   5.0387369624888634D-01 6.0D-09 0.0D+00 1.5D-08 0.0D+00       23      132       23      230  S
      7      1   5.0387369624858558D-01 6.0D-09 0.0D+00 3.0D-09 0.0D+00       22      124       22      220  S
      7      1   5.0387369624866618D-01 6.0D-09 0.0D+00 9.7D-09 0.0D+00       22      120       22      220  S
      7      1   5.0387369624886813D-01 6.0D-09 0.0D+00 6.0D-09 0.0D+00       22      123       22      220  S
      7      1   5.0387369624871869D-01 6.0D-09 0.0D+00 1.8D-08 0.0D+00       24      147       24      240  S
      7      1   5.0387369624858214D-01 6.0D-09 0.0D+00 9.1D-09 0.0D+00       22      118       22      220  S
      7      1   5.0387369624859069D-01 6.0D-09 0.0D+00 8.6D-09 0.0D+00       22      118       22      220  S
      7      1   5.0387369624665357D-01 6.0D-09 0.0D+00 5.4D-09 0.0D+00       20      110       20      200  S
      7      1   5.0387369624858025D-01 6.0D-09 0.0D+00 4.9D-09 0.0D+00       22      117       22      220  S
      7      1   5.0387369629273915D-01 6.0D-09 0.0D+00 5.0D-09 0.0D+00       22      129       22      220  S
      7      1   5.0387369624871603D-01 6.0D-09 0.0D+00 4.7D-09 0.0D+00       22      119       22      220  S
      7      1   5.0387369629273226D-01 6.0D-09 0.0D+00 3.2D-09 0.0D+00       22      130       22      220  S
      7      1   5.0387369624861822D-01 6.0D-09 0.0D+00 3.2D-09 0.0D+00       22      120       22      220  S
      7      1   5.0387369624858336D-01 6.0D-09 0.0D+00 6.4D-09 0.0D+00       22      115       22      220  S
      7      1   5.0387369624859923D-01 6.0D-09 0.0D+00 2.1D-09 0.0D+00       22      123       22      220  S
      7      1   5.0387369624885447D-01 6.0D-09 0.0D+00 2.7D-08 0.0D+00       23      122       23      230  S
      7      1   5.0387369624857825D-01 6.0D-09 0.0D+00 2.3D-10 0.0D+00       22      126       22      220  S
      7      1   5.0387369624870582D-01 6.0D-09 0.0D+00 2.7D-09 0.0D+00       22      117       22      220  S
      7      1   5.0387369624862943D-01 6.0D-09 0.0D+00 4.7D-09 0.0D+00       22      119       22      220  S
      7      1   5.0387369624781753D-01 6.0D-09 0.0D+00 1.0D-08 0.0D+00       21      118       21      210  S
      7      1   5.0387369624871925D-01 6.0D-09 0.0D+00 4.6D-09 0.0D+00       22      118       22      220  S
      7      1   5.0387369629109890D-01 6.0D-09 0.0D+00 9.3D-09 0.0D+00       20      116       20      200  S
      7      1   5.0387369624865574D-01 6.0D-09 0.0D+00 2.6D-09 0.0D+00       22      120       22      220  S
      7      1   5.0387369629260759D-01 6.0D-09 0.0D+00 9.6D-09 0.0D+00       22      128       22      220  S
      7      1   5.0387369624862155D-01 6.0D-09 0.0D+00 1.2D-09 0.0D+00       22      117       22      220  S
      7      1   5.0387369624876865D-01 6.0D-09 0.0D+00 4.0D-09 0.0D+00       22      121       22      220  S
      7      1   5.0387369624865053D-01 6.0D-09 0.0D+00 1.5D-09 0.0D+00       22      131       22      220  S
      7      1   5.0387369629250567D-01 6.0D-09 0.0D+00 2.8D-09 0.0D+00       22      132       22      220  S
      7      1   5.0387369624881451D-01 6.0D-09 0.0D+00 5.1D-09 0.0D+00       22      123       22      220  S
      7      1   5.0387369624760570D-01 6.0D-09 0.0D+00 2.2D-09 0.0D+00       21      115       21      210  S
      7      1   5.0387369624871803D-01 6.0D-09 0.0D+00 2.4D-09 0.0D+00       22      122       22      220  S
      7      1   5.0387369624883016D-01 6.0D-09 0.0D+00 5.3D-08 0.0D+00       23      127       23      230  S
      7      1   5.0387369624857148D-01 6.0D-09 0.0D+00 5.7D-09 0.0D+00       22      118       22      220  S
      7      1   5.0387369624859935D-01 6.0D-09 0.0D+00 3.9D-09 0.0D+00       22      122       22      220  S
      7      1   5.0387369624876543D-01 6.0D-09 0.0D+00 6.2D-09 0.0D+00       22      130       22      220  S
      7      1   5.0387369624870615D-01 6.0D-09 0.0D+00 8.7D-09 0.0D+00       22      116       22      220  S
      7      1   9.1733764829977582D-01 3.0D-02 0.0D+00 1.0D+00 0.0D+00       21      112       22      220  S
      7      1   5.0387369624884037D-01 6.0D-09 0.0D+00 8.0D-09 0.0D+00       22      118       22      220  S
      7      1   5.0387369624872924D-01 6.0D-09 0.0D+00 4.1D-09 0.0D+00       22      115       22      220  S
      7      1   5.0387369624868206D-01 6.0D-09 0.0D+00 1.4D-09 0.0D+00       22      127       22      220  S
      7      1   5.0387369624885336D-01 6.0D-09 0.0D+00 5.7D-09 0.0D+00       22      120       22      220  S
      7      1   5.0387369624709089D-01 6.0D-09 0.0D+00 5.8D-09 0.0D+00       20      111       20      200  S
      7      1   5.0387369629261836D-01 6.0D-09 0.0D+00 2.9D-09 0.0D+00       22      129       22      220  S
      7      1   5.0387369624869938D-01 6.0D-09 0.0D+00 5.9D-10 0.0D+00       22      120       22      220  S
      7      1   5.0387369622693068D-01 6.0D-09 0.0D+00 2.0D-08 0.0D+00       23      159       23      230  S
      7      1   5.0387369624878864D-01 6.0D-09 0.0D+00 4.4D-08 0.0D+00       23      136       23      230  S
      7      1   5.0387369624777190D-01 6.0D-09 0.0D+00 8.0D-10 0.0D+00       21      118       21      210  S
      7      1   5.0387369624871436D-01 6.0D-09 0.0D+00 1.9D-09 0.0D+00       22      117       22      220  S
      7      1   5.0387369624853307D-01 6.0D-09 0.0D+00 9.2D-09 0.0D+00       22      120       22      220  S
      7      1   5.0387369624708289D-01 6.0D-09 0.0D+00 3.6D-08 0.0D+00       21      116       21      210  S
      7      1   5.0387369624864720D-01 6.0D-09 0.0D+00 9.4D-09 0.0D+00       22      120       22      220  S
      7      1   5.0387369624865586D-01 6.0D-09 0.0D+00 2.2D-09 0.0D+00       22      140       22      220  S
      7      1   5.0387369624881684D-01 6.0D-09 0.0D+00 1.1D-09 0.0D+00       22      122       22      220  S
      7      1   5.0387369624868950D-01 6.0D-09 0.0D+00 2.7D-09 0.0D+00       22      116       22      220  S
      7      1   5.0387369624857592D-01 6.0D-09 0.0D+00 3.6D-09 0.0D+00       22      116       22      220  S
      7      1   5.0387369624880429D-01 6.0D-09 0.0D+00 6.6D-09 0.0D+00       22      122       22      220  S
      7      1   5.0387369624870071D-01 6.0D-09 0.0D+00 4.8D-10 0.0D+00       22      117       22      220  S
      7      1   5.0387369624879719D-01 6.0D-09 0.0D+00 5.8D-09 0.0D+00       22      118       22      220  S
      7      1   5.0387369624869283D-01 6.0D-09 0.0D+00 2.6D-10 0.0D+00       22      125       22      220  S
      7      1   5.0387369624881917D-01 6.0D-09 0.0D+00 2.8D-09 0.0D+00       22      116       22      220  S
      7      1   5.0387369624883249D-01 6.0D-09 0.0D+00 7.1D-09 0.0D+00       22      122       22      220  S
      7      1   5.0387369629115775D-01 6.0D-09 0.0D+00 9.3D-09 0.0D+00       20      114       20      200  S
      7      1   5.0387369624869116D-01 6.0D-09 0.0D+00 1.9D-08 0.0D+00       23      126       23      230  S
      7      1   5.0387369624889011D-01 6.0D-09 0.0D+00 8.7D-09 0.0D+00       22      128       22      220  S
      7      1   5.0387369624883804D-01 6.0D-09 0.0D+00 4.4D-09 0.0D+00       22      122       22      220  S
      7      1   5.0387369624872447D-01 6.0D-09 0.0D+00 3.0D-09 0.0D+00       22      123       22      220  S
      7      1   5.0387369629261503D-01 6.0D-09 0.0D+00 4.0D-09 0.0D+00       22      127       22      220  S
      7      1   5.0387369624872991D-01 6.0D-09 0.0D+00 2.1D-09 0.0D+00       22      119       22      220  S
      7      1   5.0387369624842349D-01 6.0D-09 0.0D+00 2.9D-09 0.0D+00       22      120       22      220  S
      7      1   5.0387369624857570D-01 6.0D-09 0.0D+00 6.7D-09 0.0D+00       22      120       22      220  S
      7      1   5.0387369624875755D-01 6.0D-09 0.0D+00 5.1D-09 0.0D+00       22      128       22      220  S
      7      1   5.0387369624882239D-01 6.0D-09 0.0D+00 7.0D-09 0.0D+00       22      116       22      220  S
      7      1   5.0387369624863620D-01 6.0D-09 0.0D+00 5.2D-09 0.0D+00       22      119       22      220  S
      7      1   5.0387369624855183D-01 6.0D-09 0.0D+00 9.3D-09 0.0D+00       22      121       22      220  S
      7      1   5.0387369624684675D-01 6.0D-09 0.0D+00 3.9D-09 0.0D+00       20      115       20      200  S
      7      1   5.0387369624884637D-01 6.0D-09 0.0D+00 9.2D-09 0.0D+00       22      121       22      220  S
      7      1   5.0387369624872691D-01 6.0D-09 0.0D+00 5.2D-09 0.0D+00       22      117       22      220  S
      7      1   5.0387369624799605D-01 6.0D-09 0.0D+00 9.8D-10 0.0D+00       21      119       21      210  S
      7      1   5.0387369624875333D-01 6.0D-09 0.0D+00 5.9D-09 0.0D+00       22      123       22      220  S
      7      1   5.0387369624857670D-01 6.0D-09 0.0D+00 2.8D-09 0.0D+00       22      119       22      220  S
      7      1   5.0387369624866774D-01 6.0D-09 0.0D+00 6.4D-09 0.0D+00       22      120       22      220  S
      7      1   5.0387369624882061D-01 6.0D-09 0.0D+00 4.9D-09 0.0D+00       22      118       22      220  S
      7      1   5.0387369624860989D-01 6.0D-09 0.0D+00 3.1D-09 0.0D+00       22      119       22      220  S
      7      1   5.0387369624869094D-01 6.0D-09 0.0D+00 1.6D-08 0.0D+00       23      140       23      230  S
      7      1   5.0387369624870970D-01 6.0D-09 0.0D+00 5.7D-09 0.0D+00       22      116       22      220  S
      7      1   5.0387369624869149D-01 6.0D-09 0.0D+00 1.8D-09 0.0D+00       22      117       22      220  S
      7      1   5.0387369624690304D-01 6.0D-09 0.0D+00 2.9D-09 0.0D+00       20      110       20      200  S
      7      1   5.0387369624680800D-01 6.0D-09 0.0D+00 5.5D-09 0.0D+00       20      114       20      200  S
      7      1   5.0387369624864842D-01 6.0D-09 0.0D+00 7.9D-09 0.0D+00       22      128       22      220  S
      7      1   5.0387369624856992D-01 6.0D-09 0.0D+00 7.5D-09 0.0D+00       22      124       22      220  S
      7      1   5.0387369624870204D-01 6.0D-09 0.0D+00 1.1D-09 0.0D+00       22      119       22      220  S
