     15      1   2.7427896691159454D-01 5.2D-09 0.0D+00 5.9D-09 0.0D+00       22      112       22      220  S
     15      1   2.8116436577247467D-01 5.4D-09 0.0D+00 7.5D-09 0.0D+00       22      122       22      220  S
     15      1   2.7427896691167580D-01 5.2D-09 0.0D+00 2.3D-09 0.0D+00       22      118       22      220  S
     15      1   2.7427896691180564D-01 5.2D-09 0.0D+00 7.3D-09 0.0D+00       22      112       22      220  S
     15      1   2.8116436577279003D-01 5.4D-09 0.0D+00 6.9D-09 0.0D+00       22      124       22      220  S
     15      1   1.1615886745132589D+00 0.0D+00 0.0D+00 1.0D+00 0.0D+00        3       33        3       30  S
     15      1   2.7427896691176346D-01 5.2D-09 0.0D+00 8.6D-09 0.0D+00       22      121       22      220  S
     15      1   2.8116436577256493D-01 5.4D-09 0.0D+00 1.0D-08 0.0D+00       22      125       22      220  S
     15      1   2.7427896691169079D-01 5.2D-09 0.0D+00 7.5D-09 0.0D+00       22      110       22      220  S
     15      1   2.7427896691161902D-01 5.2D-09 0.0D+00 7.1D-09 0.0D+00       22      109       22      220  S
     15      1   2.7427896691174347D-01 5.2D-09 0.0D+00 7.6D-10 0.0D+00       22      112       22      220  S
     15      1   2.7427896691163911D-01 5.2D-09 0.0D+00 6.8D-09 0.0D+00       22      108       22      220  S
     15      1   2.7427896691166093D-01 5.2D-09 0.0D+00 1.9D-09 0.0D+00       22      122       22      220  S
     15      1   2.7427896691180048D-01 5.2D-09 0.0D+00 7.4D-09 0.0D+00       22      106       22      220  S
     15      1   2.7427896691172698D-01 5.2D-09 0.0D+00 2.3D-08 0.0D+00       23      119       23      230  S
     15      1   2.7427896691168935D-01 5.2D-09 0.0D+00 1.6D-09 0.0D+00       22      117       22      220  S
     15      1   2.7427896691168985D-01 5.2D-09 0.0D+00 6.4D-09 0.0D+00       22      122       22      220  S
     15      1   2.7427896691182779D-01 5.2D-09 0.0D+00 7.8D-09 0.0D+00       22      113       22      220  S
     15      1   3.0438971795865127D-01 6.5D-09 0.0D+00 4.9D-09 0.0D+00       22      188       22      220  S
     15      1   2.8116436577269172D-01 5.4D-09 0.0D+00 6.2D-09 0.0D+00       22      125       22      220  S
     15      1   2.7427896691181880D-01 5.2D-09 0.0D+00 7.0D-09 0.0D+00       22      108       22      220  S
     15      1   2.7427896691163872D-01 5.2D-09 0.0D+00 5.3D-09 0.0D+00       22      106       22      220  S
     15      1   2.7427896691178699D-01 5.2D-09 0.0D+00 7.3D-09 0.0D+00       22      123       22      220  S
     15      1   2.7427896691165721D-01 5.2D-09 0.0D+00 1.4D-09 0.0D+00       22      110       22      220  S
     15      1   2.8116436577257148D-01 5.4D-09 0.0D+00 1.1D-10 0.0D+00       22      129       22      220  S
     15      1   2.8116436577257464D-01 5.4D-09 0.0D+00 3.0D-10 0.0D+00       22      120       22      220  S
     15      1   2.8116436577254661D-01 5.4D-09 0.0D+00 2.5D-09 0.0D+00       22      123       22      220  S
     15      1   2.7427896691160852D-01 5.2D-09 0.0D+00 5.9D-09 0.0D+00       22      109       22      220  S
     15      1   2.8116436577239784D-01 5.4D-09 0.0D+00 3.3D-10 0.0D+00       21      111       21      210  S
     15      1   2.7427896691167553D-01 5.2D-09 0.0D+00 4.7D-09 0.0D+00       22      110       22      220  S
     15      1   2.7427896691179193D-01 5.2D-09 0.0D+00 8.6D-10 0.0D+00       22      103       22      220  S
     15      1   2.8116436577249498D-01 5.4D-09 0.0D+00 8.2D-09 0.0D+00       22      121       22      220  S
     15      1   2.7427896691192954D-01 5.2D-09 0.0D+00 7.0D-09 0.0D+00       22      111       22      220  S
     15      1   2.8116436577264292D-01 5.4D-09 0.0D+00 7.3D-09 0.0D+00       22      125       22      220  S
     15      1   2.7427896691183462D-01 5.2D-09 0.0D+00 6.7D-09 0.0D+00       22      120       22      220  S
     15      1   2.8663362169285467D-01 5.2D-09 0.0D+00 6.4D-09 0.0D+00       22      106       22      220  S
     15      1   2.7427896691173526D-01 5.2D-09 0.0D+00 1.1D-08 0.0D+00       23      117       23      230  S
     15      1   2.7427896691186465D-01 5.2D-09 0.0D+00 6.6D-09 0.0D+00       22      112       22      220  S
     15      1   2.7427896691175802D-01 5.2D-09 0.0D+00 9.0D-09 0.0D+00       22      107       22      220  S
     15      1   2.8116436577261467D-01 5.4D-09 0.0D+00 8.9D-10 0.0D+00       22      132       22      220  S
     15      1   2.7427896691169473D-01 5.2D-09 0.0D+00 5.2D-09 0.0D+00       22      109       22      220  S
     15      1   2.8116436577250575D-01 5.4D-09 0.0D+00 1.7D-09 0.0D+00       22      128       22      220  S
     15      1   2.7427896691138348D-01 5.2D-09 0.0D+00 9.0D-09 0.0D+00       21      112       21      210  S
     15      1   2.7427896691175485D-01 5.2D-09 0.0D+00 5.6D-09 0.0D+00       22      116       22      220  S
     15      1   2.7427896691170706D-01 5.2D-09 0.0D+00 1.2D-09 0.0D+00       22      115       22      220  S
     15      1   2.7427896691162185D-01 5.2D-09 0.0D+00 7.1D-09 0.0D+00       22      108       22      220  S
     15      1   2.7427896691137360D-01 5.2D-09 0.0D+00 7.9D-09 0.0D+00       21      118       21      210  S
     15      1   2.7427896691183562D-01 5.2D-09 0.0D+00 3.1D-09 0.0D+00       22      111       22      220  S
     15      1   2.7427896691187448D-01 5.2D-09 0.0D+00 5.8D-09 0.0D+00       22      108       22      220  S
     15      1   2.7427896691176162D-01 5.2D-09 0.0D+00 2.2D-09 0.0D+00       22      118       22      220  S
     15      1   2.8116436577266690D-01 5.4D-09 0.0D+00 8.4D-09 0.0D+00       22      125       22      220  S
     15      1   2.7427896691165732D-01 5.2D-09 0.0D+00 8.5D-09 0.0D+00       22      109       22      220  S
     15      1   2.8116436577270798D-01 5.4D-09 0.0D+00 7.2D-09 0.0D+00       22      129       22      220  S
     15      1   2.7427896691187181D-01 5.2D-09 0.0D+00 9.9D-10 0.0D+00       22      116       22      220  S
     15      1   2.8116436577196435D-01 5.4D-09 0.0D+00 1.8D-09 0.0D+00       21      130       21      210  S
     15      1   2.7427896691178982D-01 5.2D-09 0.0D+00 3.1D-09 0.0D+00       22      119       22      220  S
     15      1   2.8116436577249343D-01 5.4D-09 0.0D+00 1.9D-08 0.0D+00       23      127       23      230  S
     15      1   2.8116436577262977D-01 5.4D-09 0.0D+00 1.0D-08 0.0D+00       22      139       22      220  S
     15      1   2.7427896691179310D-01 5.2D-09 0.0D+00 6.0D-09 0.0D+00       22      108       22      220  S
     15      1   2.7427896691146153D-01 5.2D-09 0.0D+00 8.8D-09 0.0D+00       22      129       22      220  S
     15      1   2.7427896691173187D-01 5.2D-09 0.0D+00 5.9D-09 0.0D+00       22      117       22      220  S
     15      1   2.7427896691167042D-01 5.2D-09 0.0D+00 4.2D-09 0.0D+00       22      117       22      220  S
     15      1   2.8116436577243109D-01 5.4D-09 0.0D+00 7.1D-09 0.0D+00       22      116       22      220  S
     15      1   2.7427896691129899D-01 5.2D-09 0.0D+00 2.6D-09 0.0D+00       21      116       21      210  S
     15      1   2.7427896691178988D-01 5.2D-09 0.0D+00 5.3D-09 0.0D+00       22      116       22      220  S
     15      1   2.8116436577265430D-01 5.4D-09 0.0D+00 1.2D-09 0.0D+00       22      126       22      220  S
     15      1   2.7427896691173870D-01 5.2D-09 0.0D+00 8.0D-10 0.0D+00       22      111       22      220  S
     15      1   2.7427896691173614D-01 5.2D-09 0.0D+00 8.4D-09 0.0D+00       22      111       22      220  S
     15      1   2.8116436577252590D-01 5.4D-09 0.0D+00 8.9D-09 0.0D+00       22      137       22      220  S
     15      1   2.7427896691192527D-01 5.2D-09 0.0D+00 1.8D-09 0.0D+00       22      134       22      220  S
     15      1   2.8116436577252030D-01 5.4D-09 0.0D+00 4.7D-09 0.0D+00       22      127       22      220  S
     15      1   2.8116436577261728D-01 5.4D-09 0.0D+00 1.9D-09 0.0D+00       22      122       22      220  S
     15      1   2.7427896691171921D-01 5.2D-09 0.0D+00 7.0D-09 0.0D+00       22      127       22      220  S
     15      1   2.7427896691171655D-01 5.2D-09 0.0D+00 9.9D-09 0.0D+00       22      109       22      220  S
     15      1   2.7427896691178516D-01 5.2D-09 0.0D+00 6.0D-09 0.0D+00       22      111       22      220  S
     15      1   2.8116436577253950D-01 5.4D-09 0.0D+00 9.5D-09 0.0D+00       22      123       22      220  S
     15      1   3.0438971795916270D-01 6.5D-09 0.0D+00 1.0D-09 0.0D+00       22      135       22      220  S
     15      1   2.7427896691173986D-01 5.2D-09 0.0D+00 1.0D-09 0.0D+00       22      110       22      220  S
     15      1   2.8116436577240428D-01 5.4D-09 0.0D+00 9.9D-09 0.0D+00       22      133       22      220  S
     15      1   2.7427896691150189D-01 5.2D-09 0.0D+00 6.1D-09 0.0D+00       22      111       22      220  S
     15      1   2.7427896691157533D-01 5.2D-09 0.0D+00 5.7D-09 0.0D+00       22      108       22      220  S
     15      1   2.8116436577258813D-01 5.4D-09 0.0D+00 3.1D-10 0.0D+00       22      116       22      220  S
     15      1   2.7427896691172471D-01 5.2D-09 0.0D+00 9.9D-09 0.0D+00       22      117       22      220  S
     15      1   2.7427896691179804D-01 5.2D-09 0.0D+00 4.6D-09 0.0D+00       22      125       22      220  S
     15      1   2.7427896691182063D-01 5.2D-09 0.0D+00 8.6D-09 0.0D+00       22      109       22      220  S
     15      1   2.7427896691169379D-01 5.2D-09 0.0D+00 4.6D-09 0.0D+00       22      116       22      220  S
     15      1   2.7427896691174847D-01 5.2D-09 0.0D+00 8.1D-09 0.0D+00       22      110       22      220  S
     15      1   2.7427896691174197D-01 5.2D-09 0.0D+00 1.1D-08 0.0D+00       23      115       23      230  S
     15      1   2.7427896691169712D-01 5.2D-09 0.0D+00 9.8D-09 0.0D+00       22      112       22      220  S
     15      1   2.7427896691183468D-01 5.2D-09 0.0D+00 4.6D-09 0.0D+00       22      115       22      220  S
     15      1   2.7427896691155507D-01 5.2D-09 0.0D+00 5.3D-10 0.0D+00       22      110       22      220  S
     15      1   3.1695579756211251D-01 7.2D-09 0.0D+00 5.6D-09 0.0D+00       21      150       21      210  S
     15      1   2.7427896691155812D-01 5.2D-09 0.0D+00 7.6D-09 0.0D+00       22      134       22      220  S
     15      1   2.7427896691180670D-01 5.2D-09 0.0D+00 5.1D-09 0.0D+00       22      111       22      220  S
     15      1   2.8116436577260734D-01 5.4D-09 0.0D+00 4.5D-09 0.0D+00       22      126       22      220  S
     15      1   2.7427896691162645D-01 5.2D-09 0.0D+00 2.7D-09 0.0D+00       22      121       22      220  S
     15      1   2.8116436577255111D-01 5.4D-09 0.0D+00 6.5D-09 0.0D+00       22      133       22      220  S
     15      1   2.7427896691161896D-01 5.2D-09 0.0D+00 5.0D-09 0.0D+00       22      131       22      220  S
     15      1   2.7427896691161974D-01 5.2D-09 0.0D+00 5.1D-09 0.0D+00       22      115       22      220  S
     15      1   2.7427896691169168D-01 5.2D-09 0.0D+00 8.8D-09 0.0D+00       22      121       22      220  S
