     17      1   2.6097874023383738D-01 5.5D-09 0.0D+00 7.9D-09 0.0D+00       23      137       23      230  S
     17      1   2.6028708335448231D-01 5.2D-09 0.0D+00 2.4D-09 0.0D+00       22      128       22      220  S
     17      1   2.6097874023239176D-01 5.5D-09 0.0D+00 9.1D-09 0.0D+00       22      129       22      220  S
     17      1   2.6028708335449413D-01 5.2D-09 0.0D+00 5.9D-09 0.0D+00       22      126       22      220  S
     17      1   2.7719416277097808D-01 6.3D-09 0.0D+00 2.3D-09 0.0D+00       22      134       22      220  S
     17      1   2.6053419772298936D-01 5.4D-09 0.0D+00 9.7D-09 0.0D+00       23      132       23      230  S
     17      1   2.6028708335437722D-01 5.2D-09 0.0D+00 2.1D-08 0.0D+00       23      140       23      230  S
     17      1   2.6097874023250223D-01 5.5D-09 0.0D+00 9.9D-09 0.0D+00       22      123       22      220  S
     17      1   2.6028708335435968D-01 5.2D-09 0.0D+00 6.3D-09 0.0D+00       22      123       22      220  S
     17      1   2.6028708335431211D-01 5.2D-09 0.0D+00 2.9D-09 0.0D+00       21      123       21      210  S
     17      1   2.7719416276785991D-01 6.3D-09 0.0D+00 2.5D-07 0.0D+00       22      150       22      220  S
     17      1   2.7719416276883219D-01 6.3D-09 0.0D+00 2.3D-07 0.0D+00       23      148       23      230  S
     17      1   2.6053419772309627D-01 5.4D-09 0.0D+00 3.3D-09 0.0D+00       23      141       23      230  S
     17      1   2.6097874023367645D-01 5.5D-09 0.0D+00 3.6D-09 0.0D+00       22      125       22      220  S
     17      1   2.6028708335429179D-01 5.2D-09 0.0D+00 9.4D-09 0.0D+00       22      137       22      220  S
     17      1   2.6963478852880629D-01 5.3D-09 0.0D+00 2.2D-09 0.0D+00       22      119       22      220  S
     17      1   2.6097874023242074D-01 5.5D-09 0.0D+00 5.9D-09 0.0D+00       22      131       22      220  S
     17      1   2.6053419772210118D-01 5.4D-09 0.0D+00 7.7D-09 0.0D+00       22      128       22      220  S
     17      1   2.6053419772276565D-01 5.4D-09 0.0D+00 3.8D-09 0.0D+00       22      130       22      220  S
     17      1   2.7719416277106718D-01 6.3D-09 0.0D+00 5.5D-09 0.0D+00       22      137       22      220  S
     17      1   2.6053419772300751D-01 5.4D-09 0.0D+00 4.6D-09 0.0D+00       23      136       23      230  S
     17      1   2.6028708335460005D-01 5.2D-09 0.0D+00 7.5D-09 0.0D+00       22      126       22      220  S
     17      1   2.6053419772307973D-01 5.4D-09 0.0D+00 7.7D-09 0.0D+00       23      160       23      230  S
     17      1   2.6028708335547773D-01 5.2D-09 0.0D+00 7.9D-10 0.0D+00       23      135       23      230  S
     17      1   2.6028708335446510D-01 5.2D-09 0.0D+00 3.2D-09 0.0D+00       22      130       22      220  S
     17      1   2.6053419772307790D-01 5.4D-09 0.0D+00 5.8D-09 0.0D+00       23      134       23      230  S
     17      1   2.6097874023219814D-01 5.5D-09 0.0D+00 1.2D-09 0.0D+00       21      130       21      210  S
     17      1   2.6097874023367235D-01 5.5D-09 0.0D+00 1.7D-08 0.0D+00       23      126       23      230  S
     17      1   2.6097874023375278D-01 5.5D-09 0.0D+00 1.9D-09 0.0D+00       23      142       23      230  S
     17      1   2.6963478852866035D-01 5.3D-09 0.0D+00 1.3D-09 0.0D+00       22      113       22      220  S
     17      1   2.6053419772285313D-01 5.4D-09 0.0D+00 2.8D-08 0.0D+00       23      134       23      230  S
     17      1   2.6053419772318848D-01 5.4D-09 0.0D+00 2.9D-09 0.0D+00       23      131       23      230  S
     17      1   2.6028708335433703D-01 5.2D-09 0.0D+00 8.7D-09 0.0D+00       21      117       21      210  S
     17      1   2.6053419772324365D-01 5.4D-09 0.0D+00 5.7D-10 0.0D+00       23      148       23      230  S
     17      1   2.6053419772297504D-01 5.4D-09 0.0D+00 3.3D-09 0.0D+00       23      145       23      230  S
     17      1   2.7272578716901136D-01 5.1D-09 0.0D+00 3.9D-09 0.0D+00       21      110       21      210  S
     17      1   2.6097874023401268D-01 5.5D-09 0.0D+00 4.0D-10 0.0D+00       23      138       23      230  S
     17      1   2.7427138046912419D-01 6.5D-09 0.0D+00 1.3D-07 0.0D+00       23      152       23      230  S
     17      1   2.6097874023351553D-01 5.5D-09 0.0D+00 1.5D-09 0.0D+00       22      124       22      220  S
     17      1   2.6097874023394130D-01 5.5D-09 0.0D+00 8.9D-09 0.0D+00       23      132       23      230  S
     17      1   2.6053419772146474D-01 5.4D-09 0.0D+00 8.8D-09 0.0D+00       21      119       21      210  S
     17      1   2.6053419772314618D-01 5.4D-09 0.0D+00 2.7D-09 0.0D+00       23      145       23      230  S
     17      1   2.6053419772273628D-01 5.4D-09 0.0D+00 9.9D-09 0.0D+00       22      126       22      220  S
     17      1   2.6097874023376039D-01 5.5D-09 0.0D+00 4.1D-09 0.0D+00       23      135       23      230  S
     17      1   2.6963478852890016D-01 5.3D-09 0.0D+00 7.8D-09 0.0D+00       22      116       22      220  S
     17      1   2.6053419772311281D-01 5.4D-09 0.0D+00 4.3D-09 0.0D+00       23      137       23      230  S
     17      1   2.6097874023216305D-01 5.5D-09 0.0D+00 7.9D-10 0.0D+00       21      122       21      210  S
     17      1   2.6028708335434536D-01 5.2D-09 0.0D+00 2.0D-10 0.0D+00       21      116       21      210  S
     17      1   2.6097874023259537D-01 5.5D-09 0.0D+00 1.8D-08 0.0D+00       23      133       23      230  S
     17      1   2.6097874023253048D-01 5.5D-09 0.0D+00 9.0D-09 0.0D+00       22      117       22      220  S
     17      1   2.7730831434536057D-01 5.5D-09 0.0D+00 1.0D-07 0.0D+00       24      172       24      240  S
     17      1   2.6028708335535194D-01 5.2D-09 0.0D+00 1.9D-10 0.0D+00       22      117       22      220  S
     17      1   2.6097874023360107D-01 5.5D-09 0.0D+00 3.6D-09 0.0D+00       22      128       22      220  S
     17      1   2.6097874023256573D-01 5.5D-09 0.0D+00 8.2D-09 0.0D+00       22      124       22      220  S
     17      1   2.6097874023251599D-01 5.5D-09 0.0D+00 7.3D-09 0.0D+00       22      116       22      220  S
     17      1   2.6097874023379897D-01 5.5D-09 0.0D+00 5.3D-09 0.0D+00       23      150       23      230  S
     17      1   2.6028708335420608D-01 5.2D-09 0.0D+00 7.3D-09 0.0D+00       21      124       21      210  S
     17      1   2.6097874023263068D-01 5.5D-09 0.0D+00 9.7D-09 0.0D+00       22      131       22      220  S
     17      1   2.6028708335451195D-01 5.2D-09 0.0D+00 4.1D-09 0.0D+00       22      143       22      220  S
     17      1   2.6053419772308434D-01 5.4D-09 0.0D+00 3.9D-08 0.0D+00       24      200       24      240  S
     17      1   2.6097874023364209D-01 5.5D-09 0.0D+00 2.2D-09 0.0D+00       23      139       23      230  S
     17      1   2.6097874023396500D-01 5.5D-09 0.0D+00 1.7D-09 0.0D+00       23      134       23      230  S
     17      1   2.6028708335440720D-01 5.2D-09 0.0D+00 2.5D-09 0.0D+00       22      116       22      220  S
     17      1   2.6097874023258288D-01 5.5D-09 0.0D+00 9.1D-09 0.0D+00       22      116       22      220  S
     17      1   2.6053419772312086D-01 5.4D-09 0.0D+00 1.0D-08 0.0D+00       23      133       23      230  S
     17      1   2.6097874023263196D-01 5.5D-09 0.0D+00 9.0D-09 0.0D+00       22      117       22      220  S
     17      1   2.6053419772297332D-01 5.4D-09 0.0D+00 3.6D-09 0.0D+00       23      138       23      230  S
     17      1   2.6097874023248685D-01 5.5D-09 0.0D+00 3.5D-09 0.0D+00       22      124       22      220  S
     17      1   2.6097874023391987D-01 5.5D-09 0.0D+00 8.6D-09 0.0D+00       23      139       23      230  S
     17      1   2.6097874023239231D-01 5.5D-09 0.0D+00 9.7D-09 0.0D+00       22      132       22      220  S
     17      1   2.6097874023332424D-01 5.5D-09 0.0D+00 1.2D-09 0.0D+00       22      131       22      220  S
     17      1   2.6053419772312425D-01 5.4D-09 0.0D+00 3.1D-09 0.0D+00       23      145       23      230  S
     17      1   2.6097874023254741D-01 5.5D-09 0.0D+00 9.0D-09 0.0D+00       22      125       22      220  S
     17      1   2.6097874023239087D-01 5.5D-09 0.0D+00 6.3D-09 0.0D+00       22      116       22      220  S
     17      1   2.6053419772299496D-01 5.4D-09 0.0D+00 9.5D-09 0.0D+00       23      138       23      230  S
     17      1   2.6053419772298031D-01 5.4D-09 0.0D+00 5.8D-09 0.0D+00       23      138       23      230  S
     17      1   2.6097874023248718D-01 5.5D-09 0.0D+00 3.3D-09 0.0D+00       22      145       22      220  S
     17      1   2.6053419772309172D-01 5.4D-09 0.0D+00 3.9D-09 0.0D+00       23      155       23      230  S
     17      1   2.6097874023361867D-01 5.5D-09 0.0D+00 6.3D-09 0.0D+00       22      126       22      220  S
     17      1   2.7427896684343683D-01 5.2D-09 0.0D+00 8.9D-09 0.0D+00       22      173       22      220  S
     17      1   2.6097874023384249D-01 5.5D-09 0.0D+00 3.3D-09 0.0D+00       23      133       23      230  S
     17      1   2.6028708335435380D-01 5.2D-09 0.0D+00 6.1D-09 0.0D+00       21      117       21      210  S
     17      1   2.6028708335457884D-01 5.2D-09 0.0D+00 2.6D-09 0.0D+00       22      124       22      220  S
     17      1   2.6097874023215450D-01 5.5D-09 0.0D+00 3.1D-09 0.0D+00       21      137       21      210  S
     17      1   2.6097874023362144D-01 5.5D-09 0.0D+00 9.5D-10 0.0D+00       22      126       22      220  S
     17      1   2.7427138046945387D-01 6.5D-09 0.0D+00 8.6D-09 0.0D+00       22      139       22      220  S
     17      1   2.6028708335420664D-01 5.2D-09 0.0D+00 9.9D-09 0.0D+00       21      111       21      210  S
     17      1   2.6097874023389483D-01 5.5D-09 0.0D+00 9.0D-09 0.0D+00       23      152       23      230  S
     17      1   2.6097874023285689D-01 5.5D-09 0.0D+00 3.4D-09 0.0D+00       22      125       22      220  S
     17      1   2.6097874023254386D-01 5.5D-09 0.0D+00 5.8D-09 0.0D+00       22      128       22      220  S
     17      1   2.6097874023349238D-01 5.5D-09 0.0D+00 6.0D-10 0.0D+00       22      127       22      220  S
     17      1   2.6097874023252954D-01 5.5D-09 0.0D+00 9.0D-09 0.0D+00       22      117       22      220  S
     17      1   2.6053419772331765D-01 5.4D-09 0.0D+00 5.1D-08 0.0D+00       24      156       24      240  S
     17      1   2.6053419772300496D-01 5.4D-09 0.0D+00 5.1D-09 0.0D+00       23      141       23      230  S
     17      1   2.6028708335439438D-01 5.2D-09 0.0D+00 7.1D-09 0.0D+00       22      126       22      220  S
     17      1   2.6053419772298114D-01 5.4D-09 0.0D+00 3.4D-09 0.0D+00       23      141       23      230  S
     17      1   2.6028708335568618D-01 5.2D-09 0.0D+00 7.5D-09 0.0D+00       23      128       23      230  S
     17      1   2.6053419772305714D-01 5.4D-09 0.0D+00 5.3D-09 0.0D+00       23      132       23      230  S
     17      1   2.6097874023270401D-01 5.5D-09 0.0D+00 8.8D-09 0.0D+00       22      132       22      220  S
     17      1   2.6097874023390744D-01 5.5D-09 0.0D+00 1.2D-09 0.0D+00       23      138       23      230  S
