      9      1   3.5353330728757382D-01 6.5D-09 0.0D+00 4.1D-09 0.0D+00       22      134       22      220  S
      9      1   3.5353330728738652D-01 6.5D-09 0.0D+00 7.9D-09 0.0D+00       22      158       22      220  S
      9      1   3.5353330728790050D-01 6.5D-09 0.0D+00 9.1D-10 0.0D+00       22      127       22      220  S
      9      1   3.5353330728738930D-01 6.5D-09 0.0D+00 4.7D-09 0.0D+00       22      142       22      220  S
      9      1   3.5353330728706855D-01 6.5D-09 0.0D+00 2.8D-06 0.0D+00       22      136       22      220  S
      9      1   3.5353330728661675D-01 6.5D-09 0.0D+00 3.6D-10 0.0D+00       22      158       22      220  S
      9      1   3.5353330728352889D-01 6.5D-09 0.0D+00 5.4D-09 0.0D+00       22      144       22      220  S
      9      1   3.5353330728764681D-01 6.5D-09 0.0D+00 9.4D-09 0.0D+00       22      114       22      220  S
      9      1   3.5353330728741089D-01 6.5D-09 0.0D+00 6.8D-10 0.0D+00       22      130       22      220  S
      9      1   3.5353330728766630D-01 6.5D-09 0.0D+00 3.2D-09 0.0D+00       22      126       22      220  S
      9      1   3.5353330728759125D-01 6.5D-09 0.0D+00 7.9D-09 0.0D+00       22      126       22      220  S
      9      1   3.5353330728622356D-01 6.5D-09 0.0D+00 6.7D-09 0.0D+00       22      134       22      220  S
      9      1   5.0387369621321121D-01 6.0D-09 0.0D+00 1.5D-07 0.0D+00       23      164       23      230  S
      9      1   3.5353330728768295D-01 6.5D-09 0.0D+00 3.7D-09 0.0D+00       22      122       22      220  S
      9      1   3.5353330728753080D-01 6.5D-09 0.0D+00 3.6D-09 0.0D+00       22      122       22      220  S
      9      1   3.5353330728451865D-01 6.5D-09 0.0D+00 5.8D-09 0.0D+00       22      138       22      220  S
      9      1   3.5353330728746996D-01 6.5D-09 0.0D+00 6.4D-09 0.0D+00       22      110       22      220  S
      9      1   3.5353330728539545D-01 6.5D-09 0.0D+00 7.6D-09 0.0D+00       22      147       22      220  S
      9      1   3.5353330728612287D-01 6.5D-09 0.0D+00 3.4D-10 0.0D+00       22      146       22      220  S
      9      1   3.5353330728747989D-01 6.5D-09 0.0D+00 7.6D-09 0.0D+00       22      142       22      220  S
      9      1   3.5353330728465809D-01 6.5D-09 0.0D+00 1.9D-09 0.0D+00       22      143       22      220  S
      9      1   3.5353330728796162D-01 6.5D-09 0.0D+00 2.4D-09 0.0D+00       22      124       22      220  S
      9      1   3.5353330728751187D-01 6.5D-09 0.0D+00 6.3D-09 0.0D+00       22      190       22      220  S
      9      1   3.5353330728737919D-01 6.5D-09 0.0D+00 8.0D-09 0.0D+00       22      138       22      220  S
      9      1   3.5353330728763482D-01 6.5D-09 0.0D+00 2.7D-09 0.0D+00       22      123       22      220  S
      9      1   3.5353330728733945D-01 6.5D-09 0.0D+00 4.1D-09 0.0D+00       22      131       22      220  S
      9      1   3.5353330728668608D-01 6.5D-09 0.0D+00 6.4D-09 0.0D+00       22      128       22      220  S
      9      1   3.5353330728536658D-01 6.5D-09 0.0D+00 8.7D-09 0.0D+00       22      150       22      220  S
      9      1   3.5353330728714616D-01 6.5D-09 0.0D+00 4.0D-09 0.0D+00       22      130       22      220  S
      9      1   3.5353330728751425D-01 6.5D-09 0.0D+00 7.4D-09 0.0D+00       22      120       22      220  S
      9      1   3.5353330728749766D-01 6.5D-09 0.0D+00 4.3D-09 0.0D+00       22      151       22      220  S
      9      1   3.5353330729523935D-01 6.5D-09 0.0D+00 3.6D-06 0.0D+00       23      143       23      230  S
      9      1   3.5353330733138061D-01 6.5D-09 0.0D+00 2.7D-06 0.0D+00       23      144       23      230  S
      9      1   3.5353330728778609D-01 6.5D-09 0.0D+00 3.0D-09 0.0D+00       22      124       22      220  S
      9      1   3.5353330728745325D-01 6.5D-09 0.0D+00 6.2D-09 0.0D+00       22      119       22      220  S
      9      1   3.5353330728759885D-01 6.5D-09 0.0D+00 4.2D-09 0.0D+00       22      139       22      220  S
      9      1   3.5353330728739385D-01 6.5D-09 0.0D+00 1.4D-09 0.0D+00       22      135       22      220  S
      9      1   3.5353330728749777D-01 6.5D-09 0.0D+00 5.1D-09 0.0D+00       22      124       22      220  S
      9      1   3.5353330730452404D-01 6.5D-09 0.0D+00 1.6D-06 0.0D+00       23      145       23      230  S
      9      1   3.5353330728784882D-01 6.5D-09 0.0D+00 1.3D-09 0.0D+00       22      133       22      220  S
      9      1   3.5353330728672167D-01 6.5D-09 0.0D+00 2.5D-06 0.0D+00       22      140       22      220  S
      9      1   3.5353330728576893D-01 6.5D-09 0.0D+00 2.6D-09 0.0D+00       22      147       22      220  S
      9      1   3.5353330728671695D-01 6.5D-09 0.0D+00 2.8D-06 0.0D+00       23      161       23      230  S
      9      1   3.5353330731974192D-01 6.5D-09 0.0D+00 3.1D-06 0.0D+00       24      161       24      240  S
      9      1   3.5353330728732701D-01 6.5D-09 0.0D+00 1.3D-08 0.0D+00       24      167       24      240  S
      9      1   3.5353330728767068D-01 6.5D-09 0.0D+00 4.2D-09 0.0D+00       22      123       22      220  S
      9      1   3.5353330728981747D-01 6.5D-09 0.0D+00 2.9D-09 0.0D+00       22      116       22      220  S
      9      1   3.5353330728764609D-01 6.5D-09 0.0D+00 2.5D-09 0.0D+00       22      117       22      220  S
      9      1   3.5353330728752785D-01 6.5D-09 0.0D+00 5.9D-09 0.0D+00       22      129       22      220  S
      9      1   3.5353330728727234D-01 6.5D-09 0.0D+00 7.5D-09 0.0D+00       21      117       21      210  S
      9      1   3.5353330728543209D-01 6.5D-09 0.0D+00 5.6D-10 0.0D+00       22      125       22      220  S
      9      1   3.5353330728751775D-01 6.5D-09 0.0D+00 2.9D-06 0.0D+00       23      207       23      230  S
      9      1   3.5353330729254040D-01 6.5D-09 0.0D+00 9.5D-09 0.0D+00       22      172       22      220  S
      9      1   3.5353330728745958D-01 6.5D-09 0.0D+00 7.8D-09 0.0D+00       22      139       22      220  S
      9      1   3.5353330818663087D-01 6.5D-09 0.0D+00 5.8D-09 0.0D+00       22      138       22      220  S
      9      1   3.5353330728755078D-01 6.5D-09 0.0D+00 8.0D-09 0.0D+00       22      143       22      220  S
      9      1   3.5353330728765775D-01 6.5D-09 0.0D+00 1.2D-09 0.0D+00       22      119       22      220  S
      9      1   3.5353330728773347D-01 6.5D-09 0.0D+00 9.6D-09 0.0D+00       22      109       22      220  S
      9      1   3.5353330728750598D-01 6.5D-09 0.0D+00 5.7D-09 0.0D+00       22      178       22      220  S
      9      1   3.5353330728759541D-01 6.5D-09 0.0D+00 4.3D-09 0.0D+00       22      117       22      220  S
      9      1   3.5353330728417265D-01 6.5D-09 0.0D+00 5.8D-09 0.0D+00       22      141       22      220  S
      9      1   3.5353330741302874D-01 6.5D-09 0.0D+00 1.1D-05 0.0D+00       23      135       23      230  S
      9      1   3.5353330728750809D-01 6.5D-09 0.0D+00 2.4D-09 0.0D+00       22      118       22      220  S
      9      1   3.5353330728531657D-01 6.5D-09 0.0D+00 6.1D-10 0.0D+00       22      158       22      220  S
      9      1   3.5353330728768151D-01 6.5D-09 0.0D+00 2.7D-08 0.0D+00       23      124       23      230  S
      9      1   3.5353330728749449D-01 6.5D-09 0.0D+00 9.6D-09 0.0D+00       22      123       22      220  S
      9      1   3.5353330728757920D-01 6.5D-09 0.0D+00 8.6D-09 0.0D+00       22      125       22      220  S
      9      1   3.5353330728785659D-01 6.5D-09 0.0D+00 5.3D-09 0.0D+00       22      124       22      220  S
      9      1   3.5353330728748550D-01 6.5D-09 0.0D+00 1.9D-09 0.0D+00       22      129       22      220  S
      9      1   3.5353330728758170D-01 6.5D-09 0.0D+00 2.2D-06 0.0D+00       23      139       23      230  S
      9      1   3.5353330728530641D-01 6.5D-09 0.0D+00 1.6D-09 0.0D+00       22      148       22      220  S
      9      1   3.5353330728536325D-01 6.5D-09 0.0D+00 2.9D-06 0.0D+00       23      145       23      230  S
      9      1   3.5353330728751242D-01 6.5D-09 0.0D+00 6.7D-09 0.0D+00       22      121       22      220  S
      9      1   3.5353330728713139D-01 6.5D-09 0.0D+00 2.9D-06 0.0D+00       23      135       23      230  S
      9      1   3.5353330728604110D-01 6.5D-09 0.0D+00 3.4D-09 0.0D+00       22      144       22      220  S
      9      1   3.5353330728779819D-01 6.5D-09 0.0D+00 5.4D-09 0.0D+00       22      129       22      220  S
      9      1   3.5353330728758109D-01 6.5D-09 0.0D+00 9.8D-09 0.0D+00       22      146       22      220  S
      9      1   3.5353330728770305D-01 6.5D-09 0.0D+00 7.2D-09 0.0D+00       22      116       22      220  S
      9      1   3.5353330728741927D-01 6.5D-09 0.0D+00 6.6D-09 0.0D+00       22      147       22      220  S
      9      1   3.5353330728762861D-01 6.5D-09 0.0D+00 6.3D-09 0.0D+00       22      114       22      220  S
      9      1   3.5353330728511062D-01 6.5D-09 0.0D+00 9.5D-09 0.0D+00       22      122       22      220  S
      9      1   3.5353330728756382D-01 6.5D-09 0.0D+00 2.9D-06 0.0D+00       23      139       23      230  S
      9      1   3.5353330728638444D-01 6.5D-09 0.0D+00 5.8D-09 0.0D+00       22      128       22      220  S
      9      1   3.5353330728748805D-01 6.5D-09 0.0D+00 4.6D-09 0.0D+00       22      136       22      220  S
      9      1   3.5353330733586635D-01 6.5D-09 0.0D+00 4.6D-06 0.0D+00       23      147       23      230  S
      9      1   3.5353330728762838D-01 6.5D-09 0.0D+00 5.0D-09 0.0D+00       22      150       22      220  S
      9      1   3.5353330728727977D-01 6.5D-09 0.0D+00 1.0D-08 0.0D+00       21      107       21      210  S
      9      1   3.5353330728737048D-01 6.5D-09 0.0D+00 3.4D-09 0.0D+00       22      141       22      220  S
      9      1   3.5353330728762722D-01 6.5D-09 0.0D+00 6.4D-09 0.0D+00       22      123       22      220  S
      9      1   3.5353330728739657D-01 6.5D-09 0.0D+00 7.4D-09 0.0D+00       21      135       21      210  S
      9      1   3.5353330728499982D-01 6.5D-09 0.0D+00 1.9D-06 0.0D+00       23      152       23      230  S
      9      1   3.5353330728738364D-01 6.5D-09 0.0D+00 2.1D-09 0.0D+00       22      127       22      220  S
      9      1   3.5353330728658033D-01 6.5D-09 0.0D+00 4.9D-09 0.0D+00       22      128       22      220  S
      9      1   3.5353330728449733D-01 6.5D-09 0.0D+00 1.3D-09 0.0D+00       22      118       22      220  S
      9      1   3.5353330728741850D-01 6.5D-09 0.0D+00 6.4D-09 0.0D+00       22      130       22      220  S
      9      1   3.5353330728579840D-01 6.5D-09 0.0D+00 1.1D-10 0.0D+00       22      122       22      220  S
      9      1   3.5353330728760163D-01 6.5D-09 0.0D+00 1.6D-10 0.0D+00       22      116       22      220  S
      9      1   3.5353330728701349D-01 6.5D-09 0.0D+00 8.0D-10 0.0D+00       22      124       22      220  S
      9      1   3.5353330734011723D-01 6.5D-09 0.0D+00 4.8D-06 0.0D+00       23      163       23      230  S
      9      1   3.5353330728741889D-01 6.5D-09 0.0D+00 7.1D-09 0.0D+00       22      121       22      220  S
      9      1   3.5353330728762838D-01 6.5D-09 0.0D+00 9.3D-09 0.0D+00       22      131       22      220  S
      9      1   3.5353330728530208D-01 6.5D-09 0.0D+00 5.4D-10 0.0D+00       22      120       22      220  S
      9      1   3.5353330728748306D-01 6.5D-09 0.0D+00 7.2D-10 0.0D+00       22      155       22      220  S
      9      1   3.5353330728725690D-01 6.5D-09 0.0D+00 1.9D-08 0.0D+00       23      155       23      230  S
      9      1   3.5353330728762444D-01 6.5D-09 0.0D+00 4.6D-09 0.0D+00       22      115       22      220  S
      9      1   3.5353330737974648D-01 6.5D-09 0.0D+00 8.4D-06 0.0D+00       23      169       23      230  S
      9      1   3.5353330728743843D-01 6.5D-09 0.0D+00 1.6D-09 0.0D+00       22      133       22      220  S
      9      1   3.5353330728539334D-01 6.5D-09 0.0D+00 7.9D-09 0.0D+00       22      140       22      220  S
      9      1   3.5353330728752930D-01 6.5D-09 0.0D+00 1.6D-09 0.0D+00       22      130       22      220  S
      9      1   3.5353330728756532D-01 6.5D-09 0.0D+00 6.4D-09 0.0D+00       22      141       22      220  S
      9      1   3.5353330728763516D-01 6.5D-09 0.0D+00 7.8D-10 0.0D+00       22      118       22      220  S
      9      1   3.5353330736688082D-01 6.5D-09 0.0D+00 7.2D-06 0.0D+00       23      132       23      230  S
      9      1   3.5353330728754767D-01 6.5D-09 0.0D+00 1.1D-09 0.0D+00       22      119       22      220  S
      9      1   3.5353330728611876D-01 6.5D-09 0.0D+00 1.1D-09 0.0D+00       22      155       22      220  S
      9      1   3.5353330728749760D-01 6.5D-09 0.0D+00 2.3D-09 0.0D+00       22      133       22      220  S
      9      1   3.5353330728554500D-01 6.5D-09 0.0D+00 1.9D-09 0.0D+00       22      146       22      220  S
      9      1   3.5353330728509952D-01 6.5D-09 0.0D+00 4.2D-09 0.0D+00       22      144       22      220  S
      9      1   3.5353330728430016D-01 6.5D-09 0.0D+00 9.9D-09 0.0D+00       22      131       22      220  S
      9      1   3.5353330728747023D-01 6.5D-09 0.0D+00 1.3D-09 0.0D+00       22      132       22      220  S
      9      1   3.5353330728733218D-01 6.5D-09 0.0D+00 1.5D-08 0.0D+00       23      152       23      230  S
      9      1   9.2634589108551402D-01 0.0D+00 0.0D+00 9.3D-01 0.0D+00        3       39        3       30  S
      9      1   3.5353330728556664D-01 6.5D-09 0.0D+00 2.9D-09 0.0D+00       22      135       22      220  S
      9      1   3.5353330728622434D-01 6.5D-09 0.0D+00 2.2D-09 0.0D+00       22      161       22      220  S
      9      1   3.5353330818729478D-01 6.5D-09 0.0D+00 9.2D-09 0.0D+00       22      115       22      220  S
      9      1   3.5353330728741134D-01 6.5D-09 0.0D+00 7.2D-09 0.0D+00       22      134       22      220  S
      9      1   3.5353330728442034D-01 6.5D-09 0.0D+00 3.9D-10 0.0D+00       22      114       22      220  S
      9      1   3.5353330728748805D-01 6.5D-09 0.0D+00 2.6D-09 0.0D+00       22      136       22      220  S
      9      1   3.5353330733581090D-01 6.5D-09 0.0D+00 4.5D-06 0.0D+00       23      173       23      230  S
      9      1   3.5353330728511911D-01 6.5D-09 0.0D+00 3.6D-10 0.0D+00       21      149       21      210  S
      9      1   3.5353330728772125D-01 6.5D-09 0.0D+00 9.9D-09 0.0D+00       22      106       22      220  S
      9      1   3.5353330728746551D-01 6.5D-09 0.0D+00 4.6D-09 0.0D+00       22      128       22      220  S
      9      1   3.5353330728291965D-01 6.5D-09 0.0D+00 9.8D-09 0.0D+00       22      124       22      220  S
      9      1   3.5353330728773524D-01 6.5D-09 0.0D+00 6.6D-09 0.0D+00       22      122       22      220  S
      9      1   3.5353330728899135D-01 6.5D-09 0.0D+00 2.1D-06 0.0D+00       23      132       23      230  S
      9      1   3.5353330728627647D-01 6.5D-09 0.0D+00 4.6D-09 0.0D+00       22      121       22      220  S
      9      1   3.5353330728736737D-01 6.5D-09 0.0D+00 1.2D-09 0.0D+00       22      139       22      220  S
      9      1   3.5353330728770199D-01 6.5D-09 0.0D+00 9.8D-09 0.0D+00       22      151       22      220  S
      9      1   3.5353330728445759D-01 6.5D-09 0.0D+00 6.7D-09 0.0D+00       22      148       22      220  S
      9      1   3.5353330728545551D-01 6.5D-09 0.0D+00 1.6D-09 0.0D+00       22      165       22      220  S
      9      1   3.5353330728758725D-01 6.5D-09 0.0D+00 3.8D-09 0.0D+00       22      113       22      220  S
      9      1   3.5353330728762850D-01 6.5D-09 0.0D+00 5.2D-09 0.0D+00       22      115       22      220  S
      9      1   3.5353330728668608D-01 6.5D-09 0.0D+00 7.0D-09 0.0D+00       22      132       22      220  S
      9      1   3.5353330728736954D-01 6.5D-09 0.0D+00 3.6D-09 0.0D+00       22      119       22      220  S
      9      1   3.5353330734150529D-01 6.5D-09 0.0D+00 5.3D-06 0.0D+00       23      142       23      230  S
      9      1   3.5353330728563326D-01 6.5D-09 0.0D+00 3.4D-08 0.0D+00       23      153       23      230  S
      9      1   3.5353330728621268D-01 6.5D-09 0.0D+00 4.5D-09 0.0D+00       22      129       22      220  S
      9      1   3.5353330728732418D-01 6.5D-09 0.0D+00 8.1D-09 0.0D+00       22      130       22      220  S
      9      1   3.5353330728897464D-01 6.5D-09 0.0D+00 1.1D-09 0.0D+00       22      132       22      220  S
      9      1   3.5353330728767285D-01 6.5D-09 0.0D+00 5.9D-09 0.0D+00       22      121       22      220  S
      9      1   3.5353330728668264D-01 6.5D-09 0.0D+00 1.9D-09 0.0D+00       22      183       22      220  S
      9      1   3.5353330728780580D-01 6.5D-09 0.0D+00 2.3D-06 0.0D+00       23      131       23      230  S
      9      1   3.5353330728769700D-01 6.5D-09 0.0D+00 5.1D-09 0.0D+00       22      127       22      220  S
      9      1   3.5353330728779514D-01 6.5D-09 0.0D+00 3.9D-09 0.0D+00       22      128       22      220  S
      9      1   3.5353330728750088D-01 6.5D-09 0.0D+00 9.2D-09 0.0D+00       22      130       22      220  S
      9      1   3.5353330728673937D-01 6.5D-09 0.0D+00 1.2D-09 0.0D+00       22      136       22      220  S
      9      1   3.5353330728758642D-01 6.5D-09 0.0D+00 9.5D-09 0.0D+00       22      114       22      220  S
      9      1   3.5353330728743970D-01 6.5D-09 0.0D+00 8.7D-09 0.0D+00       22      129       22      220  S
      9      1   3.5353330728758448D-01 6.5D-09 0.0D+00 2.3D-10 0.0D+00       22      116       22      220  S
      9      1   3.5353330728769411D-01 6.5D-09 0.0D+00 2.1D-08 0.0D+00       23      138       23      230  S
      9      1   3.5353330728752641D-01 6.5D-09 0.0D+00 2.6D-09 0.0D+00       22      120       22      220  S
      9      1   3.5353330728762900D-01 6.5D-09 0.0D+00 1.9D-09 0.0D+00       22      130       22      220  S
      9      1   3.5353330728759208D-01 6.5D-09 0.0D+00 3.7D-09 0.0D+00       22      121       22      220  S
      9      1   3.5353330728741750D-01 6.5D-09 0.0D+00 5.7D-09 0.0D+00       22      145       22      220  S
      9      1   3.5353330728694432D-01 6.5D-09 0.0D+00 2.8D-09 0.0D+00       20      113       20      200  S
      9      1   3.5353330728668264D-01 6.5D-09 0.0D+00 8.4D-09 0.0D+00       22      122       22      220  S
      9      1   3.5353330728741761D-01 6.5D-09 0.0D+00 7.7D-09 0.0D+00       22      115       22      220  S
      9      1   3.5353330728759474D-01 6.5D-09 0.0D+00 4.7D-09 0.0D+00       22      118       22      220  S
      9      1   3.5353330728781041D-01 6.5D-09 0.0D+00 1.7D-09 0.0D+00       22      116       22      220  S
      9      1   3.5353330728736537D-01 6.5D-09 0.0D+00 7.0D-09 0.0D+00       22      132       22      220  S
      9      1   3.5353330728475268D-01 6.5D-09 0.0D+00 7.4D-09 0.0D+00       22      129       22      220  S
      9      1   3.5353330728351218D-01 6.5D-09 0.0D+00 2.8D-06 0.0D+00       23      148       23      230  S
      9      1   3.5353330728749566D-01 6.5D-09 0.0D+00 1.3D-11 0.0D+00       22      110       22      220  S
      9      1   3.5353330728447840D-01 6.5D-09 0.0D+00 1.3D-09 0.0D+00       22      129       22      220  S
      9      1   3.5353330728762128D-01 6.5D-09 0.0D+00 9.1D-09 0.0D+00       22      124       22      220  S
      9      1   3.5353330728738513D-01 6.5D-09 0.0D+00 9.3D-09 0.0D+00       22      133       22      220  S
      9      1   3.5353330728759785D-01 6.5D-09 0.0D+00 4.9D-09 0.0D+00       22      129       22      220  S
      9      1   3.5353330728735044D-01 6.5D-09 0.0D+00 9.2D-09 0.0D+00       22      135       22      220  S
      9      1   3.5353330728757065D-01 6.5D-09 0.0D+00 6.0D-09 0.0D+00       22      121       22      220  S
      9      1   3.5353330728767246D-01 6.5D-09 0.0D+00 2.1D-10 0.0D+00       22      119       22      220  S
      9      1   3.5353330728623195D-01 6.5D-09 0.0D+00 4.9D-09 0.0D+00       22      125       22      220  S
      9      1   3.5353330728756249D-01 6.5D-09 0.0D+00 4.3D-09 0.0D+00       22      132       22      220  S
      9      1   3.5353330728745491D-01 6.5D-09 0.0D+00 1.7D-09 0.0D+00       22      145       22      220  S
      9      1   3.5353330728503712D-01 6.5D-09 0.0D+00 8.1D-09 0.0D+00       22      131       22      220  S
      9      1   3.5353330728751042D-01 6.5D-09 0.0D+00 5.3D-09 0.0D+00       22      127       22      220  S
      9      1   3.5353330728762283D-01 6.5D-09 0.0D+00 7.0D-09 0.0D+00       22      121       22      220  S
      9      1   3.5353330728519072D-01 6.5D-09 0.0D+00 5.1D-11 0.0D+00       22      110       22      220  S
      9      1   3.5353330728744520D-01 6.5D-09 0.0D+00 2.1D-09 0.0D+00       22      117       22      220  S
      9      1   3.5353330728747417D-01 6.5D-09 0.0D+00 1.3D-09 0.0D+00       22      118       22      220  S
      9      1   3.5353330728734217D-01 6.5D-09 0.0D+00 5.0D-09 0.0D+00       22      145       22      220  S
      9      1   3.5353330728451360D-01 6.5D-09 0.0D+00 2.6D-09 0.0D+00       22      167       22      220  S
      9      1   3.5353330728755999D-01 6.5D-09 0.0D+00 5.2D-09 0.0D+00       22      123       22      220  S
      9      1   3.5353330728447774D-01 6.5D-09 0.0D+00 7.4D-09 0.0D+00       22      127       22      220  S
      9      1   3.5353330728752547D-01 6.5D-09 0.0D+00 9.0D-10 0.0D+00       22      127       22      220  S
      9      1   3.5353330728558541D-01 6.5D-09 0.0D+00 8.7D-09 0.0D+00       22      126       22      220  S
      9      1   3.5353330728570059D-01 6.5D-09 0.0D+00 6.5D-09 0.0D+00       22      130       22      220  S
      9      1   3.5353330728663385D-01 6.5D-09 0.0D+00 9.2D-09 0.0D+00       22      132       22      220  S
      9      1   3.5353330728749038D-01 6.5D-09 0.0D+00 1.9D-09 0.0D+00       22      127       22      220  S
      9      1   3.5353330730650739D-01 6.5D-09 0.0D+00 4.5D-06 0.0D+00       23      143       23      230  S
      9      1   3.5353330726546123D-01 6.5D-09 0.0D+00 9.7D-09 0.0D+00       21      204       21      210  S
      9      1   3.5353330728744103D-01 6.5D-09 0.0D+00 3.4D-09 0.0D+00       22      128       22      220  S
      9      1   3.5353330818758805D-01 6.5D-09 0.0D+00 6.6D-09 0.0D+00       22      124       22      220  S
      9      1   3.5353330728751431D-01 6.5D-09 0.0D+00 5.3D-10 0.0D+00       22      140       22      220  S
      9      1   3.5353330728767762D-01 6.5D-09 0.0D+00 5.0D-09 0.0D+00       22      128       22      220  S
      9      1   3.5353330728748555D-01 6.5D-09 0.0D+00 1.9D-09 0.0D+00       22      121       22      220  S
      9      1   3.5353330728747179D-01 6.5D-09 0.0D+00 2.9D-06 0.0D+00       23      145       23      230  S
      9      1   3.5353330728463522D-01 6.5D-09 0.0D+00 4.5D-09 0.0D+00       22      137       22      220  S
      9      1   3.5353330728755378D-01 6.5D-09 0.0D+00 7.9D-09 0.0D+00       22      125       22      220  S
      9      1   3.5353330728725585D-01 6.5D-09 0.0D+00 6.4D-09 0.0D+00       22      137       22      220  S
      9      1   3.5353330728753501D-01 6.5D-09 0.0D+00 5.8D-09 0.0D+00       22      116       22      220  S
      9      1   3.5353330728784055D-01 6.5D-09 0.0D+00 7.2D-09 0.0D+00       22      122       22      220  S
      9      1   3.5353330728754184D-01 6.5D-09 0.0D+00 2.8D-09 0.0D+00       22      166       22      220  S
      9      1   3.5353330728751742D-01 6.5D-09 0.0D+00 8.0D-09 0.0D+00       22      130       22      220  S
      9      1   3.5353330728762455D-01 6.5D-09 0.0D+00 6.4D-10 0.0D+00       22      127       22      220  S
      9      1   3.5353330883922268D-01 6.5D-09 0.0D+00 1.3D-09 0.0D+00       22      135       22      220  S
      9      1   3.5353330728771937D-01 6.5D-09 0.0D+00 5.5D-09 0.0D+00       22      128       22      220  S
      9      1   3.5353330728761406D-01 6.5D-09 0.0D+00 7.2D-09 0.0D+00       22      119       22      220  S
      9      1   3.5353330728301974D-01 6.5D-09 0.0D+00 4.7D-09 0.0D+00       22      149       22      220  S
      9      1   3.5353330728754900D-01 6.5D-09 0.0D+00 3.7D-09 0.0D+00       22      128       22      220  S
      9      1   3.5353330728750992D-01 6.5D-09 0.0D+00 4.0D-09 0.0D+00       22      129       22      220  S
      9      1   3.5353330728769083D-01 6.5D-09 0.0D+00 4.2D-09 0.0D+00       22      124       22      220  S
      9      1   3.5353330728768739D-01 6.5D-09 0.0D+00 7.0D-09 0.0D+00       22      130       22      220  S
      9      1   3.5353330728758969D-01 6.5D-09 0.0D+00 1.7D-09 0.0D+00       22      117       22      220  S
      9      1   3.5353330728742643D-01 6.5D-09 0.0D+00 3.6D-09 0.0D+00       22      125       22      220  S
      9      1   3.5353330728754634D-01 6.5D-09 0.0D+00 7.4D-09 0.0D+00       22      117       22      220  S
      9      1   3.5353330728731813D-01 6.5D-09 0.0D+00 1.0D-08 0.0D+00       23      152       23      230  S
      9      1   3.5353330745968026D-01 6.5D-09 0.0D+00 1.1D-06 0.0D+00       23      141       23      230  S
      9      1   3.5353330728753229D-01 6.5D-09 0.0D+00 6.6D-10 0.0D+00       22      132       22      220  S
      9      1   3.5353330728812293D-01 6.5D-09 0.0D+00 3.5D-08 0.0D+00       23      148       23      230  S
      9      1   3.5353330728745719D-01 6.5D-09 0.0D+00 2.0D-09 0.0D+00       22      120       22      220  S
      9      1   3.5353330728758248D-01 6.5D-09 0.0D+00 2.7D-09 0.0D+00       22      111       22      220  S
      9      1   3.5353330728756860D-01 6.5D-09 0.0D+00 1.6D-09 0.0D+00       22      145       22      220  S
      9      1   3.5353330728755938D-01 6.5D-09 0.0D+00 3.2D-09 0.0D+00       22      117       22      220  S
      9      1   3.5353330728774357D-01 6.5D-09 0.0D+00 3.0D-08 0.0D+00       24      156       24      240  S
      9      1   3.5353330728762189D-01 6.5D-09 0.0D+00 5.8D-10 0.0D+00       22      128       22      220  S
      9      1   3.5353330728754168D-01 6.5D-09 0.0D+00 8.1D-09 0.0D+00       22      153       22      220  S
      9      1   3.5353329685960172D-01 6.5D-09 0.0D+00 9.5D-04 0.0D+00       23      168       23      230  S
      9      1   3.5353330728440852D-01 6.5D-09 0.0D+00 2.9D-11 0.0D+00       22      132       22      220  S
      9      1   3.5353330728527371D-01 6.5D-09 0.0D+00 2.1D-09 0.0D+00       22      123       22      220  S
      9      1   3.5353330728540661D-01 6.5D-09 0.0D+00 3.6D-09 0.0D+00       22      129       22      220  S
      9      1   3.5353330728760329D-01 6.5D-09 0.0D+00 6.0D-09 0.0D+00       22      119       22      220  S
      9      1   3.5353330728754495D-01 6.5D-09 0.0D+00 9.5D-09 0.0D+00       22      128       22      220  S
      9      1   3.5353330728795490D-01 6.5D-09 0.0D+00 8.5D-09 0.0D+00       22      148       22      220  S
      9      1   3.5353330728769267D-01 6.5D-09 0.0D+00 1.9D-09 0.0D+00       22      166       22      220  S
      9      1   3.5353330728715565D-01 6.5D-09 0.0D+00 1.6D-06 0.0D+00       22      135       22      220  S
      9      1   7.4592267041777405D-01 0.0D+00 0.0D+00 7.5D-01 0.0D+00        3       30        3       30  S
      9      1   3.5353330728669846D-01 6.5D-09 0.0D+00 5.1D-10 0.0D+00       22      142       22      220  S
      9      1   3.5353330728751453D-01 6.5D-09 0.0D+00 9.0D-09 0.0D+00       22      139       22      220  S
      9      1   3.5353330728778853D-01 6.5D-09 0.0D+00 6.5D-10 0.0D+00       22      115       22      220  S
      9      1   3.5353330728709059D-01 6.5D-09 0.0D+00 8.0D-09 0.0D+00       22      146       22      220  S
      9      1   3.5353330728761395D-01 6.5D-09 0.0D+00 7.6D-09 0.0D+00       22      121       22      220  S
      9      1   3.5353330728751603D-01 6.5D-09 0.0D+00 5.9D-09 0.0D+00       22      123       22      220  S
      9      1   3.5353330728405619D-01 6.5D-09 0.0D+00 9.7D-10 0.0D+00       22      136       22      220  S
      9      1   3.5353330728755250D-01 6.5D-09 0.0D+00 3.1D-09 0.0D+00       22      124       22      220  S
      9      1   3.5353330728749249D-01 6.5D-09 0.0D+00 6.3D-09 0.0D+00       22      118       22      220  S
      9      1   3.5353330729490340D-01 6.5D-09 0.0D+00 3.9D-06 0.0D+00       23      167       23      230  S
      9      1   3.5353330728713261D-01 6.5D-09 0.0D+00 1.8D-09 0.0D+00       21      136       21      210  S
      9      1   3.5353330728760479D-01 6.5D-09 0.0D+00 7.5D-09 0.0D+00       22      124       22      220  S
      9      1   3.5353330728751931D-01 6.5D-09 0.0D+00 1.2D-09 0.0D+00       22      143       22      220  S
      9      1   3.5353330728458604D-01 6.5D-09 0.0D+00 8.7D-09 0.0D+00       22      151       22      220  S
      9      1   3.5353330728587168D-01 6.5D-09 0.0D+00 9.8D-09 0.0D+00       22      136       22      220  S
      9      1   3.5353330728741861D-01 6.5D-09 0.0D+00 4.4D-09 0.0D+00       22      135       22      220  S
      9      1   3.5353330728751581D-01 6.5D-09 0.0D+00 2.5D-09 0.0D+00       22      118       22      220  S
      9      1   3.5353330728745180D-01 6.5D-09 0.0D+00 7.9D-09 0.0D+00       22      132       22      220  S
      9      1   3.5353330728771648D-01 6.5D-09 0.0D+00 9.0D-09 0.0D+00       22      118       22      220  S
      9      1   3.5353330728747462D-01 6.5D-09 0.0D+00 2.8D-06 0.0D+00       23      141       23      230  S
      9      1   3.5353330728766669D-01 6.5D-09 0.0D+00 1.4D-10 0.0D+00       22      115       22      220  S
      9      1   3.5353329686012169D-01 6.5D-09 0.0D+00 9.5D-04 0.0D+00       23      138       23      230  S
      9      1   3.5353330728736809D-01 6.5D-09 0.0D+00 2.9D-06 0.0D+00       23      182       23      230  S
      9      1   3.5353330728441151D-01 6.5D-09 0.0D+00 3.5D-09 0.0D+00       22      196       22      220  S
      9      1   3.5353330728554772D-01 6.5D-09 0.0D+00 3.8D-09 0.0D+00       22      122       22      220  S
      9      1   3.5353330728165194D-01 6.5D-09 0.0D+00 3.1D-09 0.0D+00       22      145       22      220  S
      9      1   3.5353330728399046D-01 6.5D-09 0.0D+00 1.9D-09 0.0D+00       22      163       22      220  S
      9      1   3.5353330728782933D-01 6.5D-09 0.0D+00 2.9D-09 0.0D+00       22      126       22      220  S
      9      1   3.5353330728318078D-01 6.5D-09 0.0D+00 5.8D-09 0.0D+00       22      152       22      220  S
      9      1   3.5353330728732352D-01 6.5D-09 0.0D+00 4.0D-09 0.0D+00       21      126       21      210  S
      9      1   3.5353330744928452D-01 6.5D-09 0.0D+00 6.8D-09 0.0D+00       22      122       22      220  S
      9      1   3.5353330728745569D-01 6.5D-09 0.0D+00 8.0D-09 0.0D+00       22      120       22      220  S
      9      1   3.5353330728560201D-01 6.5D-09 0.0D+00 3.8D-08 0.0D+00       23      135       23      230  S
      9      1   3.5353330729244770D-01 6.5D-09 0.0D+00 1.1D-09 0.0D+00       22      160       22      220  S
      9      1   3.5353330728458987D-01 6.5D-09 0.0D+00 6.5D-09 0.0D+00       22      121       22      220  S
      9      1   3.5353330728745597D-01 6.5D-09 0.0D+00 1.0D-08 0.0D+00       22      119       22      220  S
      9      1   3.5353330728729104D-01 6.5D-09 0.0D+00 3.3D-09 0.0D+00       22      130       22      220  S
      9      1   3.5353330728774351D-01 6.5D-09 0.0D+00 4.8D-09 0.0D+00       22      116       22      220  S
      9      1   3.5353330728773913D-01 6.5D-09 0.0D+00 1.3D-08 0.0D+00       24      146       24      240  S
      9      1   3.5353330728693666D-01 6.5D-09 0.0D+00 3.6D-09 0.0D+00       22      133       22      220  S
      9      1   3.5353330728640708D-01 6.5D-09 0.0D+00 5.0D-09 0.0D+00       22      142       22      220  S
      9      1   3.5353330728762583D-01 6.5D-09 0.0D+00 5.4D-10 0.0D+00       22      126       22      220  S
      9      1   3.5353330728631382D-01 6.5D-09 0.0D+00 1.3D-09 0.0D+00       22      134       22      220  S
      9      1   3.5353330728750554D-01 6.5D-09 0.0D+00 8.0D-09 0.0D+00       22      134       22      220  S
      9      1   3.5353330728739357D-01 6.5D-09 0.0D+00 6.6D-09 0.0D+00       21      119       21      210  S
      9      1   3.5353330728634880D-01 6.5D-09 0.0D+00 4.0D-09 0.0D+00       22      223       22      220  S
      9      1   3.5353330728688909D-01 6.5D-09 0.0D+00 2.5D-09 0.0D+00       22      144       22      220  S
      9      1   3.5353330728524002D-01 6.5D-09 0.0D+00 7.2D-09 0.0D+00       22      123       22      220  S
      9      1   3.5353330730983434D-01 6.5D-09 0.0D+00 2.3D-06 0.0D+00       23      143       23      230  S
      9      1   3.5353330728438814D-01 6.5D-09 0.0D+00 6.7D-10 0.0D+00       22      131       22      220  S
      9      1   3.5353330728764992D-01 6.5D-09 0.0D+00 9.5D-09 0.0D+00       22      127       22      220  S
      9      1   3.5353330728759436D-01 6.5D-09 0.0D+00 1.9D-09 0.0D+00       22      143       22      220  S
      9      1   3.5353330728676075D-01 6.5D-09 0.0D+00 3.6D-09 0.0D+00       22      128       22      220  S
      9      1   3.5353330728758248D-01 6.5D-09 0.0D+00 3.4D-09 0.0D+00       22      123       22      220  S
      9      1   3.5353330728747190D-01 6.5D-09 0.0D+00 7.7D-09 0.0D+00       22      129       22      220  S
      9      1   3.5353330728757609D-01 6.5D-09 0.0D+00 9.1D-09 0.0D+00       22      126       22      220  S
      9      1   3.5353330728774135D-01 6.5D-09 0.0D+00 8.4D-09 0.0D+00       22      110       22      220  S
      9      1   3.5353330732284266D-01 6.5D-09 0.0D+00 3.3D-06 0.0D+00       23      130       23      230  S
      9      1   3.5353330728538934D-01 6.5D-09 0.0D+00 1.1D-09 0.0D+00       22      157       22      220  S
      9      1   3.5353330728629273D-01 6.5D-09 0.0D+00 2.2D-09 0.0D+00       22      158       22      220  S
      9      1   3.5353330728795745D-01 6.5D-09 0.0D+00 9.3D-10 0.0D+00       22      113       22      220  S
      9      1   3.5353330728740701D-01 6.5D-09 0.0D+00 2.8D-06 0.0D+00       23      154       23      230  S
      9      1   3.5353330728535803D-01 6.5D-09 0.0D+00 7.3D-09 0.0D+00       22      124       22      220  S
      9      1   3.5353330728453691D-01 6.5D-09 0.0D+00 2.6D-09 0.0D+00       22      114       22      220  S
      9      1   3.5353330728611387D-01 6.5D-09 0.0D+00 8.3D-09 0.0D+00       21      121       21      210  S
      9      1   3.5353330728519389D-01 6.5D-09 0.0D+00 2.8D-09 0.0D+00       22      145       22      220  S
      9      1   3.5353330728647708D-01 6.5D-09 0.0D+00 9.2D-09 0.0D+00       22      124       22      220  S
      9      1   3.5353330728433863D-01 6.5D-09 0.0D+00 9.6D-09 0.0D+00       21      159       21      210  S
      9      1   3.5353330728468862D-01 6.5D-09 0.0D+00 4.4D-09 0.0D+00       22      140       22      220  S
      9      1   3.5353330728750687D-01 6.5D-09 0.0D+00 2.9D-09 0.0D+00       22      130       22      220  S
      9      1   3.5353330728759197D-01 6.5D-09 0.0D+00 9.9D-09 0.0D+00       22      161       22      220  S
      9      1   3.5353330728527166D-01 6.5D-09 0.0D+00 9.2D-10 0.0D+00       22      132       22      220  S
      9      1   3.5353330728765392D-01 6.5D-09 0.0D+00 2.4D-10 0.0D+00       22      140       22      220  S
      9      1   3.5353330728552546D-01 6.5D-09 0.0D+00 5.6D-09 0.0D+00       22      122       22      220  S
      9      1   3.5353330728745425D-01 6.5D-09 0.0D+00 6.1D-09 0.0D+00       22      113       22      220  S
      9      1   5.0387369629174317D-01 6.0D-09 0.0D+00 1.5D-09 0.0D+00       21      204       21      210  S
      9      1   3.5353330728748872D-01 6.5D-09 0.0D+00 6.9D-11 0.0D+00       22      134       22      220  S
      9      1   3.5353330728476656D-01 6.5D-09 0.0D+00 1.5D-08 0.0D+00       23      158       23      230  S
      9      1   3.5353330728750382D-01 6.5D-09 0.0D+00 2.2D-09 0.0D+00       22      146       22      220  S
      9      1   3.5353330735563909D-01 6.5D-09 0.0D+00 6.4D-06 0.0D+00       23      124       23      230  S
      9      1   3.5353330728750804D-01 6.5D-09 0.0D+00 3.6D-09 0.0D+00       22      131       22      220  S
      9      1   3.5353330728740950D-01 6.5D-09 0.0D+00 2.9D-09 0.0D+00       22      129       22      220  S
      9      1   3.5353330728768351D-01 6.5D-09 0.0D+00 3.3D-09 0.0D+00       22      114       22      220  S
      9      1   3.5353330728413368D-01 6.5D-09 0.0D+00 2.0D-09 0.0D+00       22      186       22      220  S
      9      1   3.5353330734791483D-01 6.5D-09 0.0D+00 5.5D-06 0.0D+00       23      135       23      230  S
      9      1   3.5353330728513499D-01 6.5D-09 0.0D+00 6.9D-09 0.0D+00       22      120       22      220  S
      9      1   3.5353330728552113D-01 6.5D-09 0.0D+00 7.1D-09 0.0D+00       22      145       22      220  S
      9      1   3.5353330728745097D-01 6.5D-09 0.0D+00 1.5D-09 0.0D+00       22      121       22      220  S
      9      1   3.5353330728544391D-01 6.5D-09 0.0D+00 9.5D-09 0.0D+00       22      143       22      220  S
      9      1   3.5353330728681948D-01 6.5D-09 0.0D+00 3.6D-09 0.0D+00       22      134       22      220  S
      9      1   3.5353330728755172D-01 6.5D-09 0.0D+00 7.0D-09 0.0D+00       22      127       22      220  S
      9      1   3.5353330728740440D-01 6.5D-09 0.0D+00 3.0D-09 0.0D+00       22      125       22      220  S
      9      1   3.5353330728750559D-01 6.5D-09 0.0D+00 9.5D-09 0.0D+00       22      159       22      220  S
      9      1   3.5353330728519139D-01 6.5D-09 0.0D+00 2.9D-06 0.0D+00       23      185       23      230  S
      9      1   3.5353330739911509D-01 6.5D-09 0.0D+00 1.0D-05 0.0D+00       23      158       23      230  S
      9      1   3.5353330728535742D-01 6.5D-09 0.0D+00 3.9D-09 0.0D+00       22      130       22      220  S
      9      1   3.5353330728738591D-01 6.5D-09 0.0D+00 9.5D-09 0.0D+00       22      121       22      220  S
      9      1   3.5353330728753479D-01 6.5D-09 0.0D+00 8.0D-09 0.0D+00       22      114       22      220  S
      9      1   3.5353330728751253D-01 6.5D-09 0.0D+00 7.5D-09 0.0D+00       22      166       22      220  S
      9      1   3.5353330728754762D-01 6.5D-09 0.0D+00 1.9D-09 0.0D+00       22      147       22      220  S
      9      1   3.5353330733614541D-01 6.5D-09 0.0D+00 4.4D-06 0.0D+00       23      135       23      230  S
      9      1   3.5353330729294241D-01 6.5D-09 0.0D+00 4.8D-07 0.0D+00       23      131       23      230  S
      9      1   3.5353330728753229D-01 6.5D-09 0.0D+00 8.7D-09 0.0D+00       22      133       22      220  S
      9      1   3.5353330728762311D-01 6.5D-09 0.0D+00 8.8D-09 0.0D+00       22      114       22      220  S
      9      1   3.5353330728764493D-01 6.5D-09 0.0D+00 3.9D-09 0.0D+00       22      117       22      220  S
      9      1   3.5353330737563810D-01 6.5D-09 0.0D+00 8.4D-06 0.0D+00       23      153       23      230  S
      9      1   3.5353330728638271D-01 6.5D-09 0.0D+00 5.0D-09 0.0D+00       22      142       22      220  S
      9      1   3.5353330818763562D-01 6.5D-09 0.0D+00 8.5D-09 0.0D+00       22      138       22      220  S
      9      1   3.5353330728755855D-01 6.5D-09 0.0D+00 2.5D-09 0.0D+00       22      124       22      220  S
      9      1   3.5353330728750298D-01 6.5D-09 0.0D+00 2.5D-09 0.0D+00       22      171       22      220  S
      9      1   3.5353330728755322D-01 6.5D-09 0.0D+00 7.0D-09 0.0D+00       22      113       22      220  S
      9      1   3.5353330728417981D-01 6.5D-09 0.0D+00 8.7D-09 0.0D+00       22      127       22      220  S
      9      1   3.5353330728545157D-01 6.5D-09 0.0D+00 9.5D-10 0.0D+00       22      120       22      220  S
      9      1   3.5353330728578958D-01 6.5D-09 0.0D+00 9.2D-10 0.0D+00       22      125       22      220  S
      9      1   3.5353330728706672D-01 6.5D-09 0.0D+00 1.7D-09 0.0D+00       20      122       20      200  S
      9      1   3.5353330728766530D-01 6.5D-09 0.0D+00 1.5D-06 0.0D+00       23      135       23      230  S
      9      1   3.5353330728757387D-01 6.5D-09 0.0D+00 3.9D-09 0.0D+00       22      135       22      220  S
      9      1   3.5353330728754712D-01 6.5D-09 0.0D+00 4.4D-09 0.0D+00       22      118       22      220  S
      9      1   3.5353330728763416D-01 6.5D-09 0.0D+00 7.9D-09 0.0D+00       22      120       22      220  S
      9      1   3.5353330728462135D-01 6.5D-09 0.0D+00 3.7D-10 0.0D+00       22      120       22      220  S
      9      1   3.5353330728697557D-01 6.5D-09 0.0D+00 3.2D-10 0.0D+00       21      151       21      210  S
      9      1   3.5353330728695348D-01 6.5D-09 0.0D+00 2.6D-08 0.0D+00       23      155       23      230  S
      9      1   3.5353330728757726D-01 6.5D-09 0.0D+00 6.4D-09 0.0D+00       22      140       22      220  S
      9      1   3.5353330728755356D-01 6.5D-09 0.0D+00 1.3D-09 0.0D+00       22      129       22      220  S
      9      1   3.5353330728709970D-01 6.5D-09 0.0D+00 8.3D-09 0.0D+00       21      153       21      210  S
      9      1   3.5353330728756860D-01 6.5D-09 0.0D+00 2.5D-09 0.0D+00       22      117       22      220  S
      9      1   3.5353330728741611D-01 6.5D-09 0.0D+00 1.5D-08 0.0D+00       24      148       24      240  S
      9      1   3.5353330728733373D-01 6.5D-09 0.0D+00 4.1D-09 0.0D+00       22      134       22      220  S
      9      1   3.5353330728583232D-01 6.5D-09 0.0D+00 7.5D-09 0.0D+00       22      126       22      220  S
      9      1   3.5353330728464583D-01 6.5D-09 0.0D+00 1.2D-09 0.0D+00       22      130       22      220  S
      9      1   3.5353330728739085D-01 6.5D-09 0.0D+00 4.8D-09 0.0D+00       22      126       22      220  S
      9      1   3.5353330728747484D-01 6.5D-09 0.0D+00 8.7D-09 0.0D+00       22      120       22      220  S
      9      1   3.5353330728756177D-01 6.5D-09 0.0D+00 3.2D-09 0.0D+00       22      118       22      220  S
      9      1   3.5353330728756371D-01 6.5D-09 0.0D+00 9.1D-09 0.0D+00       22      118       22      220  S
      9      1   3.5353330728757804D-01 6.5D-09 0.0D+00 8.6D-09 0.0D+00       22      130       22      220  S
      9      1   3.5353330728799437D-01 6.5D-09 0.0D+00 5.2D-09 0.0D+00       22      110       22      220  S
      9      1   3.5353330728511395D-01 6.5D-09 0.0D+00 1.7D-09 0.0D+00       22      133       22      220  S
      9      1   3.5353330728595483D-01 6.5D-09 0.0D+00 9.4D-09 0.0D+00       22      123       22      220  S
      9      1   3.5353330728756827D-01 6.5D-09 0.0D+00 2.8D-09 0.0D+00       22      130       22      220  S
      9      1   3.5353330728503679D-01 6.5D-09 0.0D+00 7.7D-09 0.0D+00       22      148       22      220  S
      9      1   3.5353330728758381D-01 6.5D-09 0.0D+00 6.2D-09 0.0D+00       22      168       22      220  S
      9      1   3.5353330728682386D-01 6.5D-09 0.0D+00 9.2D-09 0.0D+00       22      123       22      220  S
      9      1   3.5353330728564619D-01 6.5D-09 0.0D+00 7.1D-09 0.0D+00       22      129       22      220  S
      9      1   3.5353330728643889D-01 6.5D-09 0.0D+00 8.9D-10 0.0D+00       22      172       22      220  S
      9      1   3.5353330730183852D-01 6.5D-09 0.0D+00 1.3D-06 0.0D+00       23      141       23      230  S
      9      1   3.5353330728771315D-01 6.5D-09 0.0D+00 9.5D-09 0.0D+00       22      112       22      220  S
      9      1   3.5353330728734489D-01 6.5D-09 0.0D+00 5.3D-09 0.0D+00       22      121       22      220  S
      9      1   3.5353330728534027D-01 6.5D-09 0.0D+00 1.5D-09 0.0D+00       22      141       22      220  S
      9      1   3.5353330728759175D-01 6.5D-09 0.0D+00 3.2D-09 0.0D+00       22      114       22      220  S
      9      1   3.5353330728771115D-01 6.5D-09 0.0D+00 6.6D-09 0.0D+00       22      160       22      220  S
      9      1   3.5353330728723203D-01 6.5D-09 0.0D+00 2.8D-10 0.0D+00       22      138       22      220  S
      9      1   3.5353330728799431D-01 6.5D-09 0.0D+00 7.0D-09 0.0D+00       22      139       22      220  S
      9      1   3.5353330729745081D-01 6.5D-09 0.0D+00 4.6D-09 0.0D+00       22      164       22      220  S
      9      1   3.5353330728746712D-01 6.5D-09 0.0D+00 2.9D-06 0.0D+00       23      157       23      230  S
      9      1   3.5353330728780447D-01 6.5D-09 0.0D+00 1.5D-09 0.0D+00       22      140       22      220  S
      9      1   3.5353330728746019D-01 6.5D-09 0.0D+00 7.2D-09 0.0D+00       22      114       22      220  S
      9      1   3.5353330728758536D-01 6.5D-09 0.0D+00 6.0D-09 0.0D+00       22      124       22      220  S
      9      1   3.5353330728764426D-01 6.5D-09 0.0D+00 4.3D-06 0.0D+00       24      133       24      240  S
      9      1   3.5353330728408844D-01 6.5D-09 0.0D+00 4.3D-10 0.0D+00       22      136       22      220  S
      9      1   3.5353330728693377D-01 6.5D-09 0.0D+00 2.1D-09 0.0D+00       21      132       21      210  S
      9      1   3.5353330728753768D-01 6.5D-09 0.0D+00 7.9D-09 0.0D+00       22      150       22      220  S
      9      1   3.5353330728756160D-01 6.5D-09 0.0D+00 7.5D-09 0.0D+00       22      118       22      220  S
      9      1   3.5353330728743876D-01 6.5D-09 0.0D+00 3.0D-09 0.0D+00       22      145       22      220  S
      9      1   3.5353330728749333D-01 6.5D-09 0.0D+00 6.2D-09 0.0D+00       22      157       22      220  S
      9      1   3.5353330728746535D-01 6.5D-09 0.0D+00 6.8D-09 0.0D+00       22      121       22      220  S
      9      1   3.5353330728534749D-01 6.5D-09 0.0D+00 2.7D-10 0.0D+00       22      133       22      220  S
      9      1   3.5353330728750648D-01 6.5D-09 0.0D+00 5.0D-10 0.0D+00       22      123       22      220  S
      9      1   3.5353330728815502D-01 6.5D-09 0.0D+00 9.3D-10 0.0D+00       22      153       22      220  S
      9      1   3.5353330728431531D-01 6.5D-09 0.0D+00 4.5D-09 0.0D+00       22      167       22      220  S
      9      1   3.5353330728430715D-01 6.5D-09 0.0D+00 8.0D-09 0.0D+00       22      164       22      220  S
      9      1   3.5353330728760196D-01 6.5D-09 0.0D+00 4.8D-09 0.0D+00       22      122       22      220  S
      9      1   3.5353330732606664D-01 6.5D-09 0.0D+00 3.6D-06 0.0D+00       23      149       23      230  S
      9      1   3.5353330728530463D-01 6.5D-09 0.0D+00 4.4D-09 0.0D+00       22      126       22      220  S
      9      1   3.5353330728465526D-01 6.5D-09 0.0D+00 9.0D-10 0.0D+00       22      116       22      220  S
      9      1   3.5353330728515081D-01 6.5D-09 0.0D+00 9.0D-09 0.0D+00       22      138       22      220  S
      9      1   3.5353330728767446D-01 6.5D-09 0.0D+00 1.9D-08 0.0D+00       23      150       23      230  S
      9      1   3.5353330728760951D-01 6.5D-09 0.0D+00 9.0D-09 0.0D+00       22      118       22      220  S
      9      1   3.5353330728743659D-01 6.5D-09 0.0D+00 5.7D-09 0.0D+00       22      140       22      220  S
      9      1   3.5353330728757787D-01 6.5D-09 0.0D+00 7.9D-09 0.0D+00       22      120       22      220  S
      9      1   3.5353330728782478D-01 6.5D-09 0.0D+00 7.7D-09 0.0D+00       22      130       22      220  S
      9      1   3.5353330728337429D-01 6.5D-09 0.0D+00 3.7D-08 0.0D+00       23      161       23      230  S
      9      1   3.5353330728752058D-01 6.5D-09 0.0D+00 3.9D-09 0.0D+00       22      119       22      220  S
      9      1   3.5353330728758303D-01 6.5D-09 0.0D+00 2.4D-09 0.0D+00       22      183       22      220  S
      9      1   3.5353330728750376D-01 6.5D-09 0.0D+00 4.4D-09 0.0D+00       22      138       22      220  S
      9      1   3.5353330728747540D-01 6.5D-09 0.0D+00 7.3D-09 0.0D+00       22      136       22      220  S
      9      1   3.5353330728756516D-01 6.5D-09 0.0D+00 8.9D-10 0.0D+00       22      121       22      220  S
      9      1   3.5353330728748011D-01 6.5D-09 0.0D+00 3.0D-09 0.0D+00       22      124       22      220  S
      9      1   3.5353330728518595D-01 6.5D-09 0.0D+00 1.3D-08 0.0D+00       23      152       23      230  S
      9      1   3.5353330728763999D-01 6.5D-09 0.0D+00 3.6D-10 0.0D+00       22      109       22      220  S
      9      1   3.5353330818802275D-01 6.5D-09 0.0D+00 7.9D-09 0.0D+00       22      123       22      220  S
      9      1   3.5353330728490756D-01 6.5D-09 0.0D+00 5.7D-10 0.0D+00       22      144       22      220  S
      9      1   3.5353330728752180D-01 6.5D-09 0.0D+00 4.3D-09 0.0D+00       22      173       22      220  S
      9      1   5.5898952126764667D-01 7.5D-09 0.0D+00 1.6D-07 0.0D+00       23      190       23      230  S
      9      1   3.5353330728494803D-01 6.5D-09 0.0D+00 2.9D-09 0.0D+00       22      132       22      220  S
      9      1   3.5353330728744736D-01 6.5D-09 0.0D+00 2.2D-09 0.0D+00       22      111       22      220  S
      9      1   3.5353330728774507D-01 6.5D-09 0.0D+00 3.5D-10 0.0D+00       22      127       22      220  S
      9      1   3.5353330728777155D-01 6.5D-09 0.0D+00 9.6D-09 0.0D+00       22      133       22      220  S
      9      1   3.5353330728596549D-01 6.5D-09 0.0D+00 9.2D-09 0.0D+00       22      142       22      220  S
      9      1   3.5353330728746729D-01 6.5D-09 0.0D+00 1.3D-10 0.0D+00       22      118       22      220  S
      9      1   3.5353330728769244D-01 6.5D-09 0.0D+00 8.9D-10 0.0D+00       22      123       22      220  S
      9      1   3.5353330728439442D-01 6.5D-09 0.0D+00 4.0D-10 0.0D+00       22      147       22      220  S
      9      1   3.5353330734689564D-01 6.5D-09 0.0D+00 5.4D-06 0.0D+00       23      133       23      230  S
      9      1   3.5353330728732552D-01 6.5D-09 0.0D+00 1.6D-09 0.0D+00       22      120       22      220  S
      9      1   3.5353330728638077D-01 6.5D-09 0.0D+00 5.4D-09 0.0D+00       22      140       22      220  S
      9      1   3.5353330728650634D-01 6.5D-09 0.0D+00 2.9D-06 0.0D+00       23      139       23      230  S
      9      1   3.5353330728741639D-01 6.5D-09 0.0D+00 4.0D-09 0.0D+00       22      126       22      220  S
      9      1   3.5353330728730492D-01 6.5D-09 0.0D+00 3.1D-09 0.0D+00       21      108       21      210  S
      9      1   3.5353330818559758D-01 6.5D-09 0.0D+00 7.0D-10 0.0D+00       21      154       21      210  S
      9      1   3.5353330728756038D-01 6.5D-09 0.0D+00 7.0D-09 0.0D+00       22      125       22      220  S
      9      1   3.5353330728419768D-01 6.5D-09 0.0D+00 5.2D-09 0.0D+00       22      200       22      220  S
      9      1   3.5353330728544313D-01 6.5D-09 0.0D+00 8.3D-09 0.0D+00       22      134       22      220  S
      9      1   3.5353330728552324D-01 6.5D-09 0.0D+00 5.8D-09 0.0D+00       22      158       22      220  S
      9      1   3.5353330728792032D-01 6.5D-09 0.0D+00 2.5D-09 0.0D+00       22      123       22      220  S
      9      1   3.5353330728760923D-01 6.5D-09 0.0D+00 2.3D-06 0.0D+00       23      136       23      230  S
      9      1   3.5353330728751126D-01 6.5D-09 0.0D+00 4.4D-09 0.0D+00       22      118       22      220  S
      9      1   3.5353330728768251D-01 6.5D-09 0.0D+00 1.2D-08 0.0D+00       24      145       24      240  S
      9      1   3.5353330728255078D-01 6.5D-09 0.0D+00 1.8D-09 0.0D+00       22      134       22      220  S
      9      1   3.5353330728753174D-01 6.5D-09 0.0D+00 3.1D-09 0.0D+00       22      136       22      220  S
      9      1   3.5353330728718058D-01 6.5D-09 0.0D+00 1.0D-08 0.0D+00       23      132       23      230  S
      9      1   3.5353330728552007D-01 6.5D-09 0.0D+00 6.1D-09 0.0D+00       22      123       22      220  S
      9      1   3.5353330728758275D-01 6.5D-09 0.0D+00 2.0D-09 0.0D+00       22      136       22      220  S
      9      1   3.5353330728778071D-01 6.5D-09 0.0D+00 1.3D-09 0.0D+00       22      125       22      220  S
      9      1   3.5353330728755278D-01 6.5D-09 0.0D+00 5.3D-09 0.0D+00       22      113       22      220  S
      9      1   3.5353330728768384D-01 6.5D-09 0.0D+00 4.3D-09 0.0D+00       22      113       22      220  S
      9      1   3.5353330728760118D-01 6.5D-09 0.0D+00 3.2D-10 0.0D+00       22      137       22      220  S
      9      1   3.5353330728449078D-01 6.5D-09 0.0D+00 2.1D-08 0.0D+00       23      166       23      230  S
      9      1   3.5353330728782401D-01 6.5D-09 0.0D+00 5.6D-09 0.0D+00       22      125       22      220  S
      9      1   3.5353330728736559D-01 6.5D-09 0.0D+00 7.7D-09 0.0D+00       22      139       22      220  S
      9      1   3.5353330728735133D-01 6.5D-09 0.0D+00 5.3D-09 0.0D+00       22      156       22      220  S
      9      1   3.5353330728531063D-01 6.5D-09 0.0D+00 3.2D-09 0.0D+00       22      150       22      220  S
      9      1   3.5353330728754889D-01 6.5D-09 0.0D+00 8.0D-09 0.0D+00       22      113       22      220  S
      9      1   3.5353330728748367D-01 6.5D-09 0.0D+00 9.9D-09 0.0D+00       22      120       22      220  S
      9      1   3.5353330727172178D-01 6.5D-09 0.0D+00 3.2D-08 0.0D+00       23      199       23      230  S
      9      1   3.5353330728661109D-01 6.5D-09 0.0D+00 5.0D-10 0.0D+00       22      126       22      220  S
      9      1   3.5353330728787069D-01 6.5D-09 0.0D+00 1.4D-09 0.0D+00       22      119       22      220  S
      9      1   3.5353330728786558D-01 6.5D-09 0.0D+00 1.0D-09 0.0D+00       22      126       22      220  S
      9      1   3.5353330728750210D-01 6.5D-09 0.0D+00 6.3D-10 0.0D+00       22      126       22      220  S
      9      1   3.5353330728587012D-01 6.5D-09 0.0D+00 3.7D-09 0.0D+00       22      148       22      220  S
      9      1   3.5353330728680338D-01 6.5D-09 0.0D+00 2.2D-09 0.0D+00       22      143       22      220  S
      9      1   3.5353330728845062D-01 6.5D-09 0.0D+00 7.1D-09 0.0D+00       22      147       22      220  S
      9      1   3.5353330728684118D-01 6.5D-09 0.0D+00 3.4D-09 0.0D+00       22      136       22      220  S
      9      1   3.5353330728506999D-01 6.5D-09 0.0D+00 1.8D-09 0.0D+00       22      117       22      220  S
      9      1   3.5353330728733723D-01 6.5D-09 0.0D+00 9.2D-09 0.0D+00       21      115       21      210  S
      9      1   3.5353330728499033D-01 6.5D-09 0.0D+00 6.9D-09 0.0D+00       22      140       22      220  S
      9      1   3.5353330728748927D-01 6.5D-09 0.0D+00 4.9D-09 0.0D+00       22      115       22      220  S
      9      1   3.5353330733992033D-01 6.5D-09 0.0D+00 4.8D-06 0.0D+00       23      142       23      230  S
      9      1   3.5353330728591570D-01 6.5D-09 0.0D+00 3.1D-09 0.0D+00       22      151       22      220  S
      9      1   3.5353330728754739D-01 6.5D-09 0.0D+00 6.7D-09 0.0D+00       22      144       22      220  S
      9      1   3.5353330728762961D-01 6.5D-09 0.0D+00 2.8D-10 0.0D+00       22      130       22      220  S
      9      1   3.5353330728430282D-01 6.5D-09 0.0D+00 1.2D-08 0.0D+00       23      153       23      230  S
      9      1   3.5353330818814566D-01 6.5D-09 0.0D+00 1.0D-09 0.0D+00       22      149       22      220  S
      9      1   3.5353330728739712D-01 6.5D-09 0.0D+00 3.7D-09 0.0D+00       22      117       22      220  S
      9      1   3.5353330734332244D-01 6.5D-09 0.0D+00 5.1D-06 0.0D+00       23      123       23      230  S
      9      1   3.5353330729502841D-01 6.5D-09 0.0D+00 7.0D-07 0.0D+00       23      128       23      230  S
      9      1   3.5353330728758781D-01 6.5D-09 0.0D+00 6.2D-09 0.0D+00       22      130       22      220  S
