      9      1   3.5353330728744925D-01 6.5D-09 0.0D+00 1.1D-09 0.0D+00       22      130       22      220  S
      9      1   3.5353330731058685D-01 6.5D-09 0.0D+00 2.1D-06 0.0D+00       22      147       22      220  S
      9      1   3.5353330887252832D-01 6.5D-09 0.0D+00 3.0D-06 0.0D+00       23      147       23      230  S
      9      1   3.5353330744710826D-01 6.5D-09 0.0D+00 1.6D-09 0.0D+00       22      165       22      220  S
      9      1   3.5353330728756815D-01 6.5D-09 0.0D+00 3.5D-09 0.0D+00       22      116       22      220  S
      9      1   3.5353330728756061D-01 6.5D-09 0.0D+00 2.8D-09 0.0D+00       22      142       22      220  S
      9      1   3.5353330728683868D-01 6.5D-09 0.0D+00 2.9D-06 0.0D+00       22      138       22      220  S
      9      1   7.8857245303253032D-01 1.2D-09 0.0D+00 3.4D+04 0.0D+00       26      297       26      260  S
      9      1   3.5353330728641003D-01 6.5D-09 0.0D+00 2.2D-09 0.0D+00       22      132       22      220  S
      9      1   3.5353330728791066D-01 6.5D-09 0.0D+00 2.8D-06 0.0D+00       23      143       23      230  S
      9      1   3.5353330728748195D-01 6.5D-09 0.0D+00 5.0D-09 0.0D+00       22      166       22      220  S
      9      1   3.5353330728767413D-01 6.5D-09 0.0D+00 1.1D-10 0.0D+00       22      118       22      220  S
      9      1   3.5353330728517318D-01 6.5D-09 0.0D+00 4.0D-09 0.0D+00       22      145       22      220  S
      9      1   3.5353330728762300D-01 6.5D-09 0.0D+00 6.6D-09 0.0D+00       22      126       22      220  S
      9      1   3.5353330727189691D-01 6.5D-09 0.0D+00 6.6D-09 0.0D+00       22      176       22      220  S
      9      1   3.5353330728761972D-01 6.5D-09 0.0D+00 9.7D-09 0.0D+00       22      118       22      220  S
      9      1   3.5353330728428078D-01 6.5D-09 0.0D+00 5.2D-09 0.0D+00       22      144       22      220  S
      9      1   3.5353330728748955D-01 6.5D-09 0.0D+00 4.2D-10 0.0D+00       22      151       22      220  S
      9      1   3.5353330728746762D-01 6.5D-09 0.0D+00 9.1D-09 0.0D+00       22      121       22      220  S
      9      1   3.5353330730878885D-01 6.5D-09 0.0D+00 2.2D-06 0.0D+00       23      144       23      230  S
      9      1   3.5353330728682431D-01 6.5D-09 0.0D+00 8.4D-09 0.0D+00       22      114       22      220  S
      9      1   3.5353330728441845D-01 6.5D-09 0.0D+00 4.0D-09 0.0D+00       22      138       22      220  S
      9      1   3.5353330728743265D-01 6.5D-09 0.0D+00 9.5D-09 0.0D+00       22      147       22      220  S
      9      1   3.5353330728745141D-01 6.5D-09 0.0D+00 5.8D-09 0.0D+00       22      117       22      220  S
      9      1   8.2195205172717356D-01 2.2D-16 0.0D+00 8.2D-01 0.0D+00        3       37        3       30  S
      9      1   3.5353330728761490D-01 6.5D-09 0.0D+00 5.8D-09 0.0D+00       22      114       22      220  S
      9      1   3.5353330728763382D-01 6.5D-09 0.0D+00 3.9D-09 0.0D+00       22      128       22      220  S
      9      1   3.5353330728511706D-01 6.5D-09 0.0D+00 2.9D-09 0.0D+00       21      135       21      210  S
      9      1   3.5353330728532117D-01 6.5D-09 0.0D+00 6.2D-09 0.0D+00       22      149       22      220  S
      9      1   3.5353329686131379D-01 6.5D-09 0.0D+00 9.5D-04 0.0D+00       23      131       23      230  S
      9      1   3.5353330728737381D-01 6.5D-09 0.0D+00 8.1D-09 0.0D+00       22      144       22      220  S
      9      1   3.5353330728763915D-01 6.5D-09 0.0D+00 3.2D-09 0.0D+00       22      120       22      220  S
      9      1   3.5353330728734961D-01 6.5D-09 0.0D+00 6.3D-09 0.0D+00       22      165       22      220  S
      9      1   3.5353330728516175D-01 6.5D-09 0.0D+00 1.4D-09 0.0D+00       22      166       22      220  S
      9      1   3.5353330728675131D-01 6.5D-09 0.0D+00 5.7D-09 0.0D+00       22      138       22      220  S
      9      1   3.5353330728753130D-01 6.5D-09 0.0D+00 8.5D-09 0.0D+00       22      128       22      220  S
      9      1   3.5353330728479510D-01 6.5D-09 0.0D+00 1.4D-10 0.0D+00       22      117       22      220  S
      9      1   3.5353330728739490D-01 6.5D-09 0.0D+00 7.0D-09 0.0D+00       22      115       22      220  S
      9      1   3.5353330728688381D-01 6.5D-09 0.0D+00 4.6D-09 0.0D+00       22      141       22      220  S
      9      1   3.5353330735899297D-01 6.5D-09 0.0D+00 6.5D-06 0.0D+00       23      145       23      230  S
      9      1   3.5353330728750659D-01 6.5D-09 0.0D+00 6.3D-06 0.0D+00       23      150       23      230  S
      9      1   3.5353330728758425D-01 6.5D-09 0.0D+00 2.9D-06 0.0D+00       23      132       23      230  S
      9      1   3.5353330728761767D-01 6.5D-09 0.0D+00 9.6D-09 0.0D+00       22      116       22      220  S
      9      1   3.5353330728695309D-01 6.5D-09 0.0D+00 6.4D-09 0.0D+00       20      140       20      200  S
      9      1   3.5353330728705828D-01 6.5D-09 0.0D+00 2.0D-09 0.0D+00       21      142       21      210  S
      9      1   3.5353330728742210D-01 6.5D-09 0.0D+00 5.0D-09 0.0D+00       22      160       22      220  S
      9      1   3.5353330883922041D-01 6.5D-09 0.0D+00 7.8D-09 0.0D+00       22      117       22      220  S
      9      1   3.5353330728762961D-01 6.5D-09 0.0D+00 2.0D-09 0.0D+00       22      114       22      220  S
      9      1   3.5353330728754645D-01 6.5D-09 0.0D+00 6.3D-09 0.0D+00       22      112       22      220  S
      9      1   3.5353330728740662D-01 6.5D-09 0.0D+00 3.6D-09 0.0D+00       22      125       22      220  S
      9      1   3.5353330728755222D-01 6.5D-09 0.0D+00 3.8D-09 0.0D+00       22      147       22      220  S
      9      1   3.5353330728752430D-01 6.5D-09 0.0D+00 2.1D-10 0.0D+00       22      124       22      220  S
      9      1   3.5353330728745846D-01 6.5D-09 0.0D+00 2.2D-06 0.0D+00       23      137       23      230  S
      9      1   3.5353330728607912D-01 6.5D-09 0.0D+00 6.5D-09 0.0D+00       22      117       22      220  S
      9      1   3.5353330739563393D-01 6.5D-09 0.0D+00 1.0D-05 0.0D+00       23      131       23      230  S
      9      1   3.5353330728741150D-01 6.5D-09 0.0D+00 8.3D-09 0.0D+00       22      133       22      220  S
      9      1   3.5353330729710830D-01 6.5D-09 0.0D+00 8.9D-07 0.0D+00       23      194       23      230  S
      9      1   3.5353330733341171D-01 6.5D-09 0.0D+00 4.5D-06 0.0D+00       23      148       23      230  S
      9      1   3.5353330728726601D-01 6.5D-09 0.0D+00 8.7D-09 0.0D+00       21      144       21      210  S
      9      1   3.5353330728513144D-01 6.5D-09 0.0D+00 5.3D-09 0.0D+00       22      131       22      220  S
      9      1   3.5353330728766563D-01 6.5D-09 0.0D+00 5.5D-09 0.0D+00       22      134       22      220  S
      9      1   3.5353330728797089D-01 6.5D-09 0.0D+00 1.4D-08 0.0D+00       23      140       23      230  S
      9      1   3.5353330731247812D-01 6.5D-09 0.0D+00 2.5D-06 0.0D+00       23      136       23      230  S
      9      1   3.5353330728759613D-01 6.5D-09 0.0D+00 9.0D-09 0.0D+00       22      111       22      220  S
      9      1   3.5353330728778243D-01 6.5D-09 0.0D+00 8.4D-09 0.0D+00       22      124       22      220  S
      9      1   3.5353330728757476D-01 6.5D-09 0.0D+00 6.8D-09 0.0D+00       22      125       22      220  S
      9      1   3.5353330728760651D-01 6.5D-09 0.0D+00 2.8D-09 0.0D+00       22      115       22      220  S
      9      1   3.5353330728300325D-01 6.5D-09 0.0D+00 6.7D-09 0.0D+00       21      156       21      210  S
      9      1   3.5353330728926685D-01 6.5D-09 0.0D+00 1.3D-09 0.0D+00       22      169       22      220  S
      9      1   3.5353330728748833D-01 6.5D-09 0.0D+00 7.4D-09 0.0D+00       22      131       22      220  S
      9      1   3.5353330728340177D-01 6.5D-09 0.0D+00 3.7D-09 0.0D+00       22      191       22      220  S
      9      1   3.5353330728611332D-01 6.5D-09 0.0D+00 2.2D-09 0.0D+00       22      130       22      220  S
      9      1   5.0387369623970446D-01 6.0D-09 0.0D+00 2.1D-07 0.0D+00       23      180       23      230  S
      9      1   3.5353330728737498D-01 6.5D-09 0.0D+00 8.2D-09 0.0D+00       22      118       22      220  S
      9      1   3.5353330728759774D-01 6.5D-09 0.0D+00 8.4D-09 0.0D+00       22      136       22      220  S
      9      1   3.5353330728528271D-01 6.5D-09 0.0D+00 5.0D-09 0.0D+00       22      128       22      220  S
      9      1   3.5353330728648108D-01 6.5D-09 0.0D+00 5.1D-09 0.0D+00       22      151       22      220  S
      9      1   3.5353330728518262D-01 6.5D-09 0.0D+00 1.4D-09 0.0D+00       22      142       22      220  S
      9      1   3.5353330728762733D-01 6.5D-09 0.0D+00 3.9D-09 0.0D+00       22      130       22      220  S
      9      1   3.5353330728686500D-01 6.5D-09 0.0D+00 9.7D-09 0.0D+00       22      116       22      220  S
      9      1   3.5353330728705817D-01 6.5D-09 0.0D+00 1.7D-09 0.0D+00       22      138       22      220  S
      9      1   3.5353330728753529D-01 6.5D-09 0.0D+00 4.9D-09 0.0D+00       22      161       22      220  S
      9      1   3.5353330728765137D-01 6.5D-09 0.0D+00 5.8D-09 0.0D+00       22      142       22      220  S
      9      1   3.5353330734630639D-01 6.5D-09 0.0D+00 5.4D-06 0.0D+00       23      141       23      230  S
      9      1   5.0387369621318656D-01 6.0D-09 0.0D+00 1.4D-07 0.0D+00       23      177       23      230  S
      9      1   3.5353330728758092D-01 6.5D-09 0.0D+00 4.1D-09 0.0D+00       22      113       22      220  S
      9      1   3.5353330728746291D-01 6.5D-09 0.0D+00 7.9D-09 0.0D+00       22      128       22      220  S
      9      1   3.5353330728773363D-01 6.5D-09 0.0D+00 2.4D-09 0.0D+00       22      133       22      220  S
      9      1   3.5353330728781529D-01 6.5D-09 0.0D+00 4.2D-09 0.0D+00       22      134       22      220  S
      9      1   3.5353330728743149D-01 6.5D-09 0.0D+00 1.0D-09 0.0D+00       22      160       22      220  S
      9      1   3.5353330728749960D-01 6.5D-09 0.0D+00 7.9D-09 0.0D+00       22      119       22      220  S
      9      1   3.5353330738436195D-01 6.5D-09 0.0D+00 8.8D-06 0.0D+00       24      137       24      240  S
      9      1   3.5353330731668392D-01 6.5D-09 0.0D+00 2.7D-06 0.0D+00       23      134       23      230  S
      9      1   3.5353330728511284D-01 6.5D-09 0.0D+00 9.4D-09 0.0D+00       22      189       22      220  S
      9      1   3.5353330728457305D-01 6.5D-09 0.0D+00 3.9D-09 0.0D+00       21      146       21      210  S
      9      1   3.5353330728557386D-01 6.5D-09 0.0D+00 2.6D-08 0.0D+00       23      134       23      230  S
      9      1   3.5353330727183691D-01 6.5D-09 0.0D+00 1.4D-09 0.0D+00       22      165       22      220  S
      9      1   3.5353330728762233D-01 6.5D-09 0.0D+00 2.0D-09 0.0D+00       22      156       22      220  S
      9      1   3.5353330728768478D-01 6.5D-09 0.0D+00 2.0D-09 0.0D+00       22      203       22      220  S
      9      1   3.5353330728526500D-01 6.5D-09 0.0D+00 2.8D-10 0.0D+00       22      138       22      220  S
