      3   0.00    0.00    0.00   7.0706196792521614D-01 8.0D-09 0.0D+00 1.0D-09 0.0D+00       20       93       20      200     116     287     290     287     293   0.12     0    0      1  BR
      3   0.00    0.00    0.00   7.0706132924926046D-01 8.3D-09 0.0D+00 6.3D-09 0.0D+00       20       95       20      200     122     289     296     289     295   0.07     0    0      2  BR
      3      1   7.0706664511765238D-01 6.4D-09 0.0D+00 4.7D-09 0.0D+00       23      107       23      230  S
      3      1   7.0706664511792316D-01 6.4D-09 0.0D+00 5.1D-09 0.0D+00       23      104       23      230  S
      3      1   7.0706664511753969D-01 6.4D-09 0.0D+00 1.3D-09 0.0D+00       23      105       23      230  S
      3      1   7.0706664511775053D-01 6.4D-09 0.0D+00 4.5D-09 0.0D+00       23      104       23      230  S
      3      1   7.0706664511767348D-01 6.4D-09 0.0D+00 8.0D-10 0.0D+00       23      108       23      230  S
      3      1   7.0706664511777206D-01 6.4D-09 0.0D+00 5.6D-10 0.0D+00       23      104       23      230  S
      3      1   7.0706664511779582D-01 6.4D-09 0.0D+00 5.0D-09 0.0D+00       23      106       23      230  S
      3      1   7.0706664511766804D-01 6.4D-09 0.0D+00 2.9D-09 0.0D+00       23      101       23      230  S
      3      1   7.0706664511710338D-01 6.4D-09 0.0D+00 6.4D-09 0.0D+00       21       98       21      210  S
      3      1   7.0706664511724182D-01 6.4D-09 0.0D+00 8.3D-09 0.0D+00       21       97       21      210  S
      3      1   7.0706664511690520D-01 6.4D-09 0.0D+00 7.1D-09 0.0D+00       21       97       21      210  S
      3      1   7.0706664511761819D-01 6.4D-09 0.0D+00 6.8D-09 0.0D+00       23      103       23      230  S
      3   0.00    0.00    0.00   7.0705890350529210D-01 9.2D-09 0.0D+00 5.0D-09 0.0D+00       20       93       20      200     117     287     291     287     293   0.17     0    0     15  BR
      3      1   7.0706250308195306D-01 7.8D-09 0.0D+00 8.1D-09 0.0D+00       20       92       20      200  S
      3      1   7.0706664511766248D-01 6.4D-09 0.0D+00 9.7D-09 0.0D+00       23      105       23      230  S
      3      1   7.0706664511751249D-01 6.4D-09 0.0D+00 9.5D-09 0.0D+00       21       99       21      210  S
      3      1   7.0706664511726458D-01 6.4D-09 0.0D+00 6.7D-09 0.0D+00       21       96       21      210  S
      3      1   7.0706664511704809D-01 6.4D-09 0.0D+00 6.0D-09 0.0D+00       21       97       21      210  S
      3      1   7.0706664511747186D-01 6.4D-09 0.0D+00 3.0D-09 0.0D+00       23      106       23      230  S
      3      1   7.0706664511768524D-01 6.4D-09 0.0D+00 3.6D-09 0.0D+00       23      104       23      230  S
      3      1   7.0706664511797324D-01 6.4D-09 0.0D+00 5.9D-09 0.0D+00       23      104       23      230  S
      3      1   7.0706664511771034D-01 6.4D-09 0.0D+00 2.2D-09 0.0D+00       23      106       23      230  S
      3      1   7.0706664511753181D-01 6.4D-09 0.0D+00 7.8D-09 0.0D+00       23      104       23      230  S
      3      1   7.0706664511773054D-01 6.4D-09 0.0D+00 3.7D-10 0.0D+00       23      106       23      230  S
      3      1   7.0706664511752138D-01 6.4D-09 0.0D+00 1.3D-09 0.0D+00       23      105       23      230  S
      3      1   7.0705964744025795D-01 8.9D-09 0.0D+00 6.4D-10 0.0D+00       20       92       20      200  S
      3      1   7.0706664511739026D-01 6.4D-09 0.0D+00 3.4D-10 0.0D+00       23      107       23      230  S
      3      1   7.0706664511692863D-01 6.4D-09 0.0D+00 2.5D-10 0.0D+00       21       97       21      210  S
      3   0.00    0.00    0.00   7.0705880841344237D-01 9.2D-09 0.0D+00 1.7D-09 0.0D+00       20       93       20      200     115     288     289     288     293   0.33     0    0     31  BR
      3      1   7.0706243357890330D-01 7.9D-09 0.0D+00 6.8D-09 0.0D+00       20       93       20      200  S
      3      1   7.0706664511775019D-01 6.4D-09 0.0D+00 7.5D-09 0.0D+00       23      106       23      230  S
      3      1   7.0706664511724060D-01 6.4D-09 0.0D+00 1.1D-10 0.0D+00       21       98       21      210  S
      3      1   7.0706664511727779D-01 6.4D-09 0.0D+00 3.3D-10 0.0D+00       21       98       21      210  S
      3      1   7.0706664511730910D-01 6.4D-09 0.0D+00 1.6D-09 0.0D+00       21       98       21      210  S
      3      1   7.0706664511711814D-01 6.4D-09 0.0D+00 7.8D-09 0.0D+00       21      104       21      210  S
      3      1   7.0706664511786921D-01 6.4D-09 0.0D+00 6.9D-09 0.0D+00       23      109       23      230  S
      3      1   7.0706664511740391D-01 6.4D-09 0.0D+00 7.2D-09 0.0D+00       21       98       21      210  S
      3      1   7.0706664511727113D-01 6.4D-09 0.0D+00 7.3D-09 0.0D+00       21       99       21      210  S
      3      1   7.0706664511735851D-01 6.4D-09 0.0D+00 6.0D-09 0.0D+00       21       96       21      210  S
      3      1   7.0706664511733675D-01 6.4D-09 0.0D+00 1.4D-09 0.0D+00       21       99       21      210  S
      3      1   7.0706664511714823D-01 6.4D-09 0.0D+00 7.5D-09 0.0D+00       21       99       21      210  S
      3      1   7.0706664511706308D-01 6.4D-09 0.0D+00 1.8D-09 0.0D+00       21       99       21      210  S
      3      1   7.0706664511705064D-01 6.4D-09 0.0D+00 7.1D-10 0.0D+00       21       96       21      210  S
      3      1   7.0706664511794004D-01 6.4D-09 0.0D+00 3.7D-09 0.0D+00       23      105       23      230  S
      3   0.00    0.00    0.00   7.0705871256199682D-01 9.2D-09 0.0D+00 1.2D-09 0.0D+00       20       96       20      200     127     290     301     290     296   0.09     0    0     47  BR
      3      1   7.0706679821917640D-01 6.4D-09 0.0D+00 4.8D-09 0.0D+00       21       96       21      210  S
      3      1   7.0706693765219220D-01 6.4D-09 0.0D+00 4.9D-09 0.0D+00       21       99       21      203  S
      3   0.00    0.00    0.00   7.0705685093936577D-01 1.0D-08 0.0D+00 7.1D-08 0.0D+00       21       97       21      210     126     300     308     300     307   0.26     0    0     50  BR
      3      1   7.0705688779155951D-01 1.0D-08 0.0D+00 5.0D-09 0.0D+00       20       94       20      200  S
      3      1   7.0705705649008599D-01 9.9D-09 0.0D+00 6.0D-09 0.0D+00       20       94       20      200  S
      3      1   7.0705722292961937D-01 9.8D-09 0.0D+00 1.5D-09 0.0D+00       20       91       20      200  S
      3      1   7.0706001963969967D-01 8.7D-09 0.0D+00 2.7D-09 0.0D+00       20       96       20      200  S
      3      1   7.0705754924100195D-01 9.7D-09 0.0D+00 1.3D-09 0.0D+00       20       90       20      200  S
      3      1   7.0705770921211142D-01 9.6D-09 0.0D+00 3.3D-09 0.0D+00       20       93       20      200  S
      3      1   7.0706026309080194D-01 8.7D-09 0.0D+00 3.4D-10 0.0D+00       20       94       20      200  S
      3      1   7.0706664511727113D-01 6.4D-09 0.0D+00 3.3D-09 0.0D+00       21       97       21      210  S
      3      1   7.0706664511724715D-01 6.4D-09 0.0D+00 3.3D-09 0.0D+00       21       97       21      210  S
      3      1   7.0705946815663978D-01 9.0D-09 0.0D+00 6.1D-09 0.0D+00       20       93       20      200  S
      3      1   7.0706664511787298D-01 6.4D-09 0.0D+00 3.3D-09 0.0D+00       23      105       23      230  S
      3      1   7.0706664511773121D-01 6.4D-09 0.0D+00 5.6D-10 0.0D+00       23      106       23      230  S
      3      1   7.0705877382842131D-01 9.2D-09 0.0D+00 4.3D-09 0.0D+00       20       90       20      200  S
      3      1   7.0705891853550584D-01 9.2D-09 0.0D+00 1.6D-09 0.0D+00       20       93       20      200  S
      3      1   7.0705906151311626D-01 9.1D-09 0.0D+00 2.3D-09 0.0D+00       20       93       20      200  S
      3      1   7.0705920279804313D-01 9.1D-09 0.0D+00 5.4D-09 0.0D+00       20       94       20      200  S
      3      1   7.0705934242385182D-01 9.0D-09 0.0D+00 9.5D-09 0.0D+00       20       95       20      200  S
      3      1   7.0705948042571565D-01 8.9D-09 0.0D+00 6.5D-09 0.0D+00       20       92       20      200  S
      3      1   7.0705961683519813D-01 8.9D-09 0.0D+00 9.4D-09 0.0D+00       20       93       20      200  S
      3      1   7.0706092774844631D-01 8.4D-09 0.0D+00 2.7D-08 0.0D+00       21      106       21      210  S
      3      1   7.0705988500474759D-01 8.8D-09 0.0D+00 3.3D-09 0.0D+00       20       94       20      200  S
      3      1   7.0706001682618413D-01 8.7D-09 0.0D+00 2.9D-09 0.0D+00       20       93       20      200  S
      3      1   7.0706014717773169D-01 8.7D-09 0.0D+00 3.0D-09 0.0D+00       20       92       20      200  S
      3      1   7.0706027608791122D-01 8.7D-09 0.0D+00 2.5D-09 0.0D+00       20       93       20      200  S
      3      1   7.0706040358436473D-01 8.6D-09 0.0D+00 6.2D-09 0.0D+00       20       93       20      200  S
      3      1   7.0706052969353295D-01 8.6D-09 0.0D+00 7.5D-09 0.0D+00       20       94       20      200  S
      3      1   7.0706664511804029D-01 6.4D-09 0.0D+00 8.0D-09 0.0D+00       23      103       23      230  S
      3      1   7.0706664511705974D-01 6.4D-09 0.0D+00 8.0D-09 0.0D+00       21      100       21      210  S
      3      1   7.0706089996136468D-01 8.4D-09 0.0D+00 3.6D-09 0.0D+00       20       94       20      200  S
      3      1   7.0706102077858901D-01 8.4D-09 0.0D+00 8.8D-09 0.0D+00       20       93       20      200  S
      3      1   7.0706114033368905D-01 8.3D-09 0.0D+00 1.9D-09 0.0D+00       20       93       20      200  S
      3      1   7.0706125864890301D-01 8.3D-09 0.0D+00 5.0D-09 0.0D+00       20       95       20      200  S
      3      1   7.0706137574719952D-01 8.2D-09 0.0D+00 3.6D-09 0.0D+00       20       93       20      200  S
      3      1   7.0706149164919707D-01 8.2D-09 0.0D+00 3.7D-09 0.0D+00       20       93       20      200  S
      3      1   7.0706697756009551D-01 6.3D-09 0.0D+00 4.5D-09 0.0D+00       21       95       21      210  S
      3      1   7.0706171995089906D-01 8.1D-09 0.0D+00 3.3D-09 0.0D+00       20       93       20      200  S
      3      1   7.0706031828747551D-01 8.6D-09 0.0D+00 2.6D-08 0.0D+00       21       99       21      210  S
      3      1   7.0705957780566919D-01 8.9D-09 0.0D+00 8.9D-09 0.0D+00       20       92       20      200  S
      3      1   7.0705878774194653D-01 9.2D-09 0.0D+00 1.9D-10 0.0D+00       20       96       20      200  S
      3      1   7.0705794197878824D-01 9.5D-09 0.0D+00 2.7D-09 0.0D+00       20       94       20      200  S
      3      1   7.0705703325875535D-01 9.9D-09 0.0D+00 7.0D-09 0.0D+00       20       91       20      200  S
      3      1   7.0706237826113438D-01 7.9D-09 0.0D+00 5.2D-10 0.0D+00       20       93       20      200  S
      3      1   7.0706664511776396D-01 6.4D-09 0.0D+00 1.8D-09 0.0D+00       23      105       23      230  S
      3      1   7.0706664511770401D-01 6.4D-09 0.0D+00 8.3D-09 0.0D+00       23      105       23      230  S
      3      1   7.0706664511747308D-01 6.4D-09 0.0D+00 2.6D-09 0.0D+00       23      110       23      230  S
      3      1   7.0706664511773165D-01 6.4D-09 0.0D+00 2.6D-10 0.0D+00       23      104       23      230  S
      3      1   7.0706664511772843D-01 6.4D-09 0.0D+00 2.0D-09 0.0D+00       23      105       23      230  S
      3      1   7.0706664511760053D-01 6.4D-09 0.0D+00 3.4D-09 0.0D+00       23      105       23      230  S
      3      1   7.0706664511793171D-01 6.4D-09 0.0D+00 8.3D-09 0.0D+00       23      103       23      230  S
      3      1   7.0706664511733830D-01 6.4D-09 0.0D+00 5.4D-10 0.0D+00       23      105       23      230  S
