      7      1   5.0387369624880307D-01 6.0D-09 0.0D+00 3.0D-09 0.0D+00       22      119       22      220  S
      7      1   5.0387369624857858D-01 6.0D-09 0.0D+00 6.3D-09 0.0D+00       22      117       22      220  S
      7      1   5.0387369624872724D-01 6.0D-09 0.0D+00 5.6D-09 0.0D+00       22      126       22      220  S
      7      1   5.0387369624855216D-01 6.0D-09 0.0D+00 2.9D-08 0.0D+00       23      135       23      230  S
      7      1   5.0387369624874079D-01 6.0D-09 0.0D+00 3.3D-09 0.0D+00       22      121       22      220  S
      7      1   5.0387369624868494D-01 6.0D-09 0.0D+00 2.6D-08 0.0D+00       23      134       23      230  S
      7      1   5.0387369624836897D-01 6.0D-09 0.0D+00 2.0D-08 0.0D+00       23      126       23      230  S
      7      1   5.0387369624883471D-01 6.0D-09 0.0D+00 8.7D-09 0.0D+00       22      117       22      220  S
      7      1   5.0387369629262668D-01 6.0D-09 0.0D+00 1.1D-10 0.0D+00       22      125       22      220  S
      7      1   5.0387369624875067D-01 6.0D-09 0.0D+00 5.5D-09 0.0D+00       22      124       22      220  S
      7      1   5.0387369624874478D-01 6.0D-09 0.0D+00 4.5D-11 0.0D+00       22      122       22      220  S
      7      1   5.0387369624789202D-01 6.0D-09 0.0D+00 3.5D-08 0.0D+00       22      134       22      220  S
      7      1   5.0387369624864065D-01 6.0D-09 0.0D+00 4.5D-09 0.0D+00       22      122       22      220  S
      7      1   5.0387369624848943D-01 6.0D-09 0.0D+00 7.8D-09 0.0D+00       22      118       22      220  S
      7      1   5.0387369624887701D-01 6.0D-09 0.0D+00 9.9D-09 0.0D+00       22      118       22      220  S
      7      1   5.0387369624880940D-01 6.0D-09 0.0D+00 6.2D-09 0.0D+00       22      116       22      220  S
      7      1   5.0387369624867051D-01 6.0D-09 0.0D+00 2.9D-09 0.0D+00       22      128       22      220  S
      7      1   5.0387369624892764D-01 6.0D-09 0.0D+00 4.5D-08 0.0D+00       23      132       23      230  S
      7      1   5.0387369624857881D-01 6.0D-09 0.0D+00 7.7D-09 0.0D+00       22      120       22      220  S
      7      1   5.0387369624665945D-01 6.0D-09 0.0D+00 1.4D-09 0.0D+00       20      112       20      200  S
      7      1   5.0387369624875666D-01 6.0D-09 0.0D+00 2.9D-09 0.0D+00       22      120       22      220  S
      7      1   5.0387369624861988D-01 6.0D-09 0.0D+00 8.7D-09 0.0D+00       22      119       22      220  S
      7      1   5.0387369624874490D-01 6.0D-09 0.0D+00 1.1D-09 0.0D+00       22      122       22      220  S
      7      1   5.0387369624681089D-01 6.0D-09 0.0D+00 2.0D-09 0.0D+00       20      115       20      200  S
      7      1   5.0387369624852751D-01 6.0D-09 0.0D+00 9.7D-09 0.0D+00       22      127       22      220  S
      7      1   5.0387369624850931D-01 6.0D-09 0.0D+00 9.2D-10 0.0D+00       22      119       22      220  S
      7      1   5.0387369624863820D-01 6.0D-09 0.0D+00 5.5D-09 0.0D+00       22      116       22      220  S
      7      1   5.0387369624680023D-01 6.0D-09 0.0D+00 5.2D-09 0.0D+00       20      113       20      200  S
      7      1   5.0387369624880984D-01 6.0D-09 0.0D+00 6.9D-09 0.0D+00       22      116       22      220  S
      7      1   5.0387369624860479D-01 6.0D-09 0.0D+00 3.2D-09 0.0D+00       22      117       22      220  S
      7      1   5.0387369624878398D-01 6.0D-09 0.0D+00 4.2D-09 0.0D+00       22      126       22      220  S
      7      1   5.0387369624858258D-01 6.0D-09 0.0D+00 3.4D-09 0.0D+00       22      125       22      220  S
      7      1   5.0387369624856060D-01 6.0D-09 0.0D+00 2.0D-09 0.0D+00       22      118       22      220  S
      7      1   5.0387369624682454D-01 6.0D-09 0.0D+00 5.6D-09 0.0D+00       20      114       20      200  S
      7      1   5.0387369624876222D-01 6.0D-09 0.0D+00 3.7D-09 0.0D+00       22      119       22      220  S
      7      1   5.0387369624854295D-01 6.0D-09 0.0D+00 2.5D-08 0.0D+00       23      135       23      230  S
      7      1   5.0387369624686829D-01 6.0D-09 0.0D+00 6.5D-10 0.0D+00       20      108       20      200  S
      7      1   5.0387369629113965D-01 6.0D-09 0.0D+00 6.9D-10 0.0D+00       20      114       20      200  S
      7      1   5.0387369624882006D-01 6.0D-09 0.0D+00 5.1D-09 0.0D+00       22      115       22      220  S
      7      1   5.0387369624894118D-01 6.0D-09 0.0D+00 8.5D-09 0.0D+00       22      117       22      220  S
      7      1   5.0387369624873479D-01 6.0D-09 0.0D+00 3.7D-10 0.0D+00       22      118       22      220  S
      7      1   5.0387369624855083D-01 6.0D-09 0.0D+00 8.5D-09 0.0D+00       22      126       22      220  S
      7      1   5.0387369624872469D-01 6.0D-09 0.0D+00 4.3D-09 0.0D+00       22      115       22      220  S
      7      1   5.0387369624864020D-01 6.0D-09 0.0D+00 1.7D-09 0.0D+00       22      128       22      220  S
      7      1   5.0387369624854117D-01 6.0D-09 0.0D+00 6.7D-09 0.0D+00       22      127       22      220  S
      7      1   5.0387369624873635D-01 6.0D-09 0.0D+00 4.4D-09 0.0D+00       22      119       22      220  S
      7      1   5.0387369624690859D-01 6.0D-09 0.0D+00 5.6D-09 0.0D+00       20      108       20      200  S
      7      1   5.0387369624882483D-01 6.0D-09 0.0D+00 1.9D-09 0.0D+00       22      127       22      220  S
      7      1   5.0387369624876321D-01 6.0D-09 0.0D+00 3.6D-08 0.0D+00       23      130       23      230  S
      7      1   5.0387369624879530D-01 6.0D-09 0.0D+00 8.2D-09 0.0D+00       22      118       22      220  S
      7      1   5.0387369624856804D-01 6.0D-09 0.0D+00 5.6D-09 0.0D+00       22      115       22      220  S
      7      1   5.0387369629102363D-01 6.0D-09 0.0D+00 9.8D-10 0.0D+00       20      122       20      200  S
      7      1   5.0387369629258694D-01 6.0D-09 0.0D+00 8.9D-09 0.0D+00       22      124       22      220  S
      7      1   5.0387369624867784D-01 6.0D-09 0.0D+00 9.9D-10 0.0D+00       22      115       22      220  S
      7      1   5.0387369624868916D-01 6.0D-09 0.0D+00 3.8D-09 0.0D+00       22      121       22      220  S
      7      1   5.0387369624855949D-01 6.0D-09 0.0D+00 6.8D-09 0.0D+00       22      116       22      220  S
      7      1   5.0387369624877365D-01 6.0D-09 0.0D+00 6.6D-09 0.0D+00       22      119       22      220  S
      7      1   5.0387369624879141D-01 6.0D-09 0.0D+00 5.0D-09 0.0D+00       22      128       22      220  S
      7      1   5.0387369624874534D-01 6.0D-09 0.0D+00 4.9D-09 0.0D+00       22      125       22      220  S
      7      1   5.0387369624880141D-01 6.0D-09 0.0D+00 2.9D-08 0.0D+00       23      128       23      230  S
      7      1   5.0387369624876688D-01 6.0D-09 0.0D+00 3.6D-09 0.0D+00       22      116       22      220  S
      7      1   5.0387369624859701D-01 6.0D-09 0.0D+00 7.7D-09 0.0D+00       22      130       22      220  S
      7      1   5.0387369629252909D-01 6.0D-09 0.0D+00 5.1D-09 0.0D+00       22      127       22      220  S
      7      1   5.0387369629246759D-01 6.0D-09 0.0D+00 9.8D-09 0.0D+00       22      126       22      220  S
      7      1   5.0387369624855327D-01 6.0D-09 0.0D+00 4.0D-09 0.0D+00       22      121       22      220  S
      7      1   5.0387369624848988D-01 6.0D-09 0.0D+00 7.4D-10 0.0D+00       22      119       22      220  S
      7      1   5.0387369624875755D-01 6.0D-09 0.0D+00 6.7D-09 0.0D+00       22      123       22      220  S
      7      1   5.0387369624869505D-01 6.0D-09 0.0D+00 6.4D-09 0.0D+00       22      120       22      220  S
      7      1   5.0387369624868106D-01 6.0D-09 0.0D+00 3.1D-08 0.0D+00       23      133       23      230  S
      7      1   5.0387369624986922D-01 6.0D-09 0.0D+00 3.8D-09 0.0D+00       22      121       22      220  S
      7      1   5.5898952127107249D-01 7.5D-09 0.0D+00 3.0D-09 0.0D+00       21      170       21      210  S
      7      1   5.0387369624673117D-01 6.0D-09 0.0D+00 1.3D-09 0.0D+00       20      111       20      200  S
      7      1   5.0387369624849909D-01 6.0D-09 0.0D+00 7.8D-09 0.0D+00       22      117       22      220  S
      7      1   5.0387369624865597D-01 6.0D-09 0.0D+00 5.2D-10 0.0D+00       22      120       22      220  S
      7      1   5.0387369624873390D-01 6.0D-09 0.0D+00 1.7D-08 0.0D+00       23      125       23      230  S
      7      1   5.0387369624859846D-01 6.0D-09 0.0D+00 5.5D-09 0.0D+00       22      117       22      220  S
      7      1   5.0387369624861478D-01 6.0D-09 0.0D+00 4.6D-10 0.0D+00       22      116       22      220  S
      7      1   5.0387369624867973D-01 6.0D-09 0.0D+00 2.2D-10 0.0D+00       22      125       22      220  S
      7      1   5.0387369624877232D-01 6.0D-09 0.0D+00 6.4D-09 0.0D+00       22      130       22      220  S
      7      1   5.0387369624866507D-01 6.0D-09 0.0D+00 1.5D-09 0.0D+00       22      126       22      220  S
      7      1   5.0387369624862255D-01 6.0D-09 0.0D+00 2.4D-09 0.0D+00       22      127       22      220  S
      7      1   5.0387369624862632D-01 6.0D-09 0.0D+00 4.3D-09 0.0D+00       22      119       22      220  S
      7      1   5.0387369624873812D-01 6.0D-09 0.0D+00 6.6D-09 0.0D+00       22      119       22      220  S
      7      1   5.0387369624860534D-01 6.0D-09 0.0D+00 2.9D-10 0.0D+00       22      132       22      220  S
      7      1   5.0387369624862888D-01 6.0D-09 0.0D+00 8.8D-09 0.0D+00       22      119       22      220  S
      7      1   5.0387369624855205D-01 6.0D-09 0.0D+00 6.7D-09 0.0D+00       22      116       22      220  S
      7      1   5.0387369624860701D-01 6.0D-09 0.0D+00 4.7D-09 0.0D+00       22      120       22      220  S
      7      1   5.0387369624880485D-01 6.0D-09 0.0D+00 9.7D-09 0.0D+00       22      130       22      220  S
      7      1   5.0387369624868805D-01 6.0D-09 0.0D+00 5.1D-10 0.0D+00       22      127       22      220  S
      7      1   5.0387369624876077D-01 6.0D-09 0.0D+00 4.1D-09 0.0D+00       22      115       22      220  S
      7      1   5.0387369624874512D-01 6.0D-09 0.0D+00 5.0D-09 0.0D+00       22      118       22      220  S
      7      1   5.0387369624860878D-01 6.0D-09 0.0D+00 3.0D-09 0.0D+00       22      125       22      220  S
      7      1   5.0387369624868283D-01 6.0D-09 0.0D+00 1.2D-09 0.0D+00       22      120       22      220  S
      7      1   5.0387369624861633D-01 6.0D-09 0.0D+00 2.0D-09 0.0D+00       22      115       22      220  S
      7      1   5.0387369624869960D-01 6.0D-09 0.0D+00 1.8D-09 0.0D+00       22      123       22      220  S
      7      1   5.0387369624795897D-01 6.0D-09 0.0D+00 6.3D-09 0.0D+00       21      119       21      210  S
      7      1   5.0387369624856360D-01 6.0D-09 0.0D+00 6.6D-09 0.0D+00       22      119       22      220  S
      7      1   5.0387369624862777D-01 6.0D-09 0.0D+00 1.2D-08 0.0D+00       23      127       23      230  S
      7      1   5.0387369624876821D-01 6.0D-09 0.0D+00 2.7D-09 0.0D+00       22      116       22      220  S
      7      1   5.0387369624868195D-01 6.0D-09 0.0D+00 6.2D-10 0.0D+00       22      118       22      220  S
