     21   0.00    0.00    0.00   2.1822305684206955D-01 4.7D-09 0.0D+00 4.7D-09 0.0D+00       22      110       22      220     152     330     350     330     330   0.45     0    0      1  BR
     21      1   2.2460553358396770D-01 4.9D-09 0.0D+00 1.9D-09 0.0D+00       21      113       21      210  S
     21      1   2.2351243198930432D-01 4.9D-09 0.0D+00 4.2D-09 0.0D+00       22      112       22      220  S
     21      1   2.1822305684200391D-01 4.7D-09 0.0D+00 2.4D-09 0.0D+00       22      111       22      220  S
     21      1   2.2460553358443225D-01 4.9D-09 0.0D+00 4.7D-09 0.0D+00       22      118       22      220  S
     21      1   2.2480705973262236D-01 4.9D-09 0.0D+00 1.9D-08 0.0D+00       23      131       23      230  S
     21      1   2.1822305684195181D-01 4.7D-09 0.0D+00 8.4D-09 0.0D+00       22      110       22      220  S
     21      1   2.2351243198902881D-01 4.9D-09 0.0D+00 5.5D-09 0.0D+00       21      120       21      210  S
     21      1   2.2644208397522664D-01 5.5D-09 0.0D+00 1.4D-07 0.0D+00       22      156       22      220  S
     21      1   2.2351243198929310D-01 4.9D-09 0.0D+00 9.0D-09 0.0D+00       22      114       22      220  S
     21      1   2.2351243198921564D-01 4.9D-09 0.0D+00 8.9D-09 0.0D+00       22      123       22      220  S
     21      1   2.1822305684213392D-01 4.7D-09 0.0D+00 6.8D-09 0.0D+00       22      112       22      220  S
     21      1   2.2480705973239989D-01 4.9D-09 0.0D+00 3.3D-09 0.0D+00       22      115       22      220  S
     21      1   2.2351243198919205D-01 4.9D-09 0.0D+00 8.3D-09 0.0D+00       22      117       22      220  S
     21      1   2.1822305684206633D-01 4.7D-09 0.0D+00 5.3D-09 0.0D+00       22      117       22      220  S
     21      1   2.2460553358461222D-01 4.9D-09 0.0D+00 1.0D-08 0.0D+00       22      115       22      220  S
     21      1   2.1822305684208021D-01 4.7D-09 0.0D+00 7.9D-09 0.0D+00       22      112       22      220  S
     21      1   2.1822305684204957D-01 4.7D-09 0.0D+00 1.3D-09 0.0D+00       22      113       22      220  S
     21      1   2.1822305684201071D-01 4.7D-09 0.0D+00 6.5D-09 0.0D+00       22      109       22      220  S
     21      1   2.1822305684212179D-01 4.7D-09 0.0D+00 5.1D-09 0.0D+00       22      119       22      220  S
     21      1   2.1822305684152102D-01 4.7D-09 0.0D+00 4.1D-09 0.0D+00       21      107       21      210  S
     21      1   2.2213109166086931D-01 4.7D-09 0.0D+00 1.2D-10 0.0D+00       22      128       22      220  S
     21      1   2.2213109166043227D-01 4.7D-09 0.0D+00 9.4D-10 0.0D+00       21      133       21      210  S
     21      1   2.2644208397720803D-01 5.5D-09 0.0D+00 5.6D-09 0.0D+00       22      186       22      220  S
     21      1   2.1822305684206320D-01 4.7D-09 0.0D+00 3.3D-10 0.0D+00       22      110       22      220  S
     21      1   2.3062510118621268D-01 5.0D-09 0.0D+00 2.5D-08 0.0D+00       23      146       23      230  S
     21      1   2.2351243198932874D-01 4.9D-09 0.0D+00 9.9D-09 0.0D+00       22      119       22      220  S
     21      1   2.2351243198927631D-01 4.9D-09 0.0D+00 4.2D-09 0.0D+00       22      112       22      220  S
     21      1   2.2351243198929241D-01 4.9D-09 0.0D+00 4.9D-09 0.0D+00       22      126       22      220  S
     21      1   2.1822305684212323D-01 4.7D-09 0.0D+00 2.1D-09 0.0D+00       22      110       22      220  S
     21      1   2.2460553358427093D-01 4.9D-09 0.0D+00 5.9D-09 0.0D+00       22      123       22      220  S
     21      1   2.2644208397698942D-01 5.5D-09 0.0D+00 2.5D-08 0.0D+00       24      165       24      240  S
     21      1   2.2351243198943360D-01 4.9D-09 0.0D+00 2.9D-09 0.0D+00       22      121       22      220  S
     21      1   2.2351243198922757D-01 4.9D-09 0.0D+00 4.5D-09 0.0D+00       22      114       22      220  S
     21      1   2.2644208397578089D-01 5.5D-09 0.0D+00 1.6D-07 0.0D+00       23      178       23      230  S
     21      1   2.2351243198932969D-01 4.9D-09 0.0D+00 1.2D-09 0.0D+00       22      128       22      220  S
     21      1   2.2351243198926216D-01 4.9D-09 0.0D+00 6.9D-09 0.0D+00       22      120       22      220  S
     21      1   2.2351243198923160D-01 4.9D-09 0.0D+00 9.8D-09 0.0D+00       22      119       22      220  S
     21      1   2.2644208397421395D-01 5.5D-09 0.0D+00 3.1D-07 0.0D+00       23      175       23      230  S
     21      1   2.2351243198950935D-01 4.9D-09 0.0D+00 6.6D-09 0.0D+00       22      108       22      220  S
     21      1   2.1822305684199408D-01 4.7D-09 0.0D+00 6.5D-09 0.0D+00       22      112       22      220  S
     21      1   2.2480705973256138D-01 4.9D-09 0.0D+00 3.5D-09 0.0D+00       22      115       22      220  S
     21      1   2.2351243198892062D-01 4.9D-09 0.0D+00 7.5D-10 0.0D+00       21      107       21      210  S
     21      1   2.1822305684168791D-01 4.7D-09 0.0D+00 5.0D-10 0.0D+00       21      114       21      210  S
     21      1   2.2351243198936688D-01 4.9D-09 0.0D+00 5.4D-09 0.0D+00       22      110       22      220  S
     21      1   2.2351243198937432D-01 4.9D-09 0.0D+00 1.3D-09 0.0D+00       22      113       22      220  S
     21      1   2.5406460317398327D-01 5.2D-09 0.0D+00 1.7D-08 0.0D+00       23      127       23      230  S
     21      1   2.2351243198952028D-01 4.9D-09 0.0D+00 9.7D-09 0.0D+00       22      118       22      220  S
     21      1   2.2868709096025214D-01 5.2D-09 0.0D+00 1.9D-08 0.0D+00       23      183       23      230  S
     21      1   2.1822305684192192D-01 4.7D-09 0.0D+00 9.6D-09 0.0D+00       22      109       22      220  S
     21      1   2.2480705973262902D-01 4.9D-09 0.0D+00 1.5D-08 0.0D+00       23      116       23      230  S
     21      1   2.1822305684210533D-01 4.7D-09 0.0D+00 6.5D-09 0.0D+00       22      125       22      220  S
     21      1   2.2868709095835579D-01 5.2D-09 0.0D+00 3.6D-08 0.0D+00       22      168       22      220  S
     21      1   2.1822305684193272D-01 4.7D-09 0.0D+00 4.3D-09 0.0D+00       22      105       22      220  S
     21      1   2.2460553358444355D-01 4.9D-09 0.0D+00 9.9D-09 0.0D+00       22      128       22      220  S
     21      1   2.2351243198913295D-01 4.9D-09 0.0D+00 5.6D-09 0.0D+00       22      135       22      220  S
     21      1   2.1822305684191759D-01 4.7D-09 0.0D+00 7.0D-09 0.0D+00       22      112       22      220  S
     21      1   2.1822305684200438D-01 4.7D-09 0.0D+00 9.5D-09 0.0D+00       22      118       22      220  S
     21      1   2.2460553358443711D-01 4.9D-09 0.0D+00 2.1D-09 0.0D+00       22      117       22      220  S
     21      1   2.2351243198941190D-01 4.9D-09 0.0D+00 1.9D-09 0.0D+00       22      113       22      220  S
     21      1   2.2644208397685078D-01 5.5D-09 0.0D+00 4.4D-11 0.0D+00       22      127       22      220  S
     21      1   2.2351243198910245D-01 4.9D-09 0.0D+00 5.9D-09 0.0D+00       21      129       21      210  S
     21      1   2.2213109166093833D-01 4.7D-09 0.0D+00 1.5D-10 0.0D+00       22      160       22      220  S
     21      1   2.9883301346162700D-01 7.3D-09 0.0D+00 9.6D-09 0.0D+00       21      208       21      210  S
     21      1   2.2480705973238357D-01 4.9D-09 0.0D+00 3.8D-09 0.0D+00       22      118       22      220  S
     21      1   2.1822305684205404D-01 4.7D-09 0.0D+00 3.6D-09 0.0D+00       22      123       22      220  S
     21      1   2.1822305684198606D-01 4.7D-09 0.0D+00 3.0D-10 0.0D+00       22      117       22      220  S
     21      1   2.5214395138378148D-01 4.6D-09 0.0D+00 1.1D-08 0.0D+00       23      165       23      230  S
     21      1   2.2351243198925841D-01 4.9D-09 0.0D+00 6.7D-09 0.0D+00       22      111       22      220  S
     21      1   2.2480705973246981D-01 4.9D-09 0.0D+00 4.7D-09 0.0D+00       22      117       22      220  S
     21      1   2.2213109166114420D-01 4.7D-09 0.0D+00 2.8D-09 0.0D+00       22      163       22      220  S
     21      1   2.2644208397695742D-01 5.5D-09 0.0D+00 5.6D-09 0.0D+00       22      168       22      220  S
     21      1   2.2351243198951856D-01 4.9D-09 0.0D+00 1.1D-09 0.0D+00       22      118       22      220  S
     21      1   2.2351243198933998D-01 4.9D-09 0.0D+00 1.2D-09 0.0D+00       22      119       22      220  S
     21      1   2.2351243198940721D-01 4.9D-09 0.0D+00 4.8D-09 0.0D+00       22      127       22      220  S
     21      1   2.2644208397713822D-01 5.5D-09 0.0D+00 2.4D-09 0.0D+00       22      159       22      220  S
     21      1   2.1822305684199297D-01 4.7D-09 0.0D+00 2.8D-11 0.0D+00       22      111       22      220  S
     21      1   2.1822305684199575D-01 4.7D-09 0.0D+00 7.8D-09 0.0D+00       22      111       22      220  S
     21      1   2.2351243198918161D-01 4.9D-09 0.0D+00 2.7D-09 0.0D+00       22      112       22      220  S
     21      1   2.1822305684215337D-01 4.7D-09 0.0D+00 3.3D-09 0.0D+00       22      109       22      220  S
     21      1   2.2351243198941106D-01 4.9D-09 0.0D+00 6.5D-09 0.0D+00       22      109       22      220  S
     21      1   2.2987046296536892D-01 5.0D-09 0.0D+00 9.4D-09 0.0D+00       22      172       22      220  S
     21      1   2.3062510118589233D-01 5.0D-09 0.0D+00 1.0D-07 0.0D+00       23      180       23      230  S
     21      1   2.2351243198935081D-01 4.9D-09 0.0D+00 2.6D-09 0.0D+00       22      109       22      220  S
     21      1   2.1822305684189999D-01 4.7D-09 0.0D+00 9.1D-09 0.0D+00       22      141       22      220  S
     21      1   2.1822305684201992D-01 4.7D-09 0.0D+00 2.2D-09 0.0D+00       22      136       22      220  S
     21      1   2.2480705973247800D-01 4.9D-09 0.0D+00 3.4D-09 0.0D+00       22      110       22      220  S
     21      1   2.2351243198921736D-01 4.9D-09 0.0D+00 6.3D-09 0.0D+00       22      124       22      220  S
     21      1   2.2351243198937529D-01 4.9D-09 0.0D+00 4.7D-09 0.0D+00       22      114       22      220  S
     21      1   2.2397386060597554D-01 4.9D-09 0.0D+00 5.4D-09 0.0D+00       21      113       21      210  S
     21      1   2.1822305684199958D-01 4.7D-09 0.0D+00 5.1D-09 0.0D+00       22      106       22      220  S
     21      1   2.5651597032995715D-01 4.7D-12 0.0D+00 6.6D+00 0.0D+00       26      142       27      270  S
     21      1   2.2351243198923865D-01 4.9D-09 0.0D+00 1.1D-11 0.0D+00       22      116       22      220  S
     21      1   2.2351243198936971D-01 4.9D-09 0.0D+00 3.7D-09 0.0D+00       22      112       22      220  S
     21      1   2.1822305684195903D-01 4.7D-09 0.0D+00 3.9D-09 0.0D+00       22      111       22      220  S
     21      1   2.5636530686691805D-01 5.5D-09 0.0D+00 2.9D-09 0.0D+00       22      226       22      220  S
     21      1   2.1822305684194762D-01 4.7D-09 0.0D+00 5.6D-09 0.0D+00       22      107       22      220  S
     21      1   4.6683847617783131D-01 3.7D-05 0.0D+00 1.0D+00 0.0D+00       21      113       22      220  S
     21      1   2.1822305684196636D-01 4.7D-09 0.0D+00 5.7D-09 0.0D+00       22      116       22      220  S
     21      1   2.2351243198928783D-01 4.9D-09 0.0D+00 2.0D-09 0.0D+00       22      107       22      220  S
