      3      1   7.0706211156411936D-01 8.0D-09 0.0D+00 4.7D-09 0.0D+00       20       93       20      200  S
      3      1   7.0706664511760586D-01 6.4D-09 0.0D+00 2.1D-09 0.0D+00       23      106       23      230  S
      3      1   7.0706664511785600D-01 6.4D-09 0.0D+00 4.2D-10 0.0D+00       23      105       23      230  S
      3      1   7.0706664511739314D-01 6.4D-09 0.0D+00 3.3D-09 0.0D+00       21       95       21      210  S
      3      1   7.0706664511693507D-01 6.4D-09 0.0D+00 1.8D-09 0.0D+00       21       97       21      210  S
      3      1   7.0706664511769290D-01 6.4D-09 0.0D+00 3.7D-09 0.0D+00       23      104       23      230  S
      3      1   7.0706664511754580D-01 6.4D-09 0.0D+00 2.1D-09 0.0D+00       23      103       23      230  S
      3      1   7.0705688616863904D-01 1.0D-08 0.0D+00 7.1D-08 0.0D+00       21       97       21      210  S
      3      1   7.0705863950092751D-01 9.3D-09 0.0D+00 4.3D-09 0.0D+00       20       95       20      200  S
      3      1   7.0706664511809647D-01 6.4D-09 0.0D+00 7.7D-09 0.0D+00       23      103       23      230  S
      3      1   7.0706664511745410D-01 6.4D-09 0.0D+00 6.0D-09 0.0D+00       23      103       23      230  S
      3      1   7.0706664511766004D-01 6.4D-09 0.0D+00 6.5D-09 0.0D+00       23      105       23      230  S
      3      1   7.0706664511708972D-01 6.4D-09 0.0D+00 1.1D-09 0.0D+00       23      112       23      230  S
      3      1   7.0706664511752504D-01 6.4D-09 0.0D+00 8.6D-09 0.0D+00       23      103       23      230  S
      3      1   7.0706664511763029D-01 6.4D-09 0.0D+00 6.1D-09 0.0D+00       23      107       23      230  S
      3      1   7.0706664511769135D-01 6.4D-09 0.0D+00 2.8D-09 0.0D+00       23      104       23      230  S
      3      1   7.0706253581089695D-01 7.8D-09 0.0D+00 7.0D-09 0.0D+00       20       96       20      200  S
      3      1   7.0706192955405278D-01 8.0D-09 0.0D+00 9.0D-09 0.0D+00       20       96       20      200  S
      3      1   7.0706664511776818D-01 6.4D-09 0.0D+00 4.6D-09 0.0D+00       23      106       23      230  S
      3      1   7.0706664511715578D-01 6.4D-09 0.0D+00 4.0D-09 0.0D+00       21      100       21      210  S
      3      1   7.0706664511755712D-01 6.4D-09 0.0D+00 3.7D-09 0.0D+00       23      104       23      230  S
      3      1   7.0706664511771666D-01 6.4D-09 0.0D+00 2.4D-09 0.0D+00       23      104       23      230  S
      3      1   7.0706664511770856D-01 6.4D-09 0.0D+00 6.1D-10 0.0D+00       23      103       23      230  S
      3      1   7.0705910123645421D-01 9.1D-09 0.0D+00 8.4D-09 0.0D+00       20       97       20      200  S
      3      1   7.0706664511762729D-01 6.4D-09 0.0D+00 9.8D-10 0.0D+00       23      109       23      230  S
      3      1   7.0706664511711059D-01 6.4D-09 0.0D+00 3.4D-09 0.0D+00       21      100       21      210  S
      3      1   7.0706664511716233D-01 6.4D-09 0.0D+00 8.5D-09 0.0D+00       21       97       21      210  S
      3      1   7.0706664511723627D-01 6.4D-09 0.0D+00 1.5D-09 0.0D+00       21       99       21      210  S
      3      1   7.0706664511735551D-01 6.4D-09 0.0D+00 1.4D-10 0.0D+00       21       99       21      210  S
      3      1   7.0706664511724637D-01 6.4D-09 0.0D+00 3.5D-09 0.0D+00       21       99       21      210  S
      3      1   7.0706132746685768D-01 8.3D-09 0.0D+00 8.5D-10 0.0D+00       20       95       20      200  S
      3      1   7.0706664511729789D-01 6.4D-09 0.0D+00 5.3D-10 0.0D+00       21       95       21      210  S
      3      1   7.0706664511694450D-01 6.4D-09 0.0D+00 5.0D-09 0.0D+00       21       98       21      210  S
      3      1   7.0706664511728912D-01 6.4D-09 0.0D+00 7.1D-09 0.0D+00       21       98       21      210  S
      3      1   7.0706664511701811D-01 6.4D-09 0.0D+00 3.6D-09 0.0D+00       21       98       21      210  S
      3      1   7.0706664511760431D-01 6.4D-09 0.0D+00 4.7D-09 0.0D+00       21      101       21      210  S
      3      1   7.0706664511695050D-01 6.4D-09 0.0D+00 3.2D-10 0.0D+00       21       97       21      210  S
      3      1   7.0706664511720474D-01 6.4D-09 0.0D+00 5.1D-09 0.0D+00       21       99       21      210  S
      3      1   7.0706664511730732D-01 6.4D-09 0.0D+00 1.1D-09 0.0D+00       21       96       21      210  S
      3      1   7.0706664511693118D-01 6.4D-09 0.0D+00 6.2D-10 0.0D+00       21       99       21      210  S
      3      1   7.0706668016513685D-01 6.4D-09 0.0D+00 3.9D-09 0.0D+00       21       97       21      210  S
      3      1   7.0706682124347586D-01 6.4D-09 0.0D+00 3.5D-09 0.0D+00       21       96       21      210  S
      3      1   7.0706696035701233D-01 6.3D-09 0.0D+00 7.4D-10 0.0D+00       21      100       21      210  S
      3      1   7.0705687887401569D-01 1.0D-08 0.0D+00 7.1D-08 0.0D+00       21       96       21      210  S
      3      1   7.0705691564401218D-01 9.9D-09 0.0D+00 3.7D-09 0.0D+00       20       92       20      200  S
      3      1   7.0705716429629673D-01 9.8D-09 0.0D+00 5.3D-09 0.0D+00       20       93       20      200  S
      3      1   7.0706125026289535D-01 8.3D-09 0.0D+00 2.8D-09 0.0D+00       20       92       20      200  S
      3      1   7.0706664511729445D-01 6.4D-09 0.0D+00 6.8D-09 0.0D+00       21       96       21      210  S
      3      1   7.0706664511723738D-01 6.4D-09 0.0D+00 1.0D-09 0.0D+00       21       96       21      210  S
      3      1   7.0706052225751237D-01 8.6D-09 0.0D+00 8.7D-09 0.0D+00       20       93       20      200  S
      3      1   7.0705789285490839D-01 9.6D-09 0.0D+00 2.5D-09 0.0D+00       20       94       20      200  S
      3      1   7.0705804842727693D-01 9.5D-09 0.0D+00 6.8D-09 0.0D+00       20       92       20      200  S
      3      1   7.0705820203833181D-01 9.4D-09 0.0D+00 9.3D-09 0.0D+00       20       92       20      200  S
      3      1   7.0705835373130943D-01 9.4D-09 0.0D+00 7.6D-09 0.0D+00       20       93       20      200  S
      3      1   7.0706664511728012D-01 6.4D-09 0.0D+00 3.7D-09 0.0D+00       21       98       21      210  S
      3      1   7.0705865152459335D-01 9.3D-09 0.0D+00 2.1D-09 0.0D+00       20       92       20      200  S
      3      1   7.0705879770538249D-01 9.2D-09 0.0D+00 9.4D-09 0.0D+00       20       95       20      200  S
      3      1   7.0705894212543363D-01 9.2D-09 0.0D+00 1.3D-09 0.0D+00       20       94       20      200  S
      3      1   7.0705908482324986D-01 9.1D-09 0.0D+00 5.0D-09 0.0D+00       20       92       20      200  S
      3      1   7.0705922583339564D-01 9.0D-09 0.0D+00 4.5D-09 0.0D+00       20       93       20      200  S
      3      1   7.0705936519059220D-01 9.0D-09 0.0D+00 8.7D-09 0.0D+00       20       97       20      200  S
      3      1   7.0706664511693940D-01 6.4D-09 0.0D+00 1.2D-09 0.0D+00       21       99       21      210  S
      3      1   7.0706664511771111D-01 6.4D-09 0.0D+00 7.8D-09 0.0D+00       23      105       23      230  S
      3      1   7.0705977367593265D-01 8.8D-09 0.0D+00 3.2D-09 0.0D+00       20       93       20      200  S
      3      1   7.0705990674769181D-01 8.8D-09 0.0D+00 1.4D-09 0.0D+00       20       92       20      200  S
      3      1   7.0706003832576747D-01 8.7D-09 0.0D+00 5.0D-09 0.0D+00       20       94       20      200  S
      3      1   7.0706016843876385D-01 8.7D-09 0.0D+00 3.1D-09 0.0D+00       20       93       20      200  S
      3      1   7.0706029711482532D-01 8.6D-09 0.0D+00 4.8D-09 0.0D+00       20       91       20      200  S
      3      1   7.0706042438200611D-01 8.6D-09 0.0D+00 1.4D-08 0.0D+00       21      112       21      210  S
      3      1   7.0706664511766137D-01 6.4D-09 0.0D+00 4.0D-09 0.0D+00       23      108       23      230  S
      3      1   7.0706067479489787D-01 8.5D-09 0.0D+00 9.7D-09 0.0D+00       20       92       20      200  S
      3      1   7.0706079799194621D-01 8.5D-09 0.0D+00 2.8D-09 0.0D+00       20       92       20      200  S
      3      1   7.0706091988319042D-01 8.4D-09 0.0D+00 7.0D-09 0.0D+00       20       92       20      200  S
      3      1   7.0706104049199403D-01 8.4D-09 0.0D+00 4.0D-09 0.0D+00       20       94       20      200  S
      3      1   7.0706115984208950D-01 8.3D-09 0.0D+00 8.4D-09 0.0D+00       20       94       20      200  S
      3      1   7.0706178771875017D-01 8.1D-09 0.0D+00 7.9D-10 0.0D+00       20       94       20      200  S
      3      1   7.0706664511744977D-01 6.4D-09 0.0D+00 1.4D-10 0.0D+00       23      105       23      230  S
      3      1   7.0705694385984619D-01 9.9D-09 0.0D+00 3.0D-09 0.0D+00       20       91       20      200  S
      3      1   7.0706109426761277D-01 8.3D-09 0.0D+00 7.2D-09 0.0D+00       20       92       20      200  S
      3      1   7.0706664511781037D-01 6.4D-09 0.0D+00 6.7D-10 0.0D+00       23      107       23      230  S
      3      1   7.0706185074426187D-01 8.1D-09 0.0D+00 4.8D-08 0.0D+00       21      105       21      210  S
      3      1   7.0706196188928327D-01 8.0D-09 0.0D+00 4.7D-09 0.0D+00       20       95       20      200  S
      3      1   7.0706207194334281D-01 8.0D-09 0.0D+00 7.6D-09 0.0D+00       20       93       20      200  S
      3      1   7.0706218092350814D-01 8.0D-09 0.0D+00 9.6D-09 0.0D+00       20       94       20      200  S
      3      1   7.0706228885001920D-01 7.9D-09 0.0D+00 9.1D-09 0.0D+00       20       93       20      200  S
      3      1   7.0706664511700434D-01 6.4D-09 0.0D+00 6.6D-09 0.0D+00       21       97       21      210  S
      3      1   7.0706250160754458D-01 7.8D-09 0.0D+00 9.7D-09 0.0D+00       20       95       20      200  S
      3      1   7.0706664511816986D-01 6.4D-09 0.0D+00 3.7D-09 0.0D+00       23      102       23      230  S
      3      1   7.0706664511753825D-01 6.4D-09 0.0D+00 4.5D-09 0.0D+00       23      102       23      230  S
      3      1   7.0706664511742356D-01 6.4D-09 0.0D+00 3.9D-09 0.0D+00       23      103       23      230  S
      3      1   7.0706664511761153D-01 6.4D-09 0.0D+00 7.0D-09 0.0D+00       23      103       23      230  S
      3      1   7.0706664511753115D-01 6.4D-09 0.0D+00 3.4D-09 0.0D+00       23      104       23      230  S
      3      1   7.0706664511741524D-01 6.4D-09 0.0D+00 3.2D-09 0.0D+00       21      100       21      210  S
      3      1   7.0706664511736261D-01 6.4D-09 0.0D+00 6.0D-09 0.0D+00       21       99       21      210  S
      3      1   7.0706664511770256D-01 6.4D-09 0.0D+00 4.2D-09 0.0D+00       23      105       23      230  S
      3      1   7.0706664511810147D-01 6.4D-09 0.0D+00 5.4D-09 0.0D+00       23      102       23      230  S
      3      1   7.0706664511804218D-01 6.4D-09 0.0D+00 4.2D-10 0.0D+00       23      105       23      230  S
      3      1   7.0706664511765849D-01 6.4D-09 0.0D+00 4.6D-10 0.0D+00       23      103       23      230  S
      3      1   7.0706664511748141D-01 6.4D-09 0.0D+00 1.4D-10 0.0D+00       23      102       23      230  S
      3      1   7.0706664511791817D-01 6.4D-09 0.0D+00 3.4D-10 0.0D+00       23      109       23      230  S
