      5      1   5.5898952126928447D-01 7.5D-09 0.0D+00 9.6D-09 0.0D+00       20       97       20      200  S
      5      1   5.5898952126979795D-01 7.5D-09 0.0D+00 2.6D-09 0.0D+00       21      102       21      210  S
      5      1   5.5898952126963386D-01 7.5D-09 0.0D+00 6.4D-09 0.0D+00       21      105       21      210  S
      5      1   5.5898952126968937D-01 7.5D-09 0.0D+00 2.3D-10 0.0D+00       21      102       21      210  S
      5      1   5.5898952126974455D-01 7.5D-09 0.0D+00 1.5D-09 0.0D+00       21      101       21      210  S
      5      1   5.5898952126953461D-01 7.5D-09 0.0D+00 4.9D-09 0.0D+00       21      102       21      210  S
      5      1   5.5898952126942614D-01 7.5D-09 0.0D+00 4.9D-09 0.0D+00       21      105       21      210  S
      5      1   5.5898952126963575D-01 7.5D-09 0.0D+00 8.1D-09 0.0D+00       21      101       21      210  S
      5      1   5.5898952126977375D-01 7.5D-09 0.0D+00 8.8D-09 0.0D+00       21      101       21      210  S
      5      1   5.5898952126973034D-01 7.5D-09 0.0D+00 2.5D-09 0.0D+00       21      102       21      210  S
      5      1   5.5898952126918589D-01 7.5D-09 0.0D+00 9.7D-10 0.0D+00       20       97       20      200  S
      5      1   5.5898952126967394D-01 7.5D-09 0.0D+00 7.9D-09 0.0D+00       21      101       21      210  S
      5      1   5.5898952126959311D-01 7.5D-09 0.0D+00 6.5D-09 0.0D+00       21      104       21      210  S
      5      1   5.5898952126916546D-01 7.5D-09 0.0D+00 3.5D-09 0.0D+00       20       96       20      200  S
      5      1   5.5898952126971146D-01 7.5D-09 0.0D+00 2.9D-09 0.0D+00       21      101       21      210  S
      5      1   5.5898952126956580D-01 7.5D-09 0.0D+00 9.3D-09 0.0D+00       21      101       21      210  S
      5      1   5.5898952126966628D-01 7.5D-09 0.0D+00 2.5D-08 0.0D+00       22      117       22      220  S
      5      1   5.5898952126970891D-01 7.5D-09 0.0D+00 7.4D-09 0.0D+00       21      102       21      210  S
      5      1   5.5898952126968426D-01 7.5D-09 0.0D+00 3.2D-09 0.0D+00       21      102       21      210  S
      5      1   5.5898952126927826D-01 7.5D-09 0.0D+00 1.4D-09 0.0D+00       20       99       20      200  S
      5      1   5.5898952126933499D-01 7.5D-09 0.0D+00 6.9D-09 0.0D+00       20      100       20      200  S
      5      1   5.5898952126959200D-01 7.5D-09 0.0D+00 2.4D-09 0.0D+00       21      101       21      210  S
      5      1   5.5898952126976653D-01 7.5D-09 0.0D+00 1.0D-08 0.0D+00       21      101       21      210  S
      5      1   7.0704307237227837D-01 8.1D-09 0.0D+00 5.4D-08 0.0D+00       23      135       23      230  S
      5      1   5.5898952126952062D-01 7.5D-09 0.0D+00 4.0D-09 0.0D+00       21      103       21      210  S
      5      1   5.5898952126967194D-01 7.5D-09 0.0D+00 2.6D-09 0.0D+00       21      102       21      210  S
      5      1   5.5898952126969392D-01 7.5D-09 0.0D+00 9.5D-10 0.0D+00       21      103       21      210  S
      5      1   5.5898952126963863D-01 7.5D-09 0.0D+00 1.6D-09 0.0D+00       21      101       21      210  S
      5      1   5.5898952126957335D-01 7.5D-09 0.0D+00 1.3D-09 0.0D+00       21      101       21      210  S
      5      1   5.5898952126915513D-01 7.5D-09 0.0D+00 5.4D-09 0.0D+00       20       97       20      200  S
      5      1   5.5898952126956836D-01 7.5D-09 0.0D+00 2.8D-09 0.0D+00       21      103       21      210  S
      5      1   5.5898952126941337D-01 7.5D-09 0.0D+00 5.1D-09 0.0D+00       21      102       21      210  S
      5      1   5.5898952126980161D-01 7.5D-09 0.0D+00 2.3D-10 0.0D+00       21      105       21      210  S
      5      1   5.5898952126976309D-01 7.5D-09 0.0D+00 4.8D-10 0.0D+00       21      102       21      210  S
      5      1   5.5898952126942225D-01 7.5D-09 0.0D+00 4.5D-09 0.0D+00       21      101       21      210  S
      5      1   5.5898952126918977D-01 7.5D-09 0.0D+00 4.4D-09 0.0D+00       20       96       20      200  S
      5      1   5.5898952126940316D-01 7.5D-09 0.0D+00 4.1D-10 0.0D+00       21      104       21      210  S
      5      1   5.5898952126928747D-01 7.5D-09 0.0D+00 7.0D-09 0.0D+00       20       99       20      200  S
      5      1   5.5898952126935497D-01 7.5D-09 0.0D+00 6.7D-09 0.0D+00       20       97       20      200  S
      5      1   5.5898952126982915D-01 7.5D-09 0.0D+00 8.1D-10 0.0D+00       21      101       21      210  S
      5      1   5.5898952126941748D-01 7.5D-09 0.0D+00 7.0D-09 0.0D+00       21      104       21      210  S
      5      1   5.5898952126954726D-01 7.5D-09 0.0D+00 6.8D-09 0.0D+00       21      102       21      210  S
      5      1   5.5898952126962786D-01 7.5D-09 0.0D+00 6.1D-09 0.0D+00       21      104       21      210  S
      5      1   5.5898952126954282D-01 7.5D-09 0.0D+00 2.4D-09 0.0D+00       21      101       21      210  S
      5      1   5.5898952126974644D-01 7.5D-09 0.0D+00 8.9D-09 0.0D+00       21      105       21      210  S
      5      1   5.5898952126935186D-01 7.5D-09 0.0D+00 7.5D-09 0.0D+00       20       97       20      200  S
      5      1   5.5898952126963897D-01 7.5D-09 0.0D+00 5.0D-09 0.0D+00       21      105       21      210  S
      5      1   5.5898952126962576D-01 7.5D-09 0.0D+00 7.1D-09 0.0D+00       21      102       21      210  S
      5      1   5.5898952126929102D-01 7.5D-09 0.0D+00 7.3D-09 0.0D+00       20       99       20      200  S
      5      1   5.5898952126981294D-01 7.5D-09 0.0D+00 9.1D-09 0.0D+00       21      101       21      210  S
      5      1   5.5898952126970936D-01 7.5D-09 0.0D+00 9.5D-09 0.0D+00       21      102       21      210  S
      5      1   5.5898952126937995D-01 7.5D-09 0.0D+00 7.1D-09 0.0D+00       20       97       20      200  S
      5      1   5.5898952126929391D-01 7.5D-09 0.0D+00 1.3D-09 0.0D+00       20       96       20      200  S
      5      1   5.5898952126953938D-01 7.5D-09 0.0D+00 6.8D-10 0.0D+00       21      101       21      210  S
      5      1   5.5898952126923640D-01 7.5D-09 0.0D+00 2.4D-09 0.0D+00       20       98       20      200  S
      5      1   5.5898952126963430D-01 7.5D-09 0.0D+00 4.8D-09 0.0D+00       21      104       21      210  S
      5      1   5.5898952126950663D-01 7.5D-09 0.0D+00 9.2D-09 0.0D+00       21      101       21      210  S
      5      1   5.5898952126967660D-01 7.5D-09 0.0D+00 6.5D-09 0.0D+00       21      102       21      210  S
      5      1   5.5898952126930024D-01 7.5D-09 0.0D+00 1.1D-10 0.0D+00       20       97       20      200  S
      5      1   5.5898952126956203D-01 7.5D-09 0.0D+00 4.6D-09 0.0D+00       21      102       21      210  S
      5      1   5.5898952126987578D-01 7.5D-09 0.0D+00 8.4D-09 0.0D+00       21      102       21      210  S
      5      1   5.5898952126955082D-01 7.5D-09 0.0D+00 3.1D-09 0.0D+00       21      101       21      210  S
      5      1   5.5898952126961077D-01 7.5D-09 0.0D+00 5.7D-10 0.0D+00       21      101       21      210  S
      5      1   5.5898952126987744D-01 7.5D-09 0.0D+00 1.2D-09 0.0D+00       21      101       21      210  S
      5      1   5.5898952126959933D-01 7.5D-09 0.0D+00 5.7D-09 0.0D+00       21      102       21      210  S
      5      1   5.5898952126992607D-01 7.5D-09 0.0D+00 9.1D-09 0.0D+00       21      102       21      210  S
      5      1   5.5898952126962498D-01 7.5D-09 0.0D+00 1.1D-09 0.0D+00       21      102       21      210  S
      5      1   5.5898952126903989D-01 7.5D-09 0.0D+00 8.7D-10 0.0D+00       20       99       20      200  S
      5      1   5.5898952127029500D-01 7.5D-09 0.0D+00 1.9D-09 0.0D+00       22      107       22      220  S
      5      1   7.0704307237295938D-01 8.1D-09 0.0D+00 3.3D-08 0.0D+00       23      148       23      230  S
      5      1   5.5898952126952350D-01 7.5D-09 0.0D+00 8.8D-09 0.0D+00       21      102       21      210  S
      5      1   5.5898952126878665D-01 7.5D-09 0.0D+00 3.2D-09 0.0D+00       21      104       21      210  S
      5      1   7.0704307313719850D-01 8.1D-09 0.0D+00 8.8D-10 0.0D+00       21      131       21      210  S
      5      1   5.5898952126966994D-01 7.5D-09 0.0D+00 2.0D-09 0.0D+00       21      102       21      210  S
      5      1   5.5898952126896584D-01 7.5D-09 0.0D+00 5.8D-09 0.0D+00       20       96       20      200  S
      5      1   5.5898952126963330D-01 7.5D-09 0.0D+00 4.2D-09 0.0D+00       21      101       21      210  S
      5      1   5.5898952126966905D-01 7.5D-09 0.0D+00 6.5D-10 0.0D+00       21      101       21      210  S
      5      1   5.5898952126961221D-01 7.5D-09 0.0D+00 4.9D-09 0.0D+00       21      104       21      210  S
      5      1   5.5898952126961754D-01 7.5D-09 0.0D+00 7.2D-09 0.0D+00       21      104       21      210  S
      5      1   7.0706664511772377D-01 6.4D-09 0.0D+00 7.9D-09 0.0D+00       23      126       23      230  S
      5      1   5.5898952126967383D-01 7.5D-09 0.0D+00 5.1D-10 0.0D+00       21      103       21      210  S
      5      1   5.5898952126966084D-01 7.5D-09 0.0D+00 1.4D-09 0.0D+00       21      102       21      210  S
      5      1   5.5898952126967261D-01 7.5D-09 0.0D+00 8.2D-09 0.0D+00       21      102       21      210  S
      5      1   5.5898952126927282D-01 7.5D-09 0.0D+00 7.2D-09 0.0D+00       20      100       20      200  S
      5      1   5.5898952126977852D-01 7.5D-09 0.0D+00 1.4D-09 0.0D+00       21      101       21      210  S
      5      1   5.5898952126965562D-01 7.5D-09 0.0D+00 1.1D-09 0.0D+00       21      102       21      210  S
      5      1   5.5898952126956158D-01 7.5D-09 0.0D+00 8.6D-09 0.0D+00       21      101       21      210  S
      5      1   5.5898952126980028D-01 7.5D-09 0.0D+00 8.9D-10 0.0D+00       21      102       21      210  S
      5      1   5.5898952126969026D-01 7.5D-09 0.0D+00 7.4D-09 0.0D+00       21      101       21      210  S
      5      1   7.0704307237506692D-01 8.1D-09 0.0D+00 2.7D-10 0.0D+00       22      125       22      220  S
      5      1   5.5898952126954082D-01 7.5D-09 0.0D+00 7.5D-09 0.0D+00       21      102       21      210  S
      5      1   5.5898952126945722D-01 7.5D-09 0.0D+00 8.7D-09 0.0D+00       21      104       21      210  S
      5      1   5.5898952127000334D-01 7.5D-09 0.0D+00 3.9D-10 0.0D+00       22      105       22      220  S
      5      1   5.5898952126945389D-01 7.5D-09 0.0D+00 6.5D-09 0.0D+00       21      102       21      210  S
      5      1   5.5898952126974977D-01 7.5D-09 0.0D+00 1.0D-08 0.0D+00       21      102       21      210  S
      5      1   5.5898952126963974D-01 7.5D-09 0.0D+00 6.7D-09 0.0D+00       21      103       21      210  S
      5      1   5.5898952126949009D-01 7.5D-09 0.0D+00 1.6D-09 0.0D+00       21      103       21      210  S
      5      1   5.5898952126956292D-01 7.5D-09 0.0D+00 4.1D-09 0.0D+00       21      101       21      210  S
      5      1   5.5898952126967660D-01 7.5D-09 0.0D+00 4.3D-09 0.0D+00       21      101       21      210  S
      5      1   5.5898952126960832D-01 7.5D-09 0.0D+00 6.5D-09 0.0D+00       21      102       21      210  S
      5      1   5.5898952126936430D-01 7.5D-09 0.0D+00 8.8D-09 0.0D+00       20       97       20      200  S
      5      1   5.5898952126962276D-01 7.5D-09 0.0D+00 5.7D-09 0.0D+00       21      103       21      210  S
      5      1   5.5898952126951795D-01 7.5D-09 0.0D+00 9.5D-09 0.0D+00       21      101       21      210  S
      5      1   5.5898952126930090D-01 7.5D-09 0.0D+00 1.8D-10 0.0D+00       20       99       20      200  S
      5      1   5.5898952126969359D-01 7.5D-09 0.0D+00 5.7D-09 0.0D+00       21      104       21      210  S
      5      1   5.5898952126968338D-01 7.5D-09 0.0D+00 5.0D-09 0.0D+00       21      103       21      210  S
      5      1   5.5898952126955548D-01 7.5D-09 0.0D+00 9.1D-09 0.0D+00       21      101       21      210  S
      5      1   5.5898952126962764D-01 7.5D-09 0.0D+00 5.8D-09 0.0D+00       21      102       21      210  S
      5      1   5.5898952126975232D-01 7.5D-09 0.0D+00 4.6D-09 0.0D+00       21      101       21      210  S
      5      1   5.5898952126942036D-01 7.5D-09 0.0D+00 8.4D-09 0.0D+00       21      101       21      210  S
      5      1   5.5898952126958756D-01 7.5D-09 0.0D+00 7.7D-09 0.0D+00       21      102       21      210  S
      5      1   5.5898952126953450D-01 7.5D-09 0.0D+00 6.7D-10 0.0D+00       21      102       21      210  S
      5      1   5.5898952126927870D-01 7.5D-09 0.0D+00 4.3D-09 0.0D+00       20       98       20      200  S
      5      1   5.5898952126943713D-01 7.5D-09 0.0D+00 1.6D-09 0.0D+00       20       96       20      200  S
      5      1   5.5898952126940904D-01 7.5D-09 0.0D+00 1.6D-09 0.0D+00       21      102       21      210  S
      5      1   5.5898952126981505D-01 7.5D-09 0.0D+00 7.5D-11 0.0D+00       21      103       21      210  S
      5      1   5.5898952126939627D-01 7.5D-09 0.0D+00 6.0D-09 0.0D+00       21      105       21      210  S
      5      1   5.5898952126926515D-01 7.5D-09 0.0D+00 2.0D-08 0.0D+00       22      118       22      220  S
      5      1   5.5898952126954848D-01 7.5D-09 0.0D+00 9.3D-10 0.0D+00       21      104       21      210  S
      5      1   5.5898952126936297D-01 7.5D-09 0.0D+00 3.8D-09 0.0D+00       20       96       20      200  S
      5      1   5.5898952126952228D-01 7.5D-09 0.0D+00 9.5D-09 0.0D+00       21      102       21      210  S
      5      1   5.5898952126953882D-01 7.5D-09 0.0D+00 9.2D-09 0.0D+00       21      102       21      210  S
      5      1   5.5898952126969503D-01 7.5D-09 0.0D+00 8.2D-09 0.0D+00       21      101       21      210  S
      5      1   5.5898952126949453D-01 7.5D-09 0.0D+00 5.7D-10 0.0D+00       21      101       21      210  S
      5      1   5.5898952126934420D-01 7.5D-09 0.0D+00 1.2D-09 0.0D+00       20       97       20      200  S
      5      1   5.5898952126931034D-01 7.5D-09 0.0D+00 4.7D-09 0.0D+00       20       99       20      200  S
      5      1   5.5898952126935930D-01 7.5D-09 0.0D+00 4.4D-10 0.0D+00       20       97       20      200  S
      5      1   5.5898952126956059D-01 7.5D-09 0.0D+00 2.1D-09 0.0D+00       21      102       21      210  S
      5      1   5.5898952126914714D-01 7.5D-09 0.0D+00 9.5D-09 0.0D+00       20       96       20      200  S
      5      1   5.5898952126931944D-01 7.5D-09 0.0D+00 7.2D-09 0.0D+00       20       97       20      200  S
      5      1   5.5898952126965806D-01 7.5D-09 0.0D+00 2.6D-10 0.0D+00       21      101       21      210  S
      5      1   5.5898952126967416D-01 7.5D-09 0.0D+00 5.5D-09 0.0D+00       21      101       21      210  S
      5      1   5.5898952126964230D-01 7.5D-09 0.0D+00 6.6D-10 0.0D+00       21      103       21      210  S
      5      1   9.6822333279233364D-01 3.7D-09 0.0D+00 2.2D+04 0.0D+00       25      290       25      250  S
      5      1   5.5898952126908807D-01 7.5D-09 0.0D+00 2.5D-08 0.0D+00       21      104       21      210  S
      5      1   5.5898952126934665D-01 7.5D-09 0.0D+00 6.4D-09 0.0D+00       20       97       20      200  S
      5      1   5.5898952126986490D-01 7.5D-09 0.0D+00 6.2D-09 0.0D+00       21      103       21      210  S
      5      1   5.5898952126954360D-01 7.5D-09 0.0D+00 8.5D-09 0.0D+00       21      102       21      210  S
      5      1   5.5898952126927803D-01 7.5D-09 0.0D+00 8.6D-10 0.0D+00       20       98       20      200  S
      5      1   5.5898952126982282D-01 7.5D-09 0.0D+00 7.4D-09 0.0D+00       21      101       21      210  S
      5      1   5.5898952126943591D-01 7.5D-09 0.0D+00 2.0D-09 0.0D+00       20       98       20      200  S
      5      1   5.5898952126923085D-01 7.5D-09 0.0D+00 6.8D-09 0.0D+00       20       98       20      200  S
      5      1   5.5898952126958878D-01 7.5D-09 0.0D+00 5.2D-09 0.0D+00       21      104       21      210  S
      5      1   5.5898952126975232D-01 7.5D-09 0.0D+00 1.6D-09 0.0D+00       21      101       21      210  S
      5      1   5.5898952126949764D-01 7.5D-09 0.0D+00 6.9D-09 0.0D+00       20       97       20      200  S
      5      1   5.5898952126925616D-01 7.5D-09 0.0D+00 6.8D-09 0.0D+00       20       99       20      200  S
      5      1   5.5898952126982859D-01 7.5D-09 0.0D+00 3.1D-09 0.0D+00       21      101       21      210  S
      5      1   5.5898952126958201D-01 7.5D-09 0.0D+00 8.9D-09 0.0D+00       21      101       21      210  S
      5      1   5.5898952126967660D-01 7.5D-09 0.0D+00 7.5D-09 0.0D+00       21      102       21      210  S
      5      1   5.5898952126948220D-01 7.5D-09 0.0D+00 4.7D-09 0.0D+00       21      102       21      210  S
      5      1   5.5898952126964163D-01 7.5D-09 0.0D+00 2.8D-10 0.0D+00       21      101       21      210  S
      5      1   5.5898952126916357D-01 7.5D-09 0.0D+00 4.0D-09 0.0D+00       20       96       20      200  S
      5      1   5.5898952126974211D-01 7.5D-09 0.0D+00 2.1D-09 0.0D+00       21      102       21      210  S
      5      1   5.5898952127013513D-01 7.5D-09 0.0D+00 4.8D-09 0.0D+00       22      106       22      220  S
      5      1   5.5898952126987844D-01 7.5D-09 0.0D+00 2.2D-09 0.0D+00       21      101       21      210  S
      5      1   5.5898952126964530D-01 7.5D-09 0.0D+00 3.6D-10 0.0D+00       21      101       21      210  S
      5      1   5.5898952126919788D-01 7.5D-09 0.0D+00 3.1D-09 0.0D+00       20       96       20      200  S
      5      1   5.5898952126961565D-01 7.5D-09 0.0D+00 6.5D-09 0.0D+00       21      102       21      210  S
      5      1   5.5898952126973267D-01 7.5D-09 0.0D+00 3.5D-09 0.0D+00       21      101       21      210  S
      5      1   5.5898952126963375D-01 7.5D-09 0.0D+00 6.2D-09 0.0D+00       21      103       21      210  S
      5      1   5.5898952126960821D-01 7.5D-09 0.0D+00 7.1D-09 0.0D+00       21      104       21      210  S
      5      1   5.5898952126913293D-01 7.5D-09 0.0D+00 6.5D-09 0.0D+00       20       97       20      200  S
      5      1   5.5898952126965074D-01 7.5D-09 0.0D+00 9.0D-09 0.0D+00       21      104       21      210  S
      5      1   5.5898952126966173D-01 7.5D-09 0.0D+00 7.2D-09 0.0D+00       21      101       21      210  S
      5      1   5.5898952126982326D-01 7.5D-09 0.0D+00 1.0D-10 0.0D+00       21      103       21      210  S
      5      1   5.5898952126968771D-01 7.5D-09 0.0D+00 8.8D-09 0.0D+00       21      101       21      210  S
      5      1   5.5898952126961166D-01 7.5D-09 0.0D+00 4.2D-09 0.0D+00       21      101       21      210  S
      5      1   5.5898952126925117D-01 7.5D-09 0.0D+00 5.2D-09 0.0D+00       20       96       20      200  S
      5      1   5.5898952126923529D-01 7.5D-09 0.0D+00 4.7D-09 0.0D+00       20       98       20      200  S
      5      1   5.5898952126938395D-01 7.5D-09 0.0D+00 5.4D-09 0.0D+00       20       99       20      200  S
      5      1   5.5898952126953683D-01 7.5D-09 0.0D+00 2.5D-08 0.0D+00       22      110       22      220  S
      5      1   5.5898952126963075D-01 7.5D-09 0.0D+00 4.8D-10 0.0D+00       21      101       21      210  S
      5      1   5.5898952126939960D-01 7.5D-09 0.0D+00 8.0D-09 0.0D+00       20       99       20      200  S
      5      1   5.5898952126937729D-01 7.5D-09 0.0D+00 2.3D-08 0.0D+00       21      106       21      210  S
      5      1   5.5898952126987211D-01 7.5D-09 0.0D+00 3.9D-09 0.0D+00       21      104       21      210  S
      5      1   5.5898952126959756D-01 7.5D-09 0.0D+00 8.1D-09 0.0D+00       21      101       21      210  S
      5      1   5.5898952126987111D-01 7.5D-09 0.0D+00 2.7D-09 0.0D+00       21      101       21      210  S
      5      1   5.5898952126881940D-01 7.5D-09 0.0D+00 7.2D-09 0.0D+00       21      100       21      210  S
      5      1   5.5898952126955093D-01 7.5D-09 0.0D+00 5.7D-09 0.0D+00       21      102       21      210  S
      5      1   5.5898952126984125D-01 7.5D-09 0.0D+00 4.6D-09 0.0D+00       21      103       21      210  S
      5      1   5.5898952126959389D-01 7.5D-09 0.0D+00 6.2D-09 0.0D+00       21      102       21      210  S
      5      1   5.5898952126949308D-01 7.5D-09 0.0D+00 1.3D-09 0.0D+00       21      103       21      210  S
      5      1   5.5898952126949053D-01 7.5D-09 0.0D+00 1.0D-08 0.0D+00       21      101       21      210  S
      5      1   5.5898952126959822D-01 7.5D-09 0.0D+00 3.3D-10 0.0D+00       21      102       21      210  S
      5      1   5.5898952126981272D-01 7.5D-09 0.0D+00 3.8D-11 0.0D+00       21      103       21      210  S
      5      1   5.5898952126926360D-01 7.5D-09 0.0D+00 6.4D-09 0.0D+00       20       96       20      200  S
      5      1   5.5898952126919432D-01 7.5D-09 0.0D+00 3.0D-09 0.0D+00       20       99       20      200  S
      5      1   5.5898952126966939D-01 7.5D-09 0.0D+00 7.3D-09 0.0D+00       21      102       21      210  S
      5      1   5.5898952126956614D-01 7.5D-09 0.0D+00 7.4D-09 0.0D+00       21      101       21      210  S
      5      1   5.5898952126980006D-01 7.5D-09 0.0D+00 1.2D-10 0.0D+00       21      101       21      210  S
      5      1   5.5898952126952306D-01 7.5D-09 0.0D+00 7.3D-09 0.0D+00       21      103       21      210  S
      5      1   5.5898952126987944D-01 7.5D-09 0.0D+00 7.8D-09 0.0D+00       21      101       21      210  S
      5      1   5.5898952126966095D-01 7.5D-09 0.0D+00 5.2D-09 0.0D+00       21      101       21      210  S
      5      1   5.5898952126914947D-01 7.5D-09 0.0D+00 3.2D-09 0.0D+00       20       96       20      200  S
      5      1   5.5898952126958845D-01 7.5D-09 0.0D+00 4.7D-09 0.0D+00       21      101       21      210  S
      5      1   5.5898952126939472D-01 7.5D-09 0.0D+00 7.2D-09 0.0D+00       21      101       21      210  S
      5      1   5.5898952126966361D-01 7.5D-09 0.0D+00 8.1D-09 0.0D+00       21      104       21      210  S
      5      1   5.5898952126974188D-01 7.5D-09 0.0D+00 4.4D-09 0.0D+00       21      102       21      210  S
      5      1   5.5898952126955814D-01 7.5D-09 0.0D+00 4.1D-09 0.0D+00       21      104       21      210  S
      5      1   5.5898952126933477D-01 7.5D-09 0.0D+00 7.6D-09 0.0D+00       20       96       20      200  S
      5      1   5.5898952126955515D-01 7.5D-09 0.0D+00 8.9D-09 0.0D+00       21      102       21      210  S
      5      1   5.5898952126925505D-01 7.5D-09 0.0D+00 4.6D-09 0.0D+00       20       98       20      200  S
      5      1   5.5898952126925461D-01 7.5D-09 0.0D+00 2.3D-09 0.0D+00       20       96       20      200  S
      5      1   5.5898952126961576D-01 7.5D-09 0.0D+00 5.0D-09 0.0D+00       21      102       21      210  S
      5      1   5.5898952126971313D-01 7.5D-09 0.0D+00 7.5D-09 0.0D+00       21      102       21      210  S
      5      1   5.5898952126964152D-01 7.5D-09 0.0D+00 5.9D-09 0.0D+00       21      103       21      210  S
      5      1   5.5898952126967438D-01 7.5D-09 0.0D+00 1.2D-09 0.0D+00       21      101       21      210  S
      5      1   5.5898952126912727D-01 7.5D-09 0.0D+00 6.8D-09 0.0D+00       21      102       21      210  S
      5      1   5.5898952126966417D-01 7.5D-09 0.0D+00 1.2D-09 0.0D+00       21      103       21      210  S
      5      1   5.5898952126941359D-01 7.5D-09 0.0D+00 9.9D-09 0.0D+00       21      104       21      210  S
      5      1   7.0704307237963848D-01 8.1D-09 0.0D+00 1.7D-09 0.0D+00       22      128       22      220  S
      5      1   5.5898952126978452D-01 7.5D-09 0.0D+00 1.2D-09 0.0D+00       21      102       21      210  S
      5      1   7.0704307237506281D-01 8.1D-09 0.0D+00 5.7D-08 0.0D+00       23      157       24      231  S
      5      1   5.5898952126962198D-01 7.5D-09 0.0D+00 4.3D-09 0.0D+00       21      102       21      210  S
      5      1   5.5898952126962065D-01 7.5D-09 0.0D+00 4.8D-09 0.0D+00       21      101       21      210  S
      5      1   5.5898952126958357D-01 7.5D-09 0.0D+00 7.7D-10 0.0D+00       21      103       21      210  S
      5      1   5.5898952126961188D-01 7.5D-09 0.0D+00 5.4D-09 0.0D+00       21      105       21      210  S
      5      1   5.5898952126986901D-01 7.5D-09 0.0D+00 8.7D-09 0.0D+00       21      102       21      210  S
      5      1   5.5898952126922075D-01 7.5D-09 0.0D+00 8.7D-09 0.0D+00       20       99       20      200  S
      5      1   5.5898952126964008D-01 7.5D-09 0.0D+00 1.7D-08 0.0D+00       22      115       22      220  S
      5      1   5.5898952126954371D-01 7.5D-09 0.0D+00 8.9D-09 0.0D+00       21      102       21      210  S
      5      1   5.5898952126963874D-01 7.5D-09 0.0D+00 5.6D-10 0.0D+00       21      102       21      210  S
      5      1   5.5898952126976453D-01 7.5D-09 0.0D+00 2.0D-09 0.0D+00       21      101       21      210  S
      5      1   5.5898952126980173D-01 7.5D-09 0.0D+00 8.0D-09 0.0D+00       22      106       22      220  S
      5      1   5.5898952126980261D-01 7.5D-09 0.0D+00 2.5D-09 0.0D+00       21      101       21      210  S
      5      1   5.5898952126964252D-01 7.5D-09 0.0D+00 4.9D-09 0.0D+00       21      102       21      210  S
      5      1   5.5898952126969825D-01 7.5D-09 0.0D+00 7.6D-09 0.0D+00       21      105       21      210  S
      5      1   5.5898952127000634D-01 7.5D-09 0.0D+00 4.5D-09 0.0D+00       22      107       22      220  S
      5      1   5.5898952126929746D-01 7.5D-09 0.0D+00 5.6D-10 0.0D+00       20       99       20      200  S
      5      1   5.5898952126966273D-01 7.5D-09 0.0D+00 5.9D-09 0.0D+00       21      101       21      210  S
      5      1   5.5898952126963530D-01 7.5D-09 0.0D+00 7.0D-09 0.0D+00       21      102       21      210  S
      5      1   5.5898952126944934D-01 7.5D-09 0.0D+00 4.6D-09 0.0D+00       21      107       21      210  S
      5      1   5.5898952126943502D-01 7.5D-09 0.0D+00 8.4D-09 0.0D+00       21      103       21      210  S
      5      1   5.5898952126955104D-01 7.5D-09 0.0D+00 6.6D-09 0.0D+00       21      103       21      210  S
      5      1   5.5898952126949297D-01 7.5D-09 0.0D+00 3.1D-10 0.0D+00       21      102       21      210  S
      5      1   5.5898952126979629D-01 7.5D-09 0.0D+00 2.6D-09 0.0D+00       21      101       21      210  S
      5      1   5.5898952126953272D-01 7.5D-09 0.0D+00 2.8D-09 0.0D+00       21      101       21      210  S
      5      1   5.5898952126915524D-01 7.5D-09 0.0D+00 9.0D-09 0.0D+00       20       95       20      200  S
      5      1   5.5898952126909274D-01 7.5D-09 0.0D+00 5.8D-10 0.0D+00       20       97       20      200  S
      5      1   5.5898952126991019D-01 7.5D-09 0.0D+00 9.9D-09 0.0D+00       21      102       21      210  S
      5      1   5.5898952126984403D-01 7.5D-09 0.0D+00 4.4D-09 0.0D+00       22      109       22      220  S
      5      1   5.5898952126955248D-01 7.5D-09 0.0D+00 2.2D-09 0.0D+00       21      102       21      210  S
      5      1   5.5898952126969881D-01 7.5D-09 0.0D+00 3.4D-09 0.0D+00       21      103       21      210  S
      5      1   5.5898952126957790D-01 7.5D-09 0.0D+00 6.1D-09 0.0D+00       21      102       21      210  S
      5      1   5.5898952126968315D-01 7.5D-09 0.0D+00 6.0D-09 0.0D+00       21      102       21      210  S
      5      1   7.0704307237136788D-01 8.1D-09 0.0D+00 6.0D-08 0.0D+00       23      150       24      231  S
      5      1   5.5898952126950141D-01 7.5D-09 0.0D+00 4.8D-09 0.0D+00       21      101       21      210  S
      5      1   5.5898952126989476D-01 7.5D-09 0.0D+00 6.3D-09 0.0D+00       22      105       22      220  S
      5      1   5.5898952126965340D-01 7.5D-09 0.0D+00 5.7D-09 0.0D+00       21      102       21      210  S
      5      1   5.5898952126973256D-01 7.5D-09 0.0D+00 2.4D-09 0.0D+00       21      104       21      210  S
      5      1   5.5898952126983503D-01 7.5D-09 0.0D+00 6.3D-09 0.0D+00       21      102       21      210  S
      5      1   5.5898952126933554D-01 7.5D-09 0.0D+00 2.1D-09 0.0D+00       20       97       20      200  S
      5      1   5.5898952126969836D-01 7.5D-09 0.0D+00 4.4D-09 0.0D+00       21      101       21      210  S
      5      1   5.5898952126963630D-01 7.5D-09 0.0D+00 6.7D-09 0.0D+00       21      105       21      210  S
      5      1   5.5898952126902879D-01 7.5D-09 0.0D+00 1.0D-09 0.0D+00       20       97       20      200  S
      5      1   5.5898952126958723D-01 7.5D-09 0.0D+00 7.4D-09 0.0D+00       21      103       21      210  S
      5      1   5.5898952126984680D-01 7.5D-09 0.0D+00 2.0D-09 0.0D+00       21      102       21      210  S
      5      1   5.5898952126924273D-01 7.5D-09 0.0D+00 1.2D-09 0.0D+00       20      100       20      200  S
      5      1   5.5898952126953916D-01 7.5D-09 0.0D+00 6.2D-09 0.0D+00       21      102       21      210  S
      5      1   7.0704307237475317D-01 8.1D-09 0.0D+00 2.9D-08 0.0D+00       22      158       23      222  S
      5      1   5.5898952126957002D-01 7.5D-09 0.0D+00 2.3D-09 0.0D+00       21      102       21      210  S
      5      1   5.5898952126959989D-01 7.5D-09 0.0D+00 6.8D-09 0.0D+00       21      104       21      210  S
      5      1   5.5898952126960733D-01 7.5D-09 0.0D+00 7.8D-11 0.0D+00       21      101       21      210  S
      5      1   5.5898952126965762D-01 7.5D-09 0.0D+00 7.5D-09 0.0D+00       21      104       21      210  S
      5      1   5.5898952126958179D-01 7.5D-09 0.0D+00 4.2D-09 0.0D+00       21      101       21      210  S
      5      1   5.5898952126981627D-01 7.5D-09 0.0D+00 1.6D-09 0.0D+00       21      101       21      210  S
      5      1   5.5898952126953450D-01 7.5D-09 0.0D+00 9.8D-09 0.0D+00       21      101       21      210  S
      5      1   5.5898952126935331D-01 7.5D-09 0.0D+00 8.7D-09 0.0D+00       20       96       20      200  S
      5      1   5.5898952126958779D-01 7.5D-09 0.0D+00 6.4D-09 0.0D+00       21      102       21      210  S
      5      1   5.5898952126970913D-01 7.5D-09 0.0D+00 7.6D-09 0.0D+00       21      103       21      210  S
      5      1   5.5898952126949331D-01 7.5D-09 0.0D+00 3.2D-09 0.0D+00       21      101       21      210  S
      5      1   5.5898952126982360D-01 7.5D-09 0.0D+00 5.7D-09 0.0D+00       21      102       21      210  S
      5      1   5.5898952126963508D-01 7.5D-09 0.0D+00 5.6D-09 0.0D+00       21      102       21      210  S
      5      1   5.5898952126957269D-01 7.5D-09 0.0D+00 5.1D-09 0.0D+00       21      102       21      210  S
      5      1   5.5898952126984114D-01 7.5D-09 0.0D+00 6.8D-09 0.0D+00       21      105       21      210  S
      5      1   5.5898952126959700D-01 7.5D-09 0.0D+00 7.5D-09 0.0D+00       21      101       21      210  S
      5      1   5.5898952126952095D-01 7.5D-09 0.0D+00 1.2D-09 0.0D+00       21      101       21      210  S
      5      1   5.5898952126942925D-01 7.5D-09 0.0D+00 8.0D-09 0.0D+00       21      103       21      210  S
      5      1   5.5898952126957968D-01 7.5D-09 0.0D+00 6.5D-09 0.0D+00       21      104       21      210  S
      5      1   5.5898952126982770D-01 7.5D-09 0.0D+00 2.6D-08 0.0D+00       22      109       22      220  S
      5      1   5.5898952126959212D-01 7.5D-09 0.0D+00 4.6D-09 0.0D+00       21      104       21      210  S
      5      1   5.5898952126977708D-01 7.5D-09 0.0D+00 5.5D-09 0.0D+00       21      106       21      210  S
      5      1   5.5898952126934298D-01 7.5D-09 0.0D+00 5.4D-09 0.0D+00       20       99       20      200  S
      5      1   5.5898952126968571D-01 7.5D-09 0.0D+00 6.4D-09 0.0D+00       21      101       21      210  S
      5      1   5.5898952126968049D-01 7.5D-09 0.0D+00 3.4D-09 0.0D+00       21      101       21      210  S
      5      1   5.5898952126979939D-01 7.5D-09 0.0D+00 2.4D-09 0.0D+00       21      101       21      210  S
      5      1   5.5898952126961721D-01 7.5D-09 0.0D+00 2.0D-09 0.0D+00       21      101       21      210  S
      5      1   5.5898952126925183D-01 7.5D-09 0.0D+00 2.1D-09 0.0D+00       20       97       20      200  S
      5      1   5.5898952126998380D-01 7.5D-09 0.0D+00 7.8D-09 0.0D+00       22      107       22      220  S
      5      1   5.5898952126977508D-01 7.5D-09 0.0D+00 7.8D-09 0.0D+00       21      101       21      210  S
      5      1   5.5898952126956791D-01 7.5D-09 0.0D+00 4.1D-09 0.0D+00       21      101       21      210  S
      5      1   5.5898952126975643D-01 7.5D-09 0.0D+00 7.7D-10 0.0D+00       21      102       21      210  S
      5      1   5.5898952126968338D-01 7.5D-09 0.0D+00 8.5D-09 0.0D+00       21      101       21      210  S
      5      1   5.5898952126990076D-01 7.5D-09 0.0D+00 5.6D-09 0.0D+00       21      101       21      210  S
      5      1   5.5898952126934565D-01 7.5D-09 0.0D+00 7.4D-09 0.0D+00       21      102       21      210  S
      5      1   5.5898952126969725D-01 7.5D-09 0.0D+00 5.0D-09 0.0D+00       21      104       21      210  S
      5      1   5.5898952127026091D-01 7.5D-09 0.0D+00 6.1D-09 0.0D+00       22      105       22      220  S
      5      1   5.5898952126949986D-01 7.5D-09 0.0D+00 4.5D-09 0.0D+00       21      107       21      210  S
      5      1   5.5898952126975709D-01 7.5D-09 0.0D+00 9.7D-09 0.0D+00       21      102       21      210  S
      5      1   5.5898952126962687D-01 7.5D-09 0.0D+00 6.2D-09 0.0D+00       21      103       21      210  S
