     15      1   2.7427896691165810D-01 5.2D-09 0.0D+00 1.0D-09 0.0D+00       22      108       22      220  S
     15      1   2.7427896691145576D-01 5.2D-09 0.0D+00 7.2D-09 0.0D+00       21      107       21      210  S
     15      1   2.7427896691166948D-01 5.2D-09 0.0D+00 1.5D-09 0.0D+00       22      112       22      220  S
     15      1   2.7427896691176551D-01 5.2D-09 0.0D+00 3.4D-08 0.0D+00       23      138       23      230  S
     15      1   3.1753493511600084D-01 7.5D-09 0.0D+00 2.5D-09 0.0D+00       21      123       21      210  S
     15      1   2.7427896691173459D-01 5.2D-09 0.0D+00 1.9D-09 0.0D+00       22      120       22      220  S
     15      1   2.7427896691169246D-01 5.2D-09 0.0D+00 3.9D-09 0.0D+00       22      111       22      220  S
     15      1   2.7427896691177256D-01 5.2D-09 0.0D+00 1.3D-10 0.0D+00       22      110       22      220  S
     15      1   2.7427896691170828D-01 5.2D-09 0.0D+00 5.7D-09 0.0D+00       22      109       22      220  S
     15      1   2.8116436577258647D-01 5.4D-09 0.0D+00 5.8D-09 0.0D+00       22      122       22      220  S
     15      1   2.7427896691172482D-01 5.2D-09 0.0D+00 8.8D-09 0.0D+00       22      112       22      220  S
     15      1   2.7427896691166836D-01 5.2D-09 0.0D+00 8.0D-09 0.0D+00       22      107       22      220  S
     15      1   2.7427896691106590D-01 5.2D-09 0.0D+00 1.5D-10 0.0D+00       21      107       21      210  S
     15      1   2.7427896691169784D-01 5.2D-09 0.0D+00 8.2D-09 0.0D+00       22      127       22      220  S
     15      1   2.7427896691110870D-01 5.2D-09 0.0D+00 1.4D-08 0.0D+00       22      125       22      220  S
     15      1   2.8116436577239845D-01 5.4D-09 0.0D+00 3.3D-09 0.0D+00       22      125       22      220  S
     15      1   2.7427896691172543D-01 5.2D-09 0.0D+00 7.6D-09 0.0D+00       22      115       22      220  S
     15      1   2.7427896691189463D-01 5.2D-09 0.0D+00 6.5D-09 0.0D+00       22      108       22      220  S
     15      1   2.7427896691176779D-01 5.2D-09 0.0D+00 4.2D-09 0.0D+00       22      109       22      220  S
     15      1   1.7167202354872650D+00 1.1D-16 0.0D+00 1.0D+00 0.0D+00        3       40        3       30  S
     15      1   2.8663362169275608D-01 5.2D-09 0.0D+00 5.0D-10 0.0D+00       22      122       22      220  S
     15      1   2.7427896691185683D-01 5.2D-09 0.0D+00 1.4D-09 0.0D+00       22      111       22      220  S
     15      1   2.8116436577242876D-01 5.4D-09 0.0D+00 7.7D-09 0.0D+00       22      122       22      220  S
     15      1   3.1753493582649595D-01 7.5D-09 0.0D+00 1.5D-07 0.0D+00       22      138       22      220  S
     15      1   2.8116436577277459D-01 5.4D-09 0.0D+00 1.5D-08 0.0D+00       23      137       23      230  S
     15      1   2.8116436577251680D-01 5.4D-09 0.0D+00 2.7D-09 0.0D+00       22      133       22      220  S
     15      1   2.7427896691132253D-01 5.2D-09 0.0D+00 2.1D-08 0.0D+00       23      118       23      230  S
     15      1   2.7427896691163356D-01 5.2D-09 0.0D+00 1.4D-09 0.0D+00       22      110       22      220  S
     15      1   2.7427896691176712D-01 5.2D-09 0.0D+00 7.2D-09 0.0D+00       22      116       22      220  S
     15      1   2.7427896691184300D-01 5.2D-09 0.0D+00 5.6D-09 0.0D+00       22      122       22      220  S
     15      1   2.8116436577250359D-01 5.4D-09 0.0D+00 9.5D-09 0.0D+00       22      114       22      220  S
     15      1   2.7427896691172210D-01 5.2D-09 0.0D+00 5.0D-09 0.0D+00       22      123       22      220  S
     15      1   2.8116436577258430D-01 5.4D-09 0.0D+00 3.2D-08 0.0D+00       23      133       23      230  S
     15      1   2.7427896691173165D-01 5.2D-09 0.0D+00 5.4D-09 0.0D+00       22      111       22      220  S
     15      1   2.7427896691166825D-01 5.2D-09 0.0D+00 6.5D-09 0.0D+00       22      110       22      220  S
     15      1   2.8116436577239351D-01 5.4D-09 0.0D+00 1.8D-09 0.0D+00       22      123       22      220  S
     15      1   2.7427896691179349D-01 5.2D-09 0.0D+00 9.7D-09 0.0D+00       22      111       22      220  S
     15      1   2.7427896691169507D-01 5.2D-09 0.0D+00 9.8D-09 0.0D+00       22      118       22      220  S
     15      1   2.7427896691173004D-01 5.2D-09 0.0D+00 3.8D-09 0.0D+00       22      107       22      220  S
     15      1   2.7427896691167497D-01 5.2D-09 0.0D+00 2.5D-09 0.0D+00       22      107       22      220  S
     15      1   1.8402887624265800D+00 2.2D-16 0.0D+00 1.0D+00 0.0D+00        3       31        3       30  S
     15      1   2.7427896691172171D-01 5.2D-09 0.0D+00 6.3D-09 0.0D+00       22      118       22      220  S
     15      1   2.7427896691165865D-01 5.2D-09 0.0D+00 9.5D-10 0.0D+00       22      117       22      220  S
     15      1   2.8116436577222265D-01 5.4D-09 0.0D+00 3.1D-09 0.0D+00       21      116       21      210  S
     15      1   2.7427896691166154D-01 5.2D-09 0.0D+00 1.1D-08 0.0D+00       23      126       23      230  S
     15      1   2.8116436577253162D-01 5.4D-09 0.0D+00 4.7D-10 0.0D+00       22      114       22      220  S
     15      1   2.7427896691170878D-01 5.2D-09 0.0D+00 2.9D-09 0.0D+00       22      119       22      220  S
     15      1   3.1753493582911352D-01 7.5D-09 0.0D+00 2.9D-10 0.0D+00       21      125       21      210  S
     15      1   2.8116436577250908D-01 5.4D-09 0.0D+00 1.7D-09 0.0D+00       22      125       22      220  S
     15      1   2.8116436577239085D-01 5.4D-09 0.0D+00 9.7D-09 0.0D+00       22      127       22      220  S
     15      1   2.7427896691148446D-01 5.2D-09 0.0D+00 8.5D-09 0.0D+00       21      106       21      210  S
     15      1   2.7427896691177100D-01 5.2D-09 0.0D+00 5.7D-09 0.0D+00       22      125       22      220  S
     15      1   3.0438971795868458D-01 6.5D-09 0.0D+00 7.9D-09 0.0D+00       22      197       22      220  S
     15      1   2.7427896691176645D-01 5.2D-09 0.0D+00 5.8D-09 0.0D+00       22      113       22      220  S
     15      1   2.7427896691171455D-01 5.2D-09 0.0D+00 3.1D-09 0.0D+00       22      109       22      220  S
     15      1   2.8116436577244264D-01 5.4D-09 0.0D+00 4.9D-09 0.0D+00       21      125       21      210  S
     15      1   2.7427896691163639D-01 5.2D-09 0.0D+00 1.6D-10 0.0D+00       22      114       22      220  S
     15      1   2.7427896691178377D-01 5.2D-09 0.0D+00 9.8D-09 0.0D+00       22      109       22      220  S
     15      1   2.8116436577264364D-01 5.4D-09 0.0D+00 8.4D-09 0.0D+00       22      120       22      220  S
     15      1   2.8116436577254889D-01 5.4D-09 0.0D+00 7.0D-09 0.0D+00       22      129       22      220  S
     15      1   2.7427896691178277D-01 5.2D-09 0.0D+00 3.4D-09 0.0D+00       22      123       22      220  S
     15      1   2.7427896691173426D-01 5.2D-09 0.0D+00 5.4D-09 0.0D+00       22      109       22      220  S
     15      1   2.7427896691175535D-01 5.2D-09 0.0D+00 1.3D-08 0.0D+00       23      112       23      230  S
     15      1   2.7427896691153858D-01 5.2D-09 0.0D+00 9.6D-09 0.0D+00       22      108       22      220  S
     15      1   2.8116436577257370D-01 5.4D-09 0.0D+00 1.0D-10 0.0D+00       22      126       22      220  S
     15      1   2.7427896691155873D-01 5.2D-09 0.0D+00 1.4D-09 0.0D+00       22      106       22      220  S
     15      1   2.8116436577251464D-01 5.4D-09 0.0D+00 2.3D-10 0.0D+00       22      120       22      220  S
     15      1   2.8116436577254006D-01 5.4D-09 0.0D+00 9.2D-09 0.0D+00       22      116       22      220  S
     15      1   2.7427896691173842D-01 5.2D-09 0.0D+00 2.5D-10 0.0D+00       22      118       22      220  S
     15      1   2.7427896691182729D-01 5.2D-09 0.0D+00 9.8D-09 0.0D+00       22      105       22      220  S
     15      1   2.8116436577256093D-01 5.4D-09 0.0D+00 3.8D-10 0.0D+00       22      122       22      220  S
     15      1   2.7427896691169601D-01 5.2D-09 0.0D+00 2.3D-10 0.0D+00       22      107       22      220  S
     15      1   2.8116436577257470D-01 5.4D-09 0.0D+00 4.7D-09 0.0D+00       22      125       22      220  S
     15      1   2.8116436577265852D-01 5.4D-09 0.0D+00 2.2D-09 0.0D+00       22      129       22      220  S
     15      1   2.8116436577249404D-01 5.4D-09 0.0D+00 1.7D-09 0.0D+00       22      121       22      220  S
     15      1   2.7427896691162557D-01 5.2D-09 0.0D+00 5.7D-10 0.0D+00       22      110       22      220  S
     15      1   2.8116436577265064D-01 5.4D-09 0.0D+00 6.1D-09 0.0D+00       22      130       22      220  S
     15      1   5.6544551131682319D-01 5.7D-03 0.0D+00 1.0D+00 0.0D+00       21      120       22      220  S
     15      1   2.8116436577253601D-01 5.4D-09 0.0D+00 4.5D-10 0.0D+00       22      127       22      220  S
     15      1   2.7427896691160814D-01 5.2D-09 0.0D+00 9.2D-09 0.0D+00       22      119       22      220  S
     15      1   2.7427896691177533D-01 5.2D-09 0.0D+00 3.7D-09 0.0D+00       22      119       22      220  S
     15      1   2.8116436577254600D-01 5.4D-09 0.0D+00 2.3D-09 0.0D+00       22      125       22      220  S
     15      1   2.7427896691163711D-01 5.2D-09 0.0D+00 7.0D-09 0.0D+00       22      111       22      220  S
     15      1   2.7427896691175535D-01 5.2D-09 0.0D+00 2.9D-09 0.0D+00       22      117       22      220  S
     15      1   2.8116436577253984D-01 5.4D-09 0.0D+00 6.3D-09 0.0D+00       22      119       22      220  S
     15      1   2.7427896691175785D-01 5.2D-09 0.0D+00 5.3D-09 0.0D+00       22      108       22      220  S
     15      1   2.8116436577254672D-01 5.4D-09 0.0D+00 6.0D-09 0.0D+00       22      129       22      220  S
     15      1   2.7427896691180104D-01 5.2D-09 0.0D+00 8.0D-09 0.0D+00       22      117       22      220  S
     15      1   2.7427896691174919D-01 5.2D-09 0.0D+00 2.8D-09 0.0D+00       22      113       22      220  S
     15      1   2.7427896691173526D-01 5.2D-09 0.0D+00 2.8D-08 0.0D+00       23      126       23      230  S
     15      1   2.7427896691170123D-01 5.2D-09 0.0D+00 1.9D-08 0.0D+00       23      118       23      230  S
     15      1   2.7427896691168802D-01 5.2D-09 0.0D+00 7.0D-09 0.0D+00       22      113       22      220  S
     15      1   2.8116436577243853D-01 5.4D-09 0.0D+00 3.1D-09 0.0D+00       22      139       22      220  S
     15      1   2.8116436577220144D-01 5.4D-09 0.0D+00 5.4D-09 0.0D+00       21      112       21      210  S
     15      1   2.8116436577238751D-01 5.4D-09 0.0D+00 5.3D-09 0.0D+00       22      120       22      220  S
     15      1   2.7427896691190573D-01 5.2D-09 0.0D+00 1.8D-08 0.0D+00       23      140       23      230  S
     15      1   2.8116436577243487D-01 5.4D-09 0.0D+00 1.9D-09 0.0D+00       22      123       22      220  S
     15      1   2.8116436577250009D-01 5.4D-09 0.0D+00 1.5D-09 0.0D+00       22      127       22      220  S
     15      1   2.7427896691162862D-01 5.2D-09 0.0D+00 8.4D-09 0.0D+00       22      107       22      220  S
     15      1   2.8116436577255011D-01 5.4D-09 0.0D+00 1.8D-09 0.0D+00       22      122       22      220  S
     15      1   2.7427896691182641D-01 5.2D-09 0.0D+00 3.6D-09 0.0D+00       22      115       22      220  S
     15      1   3.0709939016966464D-01 6.2D-09 0.0D+00 2.0D-08 0.0D+00       24      166       24      240  S
     15      1   2.7427896691171649D-01 5.2D-09 0.0D+00 5.2D-09 0.0D+00       22      109       22      220  S
     15      1   2.8116436577257309D-01 5.4D-09 0.0D+00 8.3D-09 0.0D+00       22      126       22      220  S
     15      1   2.8116436577263493D-01 5.4D-09 0.0D+00 7.4D-10 0.0D+00       22      123       22      220  S
     15      1   2.7427896691184234D-01 5.2D-09 0.0D+00 3.5D-09 0.0D+00       22      108       22      220  S
     15      1   2.8116436577253540D-01 5.4D-09 0.0D+00 4.1D-09 0.0D+00       22      121       22      220  S
     15      1   2.7427896691170039D-01 5.2D-09 0.0D+00 8.4D-09 0.0D+00       22      108       22      220  S
     15      1   2.7427896691151804D-01 5.2D-09 0.0D+00 6.1D-09 0.0D+00       22      109       22      220  S
     15      1   2.7427896691175968D-01 5.2D-09 0.0D+00 3.4D-09 0.0D+00       22      107       22      220  S
     15      1   2.7427896691163373D-01 5.2D-09 0.0D+00 9.0D-09 0.0D+00       22      110       22      220  S
     15      1   2.7427896691164050D-01 5.2D-09 0.0D+00 8.6D-09 0.0D+00       22      110       22      220  S
     15      1   2.7427896691186965D-01 5.2D-09 0.0D+00 3.9D-08 0.0D+00       23      127       23      230  S
     15      1   2.8116436577246745D-01 5.4D-09 0.0D+00 1.2D-09 0.0D+00       22      122       22      220  S
     15      1   2.7427896691171266D-01 5.2D-09 0.0D+00 8.1D-09 0.0D+00       22      117       22      220  S
     15      1   1.8471614513147716D+00 0.0D+00 0.0D+00 1.0D+00 0.0D+00        3       28        3       30  S
     15      1   2.7427896691164688D-01 5.2D-09 0.0D+00 5.1D-09 0.0D+00       22      109       22      220  S
     15      1   2.8116436577258835D-01 5.4D-09 0.0D+00 7.1D-09 0.0D+00       22      121       22      220  S
     15      1   2.7427896691169673D-01 5.2D-09 0.0D+00 4.3D-09 0.0D+00       22      107       22      220  S
     15      1   2.7427896691162307D-01 5.2D-09 0.0D+00 3.3D-09 0.0D+00       22      106       22      220  S
     15      1   2.8116436577244058D-01 5.4D-09 0.0D+00 7.6D-10 0.0D+00       22      121       22      220  S
     15      1   2.7427896691164244D-01 5.2D-09 0.0D+00 2.8D-09 0.0D+00       22      125       22      220  S
     15      1   2.7427896691182740D-01 5.2D-09 0.0D+00 3.0D-08 0.0D+00       23      122       23      230  S
     15      1   2.8116436577241927D-01 5.4D-09 0.0D+00 2.9D-09 0.0D+00       22      125       22      220  S
     15      1   2.7427896691175468D-01 5.2D-09 0.0D+00 6.8D-09 0.0D+00       22      110       22      220  S
     15      1   2.7427896691178955D-01 5.2D-09 0.0D+00 7.3D-09 0.0D+00       22      120       22      220  S
     15      1   2.7427896691170306D-01 5.2D-09 0.0D+00 7.7D-09 0.0D+00       22      108       22      220  S
     15      1   2.8116436577248344D-01 5.4D-09 0.0D+00 9.5D-09 0.0D+00       22      141       22      220  S
     15      1   2.7427896691154058D-01 5.2D-09 0.0D+00 1.2D-09 0.0D+00       22      115       22      220  S
     15      1   2.8116436577245602D-01 5.4D-09 0.0D+00 3.7D-09 0.0D+00       22      116       22      220  S
     15      1   2.7427896691171622D-01 5.2D-09 0.0D+00 6.8D-09 0.0D+00       22      110       22      220  S
     15      1   2.7427896691174153D-01 5.2D-09 0.0D+00 4.7D-09 0.0D+00       22      115       22      220  S
     15      1   2.8116436577220827D-01 5.4D-09 0.0D+00 8.8D-09 0.0D+00       21      120       21      210  S
     15      1   2.7427896691170811D-01 5.2D-09 0.0D+00 2.0D-09 0.0D+00       22      110       22      220  S
     15      1   2.7427896691139303D-01 5.2D-09 0.0D+00 5.5D-09 0.0D+00       21      111       21      210  S
     15      1   2.8116436577230502D-01 5.4D-09 0.0D+00 8.6D-09 0.0D+00       22      128       22      220  S
     15      1   2.8116436577251958D-01 5.4D-09 0.0D+00 5.0D-09 0.0D+00       22      117       22      220  S
     15      1   3.0438971795823244D-01 6.5D-09 0.0D+00 2.4D-08 0.0D+00       23      151       23      230  S
     15      1   2.8116436577262593D-01 5.4D-09 0.0D+00 5.5D-09 0.0D+00       22      128       22      220  S
     15      1   2.7427896691157183D-01 5.2D-09 0.0D+00 1.8D-09 0.0D+00       22      113       22      220  S
     15      1   2.8116436577268317D-01 5.4D-09 0.0D+00 5.3D-09 0.0D+00       22      123       22      220  S
     15      1   3.0438971795766034D-01 6.5D-09 0.0D+00 9.0D-08 0.0D+00       23      151       23      230  S
     15      1   2.7427896691167841D-01 5.2D-09 0.0D+00 5.0D-09 0.0D+00       22      112       22      220  S
     15      1   2.7427896691163112D-01 5.2D-09 0.0D+00 5.3D-10 0.0D+00       22      107       22      220  S
     15      1   2.8116436577257220D-01 5.4D-09 0.0D+00 2.1D-09 0.0D+00       22      124       22      220  S
     15      1   2.8116436577262011D-01 5.4D-09 0.0D+00 3.6D-09 0.0D+00       22      123       22      220  S
     15      1   2.7427896691168729D-01 5.2D-09 0.0D+00 8.6D-09 0.0D+00       22      115       22      220  S
     15      1   2.7427896691153769D-01 5.2D-09 0.0D+00 2.4D-09 0.0D+00       22      112       22      220  S
     15      1   2.7427896691164966D-01 5.2D-09 0.0D+00 1.0D-08 0.0D+00       23      114       23      230  S
     15      1   2.8116436577251480D-01 5.4D-09 0.0D+00 7.7D-09 0.0D+00       22      116       22      220  S
     15      1   2.7427896691141695D-01 5.2D-09 0.0D+00 8.0D-09 0.0D+00       21      119       21      210  S
     15      1   2.7427896691181342D-01 5.2D-09 0.0D+00 1.3D-09 0.0D+00       22      112       22      220  S
     15      1   2.8116436577217480D-01 5.4D-09 0.0D+00 5.9D-09 0.0D+00       21      117       21      210  S
     15      1   2.7427896691171355D-01 5.2D-09 0.0D+00 7.2D-09 0.0D+00       22      113       22      220  S
     15      1   2.8116436577244747D-01 5.4D-09 0.0D+00 8.7D-09 0.0D+00       22      121       22      220  S
     15      1   2.7427896691162418D-01 5.2D-09 0.0D+00 4.6D-09 0.0D+00       22      109       22      220  S
     15      1   2.7427896691159115D-01 5.2D-09 0.0D+00 6.8D-09 0.0D+00       22      110       22      220  S
     15      1   2.7427896691164655D-01 5.2D-09 0.0D+00 3.8D-09 0.0D+00       22      113       22      220  S
     15      1   2.7427896691170534D-01 5.2D-09 0.0D+00 4.5D-09 0.0D+00       22      109       22      220  S
     15      1   2.7427896691174769D-01 5.2D-09 0.0D+00 3.6D-09 0.0D+00       22      119       22      220  S
     15      1   2.7427896691154208D-01 5.2D-09 0.0D+00 8.4D-09 0.0D+00       21      109       21      210  S
     15      1   2.7427896691176384D-01 5.2D-09 0.0D+00 4.0D-09 0.0D+00       22      107       22      220  S
     15      1   2.8116436577265530D-01 5.4D-09 0.0D+00 4.1D-08 0.0D+00       23      121       23      230  S
     15      1   2.7427896691179615D-01 5.2D-09 0.0D+00 5.1D-09 0.0D+00       22      110       22      220  S
     15      1   2.7427896691188114D-01 5.2D-09 0.0D+00 5.2D-09 0.0D+00       22      108       22      220  S
     15      1   2.8116436577247100D-01 5.4D-09 0.0D+00 1.3D-09 0.0D+00       22      117       22      220  S
     15      1   2.8116436577261827D-01 5.4D-09 0.0D+00 5.4D-09 0.0D+00       22      121       22      220  S
     15      1   2.8116436577262888D-01 5.4D-09 0.0D+00 4.5D-09 0.0D+00       22      116       22      220  S
     15      1   2.8116436577264975D-01 5.4D-09 0.0D+00 2.8D-09 0.0D+00       22      135       22      220  S
     15      1   2.7427896691164966D-01 5.2D-09 0.0D+00 3.1D-09 0.0D+00       22      113       22      220  S
     15      1   2.7427896691161974D-01 5.2D-09 0.0D+00 2.2D-08 0.0D+00       23      127       23      230  S
     15      1   2.8116436577244880D-01 5.4D-09 0.0D+00 1.4D-08 0.0D+00       23      134       23      230  S
     15      1   2.7427896691185016D-01 5.2D-09 0.0D+00 3.8D-10 0.0D+00       22      111       22      220  S
     15      1   2.7427896691165676D-01 5.2D-09 0.0D+00 5.8D-09 0.0D+00       22      110       22      220  S
     15      1   2.7427896691167364D-01 5.2D-09 0.0D+00 3.8D-09 0.0D+00       22      109       22      220  S
     15      1   2.7427896691183928D-01 5.2D-09 0.0D+00 7.4D-09 0.0D+00       22      116       22      220  S
     15      1   2.7427896691109493D-01 5.2D-09 0.0D+00 1.0D-08 0.0D+00       21      112       21      210  S
     15      1   2.8116436577242954D-01 5.4D-09 0.0D+00 5.0D-09 0.0D+00       22      125       22      220  S
     15      1   2.7427896691164333D-01 5.2D-09 0.0D+00 1.2D-09 0.0D+00       22      120       22      220  S
     15      1   2.7427896691179166D-01 5.2D-09 0.0D+00 4.3D-09 0.0D+00       22      120       22      220  S
     15      1   2.7427896691167802D-01 5.2D-09 0.0D+00 2.8D-10 0.0D+00       22      119       22      220  S
     15      1   2.7427896691168452D-01 5.2D-09 0.0D+00 1.1D-10 0.0D+00       22      117       22      220  S
     15      1   2.7427896691196335D-01 5.2D-09 0.0D+00 3.3D-08 0.0D+00       23      116       23      230  S
     15      1   2.8116436577238774D-01 5.4D-09 0.0D+00 7.0D-09 0.0D+00       21      112       21      210  S
     15      1   7.3371195594618210D-01 2.2D-16 0.0D+00 7.3D-01 0.0D+00        3       37        3       30  S
     15      1   2.8116436577273657D-01 5.4D-09 0.0D+00 1.3D-09 0.0D+00       22      131       22      220  S
     15      1   2.7427896691170955D-01 5.2D-09 0.0D+00 8.2D-10 0.0D+00       22      106       22      220  S
     15      1   2.7427896691173059D-01 5.2D-09 0.0D+00 3.2D-09 0.0D+00       22      121       22      220  S
     15      1   3.0438971795527459D-01 6.5D-09 0.0D+00 2.9D-07 0.0D+00       22      140       22      220  S
     15      1   2.8116436577261872D-01 5.4D-09 0.0D+00 7.8D-09 0.0D+00       22      128       22      220  S
     15      1   2.7427896691178399D-01 5.2D-09 0.0D+00 9.5D-09 0.0D+00       22      107       22      220  S
     15      1   2.8116436577266185D-01 5.4D-09 0.0D+00 4.3D-09 0.0D+00       22      128       22      220  S
     15      1   3.0167543252550388D-01 6.2D-09 0.0D+00 2.1D-08 0.0D+00       22      114       22      220  S
     15      1   2.7427896691172676D-01 5.2D-09 0.0D+00 3.8D-09 0.0D+00       22      111       22      220  S
     15      1   2.8116436577263137D-01 5.4D-09 0.0D+00 3.4D-09 0.0D+00       22      121       22      220  S
     15      1   2.7427896691168629D-01 5.2D-09 0.0D+00 3.2D-09 0.0D+00       22      114       22      220  S
     15      1   2.7427896691161174D-01 5.2D-09 0.0D+00 2.8D-09 0.0D+00       22      108       22      220  S
     15      1   2.7427896691173753D-01 5.2D-09 0.0D+00 5.0D-09 0.0D+00       22      123       22      220  S
     15      1   2.7427896691178361D-01 5.2D-09 0.0D+00 1.3D-09 0.0D+00       22      113       22      220  S
     15      1   2.8116436577257847D-01 5.4D-09 0.0D+00 1.8D-09 0.0D+00       22      140       22      220  S
     15      1   2.8116436577246728D-01 5.4D-09 0.0D+00 1.9D-09 0.0D+00       22      119       22      220  S
     15      1   2.7427896691146103D-01 5.2D-09 0.0D+00 6.2D-09 0.0D+00       21      107       21      210  S
     15      1   2.7427896691168330D-01 5.2D-09 0.0D+00 3.2D-08 0.0D+00       23      120       23      230  S
     15      1   2.8116436577246617D-01 5.4D-09 0.0D+00 6.7D-09 0.0D+00       22      127       22      220  S
     15      1   2.7427896691171849D-01 5.2D-09 0.0D+00 1.8D-10 0.0D+00       22      106       22      220  S
     15      1   2.8116436577267562D-01 5.4D-09 0.0D+00 5.3D-09 0.0D+00       22      126       22      220  S
     15      1   2.7427896691165887D-01 5.2D-09 0.0D+00 8.2D-09 0.0D+00       22      107       22      220  S
     15      1   2.8116436577256182D-01 5.4D-09 0.0D+00 1.1D-09 0.0D+00       22      132       22      220  S
     15      1   2.8116436577263171D-01 5.4D-09 0.0D+00 1.8D-09 0.0D+00       22      126       22      220  S
     15      1   2.7427896691175518D-01 5.2D-09 0.0D+00 1.1D-09 0.0D+00       22      106       22      220  S
     15      1   2.8116436577241122D-01 5.4D-09 0.0D+00 9.6D-09 0.0D+00       21      111       21      210  S
     15      1   2.7427896691174675D-01 5.2D-09 0.0D+00 1.6D-09 0.0D+00       22      108       22      220  S
     15      1   3.1753493511652092D-01 7.5D-09 0.0D+00 4.2D-09 0.0D+00       22      161       22      220  S
     15      1   2.7427896691172532D-01 5.2D-09 0.0D+00 6.1D-09 0.0D+00       22      114       22      220  S
     15      1   2.7427896691164105D-01 5.2D-09 0.0D+00 6.2D-09 0.0D+00       22      133       22      220  S
     15      1   2.7427896691180470D-01 5.2D-09 0.0D+00 1.8D-08 0.0D+00       23      115       23      230  S
     15      1   2.7427896691174364D-01 5.2D-09 0.0D+00 2.4D-09 0.0D+00       22      110       22      220  S
     15      1   2.7427896691161574D-01 5.2D-09 0.0D+00 9.3D-09 0.0D+00       22      108       22      220  S
     15      1   2.7427896691159476D-01 5.2D-09 0.0D+00 3.2D-09 0.0D+00       22      114       22      220  S
     15      1   2.8116436577249337D-01 5.4D-09 0.0D+00 5.3D-09 0.0D+00       22      126       22      220  S
     15      1   2.7427896691145098D-01 5.2D-09 0.0D+00 6.4D-09 0.0D+00       21      124       21      210  S
     15      1   2.8116436577261067D-01 5.4D-09 0.0D+00 3.4D-09 0.0D+00       22      129       22      220  S
     15      1   2.8116436577240522D-01 5.4D-09 0.0D+00 6.7D-10 0.0D+00       21      119       21      210  S
     15      1   2.7427896691180870D-01 5.2D-09 0.0D+00 2.5D-08 0.0D+00       23      113       23      230  S
     15      1   2.7427896691175752D-01 5.2D-09 0.0D+00 1.7D-09 0.0D+00       22      109       22      220  S
     15      1   2.7427896691168924D-01 5.2D-09 0.0D+00 7.6D-09 0.0D+00       22      109       22      220  S
     15      1   2.7427896691169446D-01 5.2D-09 0.0D+00 4.1D-09 0.0D+00       22      105       22      220  S
     15      1   2.7427896691176817D-01 5.2D-09 0.0D+00 1.9D-09 0.0D+00       22      117       22      220  S
     15      1   2.8116436577262455D-01 5.4D-09 0.0D+00 7.6D-09 0.0D+00       22      125       22      220  S
     15      1   2.8116436577245502D-01 5.4D-09 0.0D+00 7.9D-09 0.0D+00       22      123       22      220  S
     15      1   2.7427896691163900D-01 5.2D-09 0.0D+00 1.6D-11 0.0D+00       22      111       22      220  S
     15      1   2.7427896691162512D-01 5.2D-09 0.0D+00 5.3D-09 0.0D+00       22      106       22      220  S
     15      1   2.8116436577238979D-01 5.4D-09 0.0D+00 7.2D-09 0.0D+00       21      112       21      210  S
     15      1   2.7427896691169174D-01 5.2D-09 0.0D+00 3.9D-09 0.0D+00       22      110       22      220  S
     15      1   2.7427896691174225D-01 5.2D-09 0.0D+00 3.6D-09 0.0D+00       22      110       22      220  S
     15      1   2.7427896691178627D-01 5.2D-09 0.0D+00 8.3D-09 0.0D+00       22      110       22      220  S
     15      1   2.8116436577259485D-01 5.4D-09 0.0D+00 8.6D-09 0.0D+00       22      128       22      220  S
     15      1   2.7427896691171760D-01 5.2D-09 0.0D+00 2.1D-09 0.0D+00       22      118       22      220  S
     15      1   2.7427896691136316D-01 5.2D-09 0.0D+00 9.6D-09 0.0D+00       21      118       21      210  S
     15      1   2.7427896691182968D-01 5.2D-09 0.0D+00 7.2D-09 0.0D+00       22      110       22      220  S
     15      1   2.8116436577270720D-01 5.4D-09 0.0D+00 3.5D-09 0.0D+00       22      136       22      220  S
     15      1   2.7427896691172476D-01 5.2D-09 0.0D+00 7.0D-10 0.0D+00       22      109       22      220  S
     15      1   2.7427896691164949D-01 5.2D-09 0.0D+00 6.3D-09 0.0D+00       22      107       22      220  S
     15      1   2.8116436577259979D-01 5.4D-09 0.0D+00 8.2D-09 0.0D+00       22      126       22      220  S
     15      1   2.7427896691154396D-01 5.2D-09 0.0D+00 2.3D-09 0.0D+00       21      106       21      210  S
     15      1   2.8116436577265552D-01 5.4D-09 0.0D+00 1.5D-09 0.0D+00       22      130       22      220  S
     15      1   2.7427896691178699D-01 5.2D-09 0.0D+00 1.7D-09 0.0D+00       22      121       22      220  S
     15      1   2.7427896691160181D-01 5.2D-09 0.0D+00 1.8D-09 0.0D+00       22      106       22      220  S
     15      1   2.8116436577253689D-01 5.4D-09 0.0D+00 1.7D-09 0.0D+00       22      130       22      220  S
     15      1   2.7427896691169312D-01 5.2D-09 0.0D+00 5.9D-09 0.0D+00       22      114       22      220  S
     15      1   2.8116436577291587D-01 5.4D-09 0.0D+00 7.4D-09 0.0D+00       22      139       22      220  S
     15      1   2.7427896691157655D-01 5.2D-09 0.0D+00 2.1D-09 0.0D+00       22      111       22      220  S
     15      1   2.7427896691104342D-01 5.2D-09 0.0D+00 1.3D-09 0.0D+00       21      116       21      210  S
     15      1   2.7427896691156778D-01 5.2D-09 0.0D+00 9.6D-09 0.0D+00       22      106       22      220  S
     15      1   2.7427896691166859D-01 5.2D-09 0.0D+00 8.9D-09 0.0D+00       22      111       22      220  S
     15      1   2.7427896691168618D-01 5.2D-09 0.0D+00 6.6D-09 0.0D+00       22      108       22      220  S
     15      1   2.8116436577274423D-01 5.4D-09 0.0D+00 5.6D-09 0.0D+00       22      131       22      220  S
     15      1   2.7427896691182752D-01 5.2D-09 0.0D+00 4.9D-09 0.0D+00       22      107       22      220  S
     15      1   3.0438971795925812D-01 6.5D-09 0.0D+00 7.8D-09 0.0D+00       22      177       22      220  S
     15      1   2.7427896691169917D-01 5.2D-09 0.0D+00 4.2D-09 0.0D+00       22      132       22      220  S
     15      1   2.7427896691165232D-01 5.2D-09 0.0D+00 3.3D-09 0.0D+00       22      111       22      220  S
     15      1   2.8116436577247761D-01 5.4D-09 0.0D+00 1.1D-09 0.0D+00       22      133       22      220  S
     15      1   2.8116436577259557D-01 5.4D-09 0.0D+00 5.7D-09 0.0D+00       22      127       22      220  S
     15      1   3.0438971795881942D-01 6.5D-09 0.0D+00 4.1D-09 0.0D+00       21      178       21      210  S
     15      1   2.7427896691167752D-01 5.2D-09 0.0D+00 7.2D-09 0.0D+00       22      133       22      220  S
     15      1   3.1753493582704284D-01 7.5D-09 0.0D+00 1.5D-07 0.0D+00       23      155       23      230  S
     15      1   2.8116436577255582D-01 5.4D-09 0.0D+00 1.1D-08 0.0D+00       23      132       23      230  S
     15      1   2.8116436577258236D-01 5.4D-09 0.0D+00 2.0D-09 0.0D+00       22      120       22      220  S
     15      1   2.8116436577247450D-01 5.4D-09 0.0D+00 8.9D-09 0.0D+00       22      118       22      220  S
     15      1   2.7427896691174708D-01 5.2D-09 0.0D+00 3.1D-08 0.0D+00       23      124       23      230  S
     15      1   3.1753493582901765D-01 7.5D-09 0.0D+00 5.4D-09 0.0D+00       21      140       21      210  S
     15      1   2.7427896691131898D-01 5.2D-09 0.0D+00 1.0D-08 0.0D+00       21      107       21      210  S
     15      1   2.7427896691184694D-01 5.2D-09 0.0D+00 3.5D-09 0.0D+00       22      123       22      220  S
     15      1   2.8116436577242832D-01 5.4D-09 0.0D+00 3.3D-09 0.0D+00       22      119       22      220  S
     15      1   2.8116436577262094D-01 5.4D-09 0.0D+00 4.9D-09 0.0D+00       22      123       22      220  S
     15      1   2.7427896691165887D-01 5.2D-09 0.0D+00 4.8D-10 0.0D+00       22      107       22      220  S
     15      1   2.7427896691181763D-01 5.2D-09 0.0D+00 8.8D-09 0.0D+00       22      109       22      220  S
     15      1   3.0438971795863579D-01 6.5D-09 0.0D+00 5.5D-09 0.0D+00       22      196       22      220  S
     15      1   2.7427896691173298D-01 5.2D-09 0.0D+00 8.9D-09 0.0D+00       22      119       22      220  S
     15      1   3.0438971795556735D-01 6.5D-09 0.0D+00 2.4D-07 0.0D+00       23      167       23      230  S
     15      1   2.8116436577252385D-01 5.4D-09 0.0D+00 6.5D-09 0.0D+00       22      124       22      220  S
     15      1   2.8116436577258164D-01 5.4D-09 0.0D+00 2.2D-09 0.0D+00       22      125       22      220  S
     15      1   2.8116436577253145D-01 5.4D-09 0.0D+00 1.0D-09 0.0D+00       22      125       22      220  S
     15      1   2.7427896691168246D-01 5.2D-09 0.0D+00 1.1D-09 0.0D+00       22      106       22      220  S
     15      1   2.7427896691168502D-01 5.2D-09 0.0D+00 3.4D-09 0.0D+00       22      109       22      220  S
     15      1   2.7427896691162984D-01 5.2D-09 0.0D+00 8.5D-09 0.0D+00       22      114       22      220  S
     15      1   2.8116436577242254D-01 5.4D-09 0.0D+00 2.6D-10 0.0D+00       22      123       22      220  S
     15      1   2.7427896691171683D-01 5.2D-09 0.0D+00 8.4D-09 0.0D+00       22      111       22      220  S
     15      1   2.7427896691182485D-01 5.2D-09 0.0D+00 4.2D-08 0.0D+00       23      124       23      230  S
     15      1   2.7427896691173453D-01 5.2D-09 0.0D+00 6.8D-09 0.0D+00       22      107       22      220  S
     15      1   2.7427896691173043D-01 5.2D-09 0.0D+00 1.6D-09 0.0D+00       22      107       22      220  S
     15      1   2.7427896691176523D-01 5.2D-09 0.0D+00 9.3D-09 0.0D+00       22      114       22      220  S
     15      1   2.7427896691187009D-01 5.2D-09 0.0D+00 7.1D-10 0.0D+00       22      108       22      220  S
     15      1   2.8116436577273002D-01 5.4D-09 0.0D+00 5.2D-09 0.0D+00       22      132       22      220  S
     15      1   2.7427896691167608D-01 5.2D-09 0.0D+00 3.0D-09 0.0D+00       22      110       22      220  S
     15      1   2.8116436577250442D-01 5.4D-09 0.0D+00 7.2D-09 0.0D+00       22      128       22      220  S
     15      1   2.8116436577266890D-01 5.4D-09 0.0D+00 3.6D-08 0.0D+00       23      137       23      230  S
     15      1   2.7427896691177223D-01 5.2D-09 0.0D+00 8.1D-09 0.0D+00       22      128       22      220  S
     15      1   2.7427896691159931D-01 5.2D-09 0.0D+00 1.0D-09 0.0D+00       22      112       22      220  S
     15      1   2.7427896691163911D-01 5.2D-09 0.0D+00 2.6D-09 0.0D+00       22      109       22      220  S
     15      1   2.8116436577269122D-01 5.4D-09 0.0D+00 6.5D-09 0.0D+00       22      121       22      220  S
     15      1   2.8116436577264209D-01 5.4D-09 0.0D+00 8.9D-09 0.0D+00       22      121       22      220  S
     15      1   2.8116436577260595D-01 5.4D-09 0.0D+00 3.5D-09 0.0D+00       22      125       22      220  S
     15      1   2.8116436577251358D-01 5.4D-09 0.0D+00 4.6D-09 0.0D+00       22      126       22      220  S
     15      1   2.7427896691163378D-01 5.2D-09 0.0D+00 3.2D-09 0.0D+00       22      113       22      220  S
     15      1   2.7427896691188064D-01 5.2D-09 0.0D+00 4.9D-09 0.0D+00       22      113       22      220  S
     15      1   2.7427896691186510D-01 5.2D-09 0.0D+00 9.7D-09 0.0D+00       22      112       22      220  S
     15      1   2.7427896691167725D-01 5.2D-09 0.0D+00 6.5D-09 0.0D+00       22      107       22      220  S
     15      1   2.7427896691181008D-01 5.2D-09 0.0D+00 9.3D-09 0.0D+00       22      113       22      220  S
     15      1   2.8116436577258291D-01 5.4D-09 0.0D+00 9.0D-10 0.0D+00       22      127       22      220  S
     15      1   2.7427896691178927D-01 5.2D-09 0.0D+00 2.2D-09 0.0D+00       22      112       22      220  S
     15      1   2.7427896691193004D-01 5.2D-09 0.0D+00 9.5D-09 0.0D+00       22      112       22      220  S
     15      1   2.8116436577267173D-01 5.4D-09 0.0D+00 4.0D-09 0.0D+00       22      131       22      220  S
     15      1   2.7427896691166503D-01 5.2D-09 0.0D+00 9.0D-09 0.0D+00       22      119       22      220  S
     15      1   2.7427896691173004D-01 5.2D-09 0.0D+00 9.0D-09 0.0D+00       22      108       22      220  S
     15      1   2.7427896691169934D-01 5.2D-09 0.0D+00 6.2D-09 0.0D+00       22      111       22      220  S
     15      1   2.7427896691187775D-01 5.2D-09 0.0D+00 4.6D-09 0.0D+00       22      107       22      220  S
     15      1   2.8116436577261333D-01 5.4D-09 0.0D+00 6.6D-09 0.0D+00       22      121       22      220  S
     15      1   2.7427896691153741D-01 5.2D-09 0.0D+00 3.7D-09 0.0D+00       22      107       22      220  S
     15      1   2.7427896691164932D-01 5.2D-09 0.0D+00 7.5D-09 0.0D+00       22      113       22      220  S
     15      1   2.7427896691163328D-01 5.2D-09 0.0D+00 7.2D-09 0.0D+00       22      108       22      220  S
     15      1   2.7427896691175685D-01 5.2D-09 0.0D+00 2.3D-08 0.0D+00       23      118       23      230  S
     15      1   3.0438971797261283D-01 6.5D-09 0.0D+00 1.3D-07 0.0D+00       24      201       24      240  S
     15      1   2.8116436577277903D-01 5.4D-09 0.0D+00 7.2D-09 0.0D+00       22      123       22      220  S
     15      1   2.8116436577253195D-01 5.4D-09 0.0D+00 9.8D-09 0.0D+00       22      122       22      220  S
     15      1   2.7427896691163828D-01 5.2D-09 0.0D+00 2.6D-08 0.0D+00       23      125       23      230  S
     15      1   2.8116436577227732D-01 5.4D-09 0.0D+00 7.8D-09 0.0D+00       21      113       21      210  S
     15      1   2.8116436577260867D-01 5.4D-09 0.0D+00 7.7D-09 0.0D+00       22      125       22      220  S
     15      1   2.7427896691183484D-01 5.2D-09 0.0D+00 3.1D-09 0.0D+00       22      107       22      220  S
     15      1   3.0709939016950094D-01 6.2D-09 0.0D+00 3.2D-08 0.0D+00       22      159       22      220  S
     15      1   2.7427896691180231D-01 5.2D-09 0.0D+00 1.3D-09 0.0D+00       22      109       22      220  S
     15      1   2.8116436577249437D-01 5.4D-09 0.0D+00 7.5D-09 0.0D+00       22      121       22      220  S
     15      1   2.7427896691162662D-01 5.2D-09 0.0D+00 2.2D-09 0.0D+00       22      113       22      220  S
     15      1   2.7427896691177178D-01 5.2D-09 0.0D+00 8.8D-09 0.0D+00       22      108       22      220  S
     15      1   2.7427896691163128D-01 5.2D-09 0.0D+00 1.2D-09 0.0D+00       22      110       22      220  S
     15      1   2.7427896691179549D-01 5.2D-09 0.0D+00 5.1D-09 0.0D+00       22      116       22      220  S
     15      1   2.8116436577248510D-01 5.4D-09 0.0D+00 7.8D-09 0.0D+00       22      125       22      220  S
     15      1   2.7427896691169534D-01 5.2D-09 0.0D+00 8.9D-09 0.0D+00       22      122       22      220  S
     15      1   2.7427896691177656D-01 5.2D-09 0.0D+00 9.8D-10 0.0D+00       22      110       22      220  S
     15      1   2.8116436577214599D-01 5.4D-09 0.0D+00 1.8D-08 0.0D+00       22      131       22      220  S
     15      1   2.8116436577269477D-01 5.4D-09 0.0D+00 2.6D-09 0.0D+00       22      123       22      220  S
     15      1   2.7427896691171361D-01 5.2D-09 0.0D+00 1.0D-09 0.0D+00       22      115       22      220  S
     15      1   2.7427896691174586D-01 5.2D-09 0.0D+00 4.6D-09 0.0D+00       22      114       22      220  S
     15      1   2.7427896691183007D-01 5.2D-09 0.0D+00 4.2D-10 0.0D+00       22      117       22      220  S
     15      1   2.7427896691177306D-01 5.2D-09 0.0D+00 2.8D-09 0.0D+00       22      105       22      220  S
     15      1   5.1703096740841803D-01 1.1D-02 0.0D+00 7.2D+17 0.0D+00       21      117       22      220  S
     15      1   2.8116436577253745D-01 5.4D-09 0.0D+00 2.7D-09 0.0D+00       22      119       22      220  S
     15      1   2.7427896691172721D-01 5.2D-09 0.0D+00 4.6D-09 0.0D+00       22      107       22      220  S
     15      1   2.7427896691153347D-01 5.2D-09 0.0D+00 4.3D-09 0.0D+00       22      114       22      220  S
     15      1   3.0438971795700898D-01 6.5D-09 0.0D+00 1.5D-07 0.0D+00       24      182       24      240  S
     15      1   2.8663362169287371D-01 5.2D-09 0.0D+00 1.2D-08 0.0D+00       23      120       23      230  S
     15      1   2.8116436577245846D-01 5.4D-09 0.0D+00 7.1D-09 0.0D+00       22      114       22      220  S
     15      1   2.7427896691182541D-01 5.2D-09 0.0D+00 8.0D-09 0.0D+00       22      107       22      220  S
     15      1   2.7427896691181020D-01 5.2D-09 0.0D+00 2.3D-09 0.0D+00       22      107       22      220  S
     15      1   2.8116436577245763D-01 5.4D-09 0.0D+00 7.7D-09 0.0D+00       22      124       22      220  S
     15      1   2.8116436577230930D-01 5.4D-09 0.0D+00 8.6D-09 0.0D+00       21      117       21      210  S
     15      1   2.8116436577258630D-01 5.4D-09 0.0D+00 5.2D-09 0.0D+00       22      128       22      220  S
     15      1   2.7427896691162251D-01 5.2D-09 0.0D+00 8.7D-09 0.0D+00       22      105       22      220  S
     15      1   2.7427896691168235D-01 5.2D-09 0.0D+00 1.6D-08 0.0D+00       23      122       23      230  S
     15      1   2.8116436577252107D-01 5.4D-09 0.0D+00 5.5D-09 0.0D+00       22      121       22      220  S
     15      1   2.7427896691171544D-01 5.2D-09 0.0D+00 8.3D-09 0.0D+00       22      130       22      220  S
     15      1   2.8116436577267034D-01 5.4D-09 0.0D+00 4.6D-09 0.0D+00       22      119       22      220  S
     15      1   2.7427896691171116D-01 5.2D-09 0.0D+00 6.1D-09 0.0D+00       22      107       22      220  S
     15      1   2.7427896691167447D-01 5.2D-09 0.0D+00 6.2D-10 0.0D+00       22      110       22      220  S
     15      1   5.9018030350470252D-01 0.0D+00 0.0D+00 5.9D-01 0.0D+00        3       40        3       30  S
     15      1   2.8116436577266601D-01 5.4D-09 0.0D+00 5.6D-10 0.0D+00       22      128       22      220  S
     15      1   2.7427896691186693D-01 5.2D-09 0.0D+00 8.8D-09 0.0D+00       22      119       22      220  S
     15      1   2.7427896691171094D-01 5.2D-09 0.0D+00 5.7D-09 0.0D+00       22      107       22      220  S
     15      1   2.7427896691177955D-01 5.2D-09 0.0D+00 1.6D-09 0.0D+00       22      107       22      220  S
     15      1   2.8116436577256276D-01 5.4D-09 0.0D+00 4.0D-09 0.0D+00       22      124       22      220  S
     15      1   3.1753493511402697D-01 7.5D-09 0.0D+00 1.1D-07 0.0D+00       23      152       23      230  S
     15      1   8.7232933286742864D-01 1.1D-16 0.0D+00 8.7D-01 0.0D+00        3       36        3       30  S
     15      1   2.7427896691178677D-01 5.2D-09 0.0D+00 5.3D-09 0.0D+00       22      108       22      220  S
     15      1   2.7427896691170217D-01 5.2D-09 0.0D+00 6.4D-09 0.0D+00       22      106       22      220  S
     15      1   2.7427896691178721D-01 5.2D-09 0.0D+00 3.9D-09 0.0D+00       22      106       22      220  S
     15      1   2.7427896691161635D-01 5.2D-09 0.0D+00 3.1D-09 0.0D+00       22      109       22      220  S
     15      1   2.8116436577227166D-01 5.4D-09 0.0D+00 2.4D-10 0.0D+00       22      115       22      220  S
     15      1   2.7427896691179232D-01 5.2D-09 0.0D+00 2.4D-08 0.0D+00       23      136       23      230  S
     15      1   3.0438971795840974D-01 6.5D-09 0.0D+00 2.0D-09 0.0D+00       21      122       21      210  S
     15      1   2.8116436577223530D-01 5.4D-09 0.0D+00 7.1D-09 0.0D+00       21      123       21      210  S
     15      1   2.7427896691171300D-01 5.2D-09 0.0D+00 9.8D-09 0.0D+00       22      112       22      220  S
     15      1   2.7427896691173226D-01 5.2D-09 0.0D+00 7.1D-09 0.0D+00       22      116       22      220  S
     15      1   2.7427896691179693D-01 5.2D-09 0.0D+00 8.2D-09 0.0D+00       22      110       22      220  S
     15      1   2.7427896691182374D-01 5.2D-09 0.0D+00 2.5D-09 0.0D+00       22      114       22      220  S
     15      1   5.2456528047027207D-01 2.9D-09 0.0D+00 1.8D+05 0.0D+00       22      129       23      230  S
     15      1   2.8116436577261184D-01 5.4D-09 0.0D+00 2.0D-09 0.0D+00       22      129       22      220  S
     15      1   2.8116436577257087D-01 5.4D-09 0.0D+00 3.9D-09 0.0D+00       22      122       22      220  S
     15      1   5.2028464312733280D-01 6.0D-03 0.0D+00 1.5D+17 0.0D+00       21      106       22      220  S
     15      1   2.7427896691144932D-01 5.2D-09 0.0D+00 5.2D-09 0.0D+00       21      113       21      210  S
     15      1   2.8116436577269677D-01 5.4D-09 0.0D+00 6.9D-09 0.0D+00       22      124       22      220  S
     15      1   2.7427896691156189D-01 5.2D-09 0.0D+00 3.5D-09 0.0D+00       22      113       22      220  S
     15      1   2.8663362169280654D-01 5.2D-09 0.0D+00 6.8D-09 0.0D+00       22      115       22      220  S
     15      1   2.7427896691184439D-01 5.2D-09 0.0D+00 9.3D-09 0.0D+00       22      112       22      220  S
     15      1   2.8116436577239079D-01 5.4D-09 0.0D+00 2.5D-09 0.0D+00       22      122       22      220  S
     15      1   2.7427896691154535D-01 5.2D-09 0.0D+00 2.3D-09 0.0D+00       22      110       22      220  S
     15      1   2.7427896691163256D-01 5.2D-09 0.0D+00 4.2D-09 0.0D+00       22      121       22      220  S
     15      1   3.0438971795883829D-01 6.5D-09 0.0D+00 4.7D-09 0.0D+00       22      153       22      220  S
     15      1   2.7427896691171338D-01 5.2D-09 0.0D+00 3.6D-10 0.0D+00       22      113       22      220  S
     15      1   2.8116436577250520D-01 5.4D-09 0.0D+00 1.8D-09 0.0D+00       22      120       22      220  S
     15      1   2.8116436577259946D-01 5.4D-09 0.0D+00 1.7D-08 0.0D+00       23      125       23      230  S
     15      1   2.7427896691182524D-01 5.2D-09 0.0D+00 4.6D-09 0.0D+00       22      109       22      220  S
     15      1   3.1753493582919878D-01 7.5D-09 0.0D+00 2.5D-09 0.0D+00       21      141       21      210  S
     15      1   6.6406158754461531D-01 0.0D+00 0.0D+00 6.6D-01 0.0D+00        3       42        3       30  S
     15      1   2.7427896691192488D-01 5.2D-09 0.0D+00 2.7D-09 0.0D+00       22      113       22      220  S
     15      1   2.7427896691174031D-01 5.2D-09 0.0D+00 1.2D-08 0.0D+00       23      124       23      230  S
     15      1   2.7427896691163661D-01 5.2D-09 0.0D+00 2.0D-09 0.0D+00       22      110       22      220  S
     15      1   2.7427896691171932D-01 5.2D-09 0.0D+00 3.2D-09 0.0D+00       22      112       22      220  S
     15      1   3.0438971795891628D-01 6.5D-09 0.0D+00 3.6D-09 0.0D+00       22      126       22      220  S
     15      1   2.7427896691168974D-01 5.2D-09 0.0D+00 2.3D-08 0.0D+00       23      137       23      230  S
     15      1   2.7427896691168052D-01 5.2D-09 0.0D+00 9.0D-09 0.0D+00       22      109       22      220  S
     15      1   2.7427896691160558D-01 5.2D-09 0.0D+00 4.2D-09 0.0D+00       22      111       22      220  S
     15      1   2.7427896691167308D-01 5.2D-09 0.0D+00 2.1D-09 0.0D+00       22      116       22      220  S
     15      1   2.7427896691163972D-01 5.2D-09 0.0D+00 5.8D-09 0.0D+00       22      107       22      220  S
     15      1   2.7427896691161274D-01 5.2D-09 0.0D+00 9.2D-09 0.0D+00       22      125       22      220  S
     15      1   2.7427896691172293D-01 5.2D-09 0.0D+00 4.6D-09 0.0D+00       22      114       22      220  S
     15      1   2.7427896691165388D-01 5.2D-09 0.0D+00 3.1D-10 0.0D+00       22      109       22      220  S
     15      1   2.7427896691186054D-01 5.2D-09 0.0D+00 7.3D-09 0.0D+00       22      108       22      220  S
     15      1   2.8116436577251003D-01 5.4D-09 0.0D+00 5.7D-09 0.0D+00       22      123       22      220  S
     15      1   2.7427896691157017D-01 5.2D-09 0.0D+00 2.3D-09 0.0D+00       22      110       22      220  S
     15      1   2.8116436577251613D-01 5.4D-09 0.0D+00 3.0D-09 0.0D+00       22      124       22      220  S
     15      1   2.7427896691167414D-01 5.2D-09 0.0D+00 1.1D-09 0.0D+00       22      114       22      220  S
     15      1   2.7427896691186249D-01 5.2D-09 0.0D+00 5.8D-09 0.0D+00       22      120       22      220  S
     15      1   2.8116436577207427D-01 5.4D-09 0.0D+00 9.6D-09 0.0D+00       21      122       21      210  S
     15      1   2.7427896691166564D-01 5.2D-09 0.0D+00 5.8D-09 0.0D+00       22      124       22      220  S
     15      1   2.7427896691163861D-01 5.2D-09 0.0D+00 4.3D-09 0.0D+00       22      110       22      220  S
     15      1   2.7427896691161752D-01 5.2D-09 0.0D+00 4.2D-09 0.0D+00       22      108       22      220  S
     15      1   2.8116436577262227D-01 5.4D-09 0.0D+00 2.2D-09 0.0D+00       22      124       22      220  S
     15      1   2.7427896691107573D-01 5.2D-09 0.0D+00 8.1D-10 0.0D+00       21      113       21      210  S
     15      1   3.1753493563987439D-01 7.5D-09 0.0D+00 2.2D-08 0.0D+00       23      199       23      230  S
     15      1   2.7427896691199344D-01 5.2D-09 0.0D+00 8.3D-09 0.0D+00       22      131       22      220  S
     15      1   2.7427896691170695D-01 5.2D-09 0.0D+00 3.8D-09 0.0D+00       22      109       22      220  S
     15      1   2.8116436577229009D-01 5.4D-09 0.0D+00 3.7D-09 0.0D+00       21      114       21      210  S
     15      1   2.8116436577255743D-01 5.4D-09 0.0D+00 9.9D-09 0.0D+00       22      122       22      220  S
     15      1   2.7427896691168613D-01 5.2D-09 0.0D+00 2.7D-09 0.0D+00       22      108       22      220  S
     15      1   2.9815238436839614D-01 6.2D-09 0.0D+00 2.3D-08 0.0D+00       24      170       24      240  S
     15      1   2.7427896691170373D-01 5.2D-09 0.0D+00 2.9D-09 0.0D+00       22      123       22      220  S
     15      1   2.7427896691193754D-01 5.2D-09 0.0D+00 1.7D-09 0.0D+00       22      106       22      220  S
     15      1   2.8116436577255660D-01 5.4D-09 0.0D+00 6.5D-09 0.0D+00       22      121       22      220  S
     15      1   2.7427896691135478D-01 5.2D-09 0.0D+00 5.1D-09 0.0D+00       21      126       21      210  S
     15      1   2.8116436577255294D-01 5.4D-09 0.0D+00 9.9D-09 0.0D+00       22      126       22      220  S
     15      1   2.8116436577265952D-01 5.4D-09 0.0D+00 5.9D-10 0.0D+00       22      130       22      220  S
     15      1   2.7427896691158099D-01 5.2D-09 0.0D+00 9.9D-09 0.0D+00       22      109       22      220  S
     15      1   2.7427896691166403D-01 5.2D-09 0.0D+00 6.1D-09 0.0D+00       22      108       22      220  S
     15      1   2.8116436577269799D-01 5.4D-09 0.0D+00 3.8D-09 0.0D+00       22      130       22      220  S
     15      1   3.0438971795736597D-01 6.5D-09 0.0D+00 1.1D-07 0.0D+00       24      182       24      240  S
     15      1   2.7427896691168502D-01 5.2D-09 0.0D+00 7.4D-09 0.0D+00       22      107       22      220  S
     15      1   2.8116436577241699D-01 5.4D-09 0.0D+00 9.0D-09 0.0D+00       22      126       22      220  S
     15      1   2.7427896691165410D-01 5.2D-09 0.0D+00 3.5D-09 0.0D+00       22      116       22      220  S
     15      1   2.7427896691177900D-01 5.2D-09 0.0D+00 1.6D-09 0.0D+00       22      114       22      220  S
     15      1   2.8116436577257375D-01 5.4D-09 0.0D+00 3.8D-09 0.0D+00       22      125       22      220  S
     15      1   2.7427896691179254D-01 5.2D-09 0.0D+00 3.9D-08 0.0D+00       23      124       23      230  S
     15      1   2.7427896691180237D-01 5.2D-09 0.0D+00 5.1D-09 0.0D+00       22      113       22      220  S
     15      1   2.8116436577255871D-01 5.4D-09 0.0D+00 3.7D-09 0.0D+00       22      121       22      220  S
     15      1   2.8116436577272835D-01 5.4D-09 0.0D+00 2.3D-09 0.0D+00       22      121       22      220  S
     15      1   2.8663362169259998D-01 5.2D-09 0.0D+00 7.5D-09 0.0D+00       21      105       21      210  S
     15      1   2.7427896691162162D-01 5.2D-09 0.0D+00 3.7D-08 0.0D+00       23      128       23      230  S
     15      1   2.7427896691273318D-01 5.2D-09 0.0D+00 8.3D-09 0.0D+00       21      137       21      210  S
     15      1   3.0438975619264630D-01 6.5D-09 0.0D+00 1.4D-09 0.0D+00       22      133       22      220  S
     15      1   2.7427896691169357D-01 5.2D-09 0.0D+00 5.2D-09 0.0D+00       22      110       22      220  S
     15      1   2.7427896691177994D-01 5.2D-09 0.0D+00 8.7D-09 0.0D+00       22      107       22      220  S
     15      1   2.7427896691192127D-01 5.2D-09 0.0D+00 5.5D-10 0.0D+00       22      110       22      220  S
     15      1   2.8116436577288401D-01 5.4D-09 0.0D+00 4.3D-08 0.0D+00       23      153       23      230  S
     15      1   2.7427896691175380D-01 5.2D-09 0.0D+00 9.7D-09 0.0D+00       22      118       22      220  S
     15      1   2.7427896691171982D-01 5.2D-09 0.0D+00 8.4D-09 0.0D+00       22      107       22      220  S
     15      1   2.8116436577272108D-01 5.4D-09 0.0D+00 2.0D-09 0.0D+00       22      125       22      220  S
     15      1   3.1753493511627767D-01 7.5D-09 0.0D+00 6.4D-09 0.0D+00       22      135       22      220  S
     15      1   2.7427896691164527D-01 5.2D-09 0.0D+00 5.5D-09 0.0D+00       22      106       22      220  S
     15      1   2.8116436577225257D-01 5.4D-09 0.0D+00 5.1D-10 0.0D+00       21      115       21      210  S
     15      1   2.7427896691172177D-01 5.2D-09 0.0D+00 1.2D-09 0.0D+00       22      120       22      220  S
     15      1   2.7427896691179876D-01 5.2D-09 0.0D+00 8.2D-09 0.0D+00       22      109       22      220  S
     15      1   2.7427896691169124D-01 5.2D-09 0.0D+00 4.7D-09 0.0D+00       22      112       22      220  S
     15      1   2.7427896691183012D-01 5.2D-09 0.0D+00 9.0D-09 0.0D+00       22      110       22      220  S
     15      1   2.7427896691167530D-01 5.2D-09 0.0D+00 8.2D-09 0.0D+00       22      109       22      220  S
     15      1   2.8116436577254628D-01 5.4D-09 0.0D+00 4.7D-09 0.0D+00       22      129       22      220  S
     15      1   3.1753493582946946D-01 7.5D-09 0.0D+00 5.1D-09 0.0D+00       22      135       22      220  S
     15      1   2.7427896691187792D-01 5.2D-09 0.0D+00 8.4D-09 0.0D+00       22      110       22      220  S
     15      1   2.7427896691182813D-01 5.2D-09 0.0D+00 8.1D-09 0.0D+00       22      109       22      220  S
     15      1   2.7427896691161430D-01 5.2D-09 0.0D+00 5.8D-09 0.0D+00       22      116       22      220  S
     15      1   2.8116436577226606D-01 5.4D-09 0.0D+00 7.4D-09 0.0D+00       21      116       21      210  S
     15      1   2.8116436577270182D-01 5.4D-09 0.0D+00 2.1D-08 0.0D+00       23      135       23      230  S
     15      1   2.7427896691168885D-01 5.2D-09 0.0D+00 2.1D-09 0.0D+00       22      108       22      220  S
     15      1   2.7427896691180670D-01 5.2D-09 0.0D+00 3.1D-09 0.0D+00       22      106       22      220  S
     15      1   2.8116436577270293D-01 5.4D-09 0.0D+00 2.9D-08 0.0D+00       23      131       23      230  S
     15      1   2.7427896691188736D-01 5.2D-09 0.0D+00 3.2D-09 0.0D+00       22      110       22      220  S
     15      1   2.8116436577250037D-01 5.4D-09 0.0D+00 5.9D-09 0.0D+00       22      133       22      220  S
     15      1   3.1753493582895642D-01 7.5D-09 0.0D+00 4.5D-09 0.0D+00       21      131       21      210  S
     15      1   2.7427896691178666D-01 5.2D-09 0.0D+00 2.2D-08 0.0D+00       23      115       23      230  S
     15      1   2.8116436577256565D-01 5.4D-09 0.0D+00 1.6D-08 0.0D+00       23      127       23      230  S
     15      1   2.8116436577233617D-01 5.4D-09 0.0D+00 5.6D-09 0.0D+00       22      121       22      220  S
     15      1   2.8116436577251719D-01 5.4D-09 0.0D+00 8.9D-09 0.0D+00       22      122       22      220  S
     15      1   2.7427896691181453D-01 5.2D-09 0.0D+00 2.4D-09 0.0D+00       22      107       22      220  S
     15      1   2.7427896691166542D-01 5.2D-09 0.0D+00 1.6D-09 0.0D+00       22      109       22      220  S
     15      1   2.8116436577256876D-01 5.4D-09 0.0D+00 7.4D-09 0.0D+00       22      124       22      220  S
     15      1   2.7427896691164277D-01 5.2D-09 0.0D+00 3.7D-09 0.0D+00       22      114       22      220  S
     15      1   2.8116436577248205D-01 5.4D-09 0.0D+00 4.9D-09 0.0D+00       22      125       22      220  S
     15      1   3.0438971795849462D-01 6.5D-09 0.0D+00 5.2D-09 0.0D+00       21      118       21      210  S
     15      1   2.8116436577246684D-01 5.4D-09 0.0D+00 2.0D-09 0.0D+00       22      124       22      220  S
     15      1   2.8116436577231396D-01 5.4D-09 0.0D+00 1.4D-09 0.0D+00       21      114       21      210  S
     15      1   2.7427896691172066D-01 5.2D-09 0.0D+00 4.2D-11 0.0D+00       22      106       22      220  S
     15      1   2.8116436577260256D-01 5.4D-09 0.0D+00 1.5D-08 0.0D+00       23      130       23      230  S
