     15      1   2.8116436577266307D-01 5.4D-09 0.0D+00 1.2D-09 0.0D+00       22      126       22      220  S
     15      1   2.7427896691179460D-01 5.2D-09 0.0D+00 9.1D-09 0.0D+00       22      109       22      220  S
     15      1   2.7427896691185366D-01 5.2D-09 0.0D+00 9.2D-09 0.0D+00       22      113       22      220  S
     15      1   2.7427896691168002D-01 5.2D-09 0.0D+00 8.9D-10 0.0D+00       22      122       22      220  S
     15      1   2.7427896691172676D-01 5.2D-09 0.0D+00 6.8D-09 0.0D+00       22      112       22      220  S
     15      1   2.7427896691183623D-01 5.2D-09 0.0D+00 4.0D-08 0.0D+00       23      125       23      230  S
     15      1   2.8116436577257359D-01 5.4D-09 0.0D+00 2.5D-09 0.0D+00       22      128       22      220  S
     15      1   2.8116436577260806D-01 5.4D-09 0.0D+00 9.9D-09 0.0D+00       22      118       22      220  S
     15      1   2.7427896691165859D-01 5.2D-09 0.0D+00 2.7D-09 0.0D+00       22      114       22      220  S
     15      1   2.7427896691168518D-01 5.2D-09 0.0D+00 2.3D-09 0.0D+00       22      117       22      220  S
     15      1   2.7427896691168713D-01 5.2D-09 0.0D+00 3.3D-09 0.0D+00       22      127       22      220  S
     15      1   2.8116436577244358D-01 5.4D-09 0.0D+00 7.2D-09 0.0D+00       22      123       22      220  S
     15      1   2.7427896691169240D-01 5.2D-09 0.0D+00 6.2D-09 0.0D+00       22      112       22      220  S
     15      1   2.8663362169282375D-01 5.2D-09 0.0D+00 6.2D-09 0.0D+00       22      117       22      220  S
     15      1   2.7427896691187592D-01 5.2D-09 0.0D+00 5.2D-09 0.0D+00       22      106       22      220  S
     15      1   2.7427896691164788D-01 5.2D-09 0.0D+00 2.8D-09 0.0D+00       22      108       22      220  S
     15      1   2.7427896691181020D-01 5.2D-09 0.0D+00 4.1D-09 0.0D+00       22      113       22      220  S
     15      1   2.7427896691168141D-01 5.2D-09 0.0D+00 3.4D-09 0.0D+00       22      113       22      220  S
     15      1   2.7427896691169212D-01 5.2D-09 0.0D+00 5.5D-09 0.0D+00       22      109       22      220  S
     15      1   2.8116436577249709D-01 5.4D-09 0.0D+00 5.7D-09 0.0D+00       22      124       22      220  S
     15      1   2.8116436577265641D-01 5.4D-09 0.0D+00 7.5D-10 0.0D+00       22      125       22      220  S
     15      1   2.7427896691178333D-01 5.2D-09 0.0D+00 4.1D-09 0.0D+00       22      108       22      220  S
     15      1   2.7427896691176079D-01 5.2D-09 0.0D+00 5.6D-09 0.0D+00       22      112       22      220  S
     15      1   2.8116436577249748D-01 5.4D-09 0.0D+00 5.5D-09 0.0D+00       22      123       22      220  S
     15      1   2.8116436577235870D-01 5.4D-09 0.0D+00 2.1D-09 0.0D+00       22      123       22      220  S
     15      1   2.7427896691133014D-01 5.2D-09 0.0D+00 8.2D-09 0.0D+00       21      108       21      210  S
     15      1   2.7427896691163217D-01 5.2D-09 0.0D+00 1.3D-09 0.0D+00       22      121       22      220  S
     15      1   2.7427896691184789D-01 5.2D-09 0.0D+00 8.1D-09 0.0D+00       22      108       22      220  S
     15      1   2.7427896691164877D-01 5.2D-09 0.0D+00 9.9D-09 0.0D+00       22      106       22      220  S
     15      1   2.7427896691172299D-01 5.2D-09 0.0D+00 7.9D-09 0.0D+00       22      111       22      220  S
     15      1   2.7427896691155046D-01 5.2D-09 0.0D+00 9.8D-10 0.0D+00       22      116       22      220  S
     15      1   3.1753493582386710D-01 7.5D-09 0.0D+00 3.3D-07 0.0D+00       22      153       22      220  S
     15      1   2.7427896691171660D-01 5.2D-09 0.0D+00 1.3D-09 0.0D+00       22      118       22      220  S
     15      1   2.8116436577233422D-01 5.4D-09 0.0D+00 4.4D-09 0.0D+00       21      118       21      210  S
     15      1   2.7427896691186759D-01 5.2D-09 0.0D+00 2.3D-08 0.0D+00       23      124       23      230  S
     15      1   2.7427896691174730D-01 5.2D-09 0.0D+00 6.2D-09 0.0D+00       22      106       22      220  S
     15      1   2.7427896691170467D-01 5.2D-09 0.0D+00 3.1D-09 0.0D+00       22      119       22      220  S
     15      1   2.7427896691167847D-01 5.2D-09 0.0D+00 2.3D-08 0.0D+00       23      129       23      230  S
     15      1   2.8116436577244874D-01 5.4D-09 0.0D+00 4.8D-09 0.0D+00       22      121       22      220  S
     15      1   2.7427896691182202D-01 5.2D-09 0.0D+00 3.0D-09 0.0D+00       22      109       22      220  S
     15      1   2.7427896691166342D-01 5.2D-09 0.0D+00 4.9D-09 0.0D+00       22      113       22      220  S
     15      1   2.8116436577272819D-01 5.4D-09 0.0D+00 5.7D-09 0.0D+00       22      126       22      220  S
     15      1   2.7427896691165232D-01 5.2D-09 0.0D+00 2.0D-10 0.0D+00       22      111       22      220  S
     15      1   2.7427896691164461D-01 5.2D-09 0.0D+00 8.4D-09 0.0D+00       22      107       22      220  S
     15      1   2.8116436577256054D-01 5.4D-09 0.0D+00 9.9D-09 0.0D+00       22      124       22      220  S
     15      1   2.7427896691171377D-01 5.2D-09 0.0D+00 9.7D-09 0.0D+00       22      109       22      220  S
     15      1   2.8116436577238701D-01 5.4D-09 0.0D+00 9.4D-09 0.0D+00       22      126       22      220  S
     15      1   2.8116436577257548D-01 5.4D-09 0.0D+00 4.8D-10 0.0D+00       22      128       22      220  S
     15      1   2.7427896691182085D-01 5.2D-09 0.0D+00 8.7D-09 0.0D+00       22      111       22      220  S
     15      1   2.8116436577267351D-01 5.4D-09 0.0D+00 2.0D-09 0.0D+00       22      118       22      220  S
     15      1   2.7427896691168352D-01 5.2D-09 0.0D+00 1.1D-08 0.0D+00       23      116       23      230  S
     15      1   2.7427896691175019D-01 5.2D-09 0.0D+00 7.1D-09 0.0D+00       22      108       22      220  S
     15      1   2.8116436577256693D-01 5.4D-09 0.0D+00 7.3D-09 0.0D+00       22      133       22      220  S
     15      1   2.7427896691171166D-01 5.2D-09 0.0D+00 5.8D-09 0.0D+00       22      116       22      220  S
     15      1   2.7427896691167247D-01 5.2D-09 0.0D+00 1.1D-09 0.0D+00       22      112       22      220  S
     15      1   2.7427896691172182D-01 5.2D-09 0.0D+00 8.6D-09 0.0D+00       22      115       22      220  S
     15      1   3.1901004792725579D-01 6.4D-09 0.0D+00 5.7D-08 0.0D+00       24      156       24      240  S
     15      1   2.7427896691174325D-01 5.2D-09 0.0D+00 9.7D-09 0.0D+00       22      124       22      220  S
     15      1   2.7427896691176012D-01 5.2D-09 0.0D+00 3.4D-09 0.0D+00       22      117       22      220  S
     15      1   2.7427896691182319D-01 5.2D-09 0.0D+00 7.6D-09 0.0D+00       22      112       22      220  S
     15      1   2.8116436577229970D-01 5.4D-09 0.0D+00 3.3D-09 0.0D+00       21      122       21      210  S
     15      1   2.7427896691167031D-01 5.2D-09 0.0D+00 4.8D-09 0.0D+00       22      107       22      220  S
     15      1   2.7427896691170961D-01 5.2D-09 0.0D+00 1.5D-09 0.0D+00       22      125       22      220  S
     15      1   2.8116436577271953D-01 5.4D-09 0.0D+00 1.4D-08 0.0D+00       23      126       23      230  S
     15      1   2.8116436577257192D-01 5.4D-09 0.0D+00 3.5D-09 0.0D+00       22      124       22      220  S
     15      1   3.1753493582693976D-01 7.5D-09 0.0D+00 1.5D-07 0.0D+00       24      177       24      240  S
     15      1   2.7427896691162379D-01 5.2D-09 0.0D+00 1.4D-08 0.0D+00       23      117       23      230  S
     15      1   2.8116436577248904D-01 5.4D-09 0.0D+00 3.9D-09 0.0D+00       22      122       22      220  S
     15      1   2.7427896691174453D-01 5.2D-09 0.0D+00 5.9D-09 0.0D+00       22      111       22      220  S
     15      1   2.8116436577261916D-01 5.4D-09 0.0D+00 5.7D-10 0.0D+00       22      140       22      220  S
     15      1   2.8116436577262227D-01 5.4D-09 0.0D+00 4.0D-09 0.0D+00       22      124       22      220  S
     15      1   2.7427896691162362D-01 5.2D-09 0.0D+00 9.2D-09 0.0D+00       22      122       22      220  S
     15      1   2.8116436577247511D-01 5.4D-09 0.0D+00 2.8D-09 0.0D+00       22      124       22      220  S
     15      1   2.8116436577254877D-01 5.4D-09 0.0D+00 4.3D-09 0.0D+00       22      124       22      220  S
     15      1   2.7427896691169451D-01 5.2D-09 0.0D+00 2.8D-09 0.0D+00       22      112       22      220  S
     15      1   2.7427896691176767D-01 5.2D-09 0.0D+00 5.1D-10 0.0D+00       22      110       22      220  S
     15      1   2.7427896691183740D-01 5.2D-09 0.0D+00 9.8D-09 0.0D+00       22      113       22      220  S
     15      1   2.8116436577265053D-01 5.4D-09 0.0D+00 7.0D-11 0.0D+00       22      128       22      220  S
     15      1   2.7427896691193038D-01 5.2D-09 0.0D+00 2.2D-09 0.0D+00       22      125       22      220  S
     15      1   2.7427896691167508D-01 5.2D-09 0.0D+00 4.6D-09 0.0D+00       22      115       22      220  S
     15      1   2.7427896691180204D-01 5.2D-09 0.0D+00 4.0D-09 0.0D+00       22      108       22      220  S
     15      1   2.7427896691137332D-01 5.2D-09 0.0D+00 7.6D-09 0.0D+00       21      105       21      210  S
     15      1   3.0438971795591790D-01 6.5D-09 0.0D+00 2.2D-07 0.0D+00       22      189       22      220  S
     15      1   2.8116436577257792D-01 5.4D-09 0.0D+00 1.0D-08 0.0D+00       22      123       22      220  S
     15      1   2.7427896691173881D-01 5.2D-09 0.0D+00 3.5D-09 0.0D+00       22      106       22      220  S
     15      1   2.8116436577264381D-01 5.4D-09 0.0D+00 5.0D-09 0.0D+00       22      129       22      220  S
     15      1   2.7427896691154957D-01 5.2D-09 0.0D+00 3.5D-09 0.0D+00       22      123       22      220  S
     15      1   2.7427896691156806D-01 5.2D-09 0.0D+00 3.2D-09 0.0D+00       22      108       22      220  S
     15      1   2.7427896691170139D-01 5.2D-09 0.0D+00 5.3D-09 0.0D+00       22      122       22      220  S
     15      1   2.8116436577243248D-01 5.4D-09 0.0D+00 7.1D-09 0.0D+00       22      140       22      220  S
     15      1   2.7427896691177855D-01 5.2D-09 0.0D+00 5.0D-09 0.0D+00       22      118       22      220  S
     15      1   2.8116436577273701D-01 5.4D-09 0.0D+00 2.5D-08 0.0D+00       23      132       23      230  S
     15      1   2.7427896691157827D-01 5.2D-09 0.0D+00 4.5D-10 0.0D+00       22      107       22      220  S
     15      1   2.7427896691124898D-01 5.2D-09 0.0D+00 8.0D-09 0.0D+00       21      107       21      210  S
     15      1   2.7427896691180415D-01 5.2D-09 0.0D+00 8.5D-09 0.0D+00       22      109       22      220  S
     15      1   2.7427896691164788D-01 5.2D-09 0.0D+00 2.4D-09 0.0D+00       22      105       22      220  S
     15      1   2.7427896691158299D-01 5.2D-09 0.0D+00 1.1D-09 0.0D+00       22      121       22      220  S
     15      1   2.7427896691172243D-01 5.2D-09 0.0D+00 9.1D-09 0.0D+00       22      116       22      220  S
     15      1   2.8116436577267229D-01 5.4D-09 0.0D+00 2.3D-08 0.0D+00       23      130       23      230  S
     15      1   2.9815238436848518D-01 6.2D-09 0.0D+00 2.5D-09 0.0D+00       22      126       22      220  S
     15      1   2.8116436577257986D-01 5.4D-09 0.0D+00 6.1D-09 0.0D+00       22      118       22      220  S
     15      1   2.8116436577274595D-01 5.4D-09 0.0D+00 9.0D-09 0.0D+00       22      122       22      220  S
     15      1   2.7427896691164294D-01 5.2D-09 0.0D+00 1.1D-09 0.0D+00       22      117       22      220  S
     15      1   2.8116436577270676D-01 5.4D-09 0.0D+00 1.6D-08 0.0D+00       23      124       23      230  S
     15      1   2.7427896691170794D-01 5.2D-09 0.0D+00 5.9D-10 0.0D+00       22      111       22      220  S
     15      1   2.7427896691170078D-01 5.2D-09 0.0D+00 1.1D-09 0.0D+00       22      108       22      220  S
     15      1   2.8116436577237569D-01 5.4D-09 0.0D+00 7.7D-09 0.0D+00       21      110       21      210  S
     15      1   2.7427896691159037D-01 5.2D-09 0.0D+00 6.7D-09 0.0D+00       22      111       22      220  S
     15      1   2.7427896691154113D-01 5.2D-09 0.0D+00 6.4D-09 0.0D+00       22      109       22      220  S
     15      1   2.8116436577253850D-01 5.4D-09 0.0D+00 3.4D-09 0.0D+00       22      129       22      220  S
     15      1   2.7427896691185727D-01 5.2D-09 0.0D+00 7.7D-10 0.0D+00       22      110       22      220  S
     15      1   2.8116436577265974D-01 5.4D-09 0.0D+00 4.9D-09 0.0D+00       22      129       22      220  S
     15      1   2.7427896691184672D-01 5.2D-09 0.0D+00 6.7D-09 0.0D+00       22      112       22      220  S
     15      1   2.8116436577257475D-01 5.4D-09 0.0D+00 6.6D-09 0.0D+00       22      118       22      220  S
     15      1   2.7427896691173775D-01 5.2D-09 0.0D+00 4.3D-09 0.0D+00       22      115       22      220  S
     15      1   2.7427896691154324D-01 5.2D-09 0.0D+00 9.4D-09 0.0D+00       22      109       22      220  S
     15      1   2.8116436577274656D-01 5.4D-09 0.0D+00 1.0D-08 0.0D+00       22      123       22      220  S
     15      1   2.7427896691163073D-01 5.2D-09 0.0D+00 9.2D-09 0.0D+00       22      121       22      220  S
     15      1   2.8116436577264364D-01 5.4D-09 0.0D+00 6.4D-09 0.0D+00       22      134       22      220  S
     15      1   2.8116436577248599D-01 5.4D-09 0.0D+00 7.2D-09 0.0D+00       22      120       22      220  S
     15      1   2.7427896691169301D-01 5.2D-09 0.0D+00 9.2D-09 0.0D+00       22      116       22      220  S
     15      1   2.7427896691169690D-01 5.2D-09 0.0D+00 8.6D-09 0.0D+00       22      111       22      220  S
     15      1   2.8116436577252335D-01 5.4D-09 0.0D+00 1.6D-10 0.0D+00       22      129       22      220  S
     15      1   2.7427896691176384D-01 5.2D-09 0.0D+00 3.7D-09 0.0D+00       22      109       22      220  S
     15      1   2.8116436577255793D-01 5.4D-09 0.0D+00 2.8D-09 0.0D+00       22      121       22      220  S
     15      1   2.8116436577265169D-01 5.4D-09 0.0D+00 3.2D-09 0.0D+00       22      125       22      220  S
     15      1   2.7427896691163944D-01 5.2D-09 0.0D+00 9.6D-09 0.0D+00       22      112       22      220  S
     15      1   2.7427896691176124D-01 5.2D-09 0.0D+00 3.0D-09 0.0D+00       22      114       22      220  S
     15      1   3.0438971795501263D-01 6.5D-09 0.0D+00 3.3D-07 0.0D+00       22      138       22      220  S
     15      1   2.8116436577246506D-01 5.4D-09 0.0D+00 2.4D-09 0.0D+00       22      124       22      220  S
     15      1   2.7427896691157466D-01 5.2D-09 0.0D+00 2.9D-09 0.0D+00       22      109       22      220  S
     15      1   2.8116436577248405D-01 5.4D-09 0.0D+00 3.7D-09 0.0D+00       22      128       22      220  S
     15      1   2.7427896691178377D-01 5.2D-09 0.0D+00 1.8D-09 0.0D+00       22      112       22      220  S
     15      1   2.8116436577223791D-01 5.4D-09 0.0D+00 4.7D-09 0.0D+00       21      111       21      210  S
     15      1   2.8116436577252057D-01 5.4D-09 0.0D+00 6.7D-09 0.0D+00       22      127       22      220  S
     15      1   2.7427896691182813D-01 5.2D-09 0.0D+00 6.0D-10 0.0D+00       22      117       22      220  S
     15      1   2.8116436577253545D-01 5.4D-09 0.0D+00 7.2D-09 0.0D+00       22      114       22      220  S
     15      1   2.7427896691184145D-01 5.2D-09 0.0D+00 2.0D-09 0.0D+00       22      108       22      220  S
     15      1   2.7427896691171633D-01 5.2D-09 0.0D+00 8.7D-09 0.0D+00       22      114       22      220  S
     15      1   2.8116436577246701D-01 5.4D-09 0.0D+00 5.8D-09 0.0D+00       22      129       22      220  S
     15      1   2.7427896691176690D-01 5.2D-09 0.0D+00 9.8D-09 0.0D+00       22      107       22      220  S
     15      1   2.7427896691184661D-01 5.2D-09 0.0D+00 3.6D-09 0.0D+00       22      115       22      220  S
     15      1   2.7427896691167308D-01 5.2D-09 0.0D+00 6.1D-09 0.0D+00       22      107       22      220  S
     15      1   2.7427896691179288D-01 5.2D-09 0.0D+00 6.3D-09 0.0D+00       22      105       22      220  S
     15      1   2.8116436577254056D-01 5.4D-09 0.0D+00 8.5D-09 0.0D+00       22      125       22      220  S
     15      1   2.7427896691159442D-01 5.2D-09 0.0D+00 5.8D-09 0.0D+00       22      105       22      220  S
     15      1   2.7427896691171616D-01 5.2D-09 0.0D+00 5.7D-09 0.0D+00       22      116       22      220  S
     15      1   2.8116436577242826D-01 5.4D-09 0.0D+00 8.6D-09 0.0D+00       22      126       22      220  S
     15      1   2.8116436577236587D-01 5.4D-09 0.0D+00 5.4D-09 0.0D+00       21      117       21      210  S
     15      1   2.7427896691162457D-01 5.2D-09 0.0D+00 8.5D-09 0.0D+00       22      104       22      220  S
     15      1   2.7427896691161230D-01 5.2D-09 0.0D+00 9.4D-09 0.0D+00       22      108       22      220  S
     15      1   2.8116436577257825D-01 5.4D-09 0.0D+00 6.8D-09 0.0D+00       22      125       22      220  S
     15      1   2.8116436577239223D-01 5.4D-09 0.0D+00 9.0D-09 0.0D+00       22      119       22      220  S
     15      1   2.8116436577244969D-01 5.4D-09 0.0D+00 7.8D-09 0.0D+00       22      130       22      220  S
     15      1   2.8116436577247866D-01 5.4D-09 0.0D+00 6.4D-09 0.0D+00       22      127       22      220  S
     15      1   2.8116436577255127D-01 5.4D-09 0.0D+00 4.4D-09 0.0D+00       22      133       22      220  S
     15      1   2.7427896691167991D-01 5.2D-09 0.0D+00 5.5D-09 0.0D+00       22      121       22      220  S
     15      1   2.8116436577290610D-01 5.4D-09 0.0D+00 8.1D-09 0.0D+00       22      138       22      220  S
     15      1   2.7427896691182485D-01 5.2D-09 0.0D+00 9.8D-10 0.0D+00       22      108       22      220  S
     15      1   2.7427896691172754D-01 5.2D-09 0.0D+00 3.7D-09 0.0D+00       22      107       22      220  S
     15      1   2.7427896691166415D-01 5.2D-09 0.0D+00 5.8D-10 0.0D+00       22      111       22      220  S
     15      1   2.7427896691112930D-01 5.2D-09 0.0D+00 7.5D-09 0.0D+00       21      103       21      210  S
     15      1   2.7427896691162085D-01 5.2D-09 0.0D+00 2.2D-10 0.0D+00       22      120       22      220  S
     15      1   2.8116436577241127D-01 5.4D-09 0.0D+00 8.4D-09 0.0D+00       22      121       22      220  S
     15      1   2.8116436577254161D-01 5.4D-09 0.0D+00 3.2D-09 0.0D+00       22      120       22      220  S
     15      1   2.8116436577260162D-01 5.4D-09 0.0D+00 1.0D-08 0.0D+00       22      118       22      220  S
     15      1   2.7427896691177439D-01 5.2D-09 0.0D+00 8.1D-09 0.0D+00       22      109       22      220  S
     15      1   2.7427896691171816D-01 5.2D-09 0.0D+00 3.7D-09 0.0D+00       22      111       22      220  S
     15      1   2.7427896691151127D-01 5.2D-09 0.0D+00 9.7D-09 0.0D+00       22      109       22      220  S
     15      1   2.8116436577266590D-01 5.4D-09 0.0D+00 1.3D-08 0.0D+00       23      128       23      230  S
     15      1   3.0438971795895320D-01 6.5D-09 0.0D+00 1.3D-09 0.0D+00       22      178       22      220  S
     15      1   2.7427896691173659D-01 5.2D-09 0.0D+00 4.9D-09 0.0D+00       22      112       22      220  S
     15      1   2.7427896691179604D-01 5.2D-09 0.0D+00 9.4D-09 0.0D+00       22      105       22      220  S
     15      1   2.8116436577261711D-01 5.4D-09 0.0D+00 4.7D-09 0.0D+00       22      120       22      220  S
     15      1   3.0438971795858510D-01 6.5D-09 0.0D+00 1.7D-08 0.0D+00       22      179       22      220  S
     15      1   2.7427896691178355D-01 5.2D-09 0.0D+00 2.5D-08 0.0D+00       23      128       23      230  S
     15      1   2.7427896691175263D-01 5.2D-09 0.0D+00 1.3D-09 0.0D+00       22      111       22      220  S
     15      1   2.8116436577240478D-01 5.4D-09 0.0D+00 8.6D-09 0.0D+00       22      115       22      220  S
     15      1   2.7427896691168763D-01 5.2D-09 0.0D+00 7.8D-09 0.0D+00       22      122       22      220  S
     15      1   2.8116436577230725D-01 5.4D-09 0.0D+00 4.8D-10 0.0D+00       21      115       21      210  S
     15      1   2.8116436577253506D-01 5.4D-09 0.0D+00 4.4D-09 0.0D+00       22      125       22      220  S
     15      1   2.7427896691172532D-01 5.2D-09 0.0D+00 4.3D-09 0.0D+00       22      111       22      220  S
     15      1   2.8116436577255849D-01 5.4D-09 0.0D+00 5.1D-09 0.0D+00       22      132       22      220  S
     15      1   2.7427896691166248D-01 5.2D-09 0.0D+00 4.3D-09 0.0D+00       22      119       22      220  S
     15      1   2.7427896691178544D-01 5.2D-09 0.0D+00 1.1D-09 0.0D+00       22      118       22      220  S
     15      1   2.8116436577247089D-01 5.4D-09 0.0D+00 7.6D-09 0.0D+00       22      122       22      220  S
     15      1   2.8116436577259740D-01 5.4D-09 0.0D+00 2.0D-09 0.0D+00       22      131       22      220  S
     15      1   2.7427896691174608D-01 5.2D-09 0.0D+00 1.9D-09 0.0D+00       22      118       22      220  S
     15      1   2.7427896691160214D-01 5.2D-09 0.0D+00 4.1D-09 0.0D+00       22      110       22      220  S
     15      1   2.7427896691162706D-01 5.2D-09 0.0D+00 2.4D-10 0.0D+00       22      123       22      220  S
     15      1   2.8116436577260417D-01 5.4D-09 0.0D+00 5.2D-09 0.0D+00       22      122       22      220  S
     15      1   2.8116436577246590D-01 5.4D-09 0.0D+00 9.5D-09 0.0D+00       21      120       21      210  S
     15      1   2.7427896691181769D-01 5.2D-09 0.0D+00 4.7D-09 0.0D+00       22      108       22      220  S
     15      1   2.7427896691175263D-01 5.2D-09 0.0D+00 4.5D-09 0.0D+00       22      108       22      220  S
     15      1   2.8116436577299359D-01 5.4D-09 0.0D+00 9.7D-09 0.0D+00       22      132       22      220  S
     15      1   2.8116436577245396D-01 5.4D-09 0.0D+00 2.2D-09 0.0D+00       22      118       22      220  S
     15      1   2.8116436577247794D-01 5.4D-09 0.0D+00 5.9D-09 0.0D+00       22      130       22      220  S
     15      1   2.7427896691189213D-01 5.2D-09 0.0D+00 2.7D-10 0.0D+00       22      109       22      220  S
     15      1   2.7427896691185288D-01 5.2D-09 0.0D+00 1.3D-09 0.0D+00       22      112       22      220  S
     15      1   2.7427896691177439D-01 5.2D-09 0.0D+00 7.4D-09 0.0D+00       22      112       22      220  S
     15      1   2.8116436577249737D-01 5.4D-09 0.0D+00 7.9D-09 0.0D+00       22      122       22      220  S
     15      1   2.7427896691183301D-01 5.2D-09 0.0D+00 6.6D-09 0.0D+00       22      122       22      220  S
     15      1   7.4258409398719605D-01 0.0D+00 0.0D+00 7.4D-01 0.0D+00        3       38        3       30  S
     15      1   2.7427896691169029D-01 5.2D-09 0.0D+00 7.8D-09 0.0D+00       22      121       22      220  S
     15      1   2.7427896691176307D-01 5.2D-09 0.0D+00 5.8D-09 0.0D+00       22      117       22      220  S
     15      1   2.7427896691175940D-01 5.2D-09 0.0D+00 2.1D-09 0.0D+00       22      111       22      220  S
     15      1   2.7427896691147347D-01 5.2D-09 0.0D+00 7.9D-09 0.0D+00       22      112       22      220  S
     15      1   2.7427896691170928D-01 5.2D-09 0.0D+00 7.0D-09 0.0D+00       22      108       22      220  S
     15      1   2.7427896691121545D-01 5.2D-09 0.0D+00 1.1D-10 0.0D+00       21      108       21      210  S
     15      1   2.7427896691175119D-01 5.2D-09 0.0D+00 7.2D-09 0.0D+00       22      106       22      220  S
     15      1   2.7427896691171494D-01 5.2D-09 0.0D+00 2.1D-10 0.0D+00       22      132       22      220  S
     15      1   2.7427896691179798D-01 5.2D-09 0.0D+00 7.9D-09 0.0D+00       22      114       22      220  S
     15      1   2.8116436577254916D-01 5.4D-09 0.0D+00 3.2D-09 0.0D+00       22      123       22      220  S
     15      1   2.7427896691170689D-01 5.2D-09 0.0D+00 8.0D-09 0.0D+00       22      122       22      220  S
     15      1   2.7427896691168568D-01 5.2D-09 0.0D+00 1.6D-09 0.0D+00       22      107       22      220  S
     15      1   2.8116436577247794D-01 5.4D-09 0.0D+00 5.7D-09 0.0D+00       22      122       22      220  S
     15      1   2.8116436577269693D-01 5.4D-09 0.0D+00 2.6D-08 0.0D+00       23      131       23      230  S
     15      1   2.7427896691154774D-01 5.2D-09 0.0D+00 4.9D-09 0.0D+00       22      106       22      220  S
     15      1   2.7427896691169301D-01 5.2D-09 0.0D+00 4.8D-09 0.0D+00       22      117       22      220  S
     15      1   1.4982634377651867D+00 0.0D+00 0.0D+00 1.0D+00 0.0D+00        3       36        3       30  S
     15      1   2.8116436577282206D-01 5.4D-09 0.0D+00 3.4D-09 0.0D+00       22      120       22      220  S
     15      1   2.7427896691164533D-01 5.2D-09 0.0D+00 9.1D-09 0.0D+00       22      109       22      220  S
     15      1   2.8116436577263310D-01 5.4D-09 0.0D+00 7.9D-09 0.0D+00       22      126       22      220  S
     15      1   2.8116436577285236D-01 5.4D-09 0.0D+00 2.6D-08 0.0D+00       23      136       23      230  S
     15      1   2.7427896691184045D-01 5.2D-09 0.0D+00 4.3D-09 0.0D+00       22      118       22      220  S
     15      1   2.7427896691194625D-01 5.2D-09 0.0D+00 3.4D-09 0.0D+00       22      110       22      220  S
     15      1   2.7427896691173942D-01 5.2D-09 0.0D+00 2.6D-08 0.0D+00       23      124       23      230  S
     15      1   2.7427896691165382D-01 5.2D-09 0.0D+00 9.3D-09 0.0D+00       22      106       22      220  S
     15      1   2.7427896691175380D-01 5.2D-09 0.0D+00 7.6D-09 0.0D+00       22      110       22      220  S
     15      1   3.0438971795844094D-01 6.5D-09 0.0D+00 2.2D-08 0.0D+00       23      158       23      230  S
     15      1   2.7427896691152165D-01 5.2D-09 0.0D+00 8.1D-10 0.0D+00       22      107       22      220  S
     15      1   2.8116436577249770D-01 5.4D-09 0.0D+00 9.3D-09 0.0D+00       22      117       22      220  S
     15      1   2.8116436577245896D-01 5.4D-09 0.0D+00 2.3D-09 0.0D+00       22      119       22      220  S
     15      1   2.7427896691176085D-01 5.2D-09 0.0D+00 2.7D-08 0.0D+00       23      126       23      230  S
     15      1   2.7427896691175263D-01 5.2D-09 0.0D+00 3.1D-09 0.0D+00       22      111       22      220  S
     15      1   2.8116436577254705D-01 5.4D-09 0.0D+00 4.3D-09 0.0D+00       22      134       22      220  S
     15      1   2.7427896691167258D-01 5.2D-09 0.0D+00 1.3D-09 0.0D+00       22      112       22      220  S
     15      1   2.8116436577275250D-01 5.4D-09 0.0D+00 5.5D-11 0.0D+00       22      126       22      220  S
     15      1   2.8116436577266563D-01 5.4D-09 0.0D+00 3.8D-09 0.0D+00       22      121       22      220  S
     15      1   2.8116436577247217D-01 5.4D-09 0.0D+00 6.2D-10 0.0D+00       22      125       22      220  S
     15      1   2.8116436577247850D-01 5.4D-09 0.0D+00 2.8D-09 0.0D+00       22      135       22      220  S
     15      1   2.7427896691169146D-01 5.2D-09 0.0D+00 3.1D-09 0.0D+00       22      117       22      220  S
     15      1   3.1753493582433739D-01 7.5D-09 0.0D+00 3.2D-07 0.0D+00       23      125       23      230  S
     15      1   2.7427896691169673D-01 5.2D-09 0.0D+00 1.3D-09 0.0D+00       22      107       22      220  S
     15      1   2.7427896691174614D-01 5.2D-09 0.0D+00 1.8D-09 0.0D+00       22      110       22      220  S
     15      1   2.7427896691171494D-01 5.2D-09 0.0D+00 8.6D-09 0.0D+00       22      122       22      220  S
     15      1   8.8189616435553786D-01 2.2D-16 0.0D+00 8.8D-01 0.0D+00        3       36        3       30  S
     15      1   2.8116436577258203D-01 5.4D-09 0.0D+00 1.0D-08 0.0D+00       22      122       22      220  S
     15      1   2.8116436577268400D-01 5.4D-09 0.0D+00 5.6D-09 0.0D+00       22      132       22      220  S
     15      1   2.7427896691183501D-01 5.2D-09 0.0D+00 4.5D-09 0.0D+00       22      113       22      220  S
     15      1   2.7427896691158232D-01 5.2D-09 0.0D+00 7.0D-09 0.0D+00       22      123       22      220  S
     15      1   2.8116436577277221D-01 5.4D-09 0.0D+00 2.7D-09 0.0D+00       22      128       22      220  S
     15      1   2.8116436577250731D-01 5.4D-09 0.0D+00 8.3D-10 0.0D+00       22      128       22      220  S
     15      1   2.7427896691169612D-01 5.2D-09 0.0D+00 1.3D-09 0.0D+00       22      112       22      220  S
     15      1   2.7427896691158815D-01 5.2D-09 0.0D+00 7.4D-09 0.0D+00       22      107       22      220  S
     15      1   2.7427896691168785D-01 5.2D-09 0.0D+00 5.3D-09 0.0D+00       22      111       22      220  S
     15      1   3.2081123581040305D-01 6.8D-09 0.0D+00 3.7D-08 0.0D+00       22      146       22      220  S
     15      1   2.7427896691171694D-01 5.2D-09 0.0D+00 4.4D-09 0.0D+00       22      109       22      220  S
     15      1   2.8116436577248960D-01 5.4D-09 0.0D+00 1.1D-09 0.0D+00       22      140       22      220  S
     15      1   2.7427896691167231D-01 5.2D-09 0.0D+00 2.1D-08 0.0D+00       23      124       23      230  S
     15      1   2.7427896691168963D-01 5.2D-09 0.0D+00 8.5D-09 0.0D+00       22      113       22      220  S
     15      1   2.7427896691142789D-01 5.2D-09 0.0D+00 6.3D-09 0.0D+00       21      117       21      210  S
     15      1   2.7427896691172809D-01 5.2D-09 0.0D+00 2.1D-08 0.0D+00       23      126       23      230  S
     15      1   3.0167543252550266D-01 6.2D-09 0.0D+00 1.6D-09 0.0D+00       22      110       22      220  S
     15      1   2.7427896691173487D-01 5.2D-09 0.0D+00 7.8D-09 0.0D+00       22      109       22      220  S
     15      1   3.0438971795873199D-01 6.5D-09 0.0D+00 6.3D-09 0.0D+00       22      171       22      220  S
     15      1   2.7427896691163017D-01 5.2D-09 0.0D+00 6.4D-09 0.0D+00       22      109       22      220  S
     15      1   2.7427896691178993D-01 5.2D-09 0.0D+00 3.2D-09 0.0D+00       22      108       22      220  S
     15      1   2.8116436577228909D-01 5.4D-09 0.0D+00 7.8D-09 0.0D+00       21      119       21      210  S
     15      1   2.8116436577233156D-01 5.4D-09 0.0D+00 5.7D-09 0.0D+00       21      111       21      210  S
     15      1   2.7427896691177933D-01 5.2D-09 0.0D+00 7.8D-09 0.0D+00       22      107       22      220  S
     15      1   2.8116436577257531D-01 5.4D-09 0.0D+00 7.5D-09 0.0D+00       22      122       22      220  S
     15      1   2.8116436577251996D-01 5.4D-09 0.0D+00 8.2D-10 0.0D+00       22      129       22      220  S
     15      1   2.8116436577255799D-01 5.4D-09 0.0D+00 6.0D-09 0.0D+00       22      124       22      220  S
     15      1   3.1753493511213338D-01 7.5D-09 0.0D+00 2.7D-07 0.0D+00       24      158       24      240  S
     15      1   2.7427896691171755D-01 5.2D-09 0.0D+00 7.0D-10 0.0D+00       22      109       22      220  S
     15      1   2.8116436577244380D-01 5.4D-09 0.0D+00 3.5D-09 0.0D+00       22      123       22      220  S
     15      1   2.8116436577257109D-01 5.4D-09 0.0D+00 9.4D-09 0.0D+00       22      113       22      220  S
     15      1   2.7427896691171322D-01 5.2D-09 0.0D+00 1.4D-09 0.0D+00       22      110       22      220  S
     15      1   2.8116436577267534D-01 5.4D-09 0.0D+00 6.1D-09 0.0D+00       22      125       22      220  S
     15      1   2.7427896691173426D-01 5.2D-09 0.0D+00 6.3D-10 0.0D+00       22      115       22      220  S
     15      1   2.8116436577254050D-01 5.4D-09 0.0D+00 1.1D-09 0.0D+00       22      122       22      220  S
     15      1   2.8116436577254666D-01 5.4D-09 0.0D+00 2.9D-09 0.0D+00       22      116       22      220  S
     15      1   2.8116436577263088D-01 5.4D-09 0.0D+00 3.9D-10 0.0D+00       22      122       22      220  S
     15      1   2.8116436577260878D-01 5.4D-09 0.0D+00 1.9D-08 0.0D+00       23      123       23      230  S
     15      1   2.7427896691152059D-01 5.2D-09 0.0D+00 1.5D-08 0.0D+00       23      128       23      230  S
     15      1   2.8116436577226511D-01 5.4D-09 0.0D+00 4.2D-09 0.0D+00       21      111       21      210  S
     15      1   2.8116436577268483D-01 5.4D-09 0.0D+00 2.0D-09 0.0D+00       22      122       22      220  S
     15      1   2.8116436577273046D-01 5.4D-09 0.0D+00 7.1D-09 0.0D+00       22      136       22      220  S
     15      1   2.7427896691183834D-01 5.2D-09 0.0D+00 2.3D-08 0.0D+00       23      114       23      230  S
     15      1   2.7427896691174786D-01 5.2D-09 0.0D+00 2.2D-09 0.0D+00       22      127       22      220  S
     15      1   2.8116436577257581D-01 5.4D-09 0.0D+00 4.9D-09 0.0D+00       22      123       22      220  S
     15      1   2.7427896691170911D-01 5.2D-09 0.0D+00 9.7D-09 0.0D+00       22      107       22      220  S
     15      1   3.0438971795891701D-01 6.5D-09 0.0D+00 9.6D-09 0.0D+00       22      166       22      220  S
     15      1   2.7427896691168629D-01 5.2D-09 0.0D+00 1.5D-09 0.0D+00       22      108       22      220  S
     15      1   2.7427896691181536D-01 5.2D-09 0.0D+00 5.3D-10 0.0D+00       22      108       22      220  S
     15      1   2.7427896691164205D-01 5.2D-09 0.0D+00 2.0D-08 0.0D+00       23      142       23      230  S
     15      1   2.7427896691169312D-01 5.2D-09 0.0D+00 8.0D-09 0.0D+00       22      120       22      220  S
     15      1   2.7427896691160630D-01 5.2D-09 0.0D+00 3.0D-09 0.0D+00       22      111       22      220  S
     15      1   2.7427896691177472D-01 5.2D-09 0.0D+00 8.4D-09 0.0D+00       22      119       22      220  S
