     17      1   2.6097874023249529D-01 5.5D-09 0.0D+00 2.6D-09 0.0D+00       22      119       22      220  S
     17      1   2.6028708335557160D-01 5.2D-09 0.0D+00 3.9D-09 0.0D+00       23      137       23      230  S
     17      1   2.6097874023248774D-01 5.5D-09 0.0D+00 9.0D-09 0.0D+00       22      137       22      220  S
     17      1   2.7272578716965890D-01 5.1D-09 0.0D+00 1.6D-09 0.0D+00       22      124       22      220  S
     17      1   2.6053419772316666D-01 5.4D-09 0.0D+00 3.2D-09 0.0D+00       23      155       23      230  S
     17      1   2.6097874023268730D-01 5.5D-09 0.0D+00 5.7D-09 0.0D+00       22      116       22      220  S
     17      1   2.6097874023263035D-01 5.5D-09 0.0D+00 2.3D-10 0.0D+00       22      133       22      220  S
     17      1   2.6097874023353557D-01 5.5D-09 0.0D+00 8.8D-09 0.0D+00       22      134       22      220  S
     17      1   2.7427896684120157D-01 5.2D-09 0.0D+00 2.9D-07 0.0D+00       24      176       24      240  S
     17      1   2.6097874023219886D-01 5.5D-09 0.0D+00 3.3D-09 0.0D+00       21      127       21      210  S
     17      1   2.6053419772295533D-01 5.4D-09 0.0D+00 3.5D-09 0.0D+00       23      138       23      230  S
     17      1   2.6053419772152731D-01 5.4D-09 0.0D+00 4.0D-09 0.0D+00       21      133       21      210  S
     17      1   2.6053419772159769D-01 5.4D-09 0.0D+00 2.6D-09 0.0D+00       21      123       21      210  S
     17      1   2.6028708335558470D-01 5.2D-09 0.0D+00 8.7D-09 0.0D+00       23      132       23      230  S
     17      1   2.6053419772322933D-01 5.4D-09 0.0D+00 5.6D-09 0.0D+00       23      136       23      230  S
     17      1   2.6097874023249468D-01 5.5D-09 0.0D+00 6.7D-10 0.0D+00       22      124       22      220  S
     17      1   2.6097874023378720D-01 5.5D-09 0.0D+00 7.6D-09 0.0D+00       23      141       23      230  S
     17      1   2.6097874023356971D-01 5.5D-09 0.0D+00 7.3D-09 0.0D+00       22      125       22      220  S
     17      1   2.6097874023390111D-01 5.5D-09 0.0D+00 4.7D-08 0.0D+00       24      153       24      240  S
     17      1   2.6097874023214213D-01 5.5D-09 0.0D+00 1.4D-09 0.0D+00       21      122       21      210  S
     17      1   2.6053419772314229D-01 5.4D-09 0.0D+00 3.9D-09 0.0D+00       23      137       23      230  S
     17      1   2.6097874023247364D-01 5.5D-09 0.0D+00 5.9D-09 0.0D+00       22      121       22      220  S
     17      1   2.6097874023241879D-01 5.5D-09 0.0D+00 3.3D-09 0.0D+00       22      119       22      220  S
     17      1   2.6028708335443168D-01 5.2D-09 0.0D+00 2.2D-09 0.0D+00       22      126       22      220  S
     17      1   2.6097874023388551D-01 5.5D-09 0.0D+00 2.9D-09 0.0D+00       23      141       23      230  S
     17      1   2.6053419772302816D-01 5.4D-09 0.0D+00 8.7D-10 0.0D+00       23      137       23      230  S
     17      1   2.6097874023386208D-01 5.5D-09 0.0D+00 1.6D-09 0.0D+00       23      142       23      230  S
     17      1   2.6053419772304792D-01 5.4D-09 0.0D+00 7.4D-09 0.0D+00       23      147       23      230  S
     17      1   2.6028708335437656D-01 5.2D-09 0.0D+00 5.7D-09 0.0D+00       22      116       22      220  S
     17      1   2.6097874023399803D-01 5.5D-09 0.0D+00 2.9D-10 0.0D+00       23      130       23      230  S
     17      1   2.6028708335469763D-01 5.2D-09 0.0D+00 4.2D-08 0.0D+00       23      144       23      230  S
     17      1   2.6097874023257522D-01 5.5D-09 0.0D+00 3.2D-09 0.0D+00       22      140       22      220  S
     17      1   2.6097874023378592D-01 5.5D-09 0.0D+00 2.7D-09 0.0D+00       23      143       23      230  S
     17      1   2.6028708335427919D-01 5.2D-09 0.0D+00 2.3D-09 0.0D+00       21      124       21      210  S
     17      1   2.6097874023337031D-01 5.5D-09 0.0D+00 4.1D-09 0.0D+00       22      125       22      220  S
     17      1   2.6097874023372636D-01 5.5D-09 0.0D+00 1.3D-09 0.0D+00       23      144       23      230  S
     17      1   2.6053419772297143D-01 5.4D-09 0.0D+00 1.9D-09 0.0D+00       23      148       23      230  S
     17      1   2.6097874023273426D-01 5.5D-09 0.0D+00 6.5D-09 0.0D+00       22      117       22      220  S
     17      1   2.6097874023264017D-01 5.5D-09 0.0D+00 2.9D-08 0.0D+00       23      129       23      230  S
     17      1   2.6053419772307118D-01 5.4D-09 0.0D+00 7.0D-09 0.0D+00       23      135       23      230  S
     17      1   2.6097874023221435D-01 5.5D-09 0.0D+00 2.0D-09 0.0D+00       21      123       21      210  S
     17      1   2.6097874023254991D-01 5.5D-09 0.0D+00 4.2D-10 0.0D+00       22      124       22      220  S
     17      1   2.6097874023255047D-01 5.5D-09 0.0D+00 2.4D-08 0.0D+00       23      150       23      230  S
     17      1   2.6097874023389134D-01 5.5D-09 0.0D+00 8.3D-09 0.0D+00       23      139       23      230  S
     17      1   2.6028708335457063D-01 5.2D-09 0.0D+00 3.9D-08 0.0D+00       23      123       23      230  S
     17      1   2.6028708335533135D-01 5.2D-09 0.0D+00 2.2D-09 0.0D+00       22      115       22      220  S
     17      1   2.6053419771849973D-01 5.4D-09 0.0D+00 1.0D-10 0.0D+00       22      128       22      220  S
     17      1   2.6028708335561213D-01 5.2D-09 0.0D+00 5.3D-10 0.0D+00       23      133       23      230  S
     17      1   2.6028708335456668D-01 5.2D-09 0.0D+00 4.8D-09 0.0D+00       22      118       22      220  S
     17      1   2.6028708335424311D-01 5.2D-09 0.0D+00 5.6D-09 0.0D+00       21      120       21      210  S
     17      1   2.6028708335442169D-01 5.2D-09 0.0D+00 3.8D-09 0.0D+00       22      120       22      220  S
     17      1   2.6097874023258905D-01 5.5D-09 0.0D+00 9.1D-09 0.0D+00       22      122       22      220  S
     17      1   2.6097874023265127D-01 5.5D-09 0.0D+00 6.3D-09 0.0D+00       22      117       22      220  S
     17      1   2.6053419771867703D-01 5.4D-09 0.0D+00 3.4D-08 0.0D+00       23      146       23      230  S
     17      1   2.6963478852878947D-01 5.3D-09 0.0D+00 5.9D-09 0.0D+00       22      118       22      220  S
     17      1   3.0438971795898867D-01 6.5D-09 0.0D+00 9.6D-09 0.0D+00       21      144       21      210  S
     17      1   2.6028708335435108D-01 5.2D-09 0.0D+00 9.2D-09 0.0D+00       21      118       21      210  S
     17      1   2.6097874023247958D-01 5.5D-09 0.0D+00 7.4D-09 0.0D+00       22      133       22      220  S
     17      1   2.6028708335448092D-01 5.2D-09 0.0D+00 9.4D-10 0.0D+00       22      119       22      220  S
     17      1   2.6097874023408496D-01 5.5D-09 0.0D+00 1.1D-08 0.0D+00       24      144       24      240  S
     17      1   2.6097874023257434D-01 5.5D-09 0.0D+00 6.3D-09 0.0D+00       22      127       22      220  S
     17      1   2.6053419772310737D-01 5.4D-09 0.0D+00 2.1D-09 0.0D+00       23      140       23      230  S
     17      1   2.6097874023392448D-01 5.5D-09 0.0D+00 9.1D-09 0.0D+00       23      138       23      230  S
     17      1   2.6097874023388712D-01 5.5D-09 0.0D+00 7.3D-09 0.0D+00       23      134       23      230  S
     17      1   2.7719416276768166D-01 6.3D-09 0.0D+00 2.9D-07 0.0D+00       24      145       24      240  S
     17      1   2.6097874023252171D-01 5.5D-09 0.0D+00 1.4D-09 0.0D+00       22      119       22      220  S
     17      1   2.7272578716896856D-01 5.1D-09 0.0D+00 7.8D-09 0.0D+00       21      115       21      210  S
     17      1   2.6097874023242135D-01 5.5D-09 0.0D+00 3.0D-09 0.0D+00       22      125       22      220  S
     17      1   2.6053419772293007D-01 5.4D-09 0.0D+00 5.2D-10 0.0D+00       23      133       23      230  S
     17      1   2.6097874023228512D-01 5.5D-09 0.0D+00 1.3D-09 0.0D+00       22      124       22      220  S
     17      1   2.6028708335560674D-01 5.2D-09 0.0D+00 1.9D-09 0.0D+00       23      124       23      230  S
     17      1   2.6097874023258982D-01 5.5D-09 0.0D+00 8.1D-09 0.0D+00       22      125       22      220  S
     17      1   2.6028708335428763D-01 5.2D-09 0.0D+00 2.5D-10 0.0D+00       21      124       21      210  S
     17      1   2.6053419772160336D-01 5.4D-09 0.0D+00 5.5D-09 0.0D+00       21      139       21      210  S
     17      1   2.6097874023245360D-01 5.5D-09 0.0D+00 3.6D-09 0.0D+00       22      128       22      220  S
     17      1   2.7427896684347319D-01 5.2D-09 0.0D+00 7.7D-09 0.0D+00       22      142       22      220  S
     17      1   2.6028708335457701D-01 5.2D-09 0.0D+00 2.3D-10 0.0D+00       22      119       22      220  S
     17      1   2.6097874023204959D-01 5.5D-09 0.0D+00 9.0D-09 0.0D+00       21      111       21      210  S
     17      1   2.6097874023363776D-01 5.5D-09 0.0D+00 9.5D-09 0.0D+00       22      125       22      220  S
     17      1   2.7427138046923460D-01 6.5D-09 0.0D+00 7.8D-09 0.0D+00       22      133       22      220  S
     17      1   2.6028708335451067D-01 5.2D-09 0.0D+00 8.4D-09 0.0D+00       22      138       22      220  S
     17      1   2.7427896691105097D-01 5.2D-09 0.0D+00 1.0D-07 0.0D+00       24      183       24      240  S
     17      1   2.6097874023354267D-01 5.5D-09 0.0D+00 4.5D-09 0.0D+00       22      122       22      220  S
     17      1   2.6097874023245388D-01 5.5D-09 0.0D+00 2.1D-10 0.0D+00       22      125       22      220  S
     17      1   2.7719416277074843D-01 6.3D-09 0.0D+00 6.6D-09 0.0D+00       22      131       22      220  S
     17      1   2.6097874023386120D-01 5.5D-09 0.0D+00 1.1D-09 0.0D+00       23      139       23      230  S
     17      1   2.6053419772133113D-01 5.4D-09 0.0D+00 6.7D-10 0.0D+00       21      139       21      210  S
     17      1   2.6097874023240886D-01 5.5D-09 0.0D+00 1.1D-09 0.0D+00       22      141       22      220  S
     17      1   2.6097874023221607D-01 5.5D-09 0.0D+00 3.8D-09 0.0D+00       21      126       21      210  S
     17      1   2.6053419772271164D-01 5.4D-09 0.0D+00 8.6D-09 0.0D+00       22      123       22      220  S
     17      1   2.6053419772295183D-01 5.4D-09 0.0D+00 8.1D-09 0.0D+00       23      140       23      230  S
     17      1   2.6097874023243006D-01 5.5D-09 0.0D+00 4.1D-09 0.0D+00       22      111       22      220  S
     17      1   2.6097874023257622D-01 5.5D-09 0.0D+00 1.0D-09 0.0D+00       22      123       22      220  S
     17      1   2.6053419772301983D-01 5.4D-09 0.0D+00 5.2D-09 0.0D+00       23      131       23      230  S
     17      1   2.6097874023204670D-01 5.5D-09 0.0D+00 1.8D-09 0.0D+00       21      127       21      210  S
     17      1   3.0438971795931180D-01 6.5D-09 0.0D+00 7.1D-09 0.0D+00       22      155       22      220  S
     17      1   2.6028708335437867D-01 5.2D-09 0.0D+00 9.5D-10 0.0D+00       22      126       22      220  S
     17      1   2.6097874023390444D-01 5.5D-09 0.0D+00 5.2D-09 0.0D+00       23      133       23      230  S
     17      1   2.6053419772155595D-01 5.4D-09 0.0D+00 2.1D-09 0.0D+00       21      137       21      210  S
     17      1   2.6028708335443407D-01 5.2D-09 0.0D+00 3.7D-09 0.0D+00       22      115       22      220  S
     17      1   2.6053419772303338D-01 5.4D-09 0.0D+00 3.5D-09 0.0D+00       23      134       23      230  S
     17      1   2.6097874023363549D-01 5.5D-09 0.0D+00 3.0D-09 0.0D+00       23      144       23      230  S
     17      1   2.6097874023266626D-01 5.5D-09 0.0D+00 1.1D-09 0.0D+00       22      124       22      220  S
     17      1   2.6097874023224471D-01 5.5D-09 0.0D+00 6.2D-09 0.0D+00       21      109       21      210  S
     17      1   2.6963478852798584D-01 5.3D-09 0.0D+00 1.2D-08 0.0D+00       22      122       22      220  S
     17      1   2.6053419772304559D-01 5.4D-09 0.0D+00 1.7D-08 0.0D+00       24      146       24      240  S
     17      1   2.6097874023239731D-01 5.5D-09 0.0D+00 1.6D-10 0.0D+00       22      117       22      220  S
     17      1   2.6053419772287795D-01 5.4D-09 0.0D+00 1.2D-09 0.0D+00       22      124       22      220  S
     17      1   2.6097874023356327D-01 5.5D-09 0.0D+00 3.4D-09 0.0D+00       22      130       22      220  S
     17      1   2.6028708335445794D-01 5.2D-09 0.0D+00 3.7D-09 0.0D+00       22      118       22      220  S
     17      1   2.6028708335464146D-01 5.2D-09 0.0D+00 6.0D-09 0.0D+00       22      114       22      220  S
     17      1   2.6028708335559575D-01 5.2D-09 0.0D+00 3.5D-10 0.0D+00       23      130       23      230  S
     17      1   2.6097874023386103D-01 5.5D-09 0.0D+00 1.4D-09 0.0D+00       23      152       23      230  S
     17      1   2.6097874023393397D-01 5.5D-09 0.0D+00 3.4D-09 0.0D+00       23      138       23      230  S
     17      1   2.6097874023391726D-01 5.5D-09 0.0D+00 1.1D-09 0.0D+00       23      134       23      230  S
     17      1   2.6028708335548290D-01 5.2D-09 0.0D+00 5.0D-09 0.0D+00       22      135       22      220  S
     17      1   2.6097874023349710D-01 5.5D-09 0.0D+00 8.0D-09 0.0D+00       22      127       22      220  S
     17      1   2.6097874023248119D-01 5.5D-09 0.0D+00 4.1D-10 0.0D+00       22      121       22      220  S
     17      1   2.6053419772308634D-01 5.4D-09 0.0D+00 4.1D-09 0.0D+00       23      130       23      230  S
     17      1   2.6028708335423656D-01 5.2D-09 0.0D+00 3.1D-10 0.0D+00       21      112       21      210  S
     17      1   2.7719416277133302D-01 6.3D-09 0.0D+00 2.2D-09 0.0D+00       22      138       22      220  S
     17      1   2.6963478852858747D-01 5.3D-09 0.0D+00 2.2D-09 0.0D+00       22      124       22      220  S
     17      1   2.6097874023387174D-01 5.5D-09 0.0D+00 3.5D-09 0.0D+00       23      149       23      230  S
     17      1   2.6053419772292402D-01 5.4D-09 0.0D+00 2.1D-09 0.0D+00       23      135       23      230  S
     17      1   2.6053419772299041D-01 5.4D-09 0.0D+00 4.6D-09 0.0D+00       23      137       23      230  S
     17      1   2.6028708335446904D-01 5.2D-09 0.0D+00 5.0D-09 0.0D+00       22      134       22      220  S
     17      1   2.6097874023254369D-01 5.5D-09 0.0D+00 1.1D-09 0.0D+00       22      114       22      220  S
     17      1   2.6097874023276219D-01 5.5D-09 0.0D+00 6.0D-09 0.0D+00       22      116       22      220  S
     17      1   2.6097874023252021D-01 5.5D-09 0.0D+00 7.8D-09 0.0D+00       22      121       22      220  S
     17      1   2.6053419772295877D-01 5.4D-09 0.0D+00 7.3D-09 0.0D+00       23      138       23      230  S
     17      1   2.6053419772293490D-01 5.4D-09 0.0D+00 3.4D-09 0.0D+00       23      136       23      230  S
     17      1   2.6053419772296132D-01 5.4D-09 0.0D+00 4.0D-10 0.0D+00       23      136       23      230  S
     17      1   2.6028708335438749D-01 5.2D-09 0.0D+00 2.8D-09 0.0D+00       22      126       22      220  S
     17      1   2.6028708335431144D-01 5.2D-09 0.0D+00 7.2D-09 0.0D+00       22      118       22      220  S
     17      1   2.6097874023234480D-01 5.5D-09 0.0D+00 1.3D-09 0.0D+00       22      112       22      220  S
     17      1   2.6053419772303116D-01 5.4D-09 0.0D+00 5.9D-09 0.0D+00       23      129       23      230  S
     17      1   2.6097874023264056D-01 5.5D-09 0.0D+00 6.3D-09 0.0D+00       22      123       22      220  S
     17      1   2.6053419772268399D-01 5.4D-09 0.0D+00 3.8D-09 0.0D+00       22      137       22      220  S
     17      1   2.6028708335436956D-01 5.2D-09 0.0D+00 7.5D-09 0.0D+00       21      123       21      210  S
     17      1   2.6028708335445111D-01 5.2D-09 0.0D+00 1.1D-09 0.0D+00       22      118       22      220  S
     17      1   2.6028708335570611D-01 5.2D-09 0.0D+00 2.5D-09 0.0D+00       23      125       23      230  S
     17      1   2.6028708335430900D-01 5.2D-09 0.0D+00 8.6D-09 0.0D+00       22      122       22      220  S
     17      1   2.6097874023263695D-01 5.5D-09 0.0D+00 2.2D-09 0.0D+00       22      127       22      220  S
     17      1   2.6028708335442879D-01 5.2D-09 0.0D+00 6.9D-09 0.0D+00       22      120       22      220  S
     17      1   2.7730831434569181D-01 5.5D-09 0.0D+00 5.6D-08 0.0D+00       23      167       23      230  S
     17      1   2.6053419772148784D-01 5.4D-09 0.0D+00 2.2D-09 0.0D+00       21      122       21      210  S
     17      1   2.6053419772297981D-01 5.4D-09 0.0D+00 2.4D-09 0.0D+00       23      137       23      230  S
     17      1   2.6028708335439082D-01 5.2D-09 0.0D+00 3.1D-09 0.0D+00       22      115       22      220  S
     17      1   2.6097874023252593D-01 5.5D-09 0.0D+00 5.7D-10 0.0D+00       22      123       22      220  S
     17      1   2.6028708335441908D-01 5.2D-09 0.0D+00 1.8D-09 0.0D+00       22      115       22      220  S
     17      1   2.6053419772316322D-01 5.4D-09 0.0D+00 5.5D-10 0.0D+00       23      141       23      230  S
     17      1   2.6053419772309244D-01 5.4D-09 0.0D+00 6.4D-09 0.0D+00       23      128       23      230  S
     17      1   2.6053419772302017D-01 5.4D-09 0.0D+00 3.9D-08 0.0D+00       24      155       24      240  S
     17      1   2.6053419772318892D-01 5.4D-09 0.0D+00 4.6D-09 0.0D+00       23      137       23      230  S
     17      1   2.6053419772311076D-01 5.4D-09 0.0D+00 1.5D-09 0.0D+00       23      127       23      230  S
     17      1   7.0254020102147063D-01 6.1D-06 0.0D+00 1.0D+00 0.0D+00       24      201       25      250  S
     17      1   2.6053419772178754D-01 5.4D-09 0.0D+00 1.3D-11 0.0D+00       22      134       22      220  S
     17      1   2.6028708335460315D-01 5.2D-09 0.0D+00 7.3D-09 0.0D+00       22      120       22      220  S
     17      1   2.6053419772300868D-01 5.4D-09 0.0D+00 7.9D-09 0.0D+00       23      131       23      230  S
     17      1   2.6097874023391754D-01 5.5D-09 0.0D+00 5.8D-09 0.0D+00       23      142       23      230  S
     17      1   2.7427896690988218D-01 5.2D-09 0.0D+00 2.4D-07 0.0D+00       24      164       24      240  S
     17      1   2.6053419772260972D-01 5.4D-09 0.0D+00 1.0D-08 0.0D+00       22      127       22      220  S
     17      1   2.6028708335460798D-01 5.2D-09 0.0D+00 6.3D-09 0.0D+00       22      123       22      220  S
     17      1   2.6028708335436818D-01 5.2D-09 0.0D+00 3.9D-09 0.0D+00       22      117       22      220  S
     17      1   2.6053419772266989D-01 5.4D-09 0.0D+00 1.6D-10 0.0D+00       22      139       22      220  S
     17      1   2.6028708335435624D-01 5.2D-09 0.0D+00 7.8D-09 0.0D+00       22      118       22      220  S
     17      1   2.6028708335560136D-01 5.2D-09 0.0D+00 5.2D-09 0.0D+00       23      127       23      230  S
     17      1   2.6028708335436795D-01 5.2D-09 0.0D+00 1.7D-09 0.0D+00       21      111       21      210  S
     17      1   2.6097874023216072D-01 5.5D-09 0.0D+00 2.3D-08 0.0D+00       22      153       22      220  S
     17      1   2.6097874023377565D-01 5.5D-09 0.0D+00 2.1D-09 0.0D+00       23      139       23      230  S
     17      1   2.6028708335439804D-01 5.2D-09 0.0D+00 2.8D-09 0.0D+00       22      114       22      220  S
     17      1   2.6097874023238643D-01 5.5D-09 0.0D+00 5.9D-09 0.0D+00       22      111       22      220  S
     17      1   2.6053419772151454D-01 5.4D-09 0.0D+00 3.6D-09 0.0D+00       21      133       21      210  S
     17      1   2.7427138046922545D-01 6.5D-09 0.0D+00 8.5D-09 0.0D+00       22      143       22      220  S
     17      1   2.6097874023249923D-01 5.5D-09 0.0D+00 5.4D-09 0.0D+00       22      125       22      220  S
     17      1   2.6053419772148734D-01 5.4D-09 0.0D+00 9.7D-09 0.0D+00       21      140       21      210  S
     17      1   2.6053419771853176D-01 5.4D-09 0.0D+00 9.0D-09 0.0D+00       22      131       22      220  S
     17      1   2.6028708335427952D-01 5.2D-09 0.0D+00 5.1D-09 0.0D+00       22      115       22      220  S
     17      1   2.6053419772146097D-01 5.4D-09 0.0D+00 3.1D-10 0.0D+00       21      132       21      210  S
     17      1   2.6053419772325143D-01 5.4D-09 0.0D+00 2.7D-08 0.0D+00       24      153       24      240  S
     17      1   2.6028708335455170D-01 5.2D-09 0.0D+00 7.8D-10 0.0D+00       22      117       22      220  S
     17      1   2.6028708335435757D-01 5.2D-09 0.0D+00 3.7D-10 0.0D+00       22      126       22      220  S
     17      1   2.6053419772302250D-01 5.4D-09 0.0D+00 6.8D-11 0.0D+00       23      147       23      230  S
     17      1   2.6097874023242024D-01 5.5D-09 0.0D+00 4.7D-09 0.0D+00       22      114       22      220  S
     17      1   2.6053419772305497D-01 5.4D-09 0.0D+00 8.9D-09 0.0D+00       23      133       23      230  S
     17      1   2.6053419772305780D-01 5.4D-09 0.0D+00 2.9D-09 0.0D+00       23      133       23      230  S
     17      1   2.6097874023393774D-01 5.5D-09 0.0D+00 4.7D-09 0.0D+00       23      142       23      230  S
     17      1   2.6097874023356926D-01 5.5D-09 0.0D+00 9.7D-09 0.0D+00       22      125       22      220  S
     17      1   2.6097874023262413D-01 5.5D-09 0.0D+00 4.4D-09 0.0D+00       22      125       22      220  S
     17      1   2.6028708335424500D-01 5.2D-09 0.0D+00 4.9D-09 0.0D+00       21      115       21      210  S
     17      1   2.6097874023382223D-01 5.5D-09 0.0D+00 8.2D-09 0.0D+00       23      140       23      230  S
     17      1   2.6097874023348699D-01 5.5D-09 0.0D+00 5.1D-10 0.0D+00       22      126       22      220  S
     17      1   2.7719416276751552D-01 6.3D-09 0.0D+00 3.3D-07 0.0D+00       23      151       23      230  S
     17      1   2.6053419772308423D-01 5.4D-09 0.0D+00 1.2D-09 0.0D+00       23      130       23      230  S
     17      1   2.6097874023353246D-01 5.5D-09 0.0D+00 1.4D-09 0.0D+00       22      120       22      220  S
     17      1   2.6053419772303960D-01 5.4D-09 0.0D+00 9.8D-09 0.0D+00       23      140       23      230  S
     17      1   2.6028708335445727D-01 5.2D-09 0.0D+00 6.7D-09 0.0D+00       22      117       22      220  S
     17      1   2.6097874023254314D-01 5.5D-09 0.0D+00 8.5D-09 0.0D+00       22      123       22      220  S
     17      1   2.6097874023379458D-01 5.5D-09 0.0D+00 6.5D-09 0.0D+00       23      146       23      230  S
     17      1   2.6097874023252304D-01 5.5D-09 0.0D+00 7.7D-09 0.0D+00       22      118       22      220  S
     17      1   2.6097874023254625D-01 5.5D-09 0.0D+00 4.4D-09 0.0D+00       22      120       22      220  S
     17      1   2.6053419771840036D-01 5.4D-09 0.0D+00 2.5D-09 0.0D+00       22      130       22      220  S
     17      1   2.6053419772311998D-01 5.4D-09 0.0D+00 9.9D-09 0.0D+00       23      137       23      230  S
     17      1   2.6028708335441142D-01 5.2D-09 0.0D+00 6.4D-09 0.0D+00       21      113       21      210  S
     17      1   2.6028708335432738D-01 5.2D-09 0.0D+00 8.6D-09 0.0D+00       22      121       22      220  S
     17      1   3.3679685650549812D-01 3.6D-09 0.0D+00 1.2D+03 0.0D+00       28      402       28      280  S
     17      1   2.6097874023360240D-01 5.5D-09 0.0D+00 5.1D-09 0.0D+00       22      129       22      220  S
     17      1   2.7730831434519249D-01 5.5D-09 0.0D+00 1.0D-07 0.0D+00       23      140       23      230  S
     17      1   2.6028708335458367D-01 5.2D-09 0.0D+00 7.4D-09 0.0D+00       22      119       22      220  S
     17      1   2.6097874023271456D-01 5.5D-09 0.0D+00 4.8D-09 0.0D+00       22      130       22      220  S
     17      1   2.6028708335449785D-01 5.2D-09 0.0D+00 8.2D-09 0.0D+00       22      118       22      220  S
     17      1   2.6097874023252171D-01 5.5D-09 0.0D+00 6.2D-09 0.0D+00       22      137       22      220  S
     17      1   2.6097874023388651D-01 5.5D-09 0.0D+00 8.5D-10 0.0D+00       23      147       23      230  S
     17      1   2.6097874023292766D-01 5.5D-09 0.0D+00 5.5D-10 0.0D+00       22      127       22      220  S
     17      1   2.6028708335460926D-01 5.2D-09 0.0D+00 5.1D-09 0.0D+00       22      124       22      220  S
     17      1   2.6053419772304365D-01 5.4D-09 0.0D+00 6.1D-09 0.0D+00       23      131       23      230  S
     17      1   2.6053419772289949D-01 5.4D-09 0.0D+00 8.1D-09 0.0D+00       23      136       23      230  S
     17      1   2.6028708335436190D-01 5.2D-09 0.0D+00 5.7D-09 0.0D+00       22      115       22      220  S
     17      1   2.6053419772305980D-01 5.4D-09 0.0D+00 5.2D-09 0.0D+00       23      137       23      230  S
     17      1   2.6028708335424916D-01 5.2D-09 0.0D+00 4.2D-09 0.0D+00       21      118       21      210  S
     17      1   2.6053419772300163D-01 5.4D-09 0.0D+00 2.1D-09 0.0D+00       23      146       23      230  S
     17      1   2.6028708335453205D-01 5.2D-09 0.0D+00 3.4D-10 0.0D+00       22      131       22      220  S
     17      1   2.6097874023380951D-01 5.5D-09 0.0D+00 8.5D-09 0.0D+00       23      138       23      230  S
     17      1   2.6097874023215617D-01 5.5D-09 0.0D+00 2.9D-10 0.0D+00       21      119       21      210  S
     17      1   2.6053419772270048D-01 5.4D-09 0.0D+00 3.9D-09 0.0D+00       22      122       22      220  S
     17      1   2.6028708335445638D-01 5.2D-09 0.0D+00 1.3D-08 0.0D+00       23      122       23      230  S
     17      1   2.7427138046928717D-01 6.5D-09 0.0D+00 3.1D-09 0.0D+00       22      116       22      220  S
     17      1   2.6097874023394041D-01 5.5D-09 0.0D+00 6.2D-09 0.0D+00       23      135       23      230  S
     17      1   2.6028708335434658D-01 5.2D-09 0.0D+00 8.0D-09 0.0D+00       21      110       21      210  S
     17      1   2.6028708338401768D-01 5.2D-09 0.0D+00 7.1D-09 0.0D+00       22      209       22      220  S
     17      1   2.6053419772273267D-01 5.4D-09 0.0D+00 4.9D-09 0.0D+00       22      124       22      220  S
     17      1   2.6053419772300684D-01 5.4D-09 0.0D+00 4.9D-09 0.0D+00       23      130       23      230  S
     17      1   1.0099865220711559D+00 0.0D+00 0.0D+00 1.0D+00 0.0D+00        3       28        3       30  S
     17      1   2.6028708335457501D-01 5.2D-09 0.0D+00 6.9D-09 0.0D+00       22      118       22      220  S
     17      1   2.6097874023401263D-01 5.5D-09 0.0D+00 1.8D-09 0.0D+00       23      140       23      230  S
     17      1   2.6097874023399992D-01 5.5D-09 0.0D+00 7.0D-09 0.0D+00       23      136       23      230  S
     17      1   2.6028708335428064D-01 5.2D-09 0.0D+00 4.1D-09 0.0D+00       22      122       22      220  S
     17      1   2.6097874023364254D-01 5.5D-09 0.0D+00 8.1D-09 0.0D+00       22      153       22      220  S
     17      1   2.6097874023389128D-01 5.5D-09 0.0D+00 5.1D-09 0.0D+00       23      137       23      230  S
     17      1   2.6097874023350615D-01 5.5D-09 0.0D+00 3.2D-09 0.0D+00       22      129       22      220  S
     17      1   2.6053419772308567D-01 5.4D-09 0.0D+00 6.0D-09 0.0D+00       23      156       23      230  S
     17      1   2.6097874023229800D-01 5.5D-09 0.0D+00 6.9D-09 0.0D+00       22      120       22      220  S
     17      1   2.6028708335440176D-01 5.2D-09 0.0D+00 2.2D-09 0.0D+00       22      124       22      220  S
     17      1   2.6097874023251233D-01 5.5D-09 0.0D+00 4.5D-09 0.0D+00       22      137       22      220  S
     17      1   2.6053419772165437D-01 5.4D-09 0.0D+00 4.3D-09 0.0D+00       21      122       21      210  S
     17      1   2.6053419772281206D-01 5.4D-09 0.0D+00 4.7D-09 0.0D+00       22      124       22      220  S
     17      1   2.6097874023248380D-01 5.5D-09 0.0D+00 1.6D-09 0.0D+00       22      123       22      220  S
     17      1   2.6097874023398598D-01 5.5D-09 0.0D+00 2.9D-09 0.0D+00       23      134       23      230  S
     17      1   2.6097874023249740D-01 5.5D-09 0.0D+00 4.0D-09 0.0D+00       22      117       22      220  S
     17      1   2.6097874023394674D-01 5.5D-09 0.0D+00 1.1D-09 0.0D+00       23      144       23      230  S
     17      1   2.7272578716964258D-01 5.1D-09 0.0D+00 8.7D-09 0.0D+00       22      124       22      220  S
     17      1   2.6097874023386186D-01 5.5D-09 0.0D+00 3.4D-09 0.0D+00       23      130       23      230  S
     17      1   2.6097874023384515D-01 5.5D-09 0.0D+00 5.9D-09 0.0D+00       23      147       23      230  S
     17      1   2.6097874023378748D-01 5.5D-09 0.0D+00 1.3D-08 0.0D+00       24      147       24      240  S
     17      1   2.6097874023259759D-01 5.5D-09 0.0D+00 9.0D-09 0.0D+00       22      128       22      220  S
     17      1   2.6053419772317449D-01 5.4D-09 0.0D+00 7.0D-09 0.0D+00       23      139       23      230  S
     17      1   2.6097874023245043D-01 5.5D-09 0.0D+00 4.2D-09 0.0D+00       22      130       22      220  S
     17      1   2.6053419772300224D-01 5.4D-09 0.0D+00 3.9D-09 0.0D+00       23      134       23      230  S
     17      1   2.6053419772304376D-01 5.4D-09 0.0D+00 5.7D-09 0.0D+00       23      140       23      230  S
     17      1   2.6053419772325642D-01 5.4D-09 0.0D+00 8.1D-09 0.0D+00       23      152       23      230  S
     17      1   2.6053419772289865D-01 5.4D-09 0.0D+00 2.3D-09 0.0D+00       23      136       23      230  S
     17      1   2.6028708335450618D-01 5.2D-09 0.0D+00 9.9D-09 0.0D+00       22      114       22      220  S
     17      1   2.6053419772158398D-01 5.4D-09 0.0D+00 2.9D-10 0.0D+00       21      139       21      210  S
     17      1   2.6097874023255085D-01 5.5D-09 0.0D+00 2.4D-09 0.0D+00       22      112       22      220  S
     17      1   2.6097874023212053D-01 5.5D-09 0.0D+00 2.8D-09 0.0D+00       21      133       21      210  S
     17      1   2.6097874023240980D-01 5.5D-09 0.0D+00 4.1D-09 0.0D+00       22      130       22      220  S
     17      1   2.6053419772304215D-01 5.4D-09 0.0D+00 7.8D-10 0.0D+00       23      162       23      230  S
     17      1   2.6028708335454204D-01 5.2D-09 0.0D+00 2.4D-09 0.0D+00       22      117       22      220  S
     17      1   2.6097874023360734D-01 5.5D-09 0.0D+00 5.4D-09 0.0D+00       22      127       22      220  S
     17      1   2.6097874023261930D-01 5.5D-09 0.0D+00 7.1D-09 0.0D+00       22      115       22      220  S
     17      1   2.6097874023237116D-01 5.5D-09 0.0D+00 5.4D-11 0.0D+00       22      137       22      220  S
     17      1   2.6097874023381701D-01 5.5D-09 0.0D+00 2.7D-09 0.0D+00       23      149       23      230  S
     17      1   1.2178747197806796D+00 0.0D+00 0.0D+00 1.0D+00 0.0D+00        3       28        3       30  S
     17      1   2.6028708335497952D-01 5.2D-09 0.0D+00 1.0D-08 0.0D+00       22      127       22      220  S
     17      1   2.6097874023382994D-01 5.5D-09 0.0D+00 6.3D-09 0.0D+00       23      143       23      230  S
     17      1   2.6097874023393863D-01 5.5D-09 0.0D+00 1.0D-08 0.0D+00       23      141       23      230  S
     17      1   2.6053419772309633D-01 5.4D-09 0.0D+00 5.2D-09 0.0D+00       23      136       23      230  S
     17      1   2.6053419772274899D-01 5.4D-09 0.0D+00 1.3D-08 0.0D+00       23      137       23      230  S
     17      1   2.6097874023261952D-01 5.5D-09 0.0D+00 2.2D-09 0.0D+00       22      126       22      220  S
     17      1   2.6028708335440082D-01 5.2D-09 0.0D+00 6.7D-10 0.0D+00       22      121       22      220  S
     17      1   2.6097874023400519D-01 5.5D-09 0.0D+00 4.4D-08 0.0D+00       24      148       24      240  S
     17      1   2.6028708335447454D-01 5.2D-09 0.0D+00 6.8D-09 0.0D+00       22      132       22      220  S
     17      1   2.6053419772310760D-01 5.4D-09 0.0D+00 2.1D-09 0.0D+00       23      135       23      230  S
     17      1   2.6097874023272033D-01 5.5D-09 0.0D+00 3.2D-09 0.0D+00       22      118       22      220  S
     17      1   2.6097874023216316D-01 5.5D-09 0.0D+00 8.6D-09 0.0D+00       21      109       21      210  S
     17      1   2.6097874023241929D-01 5.5D-09 0.0D+00 6.4D-09 0.0D+00       22      125       22      220  S
     17      1   2.6028708335434625D-01 5.2D-09 0.0D+00 2.7D-09 0.0D+00       21      129       21      210  S
     17      1   2.6097874023382805D-01 5.5D-09 0.0D+00 1.6D-08 0.0D+00       24      150       24      240  S
     17      1   2.6097874023375545D-01 5.5D-09 0.0D+00 7.9D-09 0.0D+00       23      141       23      230  S
     17      1   2.6097874023205148D-01 5.5D-09 0.0D+00 6.5D-09 0.0D+00       21      112       21      210  S
     17      1   2.6028708335426992D-01 5.2D-09 0.0D+00 3.0D-09 0.0D+00       21      107       21      210  S
     17      1   2.6053419772315989D-01 5.4D-09 0.0D+00 8.5D-10 0.0D+00       23      142       23      230  S
     17      1   2.6097874023247469D-01 5.5D-09 0.0D+00 2.3D-08 0.0D+00       23      150       23      230  S
     17      1   2.6053419772294495D-01 5.4D-09 0.0D+00 7.6D-09 0.0D+00       23      150       23      230  S
     17      1   2.6097874023388234D-01 5.5D-09 0.0D+00 5.2D-09 0.0D+00       23      141       23      230  S
     17      1   2.6097874023237083D-01 5.5D-09 0.0D+00 1.7D-09 0.0D+00       22      124       22      220  S
     17      1   2.6097874023230394D-01 5.5D-09 0.0D+00 3.1D-09 0.0D+00       22      133       22      220  S
     17      1   2.6097874023392831D-01 5.5D-09 0.0D+00 2.0D-08 0.0D+00       24      161       24      240  S
     17      1   2.6097874023250361D-01 5.5D-09 0.0D+00 1.2D-09 0.0D+00       22      125       22      220  S
     17      1   2.6097874023244272D-01 5.5D-09 0.0D+00 1.8D-09 0.0D+00       22      131       22      220  S
     17      1   2.6028708335444573D-01 5.2D-09 0.0D+00 8.2D-09 0.0D+00       22      114       22      220  S
     17      1   2.6028708335431655D-01 5.2D-09 0.0D+00 7.2D-09 0.0D+00       22      118       22      220  S
     17      1   2.6097874023251422D-01 5.5D-09 0.0D+00 7.1D-09 0.0D+00       22      112       22      220  S
     17      1   2.6963478852859923D-01 5.3D-09 0.0D+00 1.8D-09 0.0D+00       22      110       22      220  S
     17      1   2.6097874023217427D-01 5.5D-09 0.0D+00 3.9D-09 0.0D+00       21      108       21      210  S
     17      1   2.6963478852856865D-01 5.3D-09 0.0D+00 5.7D-09 0.0D+00       22      121       22      220  S
     17      1   2.6097874023385509D-01 5.5D-09 0.0D+00 9.1D-10 0.0D+00       23      138       23      230  S
     17      1   2.6053419772301639D-01 5.4D-09 0.0D+00 2.2D-09 0.0D+00       23      133       23      230  S
     17      1   2.6028708335425693D-01 5.2D-09 0.0D+00 4.9D-09 0.0D+00       21      112       21      210  S
     17      1   2.6028708335446943D-01 5.2D-09 0.0D+00 7.7D-09 0.0D+00       22      118       22      220  S
     17      1   2.6053419772302500D-01 5.4D-09 0.0D+00 3.8D-09 0.0D+00       23      135       23      230  S
     17      1   2.6097874023254475D-01 5.5D-09 0.0D+00 2.5D-09 0.0D+00       22      112       22      220  S
     17      1   2.6053419772310771D-01 5.4D-09 0.0D+00 7.2D-09 0.0D+00       23      135       23      230  S
     17      1   2.6097874023384776D-01 5.5D-09 0.0D+00 2.0D-09 0.0D+00       23      138       23      230  S
     17      1   2.6097874023238937D-01 5.5D-09 0.0D+00 2.8D-12 0.0D+00       22      112       22      220  S
     17      1   2.6097874023251327D-01 5.5D-09 0.0D+00 5.8D-09 0.0D+00       22      118       22      220  S
     17      1   2.6097874023363965D-01 5.5D-09 0.0D+00 9.5D-09 0.0D+00       22      122       22      220  S
     17      1   2.6053419772274639D-01 5.4D-09 0.0D+00 4.2D-11 0.0D+00       22      125       22      220  S
     17      1   2.6963478852863659D-01 5.3D-09 0.0D+00 5.4D-09 0.0D+00       22      115       22      220  S
     17      1   2.6097874023351669D-01 5.5D-09 0.0D+00 8.9D-09 0.0D+00       22      134       22      220  S
     17      1   2.6097874023386641D-01 5.5D-09 0.0D+00 7.4D-09 0.0D+00       23      136       23      230  S
     17      1   2.6097874023250411D-01 5.5D-09 0.0D+00 6.6D-09 0.0D+00       22      117       22      220  S
     17      1   2.6097874023246881D-01 5.5D-09 0.0D+00 9.5D-09 0.0D+00       22      137       22      220  S
     17      1   2.6097874023393397D-01 5.5D-09 0.0D+00 5.7D-09 0.0D+00       23      140       23      230  S
     17      1   2.6028708335439793D-01 5.2D-09 0.0D+00 1.3D-09 0.0D+00       22      129       22      220  S
     17      1   2.6097874023383383D-01 5.5D-09 0.0D+00 7.6D-09 0.0D+00       23      140       23      230  S
     17      1   2.6028708335436346D-01 5.2D-09 0.0D+00 9.1D-09 0.0D+00       22      113       22      220  S
     17      1   7.1547329256042769D-01 4.5D-04 0.0D+00 1.0D+00 0.0D+00       22      147       23      230  S
     17      1   2.6028708335435269D-01 5.2D-09 0.0D+00 3.1D-09 0.0D+00       22      117       22      220  S
     17      1   2.6028708335443967D-01 5.2D-09 0.0D+00 5.9D-10 0.0D+00       22      115       22      220  S
     17      1   2.6053419772308722D-01 5.4D-09 0.0D+00 1.1D-08 0.0D+00       24      137       24      240  S
     17      1   2.6028708335429573D-01 5.2D-09 0.0D+00 3.5D-09 0.0D+00       21      112       21      210  S
     17      1   2.6053419772295533D-01 5.4D-09 0.0D+00 3.9D-09 0.0D+00       23      144       23      230  S
     17      1   2.6097874023292184D-01 5.5D-09 0.0D+00 2.9D-09 0.0D+00       22      142       22      220  S
     17      1   2.6053419772285258D-01 5.4D-09 0.0D+00 2.0D-09 0.0D+00       23      136       23      230  S
     17      1   2.6097874023265294D-01 5.5D-09 0.0D+00 4.2D-09 0.0D+00       22      126       22      220  S
     17      1   2.7719416277149278D-01 6.3D-09 0.0D+00 5.3D-09 0.0D+00       22      152       22      220  S
     17      1   2.6097874023215556D-01 5.5D-09 0.0D+00 4.5D-09 0.0D+00       21      136       21      210  S
     17      1   2.6097874023392703D-01 5.5D-09 0.0D+00 4.5D-09 0.0D+00       23      138       23      230  S
     17      1   2.6028708335439960D-01 5.2D-09 0.0D+00 9.9D-09 0.0D+00       22      118       22      220  S
     17      1   2.6097874023377732D-01 5.5D-09 0.0D+00 6.7D-10 0.0D+00       23      136       23      230  S
     17      1   2.6097874023390588D-01 5.5D-09 0.0D+00 7.2D-09 0.0D+00       23      153       23      230  S
     17      1   2.6053419772296177D-01 5.4D-09 0.0D+00 8.8D-09 0.0D+00       23      142       23      230  S
     17      1   2.6097874023239181D-01 5.5D-09 0.0D+00 7.8D-09 0.0D+00       22      139       22      220  S
     17      1   2.6053419772303510D-01 5.4D-09 0.0D+00 2.6D-09 0.0D+00       23      137       23      230  S
     17      1   2.6028708335542550D-01 5.2D-09 0.0D+00 2.7D-09 0.0D+00       22      115       22      220  S
     17      1   2.6028708335460610D-01 5.2D-09 0.0D+00 3.4D-09 0.0D+00       22      112       22      220  S
     17      1   2.6053419772264563D-01 5.4D-09 0.0D+00 5.9D-09 0.0D+00       22      125       22      220  S
     17      1   2.6097874023376372D-01 5.5D-09 0.0D+00 4.0D-09 0.0D+00       23      142       23      230  S
     17      1   3.0438971795800951D-01 6.5D-09 0.0D+00 7.3D-08 0.0D+00       23      179       23      230  S
     17      1   2.6097874023247197D-01 5.5D-09 0.0D+00 5.1D-09 0.0D+00       22      124       22      220  S
     17      1   2.6028708335570361D-01 5.2D-09 0.0D+00 9.7D-09 0.0D+00       23      129       23      230  S
     17      1   2.6097874023360046D-01 5.5D-09 0.0D+00 5.9D-09 0.0D+00       22      127       22      220  S
     17      1   2.6963478852816669D-01 5.3D-09 0.0D+00 5.8D-09 0.0D+00       21      111       21      210  S
     17      1   2.6053419772296593D-01 5.4D-09 0.0D+00 6.1D-09 0.0D+00       23      130       23      230  S
     17      1   2.6097874023387702D-01 5.5D-09 0.0D+00 5.9D-09 0.0D+00       23      132       23      230  S
     17      1   2.6028708335448342D-01 5.2D-09 0.0D+00 7.8D-09 0.0D+00       22      117       22      220  S
     17      1   2.6097874023391737D-01 5.5D-09 0.0D+00 9.8D-10 0.0D+00       23      137       23      230  S
     17      1   2.6097874023247436D-01 5.5D-09 0.0D+00 7.5D-09 0.0D+00       22      117       22      220  S
     17      1   2.6053419772295905D-01 5.4D-09 0.0D+00 2.8D-09 0.0D+00       23      134       23      230  S
     17      1   2.6053419772301012D-01 5.4D-09 0.0D+00 7.4D-09 0.0D+00       23      148       23      230  S
     17      1   2.6028708335577450D-01 5.2D-09 0.0D+00 3.9D-09 0.0D+00       23      125       23      230  S
     17      1   2.6097874023384293D-01 5.5D-09 0.0D+00 7.8D-09 0.0D+00       23      132       23      230  S
     17      1   2.6028708335446055D-01 5.2D-09 0.0D+00 9.1D-09 0.0D+00       22      116       22      220  S
     17      1   2.7427138046937288D-01 6.5D-09 0.0D+00 3.0D-09 0.0D+00       22      135       22      220  S
     17      1   2.6097874023229389D-01 5.5D-09 0.0D+00 7.3D-09 0.0D+00       21      134       21      210  S
     17      1   2.6028708335425227D-01 5.2D-09 0.0D+00 3.3D-09 0.0D+00       21      121       21      210  S
     17      1   2.6097874023239931D-01 5.5D-09 0.0D+00 3.1D-09 0.0D+00       22      112       22      220  S
     17      1   2.6028708335566692D-01 5.2D-09 0.0D+00 8.0D-09 0.0D+00       23      126       23      230  S
     17      1   2.6028708335430628D-01 5.2D-09 0.0D+00 3.4D-08 0.0D+00       22      130       22      220  S
     17      1   2.6097874023222911D-01 5.5D-09 0.0D+00 7.4D-09 0.0D+00       21      122       21      210  S
     17      1   2.6097874023253420D-01 5.5D-09 0.0D+00 2.1D-09 0.0D+00       22      116       22      220  S
     17      1   2.6028708335454059D-01 5.2D-09 0.0D+00 5.9D-10 0.0D+00       22      121       22      220  S
     17      1   2.6053419772305958D-01 5.4D-09 0.0D+00 2.1D-08 0.0D+00       24      138       24      240  S
     17      1   2.6097874023257711D-01 5.5D-09 0.0D+00 3.9D-09 0.0D+00       22      133       22      220  S
     17      1   2.6053419772287073D-01 5.4D-09 0.0D+00 8.8D-09 0.0D+00       23      130       23      230  S
     17      1   2.6053419772314512D-01 5.4D-09 0.0D+00 1.2D-08 0.0D+00       24      146       24      240  S
     17      1   2.6028708335445216D-01 5.2D-09 0.0D+00 1.7D-09 0.0D+00       22      119       22      220  S
     17      1   2.6097874023268486D-01 5.5D-09 0.0D+00 3.2D-09 0.0D+00       22      118       22      220  S
     17      1   2.6028708335431167D-01 5.2D-09 0.0D+00 8.5D-09 0.0D+00       22      119       22      220  S
     17      1   2.6053419772314496D-01 5.4D-09 0.0D+00 4.9D-09 0.0D+00       23      138       23      230  S
     17      1   2.6097874023243622D-01 5.5D-09 0.0D+00 1.9D-09 0.0D+00       22      120       22      220  S
     17      1   2.6028708335433365D-01 5.2D-09 0.0D+00 2.4D-10 0.0D+00       21      117       21      210  S
     17      1   2.6097874023388851D-01 5.5D-09 0.0D+00 1.3D-09 0.0D+00       23      133       23      230  S
     17      1   2.6028708335451356D-01 5.2D-09 0.0D+00 3.4D-09 0.0D+00       22      115       22      220  S
     17      1   2.6028708335436201D-01 5.2D-09 0.0D+00 3.2D-09 0.0D+00       22      118       22      220  S
     17      1   2.6097874023251705D-01 5.5D-09 0.0D+00 9.0D-09 0.0D+00       22      118       22      220  S
     17      1   2.6028708335444406D-01 5.2D-09 0.0D+00 4.5D-09 0.0D+00       22      131       22      220  S
     17      1   2.6028708335444734D-01 5.2D-09 0.0D+00 8.3D-09 0.0D+00       22      117       22      220  S
     17      1   2.6028708335430872D-01 5.2D-09 0.0D+00 1.1D-09 0.0D+00       21      117       21      210  S
     17      1   2.6097874023364542D-01 5.5D-09 0.0D+00 7.3D-09 0.0D+00       22      132       22      220  S
     17      1   2.7427896691016368D-01 5.2D-09 0.0D+00 2.0D-07 0.0D+00       24      158       24      240  S
     17      1   2.6028708335448603D-01 5.2D-09 0.0D+00 3.9D-09 0.0D+00       22      123       22      220  S
     17      1   2.6097874023252204D-01 5.5D-09 0.0D+00 2.1D-09 0.0D+00       22      122       22      220  S
     17      1   2.6028708335457434D-01 5.2D-09 0.0D+00 4.1D-09 0.0D+00       22      116       22      220  S
     17      1   2.6097874023259082D-01 5.5D-09 0.0D+00 9.4D-09 0.0D+00       22      132       22      220  S
     17      1   2.7719416277123360D-01 6.3D-09 0.0D+00 3.0D-09 0.0D+00       22      144       22      220  S
     17      1   2.6028708335457934D-01 5.2D-09 0.0D+00 1.2D-09 0.0D+00       22      122       22      220  S
     17      1   8.8409814673439657D-01 0.0D+00 0.0D+00 8.8D-01 0.0D+00        3       35        3       30  S
     17      1   2.6097874023364770D-01 5.5D-09 0.0D+00 1.1D-08 0.0D+00       23      134       23      230  S
     17      1   2.6053419772309638D-01 5.4D-09 0.0D+00 5.6D-09 0.0D+00       23      151       23      230  S
     17      1   2.6097874023386747D-01 5.5D-09 0.0D+00 2.3D-09 0.0D+00       23      136       23      230  S
     17      1   2.6097874023366713D-01 5.5D-09 0.0D+00 5.9D-09 0.0D+00       22      120       22      220  S
     17      1   2.6097874023397905D-01 5.5D-09 0.0D+00 3.7D-10 0.0D+00       23      147       23      230  S
     17      1   2.6097874023246770D-01 5.5D-09 0.0D+00 5.2D-09 0.0D+00       22      116       22      220  S
     17      1   2.6097874023210049D-01 5.5D-09 0.0D+00 3.0D-09 0.0D+00       21      110       21      210  S
     17      1   2.6028708335570033D-01 5.2D-09 0.0D+00 5.5D-09 0.0D+00       23      132       23      230  S
     17      1   2.6028708335442680D-01 5.2D-09 0.0D+00 9.1D-10 0.0D+00       21      130       21      210  S
     17      1   2.6097874023353212D-01 5.5D-09 0.0D+00 9.8D-09 0.0D+00       22      131       22      220  S
     17      1   2.6053419772279934D-01 5.4D-09 0.0D+00 6.2D-09 0.0D+00       23      132       23      230  S
     17      1   2.6097874023247242D-01 5.5D-09 0.0D+00 5.0D-09 0.0D+00       22      120       22      220  S
     17      1   3.0438971825836958D-01 6.5D-09 0.0D+00 7.1D-10 0.0D+00       22      149       22      220  S
     17      1   2.7427138046777666D-01 6.5D-09 0.0D+00 1.2D-07 0.0D+00       23      155       23      230  S
     17      1   3.0167543251235696D-01 6.2D-09 0.0D+00 4.3D-09 0.0D+00       21      169       21      210  S
     17      1   2.6053419772320818D-01 5.4D-09 0.0D+00 1.0D-09 0.0D+00       23      134       23      230  S
     17      1   2.6028708335469697D-01 5.2D-09 0.0D+00 7.3D-09 0.0D+00       22      116       22      220  S
     17      1   2.6053419772295605D-01 5.4D-09 0.0D+00 8.9D-09 0.0D+00       23      130       23      230  S
     17      1   2.6028708335435091D-01 5.2D-09 0.0D+00 9.2D-10 0.0D+00       21      121       21      210  S
     17      1   2.6053419772146652D-01 5.4D-09 0.0D+00 8.1D-09 0.0D+00       21      121       21      210  S
     17      1   2.6097874023226963D-01 5.5D-09 0.0D+00 4.6D-10 0.0D+00       22      134       22      220  S
     17      1   2.6097874023385331D-01 5.5D-09 0.0D+00 7.5D-09 0.0D+00       23      138       23      230  S
     17      1   2.6053419772302705D-01 5.4D-09 0.0D+00 9.1D-09 0.0D+00       23      138       23      230  S
     17      1   2.6028708335438183D-01 5.2D-09 0.0D+00 1.5D-09 0.0D+00       22      116       22      220  S
     17      1   2.6028708335453327D-01 5.2D-09 0.0D+00 1.7D-08 0.0D+00       23      139       23      230  S
     17      1   2.6053419772300418D-01 5.4D-09 0.0D+00 1.9D-10 0.0D+00       23      138       23      230  S
     17      1   2.6028708335453227D-01 5.2D-09 0.0D+00 1.7D-09 0.0D+00       22      116       22      220  S
     17      1   2.6097874023354567D-01 5.5D-09 0.0D+00 7.5D-09 0.0D+00       22      130       22      220  S
     17      1   2.6053419772315745D-01 5.4D-09 0.0D+00 1.6D-08 0.0D+00       24      152       24      240  S
     17      1   2.6097874023388368D-01 5.5D-09 0.0D+00 1.1D-09 0.0D+00       23      137       23      230  S
     17      1   2.6097874023251239D-01 5.5D-09 0.0D+00 8.5D-09 0.0D+00       22      131       22      220  S
     17      1   2.0242951559216649D+00 2.2D-16 0.0D+00 1.0D+00 0.0D+00        3       32        3       30  S
     17      1   2.6028708335428086D-01 5.2D-09 0.0D+00 6.1D-09 0.0D+00       22      118       22      220  S
     17      1   2.6097874023250756D-01 5.5D-09 0.0D+00 7.9D-09 0.0D+00       22      114       22      220  S
     17      1   2.6053419772299380D-01 5.4D-09 0.0D+00 7.3D-09 0.0D+00       23      145       23      230  S
     17      1   2.6028708335448919D-01 5.2D-09 0.0D+00 4.6D-09 0.0D+00       22      115       22      220  S
     17      1   2.6097874023365653D-01 5.5D-09 0.0D+00 9.5D-09 0.0D+00       22      152       22      220  S
     17      1   2.6053419772304987D-01 5.4D-09 0.0D+00 7.2D-09 0.0D+00       23      136       23      230  S
     17      1   2.6053419772310105D-01 5.4D-09 0.0D+00 3.6D-09 0.0D+00       23      131       23      230  S
     17      1   2.6053419772319247D-01 5.4D-09 0.0D+00 3.9D-08 0.0D+00       24      160       24      240  S
     17      1   2.6028708335444017D-01 5.2D-09 0.0D+00 2.4D-08 0.0D+00       23      125       23      230  S
     17      1   2.6053419772159553D-01 5.4D-09 0.0D+00 2.7D-09 0.0D+00       21      131       21      210  S
     17      1   2.6053419772313868D-01 5.4D-09 0.0D+00 9.0D-09 0.0D+00       23      136       23      230  S
     17      1   2.6028708335441431D-01 5.2D-09 0.0D+00 1.0D-09 0.0D+00       22      121       22      220  S
     17      1   2.6053419772294956D-01 5.4D-09 0.0D+00 2.6D-09 0.0D+00       23      128       23      230  S
     17      1   2.6097874023226109D-01 5.5D-09 0.0D+00 7.7D-09 0.0D+00       21      136       21      210  S
     17      1   2.6097874023242551D-01 5.5D-09 0.0D+00 7.9D-09 0.0D+00       22      128       22      220  S
     17      1   2.6097874023227075D-01 5.5D-09 0.0D+00 8.0D-10 0.0D+00       21      111       21      210  S
     17      1   2.6053419772303865D-01 5.4D-09 0.0D+00 5.6D-09 0.0D+00       23      145       23      230  S
     17      1   2.6028708335443601D-01 5.2D-09 0.0D+00 1.5D-08 0.0D+00       23      130       23      230  S
     17      1   2.6053419772291414D-01 5.4D-09 0.0D+00 5.2D-09 0.0D+00       23      130       23      230  S
     17      1   2.6028708335431561D-01 5.2D-09 0.0D+00 8.6D-09 0.0D+00       21      121       21      210  S
     17      1   2.6053419772307340D-01 5.4D-09 0.0D+00 5.6D-09 0.0D+00       23      135       23      230  S
     17      1   2.6097874023388157D-01 5.5D-09 0.0D+00 8.2D-09 0.0D+00       23      138       23      230  S
     17      1   2.6053419772306630D-01 5.4D-09 0.0D+00 2.6D-09 0.0D+00       23      136       23      230  S
     17      1   2.6028708335452572D-01 5.2D-09 0.0D+00 4.3D-09 0.0D+00       22      117       22      220  S
     17      1   2.6097874023257961D-01 5.5D-09 0.0D+00 1.1D-09 0.0D+00       22      115       22      220  S
     17      1   2.7719416277104481D-01 6.3D-09 0.0D+00 1.6D-08 0.0D+00       23      145       23      230  S
     17      1   2.6028708335438433D-01 5.2D-09 0.0D+00 2.9D-09 0.0D+00       21      121       21      210  S
     17      1   2.6097874023211087D-01 5.5D-09 0.0D+00 1.7D-09 0.0D+00       21      122       21      210  S
     17      1   2.6097874023256895D-01 5.5D-09 0.0D+00 9.1D-09 0.0D+00       22      126       22      220  S
     17      1   2.6097874023252204D-01 5.5D-09 0.0D+00 8.8D-09 0.0D+00       22      118       22      220  S
     17      1   2.6097874023401918D-01 5.5D-09 0.0D+00 4.5D-09 0.0D+00       23      135       23      230  S
     17      1   2.6028708335429868D-01 5.2D-09 0.0D+00 6.3D-09 0.0D+00       21      116       21      210  S
     17      1   2.6097874023248185D-01 5.5D-09 0.0D+00 6.4D-09 0.0D+00       22      121       22      220  S
     17      1   2.6097874023366446D-01 5.5D-09 0.0D+00 2.4D-10 0.0D+00       22      127       22      220  S
     17      1   2.6097874023238748D-01 5.5D-09 0.0D+00 1.2D-09 0.0D+00       22      119       22      220  S
     17      1   2.6053419772300096D-01 5.4D-09 0.0D+00 9.3D-10 0.0D+00       23      128       23      230  S
     17      1   2.6097874023367390D-01 5.5D-09 0.0D+00 3.2D-09 0.0D+00       23      148       23      230  S
     17      1   2.6097874023247503D-01 5.5D-09 0.0D+00 2.0D-09 0.0D+00       22      134       22      220  S
     17      1   2.6053419772305564D-01 5.4D-09 0.0D+00 4.6D-09 0.0D+00       23      141       23      230  S
     17      1   2.6053419772303388D-01 5.4D-09 0.0D+00 8.6D-09 0.0D+00       23      140       23      230  S
     17      1   2.6053419772309755D-01 5.4D-09 0.0D+00 8.6D-09 0.0D+00       23      135       23      230  S
     17      1   2.6028708335423956D-01 5.2D-09 0.0D+00 4.6D-09 0.0D+00       21      115       21      210  S
     17      1   2.6097874023267931D-01 5.5D-09 0.0D+00 1.0D-08 0.0D+00       24      129       24      240  S
     17      1   2.6053419772308956D-01 5.4D-09 0.0D+00 6.2D-09 0.0D+00       23      140       23      230  S
     17      1   2.6097874023390266D-01 5.5D-09 0.0D+00 8.7D-09 0.0D+00       23      136       23      230  S
     17      1   2.6097874023242779D-01 5.5D-09 0.0D+00 1.3D-09 0.0D+00       22      120       22      220  S
     17      1   2.6053419772301611D-01 5.4D-09 0.0D+00 7.5D-09 0.0D+00       23      146       23      230  S
     17      1   2.6053419772145248D-01 5.4D-09 0.0D+00 8.4D-09 0.0D+00       21      125       21      210  S
     17      1   2.6028708335453232D-01 5.2D-09 0.0D+00 4.1D-10 0.0D+00       22      114       22      220  S
     17      1   2.6053419772152514D-01 5.4D-09 0.0D+00 3.4D-09 0.0D+00       21      122       21      210  S
     17      1   2.6028708335423772D-01 5.2D-09 0.0D+00 2.1D-08 0.0D+00       22      123       22      220  S
     17      1   2.6097874023387357D-01 5.5D-09 0.0D+00 9.0D-09 0.0D+00       23      135       23      230  S
     17      1   2.6053419772305342D-01 5.4D-09 0.0D+00 8.2D-09 0.0D+00       23      135       23      230  S
     17      1   2.6097874023234086D-01 5.5D-09 0.0D+00 8.3D-09 0.0D+00       21      111       21      210  S
     17      1   2.6097874023375017D-01 5.5D-09 0.0D+00 5.1D-09 0.0D+00       23      152       23      230  S
     17      1   2.6028708335448447D-01 5.2D-09 0.0D+00 3.8D-09 0.0D+00       22      116       22      220  S
     17      1   2.6097874023229711D-01 5.5D-09 0.0D+00 3.6D-08 0.0D+00       22      129       22      220  S
     17      1   2.6028708335431916D-01 5.2D-09 0.0D+00 6.8D-09 0.0D+00       22      117       22      220  S
     17      1   2.6963478852784473D-01 5.3D-09 0.0D+00 8.3D-09 0.0D+00       21      118       21      210  S
     17      1   2.6097874023371520D-01 5.5D-09 0.0D+00 8.8D-09 0.0D+00       23      135       23      230  S
     17      1   2.6053419772298375D-01 5.4D-09 0.0D+00 5.3D-09 0.0D+00       23      138       23      230  S
     17      1   2.6097874023378026D-01 5.5D-09 0.0D+00 6.0D-09 0.0D+00       23      135       23      230  S
     17      1   2.6963478852873984D-01 5.3D-09 0.0D+00 7.1D-09 0.0D+00       22      115       22      220  S
     17      1   2.6053419772306130D-01 5.4D-09 0.0D+00 2.6D-08 0.0D+00       24      137       24      240  S
     17      1   3.0438971795766301D-01 6.5D-09 0.0D+00 1.1D-07 0.0D+00       22      139       22      220  S
     17      1   2.6097874023244816D-01 5.5D-09 0.0D+00 1.9D-10 0.0D+00       22      120       22      220  S
     17      1   3.0438971795653352D-01 6.5D-09 0.0D+00 2.1D-07 0.0D+00       24      233       24      240  S
     17      1   2.6097874023258710D-01 5.5D-09 0.0D+00 9.4D-09 0.0D+00       22      120       22      220  S
     17      1   2.6028708335464901D-01 5.2D-09 0.0D+00 1.2D-09 0.0D+00       22      122       22      220  S
