     11      1   3.2614088633118504D-01 6.4D-09 0.0D+00 1.1D-09 0.0D+00       21      100       21      210  S
     11      1   3.2614088633149302D-01 6.4D-09 0.0D+00 8.6D-09 0.0D+00       22      103       22      220  S
     11      1   3.2614088633155947D-01 6.4D-09 0.0D+00 9.4D-09 0.0D+00       22      107       22      220  S
     11      1   3.2614088633135885D-01 6.4D-09 0.0D+00 2.2D-10 0.0D+00       22      107       22      220  S
     11      1   3.2614088633134503D-01 6.4D-09 0.0D+00 7.2D-10 0.0D+00       22      104       22      220  S
     11      1   3.2614088633144300D-01 6.4D-09 0.0D+00 4.2D-09 0.0D+00       22      105       22      220  S
     11      1   3.2614088633132027D-01 6.4D-09 0.0D+00 5.3D-09 0.0D+00       22      105       22      220  S
     11      1   3.2614088633096500D-01 6.4D-09 0.0D+00 8.7D-09 0.0D+00       21      102       21      210  S
     11      1   3.2614088633149957D-01 6.4D-09 0.0D+00 9.0D-09 0.0D+00       22      105       22      220  S
     11      1   3.2614088633108773D-01 6.4D-09 0.0D+00 6.7D-09 0.0D+00       21       99       21      210  S
     11      1   3.2614088633123139D-01 6.4D-09 0.0D+00 6.1D-09 0.0D+00       22      108       22      220  S
     11      1   3.2614088633125304D-01 6.4D-09 0.0D+00 9.1D-09 0.0D+00       21      102       21      210  S
     11      1   3.2614088633109606D-01 6.4D-09 0.0D+00 3.4D-09 0.0D+00       21      100       21      210  S
     11      1   3.2614088633148408D-01 6.4D-09 0.0D+00 1.7D-09 0.0D+00       22      107       22      220  S
     11      1   3.2614088633110239D-01 6.4D-09 0.0D+00 6.7D-09 0.0D+00       21      102       21      210  S
     11      1   3.2614088633125426D-01 6.4D-09 0.0D+00 9.2D-09 0.0D+00       22      105       22      220  S
     11      1   3.2614088633143362D-01 6.4D-09 0.0D+00 8.9D-09 0.0D+00       22      109       22      220  S
     11      1   3.2614088633148774D-01 6.4D-09 0.0D+00 5.0D-09 0.0D+00       22      104       22      220  S
     11      1   3.2614088633149285D-01 6.4D-09 0.0D+00 7.6D-09 0.0D+00       22      107       22      220  S
     11      1   3.2614088633130933D-01 6.4D-09 0.0D+00 1.2D-08 0.0D+00       22      110       22      220  S
     11      1   3.2614088633107402D-01 6.4D-09 0.0D+00 3.1D-09 0.0D+00       21      102       21      210  S
     11      1   3.2614088633139177D-01 6.4D-09 0.0D+00 1.8D-09 0.0D+00       22      105       22      220  S
     11      1   3.2614088633140204D-01 6.4D-09 0.0D+00 8.3D-09 0.0D+00       22      105       22      220  S
     11      1   3.2614088633120292D-01 6.4D-09 0.0D+00 1.2D-09 0.0D+00       21      100       21      210  S
     11      1   3.2614088633130994D-01 6.4D-09 0.0D+00 1.1D-08 0.0D+00       23      114       23      230  S
     11      1   3.5352151194812487D-01 8.1D-09 0.0D+00 3.6D-09 0.0D+00       21      137       21      210  S
     11      1   3.2614088633099636D-01 6.4D-09 0.0D+00 6.4D-09 0.0D+00       21      108       21      210  S
     11      1   3.2614088633142047D-01 6.4D-09 0.0D+00 9.9D-09 0.0D+00       22      106       22      220  S
     11      1   3.2614088633103239D-01 6.4D-09 0.0D+00 6.4D-09 0.0D+00       21      100       21      210  S
     11      1   3.2614088633106403D-01 6.4D-09 0.0D+00 6.8D-09 0.0D+00       21      102       21      210  S
     11      1   3.2614088633143690D-01 6.4D-09 0.0D+00 1.8D-09 0.0D+00       22      106       22      220  S
     11      1   3.2614088633118166D-01 6.4D-09 0.0D+00 2.1D-09 0.0D+00       21      102       21      210  S
     11      1   3.2614088633155974D-01 6.4D-09 0.0D+00 7.5D-09 0.0D+00       22      107       22      220  S
     11      1   3.2614088633135330D-01 6.4D-09 0.0D+00 9.3D-09 0.0D+00       22      108       22      220  S
     11      1   3.2614088633097182D-01 6.4D-09 0.0D+00 4.6D-09 0.0D+00       21      108       21      210  S
     11      1   3.2614088633115690D-01 6.4D-09 0.0D+00 7.2D-09 0.0D+00       21      101       21      210  S
     11      1   3.2614088633099825D-01 6.4D-09 0.0D+00 5.0D-09 0.0D+00       21      103       21      210  S
     11      1   3.2614088633155075D-01 6.4D-09 0.0D+00 8.1D-09 0.0D+00       22      105       22      220  S
     11      1   3.2614088633163635D-01 6.4D-09 0.0D+00 2.0D-09 0.0D+00       22      110       22      220  S
     11      1   3.2614088633136917D-01 6.4D-09 0.0D+00 2.3D-09 0.0D+00       22      105       22      220  S
     11      1   3.2614088633093075D-01 6.4D-09 0.0D+00 6.5D-09 0.0D+00       21      100       21      210  S
     11      1   3.2614088633121330D-01 6.4D-09 0.0D+00 1.4D-09 0.0D+00       21      101       21      210  S
     11      1   3.2614088633154059D-01 6.4D-09 0.0D+00 9.1D-09 0.0D+00       22      103       22      220  S
     11      1   3.2614088633109034D-01 6.4D-09 0.0D+00 9.0D-09 0.0D+00       21      104       21      210  S
     11      1   3.2614088633150840D-01 6.4D-09 0.0D+00 6.3D-09 0.0D+00       22      104       22      220  S
     11      1   3.2614088633121407D-01 6.4D-09 0.0D+00 7.3D-09 0.0D+00       21       99       21      210  S
     11      1   3.2614088633114585D-01 6.4D-09 0.0D+00 2.8D-09 0.0D+00       21      100       21      210  S
     11      1   3.2614088633144572D-01 6.4D-09 0.0D+00 8.4D-09 0.0D+00       22      106       22      220  S
     11      1   3.2614088633153548D-01 6.4D-09 0.0D+00 6.2D-09 0.0D+00       22      105       22      220  S
     11      1   3.2614088633134392D-01 6.4D-09 0.0D+00 2.2D-09 0.0D+00       22      105       22      220  S
     11      1   3.2614088633114879D-01 6.4D-09 0.0D+00 8.5D-09 0.0D+00       22      107       22      220  S
     11      1   3.2614088633099120D-01 6.4D-09 0.0D+00 9.6D-09 0.0D+00       21      104       21      210  S
     11      1   3.2614088633139449D-01 6.4D-09 0.0D+00 6.3D-09 0.0D+00       22      106       22      220  S
     11      1   3.2614088633122273D-01 6.4D-09 0.0D+00 9.3D-09 0.0D+00       21       99       21      210  S
     11      1   3.2614088633103361D-01 6.4D-09 0.0D+00 6.3D-10 0.0D+00       21      101       21      210  S
     11      1   3.2614088633148053D-01 6.4D-09 0.0D+00 1.7D-09 0.0D+00       22      106       22      220  S
     11      1   3.2614088633140587D-01 6.4D-09 0.0D+00 7.1D-09 0.0D+00       22      108       22      220  S
     11      1   3.2614088633128396D-01 6.4D-09 0.0D+00 2.6D-09 0.0D+00       22      104       22      220  S
     11      1   3.2614088633147326D-01 6.4D-09 0.0D+00 8.0D-09 0.0D+00       22      104       22      220  S
     11      1   3.2614088633138888D-01 6.4D-09 0.0D+00 5.2D-09 0.0D+00       22      106       22      220  S
     11      1   3.2614088633121774D-01 6.4D-09 0.0D+00 2.5D-10 0.0D+00       21      100       21      210  S
     11      1   6.5374340528486197D-01 3.6D-03 0.0D+00 9.3D+16 0.0D+00       22      138       23      230  S
     11      1   3.2614088633139060D-01 6.4D-09 0.0D+00 2.4D-09 0.0D+00       22      104       22      220  S
     11      1   3.2614088633126087D-01 6.4D-09 0.0D+00 5.2D-09 0.0D+00       22      106       22      220  S
     11      1   3.2614088633111243D-01 6.4D-09 0.0D+00 3.2D-09 0.0D+00       21      100       21      210  S
     11      1   3.2614088633130006D-01 6.4D-09 0.0D+00 2.4D-09 0.0D+00       22      105       22      220  S
     11      1   3.2614088633144139D-01 6.4D-09 0.0D+00 1.0D-09 0.0D+00       22      105       22      220  S
     11      1   3.2614088633106991D-01 6.4D-09 0.0D+00 3.2D-10 0.0D+00       21      101       21      210  S
     11      1   3.2614088633163485D-01 6.4D-09 0.0D+00 7.1D-09 0.0D+00       22      104       22      220  S
     11      1   3.2614088633140031D-01 6.4D-09 0.0D+00 2.7D-09 0.0D+00       22      112       22      220  S
     11      1   3.2614088633117888D-01 6.4D-09 0.0D+00 2.9D-09 0.0D+00       21      101       21      210  S
     11      1   3.2614088633164351D-01 6.4D-09 0.0D+00 7.9D-09 0.0D+00       22      103       22      220  S
     11      1   3.2614088633152105D-01 6.4D-09 0.0D+00 6.5D-09 0.0D+00       22      106       22      220  S
     11      1   3.5352151772698837D-01 8.1D-09 0.0D+00 4.3D-09 0.0D+00       22      183       22      220  S
     11      1   3.2614088633146393D-01 6.4D-09 0.0D+00 6.1D-09 0.0D+00       22      107       22      220  S
     11      1   3.2614088633141419D-01 6.4D-09 0.0D+00 4.1D-09 0.0D+00       22      103       22      220  S
     11      1   3.2614088633105642D-01 6.4D-09 0.0D+00 5.0D-10 0.0D+00       21      102       21      210  S
     11      1   3.2614088633103611D-01 6.4D-09 0.0D+00 7.6D-09 0.0D+00       21      106       21      210  S
     11      1   3.2614088633151406D-01 6.4D-09 0.0D+00 6.2D-09 0.0D+00       22      105       22      220  S
     11      1   3.2614088633150934D-01 6.4D-09 0.0D+00 8.5D-09 0.0D+00       22      107       22      220  S
     11      1   3.2614088633135302D-01 6.4D-09 0.0D+00 5.1D-09 0.0D+00       22      103       22      220  S
     11      1   3.2614088633111260D-01 6.4D-09 0.0D+00 5.0D-09 0.0D+00       21      100       21      210  S
     11      1   3.2614088633143334D-01 6.4D-09 0.0D+00 1.5D-09 0.0D+00       22      103       22      220  S
     11      1   3.2614088633133120D-01 6.4D-09 0.0D+00 6.3D-09 0.0D+00       22      104       22      220  S
     11      1   3.2614088633145355D-01 6.4D-09 0.0D+00 9.2D-09 0.0D+00       22      105       22      220  S
     11      1   3.2614088633123089D-01 6.4D-09 0.0D+00 3.4D-09 0.0D+00       21      100       21      210  S
     11      1   3.2614088633156552D-01 6.4D-09 0.0D+00 8.7D-09 0.0D+00       22      105       22      220  S
     11      1   3.2614088633145261D-01 6.4D-09 0.0D+00 4.4D-09 0.0D+00       22      103       22      220  S
     11      1   3.2614088633120336D-01 6.4D-09 0.0D+00 8.3D-09 0.0D+00       21      103       21      210  S
     11      1   3.2614088633128357D-01 6.4D-09 0.0D+00 7.5D-09 0.0D+00       22      103       22      220  S
     11      1   3.2614088633151006D-01 6.4D-09 0.0D+00 2.3D-09 0.0D+00       22      104       22      220  S
     11      1   3.2614088633133753D-01 6.4D-09 0.0D+00 1.0D-09 0.0D+00       22      106       22      220  S
     11      1   3.2614088633142496D-01 6.4D-09 0.0D+00 1.9D-09 0.0D+00       22      104       22      220  S
     11      1   3.2614088633114668D-01 6.4D-09 0.0D+00 1.2D-08 0.0D+00       22      110       22      220  S
     11      1   3.2614088633131311D-01 6.4D-09 0.0D+00 1.8D-09 0.0D+00       22      107       22      220  S
     11      1   3.2614088633103638D-01 6.4D-09 0.0D+00 1.2D-09 0.0D+00       21      103       21      210  S
     11      1   3.2614088633147298D-01 6.4D-09 0.0D+00 5.4D-09 0.0D+00       22      110       22      220  S
     11      1   3.2614088633158039D-01 6.4D-09 0.0D+00 3.6D-09 0.0D+00       22      106       22      220  S
     11      1   3.2614088633131266D-01 6.4D-09 0.0D+00 1.3D-09 0.0D+00       22      104       22      220  S
     11      1   3.2614088633147370D-01 6.4D-09 0.0D+00 6.9D-09 0.0D+00       22      108       22      220  S
     11      1   3.2614088633122945D-01 6.4D-09 0.0D+00 8.8D-09 0.0D+00       21      100       21      210  S
     11      1   3.2614088633109284D-01 6.4D-09 0.0D+00 2.3D-09 0.0D+00       21      101       21      210  S
     11      1   3.2614088633136440D-01 6.4D-09 0.0D+00 1.2D-09 0.0D+00       22      109       22      220  S
     11      1   3.2614088633126426D-01 6.4D-09 0.0D+00 9.8D-09 0.0D+00       21      101       21      210  S
     11      1   3.2614088633103872D-01 6.4D-09 0.0D+00 4.4D-09 0.0D+00       21      103       21      210  S
     11      1   3.2614088633125748D-01 6.4D-09 0.0D+00 5.1D-09 0.0D+00       22      103       22      220  S
     11      1   3.2614088633140570D-01 6.4D-09 0.0D+00 2.7D-09 0.0D+00       22      103       22      220  S
     11      1   3.2614088633151395D-01 6.4D-09 0.0D+00 6.2D-09 0.0D+00       22      114       22      220  S
     11      1   3.2614088633124738D-01 6.4D-09 0.0D+00 1.0D-08 0.0D+00       23      115       23      230  S
     11      1   3.2614088633139737D-01 6.4D-09 0.0D+00 8.5D-09 0.0D+00       22      107       22      220  S
     11      1   3.2614088633102989D-01 6.4D-09 0.0D+00 7.4D-09 0.0D+00       21      103       21      210  S
     11      1   3.2614088633094385D-01 6.4D-09 0.0D+00 5.4D-10 0.0D+00       21      102       21      210  S
     11      1   3.2614088633140559D-01 6.4D-09 0.0D+00 4.4D-09 0.0D+00       22      104       22      220  S
     11      1   3.2614088633129168D-01 6.4D-09 0.0D+00 4.5D-09 0.0D+00       21      103       21      210  S
     11      1   3.2614088633134458D-01 6.4D-09 0.0D+00 4.3D-09 0.0D+00       22      103       22      220  S
     11      1   3.2614088633125460D-01 6.4D-09 0.0D+00 3.7D-09 0.0D+00       22      105       22      220  S
     11      1   3.2614088633106575D-01 6.4D-09 0.0D+00 8.9D-09 0.0D+00       21      106       21      210  S
     11      1   3.2614088633148841D-01 6.4D-09 0.0D+00 2.7D-09 0.0D+00       22      107       22      220  S
     11      1   3.2614088633128246D-01 6.4D-09 0.0D+00 1.9D-09 0.0D+00       22      110       22      220  S
     11      1   3.2614088633154203D-01 6.4D-09 0.0D+00 7.3D-09 0.0D+00       22      106       22      220  S
     11      1   3.2614088633136640D-01 6.4D-09 0.0D+00 9.7D-12 0.0D+00       22      105       22      220  S
     11      1   3.2614088633140109D-01 6.4D-09 0.0D+00 6.3D-09 0.0D+00       22      105       22      220  S
     11      1   3.2614088633119326D-01 6.4D-09 0.0D+00 9.4D-09 0.0D+00       22      107       22      220  S
     11      1   3.2614088633123195D-01 6.4D-09 0.0D+00 5.5D-09 0.0D+00       22      112       22      220  S
     11      1   3.2614088633133725D-01 6.4D-09 0.0D+00 7.2D-09 0.0D+00       22      105       22      220  S
     11      1   3.2614088633150778D-01 6.4D-09 0.0D+00 5.9D-09 0.0D+00       22      106       22      220  S
     11      1   3.2614088633134330D-01 6.4D-09 0.0D+00 4.5D-10 0.0D+00       22      104       22      220  S
     11      1   3.2614088633149207D-01 6.4D-09 0.0D+00 7.9D-09 0.0D+00       22      106       22      220  S
     11      1   3.2614088633167881D-01 6.4D-09 0.0D+00 2.4D-09 0.0D+00       22      106       22      220  S
     11      1   3.2614088633138738D-01 6.4D-09 0.0D+00 6.0D-09 0.0D+00       22      107       22      220  S
     11      1   3.2614088633123078D-01 6.4D-09 0.0D+00 8.9D-09 0.0D+00       21      101       21      210  S
     11      1   3.2614088633098298D-01 6.4D-09 0.0D+00 9.0D-09 0.0D+00       21      100       21      210  S
     11      1   3.2614088633122990D-01 6.4D-09 0.0D+00 9.0D-09 0.0D+00       21      100       21      210  S
     11      1   3.2614088633141675D-01 6.4D-09 0.0D+00 3.4D-09 0.0D+00       22      104       22      220  S
     11      1   3.2614088633148069D-01 6.4D-09 0.0D+00 3.7D-09 0.0D+00       22      107       22      220  S
     11      1   3.2614088633151544D-01 6.4D-09 0.0D+00 6.8D-09 0.0D+00       22      104       22      220  S
     11      1   3.2614088633100963D-01 6.4D-09 0.0D+00 6.4D-09 0.0D+00       21      103       21      210  S
     11      1   3.2614088633160415D-01 6.4D-09 0.0D+00 5.0D-09 0.0D+00       22      109       22      220  S
     11      1   3.2614088633138327D-01 6.4D-09 0.0D+00 7.2D-09 0.0D+00       22      107       22      220  S
     11      1   3.2614088633116650D-01 6.4D-09 0.0D+00 6.1D-09 0.0D+00       21      102       21      210  S
     11      1   3.2614088633133698D-01 6.4D-09 0.0D+00 1.9D-09 0.0D+00       22      103       22      220  S
     11      1   3.2614088633139671D-01 6.4D-09 0.0D+00 7.5D-09 0.0D+00       22      106       22      220  S
     11      1   3.5352151194802134D-01 8.1D-09 0.0D+00 7.6D-09 0.0D+00       21      134       21      210  S
     11      1   3.2614088633106092D-01 6.4D-09 0.0D+00 4.8D-09 0.0D+00       21      102       21      210  S
     11      1   3.2614088633108396D-01 6.4D-09 0.0D+00 5.1D-09 0.0D+00       21      100       21      210  S
     11      1   3.2614088633139104D-01 6.4D-09 0.0D+00 4.8D-09 0.0D+00       22      104       22      220  S
     11      1   3.2614088633143573D-01 6.4D-09 0.0D+00 1.8D-08 0.0D+00       23      112       23      230  S
     11      1   3.2614088633111338D-01 6.4D-09 0.0D+00 4.7D-09 0.0D+00       21      101       21      210  S
     11      1   3.2614088633070709D-01 6.4D-09 0.0D+00 5.3D-09 0.0D+00       21      104       21      210  S
     11      1   3.2614088633123411D-01 6.4D-09 0.0D+00 5.3D-09 0.0D+00       21      101       21      210  S
     11      1   3.2614088633101657D-01 6.4D-09 0.0D+00 1.1D-09 0.0D+00       21      104       21      210  S
     11      1   5.6279726520917228D-01 1.9D-02 0.0D+00 1.0D+00 0.0D+00       21      108       22      220  S
     11      1   3.2614088633107019D-01 6.4D-09 0.0D+00 3.4D-09 0.0D+00       21      100       21      210  S
     11      1   3.5352151772749968D-01 8.1D-09 0.0D+00 9.2D-09 0.0D+00       22      195       22      220  S
     11      1   3.5352156027426146D-01 8.1D-09 0.0D+00 2.2D-06 0.0D+00       21      181       21      210  S
     11      1   3.2614088633148464D-01 6.4D-09 0.0D+00 5.0D-09 0.0D+00       22      112       22      220  S
     11      1   3.2614088633126093D-01 6.4D-09 0.0D+00 2.9D-09 0.0D+00       21      101       21      210  S
     11      1   3.2614088633136157D-01 6.4D-09 0.0D+00 1.4D-09 0.0D+00       22      104       22      220  S
     11      1   3.2614088633138966D-01 6.4D-09 0.0D+00 6.5D-09 0.0D+00       22      104       22      220  S
     11      1   3.2614088633100946D-01 6.4D-09 0.0D+00 2.7D-09 0.0D+00       21      102       21      210  S
     11      1   3.2614088633128041D-01 6.4D-09 0.0D+00 5.0D-09 0.0D+00       21      101       21      210  S
     11      1   3.2614088633117960D-01 6.4D-09 0.0D+00 7.2D-09 0.0D+00       21      101       21      210  S
     11      1   3.2614088633135246D-01 6.4D-09 0.0D+00 2.3D-08 0.0D+00       22      107       22      220  S
     11      1   3.2614088633146515D-01 6.4D-09 0.0D+00 5.6D-09 0.0D+00       22      106       22      220  S
     11      1   3.2614088633124583D-01 6.4D-09 0.0D+00 8.2D-09 0.0D+00       22      108       22      220  S
     11      1   3.2614088633117777D-01 6.4D-09 0.0D+00 1.1D-09 0.0D+00       21      100       21      210  S
     11      1   3.2614088633163008D-01 6.4D-09 0.0D+00 9.8D-09 0.0D+00       22      107       22      220  S
     11      1   3.2614088633135835D-01 6.4D-09 0.0D+00 5.0D-09 0.0D+00       22      111       22      220  S
     11      1   3.2614088633114985D-01 6.4D-09 0.0D+00 2.5D-10 0.0D+00       21      100       21      210  S
     11      1   3.2614088633128857D-01 6.4D-09 0.0D+00 3.3D-09 0.0D+00       22      108       22      220  S
     11      1   3.2614088633133337D-01 6.4D-09 0.0D+00 8.7D-09 0.0D+00       22      108       22      220  S
     11      1   3.2614088633159216D-01 6.4D-09 0.0D+00 6.8D-09 0.0D+00       22      109       22      220  S
     11      1   3.2614088633134797D-01 6.4D-09 0.0D+00 2.2D-09 0.0D+00       22      105       22      220  S
     11      1   3.2614088633105304D-01 6.4D-09 0.0D+00 6.7D-09 0.0D+00       21      100       21      210  S
     11      1   3.2614088633114036D-01 6.4D-09 0.0D+00 2.7D-09 0.0D+00       21      100       21      210  S
     11      1   3.2614088633114346D-01 6.4D-09 0.0D+00 2.8D-09 0.0D+00       21      100       21      210  S
     11      1   3.2614088633135896D-01 6.4D-09 0.0D+00 9.2D-09 0.0D+00       22      107       22      220  S
     11      1   3.2614088633099803D-01 6.4D-09 0.0D+00 1.3D-09 0.0D+00       21      100       21      210  S
     11      1   3.2614088633138372D-01 6.4D-09 0.0D+00 2.5D-09 0.0D+00       22      107       22      220  S
     11      1   3.2614088633109045D-01 6.4D-09 0.0D+00 2.7D-09 0.0D+00       21      100       21      210  S
     11      1   3.2614088633114757D-01 6.4D-09 0.0D+00 5.4D-09 0.0D+00       21      100       21      210  S
     11      1   3.2614088633141591D-01 6.4D-09 0.0D+00 4.2D-09 0.0D+00       22      107       22      220  S
     11      1   3.2614088633131333D-01 6.4D-09 0.0D+00 6.8D-09 0.0D+00       22      106       22      220  S
     11      1   3.2614088633119409D-01 6.4D-09 0.0D+00 8.8D-09 0.0D+00       21      102       21      210  S
     11      1   3.2614088633147581D-01 6.4D-09 0.0D+00 7.3D-09 0.0D+00       22      106       22      220  S
     11      1   3.2614088633129662D-01 6.4D-09 0.0D+00 1.4D-09 0.0D+00       22      103       22      220  S
     11      1   3.2614088633151433D-01 6.4D-09 0.0D+00 3.9D-09 0.0D+00       22      104       22      220  S
     11      1   3.2614088633138011D-01 6.4D-09 0.0D+00 7.4D-09 0.0D+00       22      106       22      220  S
     11      1   3.2614088633130772D-01 6.4D-09 0.0D+00 7.7D-10 0.0D+00       22      106       22      220  S
     11      1   3.2614088633098698D-01 6.4D-09 0.0D+00 9.2D-09 0.0D+00       21      101       21      210  S
     11      1   3.2614088633158234D-01 6.4D-09 0.0D+00 2.4D-09 0.0D+00       22      105       22      220  S
     11      1   3.2614088633142163D-01 6.4D-09 0.0D+00 1.3D-09 0.0D+00       22      111       22      220  S
     11      1   3.2614088633120075D-01 6.4D-09 0.0D+00 5.2D-09 0.0D+00       21      101       21      210  S
     11      1   3.2614088633134392D-01 6.4D-09 0.0D+00 8.0D-09 0.0D+00       22      108       22      220  S
     11      1   3.2614088633104421D-01 6.4D-09 0.0D+00 8.0D-09 0.0D+00       21      102       21      210  S
     11      1   3.2614088633103444D-01 6.4D-09 0.0D+00 6.7D-09 0.0D+00       21      100       21      210  S
     11      1   3.2614088633136679D-01 6.4D-09 0.0D+00 8.7D-09 0.0D+00       22      105       22      220  S
     11      1   3.2614088633125593D-01 6.4D-09 0.0D+00 3.2D-09 0.0D+00       22      104       22      220  S
     11      1   3.2614088633147048D-01 6.4D-09 0.0D+00 2.3D-08 0.0D+00       23      111       23      230  S
     11      1   3.2614088633157146D-01 6.4D-09 0.0D+00 4.7D-08 0.0D+00       23      116       23      230  S
     11      1   2.3516006385290318D+00 0.0D+00 0.0D+00 1.0D+00 0.0D+00        3       40        3       30  S
     11      1   3.5352151772422974D-01 8.1D-09 0.0D+00 1.2D-07 0.0D+00       23      181       23      230  S
     11      1   3.2614088633116817D-01 6.4D-09 0.0D+00 2.2D-10 0.0D+00       21      105       21      210  S
     11      1   3.2614088633104804D-01 6.4D-09 0.0D+00 6.6D-09 0.0D+00       21      101       21      210  S
     11      1   3.2614088633129351D-01 6.4D-09 0.0D+00 5.3D-09 0.0D+00       22      108       22      220  S
     11      1   3.2614088633155686D-01 6.4D-09 0.0D+00 3.7D-09 0.0D+00       22      104       22      220  S
     11      1   3.2614088633142319D-01 6.4D-09 0.0D+00 3.4D-09 0.0D+00       22      103       22      220  S
     11      1   3.2614088633146182D-01 6.4D-09 0.0D+00 9.9D-09 0.0D+00       22      107       22      220  S
     11      1   3.2614088633133320D-01 6.4D-09 0.0D+00 9.8D-09 0.0D+00       22      107       22      220  S
     11      1   3.2614088633113886D-01 6.4D-09 0.0D+00 7.5D-09 0.0D+00       21      102       21      210  S
     11      1   3.2614088633146932D-01 6.4D-09 0.0D+00 5.9D-09 0.0D+00       22      109       22      220  S
     11      1   3.2614088633129457D-01 6.4D-09 0.0D+00 1.8D-09 0.0D+00       22      107       22      220  S
     11      1   3.2614088633151456D-01 6.4D-09 0.0D+00 3.7D-09 0.0D+00       22      109       22      220  S
     11      1   3.2614088633158478D-01 6.4D-09 0.0D+00 1.2D-10 0.0D+00       22      104       22      220  S
     11      1   3.2614088633132404D-01 6.4D-09 0.0D+00 4.2D-10 0.0D+00       22      105       22      220  S
     11      1   3.2614088633127636D-01 6.4D-09 0.0D+00 7.1D-09 0.0D+00       22      109       22      220  S
     11      1   3.2614088633103155D-01 6.4D-09 0.0D+00 1.7D-09 0.0D+00       21      101       21      210  S
     11      1   3.2614088633123539D-01 6.4D-09 0.0D+00 4.6D-09 0.0D+00       21      104       21      210  S
     11      1   3.2614088633158556D-01 6.4D-09 0.0D+00 3.7D-09 0.0D+00       22      107       22      220  S
     11      1   3.2614088633120142D-01 6.4D-09 0.0D+00 5.8D-09 0.0D+00       22      105       22      220  S
     11      1   3.2614088633136407D-01 6.4D-09 0.0D+00 9.9D-10 0.0D+00       22      106       22      220  S
     11      1   3.2614088633108723D-01 6.4D-09 0.0D+00 7.5D-09 0.0D+00       21      100       21      210  S
     11      1   3.2614088633129174D-01 6.4D-09 0.0D+00 4.5D-09 0.0D+00       22      107       22      220  S
     11      1   3.2614088633116872D-01 6.4D-09 0.0D+00 4.6D-10 0.0D+00       21      100       21      210  S
     11      1   3.2614088633139143D-01 6.4D-09 0.0D+00 5.0D-09 0.0D+00       22      106       22      220  S
     11      1   3.2614088633131483D-01 6.4D-09 0.0D+00 1.9D-09 0.0D+00       22      106       22      220  S
     11      1   3.2614088633141958D-01 6.4D-09 0.0D+00 1.0D-09 0.0D+00       22      107       22      220  S
     11      1   3.2614088633114691D-01 6.4D-09 0.0D+00 8.3D-09 0.0D+00       21      101       21      210  S
     11      1   3.2614088633146365D-01 6.4D-09 0.0D+00 1.2D-08 0.0D+00       23      113       23      230  S
     11      1   3.2614088633088573D-01 6.4D-09 0.0D+00 5.5D-10 0.0D+00       21      106       21      210  S
     11      1   3.2614088633142729D-01 6.4D-09 0.0D+00 1.1D-09 0.0D+00       22      104       22      220  S
     11      1   4.2542491636391988D-01 6.6D-09 0.0D+00 4.3D+03 0.0D+00       29      396       29      290  S
     11      1   3.2614088633133170D-01 6.4D-09 0.0D+00 2.9D-09 0.0D+00       22      104       22      220  S
     11      1   3.2614088633137550D-01 6.4D-09 0.0D+00 9.1D-09 0.0D+00       22      104       22      220  S
     11      1   3.5352151772699753D-01 8.1D-09 0.0D+00 3.4D-09 0.0D+00       22      186       22      220  S
     11      1   3.2614088633135613D-01 6.4D-09 0.0D+00 9.1D-10 0.0D+00       22      106       22      220  S
     11      1   3.5352151194844961D-01 8.1D-09 0.0D+00 1.3D-10 0.0D+00       22      136       22      220  S
     11      1   3.2614088633101740D-01 6.4D-09 0.0D+00 2.0D-09 0.0D+00       21      105       21      210  S
     11      1   3.2614088633161348D-01 6.4D-09 0.0D+00 4.0D-09 0.0D+00       22      105       22      220  S
     11      1   3.2614088633109267D-01 6.4D-09 0.0D+00 1.9D-09 0.0D+00       21      101       21      210  S
     11      1   3.2614088633136229D-01 6.4D-09 0.0D+00 9.4D-09 0.0D+00       22      110       22      220  S
     11      1   3.2614088633095206D-01 6.4D-09 0.0D+00 9.6D-09 0.0D+00       21      105       21      210  S
     11      1   3.2614088633137001D-01 6.4D-09 0.0D+00 5.6D-09 0.0D+00       22      104       22      220  S
     11      1   3.2614088633152216D-01 6.4D-09 0.0D+00 9.4D-09 0.0D+00       22      106       22      220  S
     11      1   3.2614088633144095D-01 6.4D-09 0.0D+00 1.3D-09 0.0D+00       22      105       22      220  S
     11      1   3.2614088633152433D-01 6.4D-09 0.0D+00 8.4D-09 0.0D+00       22      106       22      220  S
     11      1   3.2614088633130606D-01 6.4D-09 0.0D+00 5.5D-09 0.0D+00       22      107       22      220  S
     11      1   3.2614088633151744D-01 6.4D-09 0.0D+00 2.9D-09 0.0D+00       22      109       22      220  S
     11      1   3.2614088633130534D-01 6.4D-09 0.0D+00 1.5D-09 0.0D+00       22      104       22      220  S
     11      1   3.2614088633104871D-01 6.4D-09 0.0D+00 7.2D-09 0.0D+00       21      101       21      210  S
     11      1   3.2614088633175625D-01 6.4D-09 0.0D+00 2.0D-08 0.0D+00       23      114       23      230  S
     11      1   3.2614088633098631D-01 6.4D-09 0.0D+00 3.3D-09 0.0D+00       21      102       21      210  S
     11      1   3.2614088633112470D-01 6.4D-09 0.0D+00 4.8D-09 0.0D+00       21      103       21      210  S
     11      1   3.2614088633148630D-01 6.4D-09 0.0D+00 6.6D-09 0.0D+00       22      103       22      220  S
     11      1   3.2614088633125926D-01 6.4D-09 0.0D+00 3.0D-09 0.0D+00       22      105       22      220  S
     11      1   3.2614088633109478D-01 6.4D-09 0.0D+00 4.5D-09 0.0D+00       21      104       21      210  S
     11      1   3.2614088633141536D-01 6.4D-09 0.0D+00 7.8D-09 0.0D+00       22      106       22      220  S
     11      1   3.2614088633126670D-01 6.4D-09 0.0D+00 1.1D-09 0.0D+00       22      109       22      220  S
     11      1   3.2614088633147842D-01 6.4D-09 0.0D+00 6.7D-09 0.0D+00       22      103       22      220  S
     11      1   3.2614088633127092D-01 6.4D-09 0.0D+00 9.4D-09 0.0D+00       21      101       21      210  S
     11      1   3.2614088633110849D-01 6.4D-09 0.0D+00 9.6D-09 0.0D+00       21      101       21      210  S
     11      1   3.2614088633158633D-01 6.4D-09 0.0D+00 3.0D-09 0.0D+00       22      108       22      220  S
     11      1   3.2614088633105326D-01 6.4D-09 0.0D+00 7.1D-09 0.0D+00       21      100       21      210  S
     11      1   3.2614088633098548D-01 6.4D-09 0.0D+00 8.5D-09 0.0D+00       21      102       21      210  S
     11      1   3.2614088633144350D-01 6.4D-09 0.0D+00 7.1D-09 0.0D+00       22      103       22      220  S
     11      1   3.2614088633140614D-01 6.4D-09 0.0D+00 1.7D-09 0.0D+00       22      107       22      220  S
     11      1   3.2614088633138766D-01 6.4D-09 0.0D+00 3.3D-09 0.0D+00       22      108       22      220  S
     11      1   3.2614088633113397D-01 6.4D-09 0.0D+00 1.0D-09 0.0D+00       21      100       21      210  S
     11      1   3.2614088633136923D-01 6.4D-09 0.0D+00 4.8D-09 0.0D+00       22      103       22      220  S
     11      1   3.2614088633158356D-01 6.4D-09 0.0D+00 1.1D-10 0.0D+00       22      104       22      220  S
     11      1   3.2614088633111593D-01 6.4D-09 0.0D+00 3.0D-09 0.0D+00       21      100       21      210  S
     11      1   3.2614088633142546D-01 6.4D-09 0.0D+00 3.4D-10 0.0D+00       22      104       22      220  S
     11      1   3.2614088633087701D-01 6.4D-09 0.0D+00 4.7D-09 0.0D+00       21      104       21      210  S
     11      1   3.5352151772062246D-01 8.1D-09 0.0D+00 3.2D-07 0.0D+00       22      163       22      220  S
     11      1   3.2614088633108668D-01 6.4D-09 0.0D+00 1.6D-09 0.0D+00       21      102       21      210  S
     11      1   3.2614088633136229D-01 6.4D-09 0.0D+00 2.1D-09 0.0D+00       22      104       22      220  S
     11      1   3.2614088633141641D-01 6.4D-09 0.0D+00 5.3D-09 0.0D+00       22      106       22      220  S
     11      1   3.2614088633119304D-01 6.4D-09 0.0D+00 9.2D-09 0.0D+00       21      102       21      210  S
     11      1   3.2614088633163973D-01 6.4D-09 0.0D+00 6.7D-09 0.0D+00       22      111       22      220  S
     11      1   3.2614088633147287D-01 6.4D-09 0.0D+00 1.4D-09 0.0D+00       22      110       22      220  S
     11      1   3.2614088633145460D-01 6.4D-09 0.0D+00 8.4D-09 0.0D+00       22      104       22      220  S
     11      1   3.2614088633125404D-01 6.4D-09 0.0D+00 7.3D-09 0.0D+00       22      103       22      220  S
     11      1   3.2614088633125532D-01 6.4D-09 0.0D+00 4.9D-09 0.0D+00       22      105       22      220  S
     11      1   3.2614088633160881D-01 6.4D-09 0.0D+00 5.5D-09 0.0D+00       22      106       22      220  S
     11      1   3.2614088633141552D-01 6.4D-09 0.0D+00 4.7D-09 0.0D+00       22      107       22      220  S
     11      1   3.2614088633139710D-01 6.4D-09 0.0D+00 5.1D-09 0.0D+00       22      103       22      220  S
     11      1   3.2614088633111832D-01 6.4D-09 0.0D+00 4.2D-09 0.0D+00       21      100       21      210  S
     11      1   3.2614088633104582D-01 6.4D-09 0.0D+00 7.5D-10 0.0D+00       21      102       21      210  S
     11      1   3.2614088633126037D-01 6.4D-09 0.0D+00 1.2D-09 0.0D+00       22      107       22      220  S
     11      1   3.2614088633137733D-01 6.4D-09 0.0D+00 3.4D-09 0.0D+00       22      105       22      220  S
     11      1   3.2614088633114308D-01 6.4D-09 0.0D+00 3.6D-09 0.0D+00       22      107       22      220  S
     11      1   3.2614088633129323D-01 6.4D-09 0.0D+00 4.8D-09 0.0D+00       21      100       21      210  S
     11      1   3.2614088633113397D-01 6.4D-09 0.0D+00 5.6D-09 0.0D+00       21      101       21      210  S
     11      1   3.2614088633118349D-01 6.4D-09 0.0D+00 4.6D-09 0.0D+00       21      108       21      210  S
     11      1   3.2614088633156085D-01 6.4D-09 0.0D+00 5.5D-09 0.0D+00       22      110       22      220  S
     11      1   3.2614088633133248D-01 6.4D-09 0.0D+00 4.0D-09 0.0D+00       22      103       22      220  S
     11      1   3.2614088633152838D-01 6.4D-09 0.0D+00 2.1D-08 0.0D+00       24      122       24      240  S
     11      1   3.2614088633163468D-01 6.4D-09 0.0D+00 1.5D-10 0.0D+00       22      110       22      220  S
     11      1   3.2614088633125721D-01 6.4D-09 0.0D+00 7.3D-09 0.0D+00       21      102       21      210  S
     11      1   3.2614088633145721D-01 6.4D-09 0.0D+00 5.4D-09 0.0D+00       22      104       22      220  S
