      9   0.00    0.00    0.00   3.5353330736217697D-01 6.5D-09 0.0D+00 7.0D-06 0.0D+00       23      164       23      230     928     341    1109     341     394   0.36     0    0      1  BR
      9      1   3.5353330728510862D-01 6.5D-09 0.0D+00 1.9D-10 0.0D+00       22      139       22      220  S
      9      1   3.5353330728775423D-01 6.5D-09 0.0D+00 7.8D-09 0.0D+00       22      129       22      220  S
      9      1   3.5353330728755161D-01 6.5D-09 0.0D+00 1.1D-09 0.0D+00       22      136       22      220  S
      9      1   3.5353330728476950D-01 6.5D-09 0.0D+00 3.1D-09 0.0D+00       22      127       22      220  S
      9      1   3.5353330728768079D-01 6.5D-09 0.0D+00 9.2D-09 0.0D+00       22      117       22      220  S
      9      1   3.5353330732289151D-01 6.5D-09 0.0D+00 3.2D-06 0.0D+00       23      160       23      230  S
      9      1   3.5353330728789700D-01 6.5D-09 0.0D+00 3.4D-09 0.0D+00       22      121       22      220  S
      9      1   3.5353330728423293D-01 6.5D-09 0.0D+00 2.8D-06 0.0D+00       23      162       23      230  S
      9      1   3.5353330728770549D-01 6.5D-09 0.0D+00 1.2D-10 0.0D+00       22      124       22      220  S
      9      1   3.5353330728720855D-01 6.5D-09 0.0D+00 8.5D-09 0.0D+00       22      129       22      220  S
      9      1   3.5353330728759069D-01 6.5D-09 0.0D+00 7.1D-09 0.0D+00       22      118       22      220  S
      9      1   3.5353330728756471D-01 6.5D-09 0.0D+00 5.7D-09 0.0D+00       22      129       22      220  S
      9      1   3.5353330728762788D-01 6.5D-09 0.0D+00 3.3D-09 0.0D+00       22      122       22      220  S
      9      1   3.5353330728629162D-01 6.5D-09 0.0D+00 9.9D-09 0.0D+00       22      144       22      220  S
      9      1   3.5353330728728249D-01 6.5D-09 0.0D+00 7.6D-09 0.0D+00       22      124       22      220  S
      9      1   3.5353330728779309D-01 6.5D-09 0.0D+00 7.8D-10 0.0D+00       22      161       22      220  S
      9      1   3.5353330728750620D-01 6.5D-09 0.0D+00 5.7D-09 0.0D+00       22      127       22      220  S
      9      1   3.5353330728752935D-01 6.5D-09 0.0D+00 6.6D-09 0.0D+00       22      120       22      220  S
      9      1   3.5353330728762544D-01 6.5D-09 0.0D+00 2.5D-09 0.0D+00       22      124       22      220  S
      9      1   3.5353330728757631D-01 6.5D-09 0.0D+00 2.9D-06 0.0D+00       23      127       23      230  S
      9      1   3.5353330728636917D-01 6.5D-09 0.0D+00 6.9D-09 0.0D+00       22      190       22      220  S
      9      1   3.5353330728757371D-01 6.5D-09 0.0D+00 1.3D-08 0.0D+00       23      131       23      230  S
      9      1   1.2106033275609109D+00 0.0D+00 0.0D+00 1.0D+00 0.0D+00        3       36        3       30  S
      9      1   3.5353330728660376D-01 6.5D-09 0.0D+00 7.9D-09 0.0D+00       22      134       22      220  S
      9      1   3.5353330728515836D-01 6.5D-09 0.0D+00 1.7D-09 0.0D+00       22      167       22      220  S
      9   0.00    0.00    0.00   3.5353329685857865D-01 6.5D-09 0.0D+00 9.5D-04 0.0D+00       23      135       23      230     584     342     782     342     365   0.35     0    0     27  BR
      9      1   3.5353330732342736D-01 6.5D-09 0.0D+00 3.3D-06 0.0D+00       23      125       23      230  S
      9      1   3.5353330728747312D-01 6.5D-09 0.0D+00 4.3D-09 0.0D+00       22      132       22      220  S
      9      1   3.5353330728746241D-01 6.5D-09 0.0D+00 6.5D-09 0.0D+00       22      137       22      220  S
      9      1   3.5353330728748805D-01 6.5D-09 0.0D+00 1.1D-09 0.0D+00       22      116       22      220  S
      9      1   3.5353330735844535D-01 6.5D-09 0.0D+00 6.8D-06 0.0D+00       23      158       23      230  S
      9      1   3.5353330738323424D-01 6.5D-09 0.0D+00 8.7D-06 0.0D+00       23      122       23      230  S
      9      1   3.5353330728756821D-01 6.5D-09 0.0D+00 3.6D-09 0.0D+00       22      147       22      220  S
      9      1   5.0387369623121325D-01 6.0D-09 0.0D+00 2.5D-08 0.0D+00       24      232       24      240  S
      9      1   3.5353330728733318D-01 6.5D-09 0.0D+00 1.7D-09 0.0D+00       22      137       22      220  S
      9      1   3.5353330728600046D-01 6.5D-09 0.0D+00 7.7D-09 0.0D+00       22      135       22      220  S
      9      1   3.5353330728754068D-01 6.5D-09 0.0D+00 6.1D-09 0.0D+00       22      135       22      220  S
      9      1   3.5353330728776722D-01 6.5D-09 0.0D+00 4.1D-08 0.0D+00       23      127       23      230  S
      9      1   3.5353330728660876D-01 6.5D-09 0.0D+00 4.2D-09 0.0D+00       22      127       22      220  S
      9      1   3.5353330728769294D-01 6.5D-09 0.0D+00 2.6D-09 0.0D+00       22      133       22      220  S
      9      1   3.5353330728749743D-01 6.5D-09 0.0D+00 3.9D-10 0.0D+00       22      141       22      220  S
      9      1   3.5353330728767046D-01 6.5D-09 0.0D+00 1.0D-08 0.0D+00       24      137       24      240  S
      9      1   3.5353330728762311D-01 6.5D-09 0.0D+00 1.4D-10 0.0D+00       22      134       22      220  S
      9      1   3.5353330731023053D-01 6.5D-09 0.0D+00 2.1D-06 0.0D+00       23      171       23      230  S
      9      1   3.5353330727173393D-01 6.5D-09 0.0D+00 9.1D-09 0.0D+00       22      205       22      220  S
      9      1   3.5353330731341098D-01 6.5D-09 0.0D+00 2.5D-06 0.0D+00       23      142       23      230  S
      9      1   3.5353330728662324D-01 6.5D-09 0.0D+00 5.8D-10 0.0D+00       22      162       22      220  S
      9      1   3.5353330728736748D-01 6.5D-09 0.0D+00 5.4D-09 0.0D+00       22      142       22      220  S
      9      1   3.5353330728694149D-01 6.5D-09 0.0D+00 9.1D-09 0.0D+00       22      139       22      220  S
      9      1   3.5353330728742266D-01 6.5D-09 0.0D+00 5.2D-09 0.0D+00       22      131       22      220  S
      9      1   3.5353330729273963D-01 6.5D-09 0.0D+00 3.5D-09 0.0D+00       22      185       22      220  S
      9      1   3.5353330728766841D-01 6.5D-09 0.0D+00 8.0D-09 0.0D+00       22      129       22      220  S
      9      1   3.5353330728746502D-01 6.5D-09 0.0D+00 2.7D-09 0.0D+00       22      157       22      220  S
      9      1   3.5353330728743448D-01 6.5D-09 0.0D+00 5.8D-09 0.0D+00       22      150       22      220  S
      9      1   3.5353330729312049D-01 6.5D-09 0.0D+00 1.7D-09 0.0D+00       22      130       22      220  S
      9      1   3.5353330732248861D-01 6.5D-09 0.0D+00 3.2D-06 0.0D+00       23      123       23      230  S
      9      1   3.5353330728575805D-01 6.5D-09 0.0D+00 8.4D-09 0.0D+00       22      140       22      220  S
      9      1   3.5353330728736965D-01 6.5D-09 0.0D+00 2.8D-06 0.0D+00       23      160       23      230  S
      9      1   3.5353330728714955D-01 6.5D-09 0.0D+00 8.6D-09 0.0D+00       21      124       21      210  S
      9      1   3.5353330728706134D-01 6.5D-09 0.0D+00 3.4D-06 0.0D+00       23      144       23      230  S
      9      1   3.5353330728753740D-01 6.5D-09 0.0D+00 5.1D-09 0.0D+00       22      120       22      220  S
      9      1   3.5353330728761506D-01 6.5D-09 0.0D+00 2.6D-09 0.0D+00       22      147       22      220  S
      9      1   3.5353330729607407D-01 6.5D-09 0.0D+00 9.3D-07 0.0D+00       23      134       23      230  S
      9      1   3.5353330728539067D-01 6.5D-09 0.0D+00 6.5D-09 0.0D+00       22      161       22      220  S
      9      1   3.5353330728381849D-01 6.5D-09 0.0D+00 3.9D-09 0.0D+00       22      147       22      220  S
      9      1   3.5353330728738397D-01 6.5D-09 0.0D+00 4.3D-09 0.0D+00       22      147       22      220  S
      9      1   3.5353330728760757D-01 6.5D-09 0.0D+00 1.2D-09 0.0D+00       22      116       22      220  S
      9      1   3.5353330728755727D-01 6.5D-09 0.0D+00 6.6D-10 0.0D+00       22      120       22      220  S
      9      1   3.5353330728445004D-01 6.5D-09 0.0D+00 6.2D-09 0.0D+00       22      149       22      220  S
      9      1   3.5353330728765209D-01 6.5D-09 0.0D+00 6.1D-10 0.0D+00       22      110       22      220  S
      9      1   3.5353330728768989D-01 6.5D-09 0.0D+00 1.3D-08 0.0D+00       23      129       23      230  S
      9      1   3.5353330737075123D-01 6.5D-09 0.0D+00 7.6D-06 0.0D+00       23      141       23      230  S
      9      1   3.5353330728250587D-01 6.5D-09 0.0D+00 1.9D-09 0.0D+00       22      156       22      220  S
      9      1   3.5353330730381505D-01 6.5D-09 0.0D+00 1.5D-06 0.0D+00       23      148       23      230  S
      9      1   3.5353330728738308D-01 6.5D-09 0.0D+00 3.8D-10 0.0D+00       22      131       22      220  S
      9      1   3.5353330728556315D-01 6.5D-09 0.0D+00 8.2D-10 0.0D+00       22      133       22      220  S
      9      1   3.5353330728760601D-01 6.5D-09 0.0D+00 7.3D-09 0.0D+00       22      148       22      220  S
      9      1   3.5353330728618532D-01 6.5D-09 0.0D+00 8.1D-09 0.0D+00       22      147       22      220  S
      9      1   3.5353330728571841D-01 6.5D-09 0.0D+00 1.9D-08 0.0D+00       23      150       23      230  S
      9      1   3.5353330731950611D-01 6.5D-09 0.0D+00 2.9D-06 0.0D+00       23      126       23      230  S
      9      1   3.5353330728639043D-01 6.5D-09 0.0D+00 7.7D-09 0.0D+00       22      156       22      220  S
      9      1   3.5353330728757565D-01 6.5D-09 0.0D+00 7.3D-09 0.0D+00       22      138       22      220  S
      9      1   3.5353330735433042D-01 6.5D-09 0.0D+00 6.4D-06 0.0D+00       23      143       23      230  S
      9      1   3.5353330728735954D-01 6.5D-09 0.0D+00 4.9D-09 0.0D+00       22      124       22      220  S
      9      1   3.5353330728687332D-01 6.5D-09 0.0D+00 8.8D-09 0.0D+00       21      119       21      210  S
      9      1   3.5353330728709542D-01 6.5D-09 0.0D+00 4.6D-09 0.0D+00       22      116       22      220  S
      9      1   3.5353330728760790D-01 6.5D-09 0.0D+00 3.4D-09 0.0D+00       22      121       22      220  S
      9      1   3.5353330728442056D-01 6.5D-09 0.0D+00 2.4D-09 0.0D+00       22      180       22      220  S
      9      1   3.5353330728748050D-01 6.5D-09 0.0D+00 2.5D-10 0.0D+00       22      114       22      220  S
      9      1   3.5353330728687249D-01 6.5D-09 0.0D+00 2.5D-09 0.0D+00       21      112       21      210  S
      9      1   3.5353330728427895D-01 6.5D-09 0.0D+00 8.5D-09 0.0D+00       22      122       22      220  S
      9      1   3.5353330728731380D-01 6.5D-09 0.0D+00 9.9D-09 0.0D+00       22      119       22      220  S
      9      1   3.5353330728647459D-01 6.5D-09 0.0D+00 7.8D-09 0.0D+00       22      142       22      220  S
      9      1   3.5353330728756244D-01 6.5D-09 0.0D+00 3.0D-09 0.0D+00       22      126       22      220  S
      9      1   3.5353330728680393D-01 6.5D-09 0.0D+00 4.2D-10 0.0D+00       22      150       22      220  S
      9      1   3.5353330735380450D-01 6.5D-09 0.0D+00 6.1D-06 0.0D+00       23      129       23      230  S
      9      1   3.5353330728751764D-01 6.5D-09 0.0D+00 4.2D-09 0.0D+00       22      128       22      220  S
      9      1   3.5353330728621829D-01 6.5D-09 0.0D+00 9.5D-09 0.0D+00       22      135       22      220  S
      9      1   3.5353330728645821D-01 6.5D-09 0.0D+00 7.9D-09 0.0D+00       22      136       22      220  S
