      5      1   5.5898952126970569D-01 7.5D-09 0.0D+00 8.5D-09 0.0D+00       21      101       21      210  S
      5      1   5.5898952126963375D-01 7.5D-09 0.0D+00 6.5D-09 0.0D+00       21      101       21      210  S
      5      1   5.5898952126960366D-01 7.5D-09 0.0D+00 6.4D-10 0.0D+00       21      101       21      210  S
      5      1   5.5898952126960799D-01 7.5D-09 0.0D+00 6.4D-09 0.0D+00       21      101       21      210  S
      5      1   5.5898952126936940D-01 7.5D-09 0.0D+00 8.6D-09 0.0D+00       20       96       20      200  S
      5      1   5.5898952126964518D-01 7.5D-09 0.0D+00 7.0D-09 0.0D+00       21      102       21      210  S
      5      1   5.5898952126969159D-01 7.5D-09 0.0D+00 6.2D-09 0.0D+00       21      102       21      210  S
      5      1   5.5898952126961488D-01 7.5D-09 0.0D+00 1.9D-09 0.0D+00       21      103       21      210  S
      5      1   5.5898952126928392D-01 7.5D-09 0.0D+00 6.3D-09 0.0D+00       20       97       20      200  S
      5      1   5.5898952126974832D-01 7.5D-09 0.0D+00 4.3D-09 0.0D+00       21      101       21      210  S
      5      1   5.5898952126964774D-01 7.5D-09 0.0D+00 6.6D-10 0.0D+00       21      101       21      210  S
      5      1   5.5898952126962842D-01 7.5D-09 0.0D+00 4.7D-09 0.0D+00       21      104       21      210  S
      5      1   5.5898952126965051D-01 7.5D-09 0.0D+00 5.1D-09 0.0D+00       21      103       21      210  S
      5      1   5.5898952126994583D-01 7.5D-09 0.0D+00 3.6D-09 0.0D+00       22      105       22      220  S
      5      1   5.5898952126955381D-01 7.5D-09 0.0D+00 1.9D-10 0.0D+00       21      104       21      210  S
      5      1   5.5898952126989321D-01 7.5D-09 0.0D+00 5.3D-09 0.0D+00       21      101       21      210  S
      5      1   5.5898952126933465D-01 7.5D-09 0.0D+00 7.1D-09 0.0D+00       20       98       20      200  S
      5      1   5.5898952126973678D-01 7.5D-09 0.0D+00 3.0D-09 0.0D+00       21      101       21      210  S
      5      1   5.5898952126970392D-01 7.5D-09 0.0D+00 3.8D-09 0.0D+00       21      101       21      210  S
      5      1   5.5898952126956125D-01 7.5D-09 0.0D+00 3.7D-09 0.0D+00       21      101       21      210  S
      5      1   5.5898952126927515D-01 7.5D-09 0.0D+00 5.7D-09 0.0D+00       20       97       20      200  S
      5      1   5.5898952126958401D-01 7.5D-09 0.0D+00 6.6D-09 0.0D+00       21      102       21      210  S
      5      1   5.5898952126964907D-01 7.5D-09 0.0D+00 5.5D-09 0.0D+00       21      101       21      210  S
      5      1   5.5898952126981971D-01 7.5D-09 0.0D+00 5.2D-09 0.0D+00       21      101       21      210  S
      5      1   5.5898952126933621D-01 7.5D-09 0.0D+00 9.0D-09 0.0D+00       21      104       21      210  S
      5      1   5.5898952126965940D-01 7.5D-09 0.0D+00 8.2D-09 0.0D+00       21      101       21      210  S
      5      1   5.5898952126962720D-01 7.5D-09 0.0D+00 4.2D-10 0.0D+00       21      101       21      210  S
      5      1   5.5898952126942691D-01 7.5D-09 0.0D+00 3.6D-09 0.0D+00       20       99       20      200  S
      5      1   5.5898952126982371D-01 7.5D-09 0.0D+00 6.3D-09 0.0D+00       21      101       21      210  S
      5      1   5.5898952126948132D-01 7.5D-09 0.0D+00 4.0D-10 0.0D+00       20       97       20      200  S
      5      1   5.5898952126968082D-01 7.5D-09 0.0D+00 3.8D-10 0.0D+00       21      103       21      210  S
      5      1   5.5898952126967660D-01 7.5D-09 0.0D+00 2.0D-10 0.0D+00       21      101       21      210  S
      5      1   5.5898952126940271D-01 7.5D-09 0.0D+00 1.8D-09 0.0D+00       20       98       20      200  S
      5      1   5.5898952126934709D-01 7.5D-09 0.0D+00 5.2D-10 0.0D+00       20       97       20      200  S
      5      1   5.5898952126911705D-01 7.5D-09 0.0D+00 6.4D-09 0.0D+00       20       96       20      200  S
      5      1   5.5898952126923662D-01 7.5D-09 0.0D+00 4.7D-09 0.0D+00       20      100       20      200  S
      5      1   5.5898952126924817D-01 7.5D-09 0.0D+00 2.3D-09 0.0D+00       20       99       20      200  S
      5      1   5.5898952126962009D-01 7.5D-09 0.0D+00 7.8D-09 0.0D+00       21      101       21      210  S
      5      1   5.5898952126936330D-01 7.5D-09 0.0D+00 3.1D-09 0.0D+00       20       97       20      200  S
      5      1   5.5898952126891210D-01 7.5D-09 0.0D+00 7.1D-09 0.0D+00       20       96       20      200  S
      5      1   7.0704307237484054D-01 8.1D-09 0.0D+00 5.4D-11 0.0D+00       22      134       22      220  S
      5      1   5.5898952126975454D-01 7.5D-09 0.0D+00 4.4D-09 0.0D+00       21      102       21      210  S
      5      1   5.5898952126963131D-01 7.5D-09 0.0D+00 5.7D-09 0.0D+00       21      104       21      210  S
      5      1   5.5898952126984125D-01 7.5D-09 0.0D+00 2.1D-09 0.0D+00       21      102       21      210  S
      5      1   5.5898952127001100D-01 7.5D-09 0.0D+00 5.8D-09 0.0D+00       22      106       22      220  S
      5      1   5.5898952126989443D-01 7.5D-09 0.0D+00 3.3D-10 0.0D+00       21      101       21      210  S
      5      1   5.5898952126981205D-01 7.5D-09 0.0D+00 5.9D-09 0.0D+00       21      101       21      210  S
      5      1   5.5898952126968404D-01 7.5D-09 0.0D+00 6.6D-09 0.0D+00       21      101       21      210  S
      5      1   5.5898952126961543D-01 7.5D-09 0.0D+00 2.1D-10 0.0D+00       21      102       21      210  S
      5      1   5.5898952126965618D-01 7.5D-09 0.0D+00 6.4D-09 0.0D+00       21      101       21      210  S
      5      1   5.5898952126957724D-01 7.5D-09 0.0D+00 5.4D-09 0.0D+00       21      101       21      210  S
      5      1   5.5898952126970225D-01 7.5D-09 0.0D+00 8.6D-09 0.0D+00       21      101       21      210  S
      5      1   5.5898952126960255D-01 7.5D-09 0.0D+00 7.7D-09 0.0D+00       21      102       21      210  S
      5      1   5.5898952126943746D-01 7.5D-09 0.0D+00 5.6D-09 0.0D+00       21      102       21      210  S
      5      1   5.5898952126959800D-01 7.5D-09 0.0D+00 3.3D-09 0.0D+00       21      101       21      210  S
      5      1   5.5898952126958890D-01 7.5D-09 0.0D+00 1.8D-09 0.0D+00       21      101       21      210  S
      5      1   5.5898952126920987D-01 7.5D-09 0.0D+00 4.9D-09 0.0D+00       20       97       20      200  S
      5      1   5.5898952126964419D-01 7.5D-09 0.0D+00 5.9D-09 0.0D+00       21      101       21      210  S
      5      1   5.5898952126967394D-01 7.5D-09 0.0D+00 1.3D-09 0.0D+00       21      102       21      210  S
      5      1   5.5898952126945922D-01 7.5D-09 0.0D+00 1.2D-09 0.0D+00       20       98       20      200  S
      5      1   5.5898952126951973D-01 7.5D-09 0.0D+00 6.8D-09 0.0D+00       21      103       21      210  S
      5      1   5.5898952126961499D-01 7.5D-09 0.0D+00 5.4D-09 0.0D+00       21      102       21      210  S
      5      1   5.5898952126966184D-01 7.5D-09 0.0D+00 5.3D-09 0.0D+00       21      103       21      210  S
      5      1   5.5898952126967816D-01 7.5D-09 0.0D+00 9.3D-09 0.0D+00       21      101       21      210  S
      5      1   5.5898952126985912D-01 7.5D-09 0.0D+00 7.6D-09 0.0D+00       21      101       21      210  S
      5      1   5.5898952126934198D-01 7.5D-09 0.0D+00 2.9D-09 0.0D+00       20       98       20      200  S
      5      1   5.5898952126954227D-01 7.5D-09 0.0D+00 2.5D-09 0.0D+00       21      101       21      210  S
      5      1   5.5898952126976587D-01 7.5D-09 0.0D+00 3.3D-09 0.0D+00       21      101       21      210  S
      5      1   5.5898952126962331D-01 7.5D-09 0.0D+00 3.6D-09 0.0D+00       21      101       21      210  S
      5      1   5.5898952126965973D-01 7.5D-09 0.0D+00 6.0D-10 0.0D+00       21      102       21      210  S
      5      1   5.5898952126926427D-01 7.5D-09 0.0D+00 9.9D-09 0.0D+00       21      105       21      210  S
      5      1   5.5898952126961843D-01 7.5D-09 0.0D+00 6.3D-09 0.0D+00       21      106       21      210  S
      5      1   5.5898952126950541D-01 7.5D-09 0.0D+00 7.7D-09 0.0D+00       20       97       20      200  S
      5      1   5.5898952126963652D-01 7.5D-09 0.0D+00 6.4D-09 0.0D+00       21      103       21      210  S
      5      1   5.5898952126970491D-01 7.5D-09 0.0D+00 2.1D-09 0.0D+00       21      101       21      210  S
      5      1   7.0704307237377251D-01 8.1D-09 0.0D+00 1.1D-08 0.0D+00       23      121       23      230  S
      5      1   5.5898952126981039D-01 7.5D-09 0.0D+00 1.5D-10 0.0D+00       21      101       21      210  S
      5      1   5.5898952126942070D-01 7.5D-09 0.0D+00 6.2D-09 0.0D+00       21      101       21      210  S
      5      1   5.5898952127005641D-01 7.5D-09 0.0D+00 8.2D-09 0.0D+00       22      106       22      220  S
      5      1   5.5898952126965595D-01 7.5D-09 0.0D+00 5.7D-09 0.0D+00       21      105       21      210  S
      5      1   5.5898952126976020D-01 7.5D-09 0.0D+00 2.3D-09 0.0D+00       21      101       21      210  S
      5      1   5.5898952126985635D-01 7.5D-09 0.0D+00 3.9D-09 0.0D+00       21      101       21      210  S
      5      1   5.5898952126964385D-01 7.5D-09 0.0D+00 6.6D-09 0.0D+00       21      102       21      210  S
      5      1   5.5898952126968482D-01 7.5D-09 0.0D+00 6.1D-09 0.0D+00       21      101       21      210  S
      5      1   5.5898952126971213D-01 7.5D-09 0.0D+00 8.9D-09 0.0D+00       21      104       21      210  S
      5      1   5.5898952126964563D-01 7.5D-09 0.0D+00 6.7D-09 0.0D+00       21      104       21      210  S
      5      1   5.5898952126962798D-01 7.5D-09 0.0D+00 5.7D-09 0.0D+00       21      102       21      210  S
      5      1   5.5898952126971357D-01 7.5D-09 0.0D+00 8.6D-09 0.0D+00       21      101       21      210  S
      5      1   5.5898952126947254D-01 7.5D-09 0.0D+00 6.9D-10 0.0D+00       21      103       21      210  S
      5      1   5.5898952126924628D-01 7.5D-09 0.0D+00 1.2D-09 0.0D+00       20      102       20      200  S
      5      1   5.5898952126958557D-01 7.5D-09 0.0D+00 7.0D-09 0.0D+00       21      102       21      210  S
      5      1   5.5898952126954293D-01 7.5D-09 0.0D+00 2.5D-09 0.0D+00       21      103       21      210  S
      5      1   5.5898952126965107D-01 7.5D-09 0.0D+00 1.4D-09 0.0D+00       21      103       21      210  S
      5      1   5.5898952126979329D-01 7.5D-09 0.0D+00 3.3D-09 0.0D+00       21      101       21      210  S
      5      1   5.5898952126965951D-01 7.5D-09 0.0D+00 7.1D-09 0.0D+00       21      101       21      210  S
      5      1   5.5898952126960710D-01 7.5D-09 0.0D+00 5.6D-09 0.0D+00       21      101       21      210  S
      5      1   5.5898952126981194D-01 7.5D-09 0.0D+00 1.0D-08 0.0D+00       21      103       21      210  S
      5      1   7.0704307237836117D-01 8.1D-09 0.0D+00 1.9D-08 0.0D+00       23      168       24      231  S
      5      1   5.5898952126999313D-01 7.5D-09 0.0D+00 6.6D-09 0.0D+00       21      105       21      210  S
      5      1   5.5898952126961099D-01 7.5D-09 0.0D+00 5.9D-09 0.0D+00       21      105       21      210  S
