     11      1   3.2614088633101546D-01 6.4D-09 0.0D+00 4.0D-09 0.0D+00       21      102       21      210  S
     11      1   3.2614088633141824D-01 6.4D-09 0.0D+00 4.7D-09 0.0D+00       22      107       22      220  S
     11      1   3.2614088633126087D-01 6.4D-09 0.0D+00 3.6D-09 0.0D+00       21      102       21      210  S
     11      1   3.2614088633132537D-01 6.4D-09 0.0D+00 2.0D-10 0.0D+00       22      103       22      220  S
     11      1   3.2614088633131533D-01 6.4D-09 0.0D+00 4.9D-09 0.0D+00       22      104       22      220  S
     11      1   3.2614088633135413D-01 6.4D-09 0.0D+00 6.4D-09 0.0D+00       22      105       22      220  S
     11      1   3.2614088633113114D-01 6.4D-09 0.0D+00 5.2D-09 0.0D+00       21      100       21      210  S
     11      1   3.2614088633118637D-01 6.4D-09 0.0D+00 8.6D-09 0.0D+00       21      101       21      210  S
     11      1   4.1732098623818698D-01 4.2D-02 0.0D+00 1.0D+00 0.0D+00       21      108       22      220  S
     11      1   3.2614088633141047D-01 6.4D-09 0.0D+00 4.4D-09 0.0D+00       22      104       22      220  S
     11      1   3.2614088633131311D-01 6.4D-09 0.0D+00 6.1D-09 0.0D+00       22      107       22      220  S
     11      1   3.2614088633104726D-01 6.4D-09 0.0D+00 8.9D-09 0.0D+00       21      104       21      210  S
     11      1   3.2614088633134258D-01 6.4D-09 0.0D+00 2.1D-09 0.0D+00       22      107       22      220  S
     11      1   3.2614088633131322D-01 6.4D-09 0.0D+00 8.8D-09 0.0D+00       22      103       22      220  S
     11      1   3.2614088633140276D-01 6.4D-09 0.0D+00 8.2D-09 0.0D+00       22      104       22      220  S
     11      1   3.2614088633128058D-01 6.4D-09 0.0D+00 5.1D-09 0.0D+00       22      104       22      220  S
     11      1   3.5352151772364071D-01 8.1D-09 0.0D+00 1.5D-07 0.0D+00       22      162       22      220  S
     11      1   3.2614088633148913D-01 6.4D-09 0.0D+00 8.9D-09 0.0D+00       22      105       22      220  S
     11      1   3.2614088633133881D-01 6.4D-09 0.0D+00 9.6D-09 0.0D+00       22      105       22      220  S
     11      1   3.2614088633143501D-01 6.4D-09 0.0D+00 5.3D-11 0.0D+00       22      105       22      220  S
     11      1   3.2614088633124594D-01 6.4D-09 0.0D+00 1.5D-10 0.0D+00       21      101       21      210  S
     11      1   3.2614088633143223D-01 6.4D-09 0.0D+00 2.5D-09 0.0D+00       22      104       22      220  S
     11      1   3.2614088633141619D-01 6.4D-09 0.0D+00 8.8D-09 0.0D+00       22      106       22      220  S
     11      1   3.5352151194529080D-01 8.1D-09 0.0D+00 1.5D-07 0.0D+00       22      137       22      220  S
     11      1   3.2614088633152571D-01 6.4D-09 0.0D+00 3.8D-10 0.0D+00       22      105       22      220  S
     11      1   3.2614088633106747D-01 6.4D-09 0.0D+00 5.2D-09 0.0D+00       21       99       21      210  S
     11      1   3.2614088633152544D-01 6.4D-09 0.0D+00 8.1D-09 0.0D+00       22      106       22      220  S
     11      1   3.2614088633109189D-01 6.4D-09 0.0D+00 4.1D-09 0.0D+00       21      100       21      210  S
     11      1   3.2614088633149796D-01 6.4D-09 0.0D+00 8.1D-09 0.0D+00       22      107       22      220  S
     11      1   3.2614088633105098D-01 6.4D-09 0.0D+00 6.8D-10 0.0D+00       21      100       21      210  S
     11      1   3.2614088633137900D-01 6.4D-09 0.0D+00 7.2D-09 0.0D+00       22      109       22      220  S
     11      1   3.2614088633129051D-01 6.4D-09 0.0D+00 4.1D-09 0.0D+00       22      108       22      220  S
     11      1   3.2614088633134275D-01 6.4D-09 0.0D+00 7.6D-09 0.0D+00       22      105       22      220  S
     11      1   3.2614088633149718D-01 6.4D-09 0.0D+00 7.4D-09 0.0D+00       22      104       22      220  S
     11      1   3.2614088633120564D-01 6.4D-09 0.0D+00 4.3D-09 0.0D+00       22      105       22      220  S
     11      1   3.2614088633106725D-01 6.4D-09 0.0D+00 2.1D-09 0.0D+00       21      106       21      210  S
     11      1   3.2614088633145705D-01 6.4D-09 0.0D+00 5.4D-09 0.0D+00       22      114       22      220  S
     11      1   3.2614088633098670D-01 6.4D-09 0.0D+00 3.6D-09 0.0D+00       21      104       21      210  S
     11      1   3.2614088633159605D-01 6.4D-09 0.0D+00 5.3D-10 0.0D+00       22      107       22      220  S
     11      1   3.2614088633143123D-01 6.4D-09 0.0D+00 4.6D-09 0.0D+00       22      106       22      220  S
     11      1   3.2614088633147631D-01 6.4D-09 0.0D+00 5.6D-09 0.0D+00       22      107       22      220  S
     11      1   3.2614088633151406D-01 6.4D-09 0.0D+00 6.3D-09 0.0D+00       22      104       22      220  S
     11      1   3.2614088633155358D-01 6.4D-09 0.0D+00 1.3D-09 0.0D+00       22      106       22      220  S
     11      1   3.2614088633137445D-01 6.4D-09 0.0D+00 9.6D-09 0.0D+00       22      105       22      220  S
     11      1   3.2614088633121491D-01 6.4D-09 0.0D+00 6.4D-10 0.0D+00       21      103       21      210  S
     11      1   3.2614088633107474D-01 6.4D-09 0.0D+00 1.8D-09 0.0D+00       21      102       21      210  S
     11      1   3.2614088633107147D-01 6.4D-09 0.0D+00 6.9D-09 0.0D+00       21      104       21      210  S
     11      1   3.2614088633112770D-01 6.4D-09 0.0D+00 1.5D-09 0.0D+00       21      101       21      210  S
     11      1   3.2614088633088040D-01 6.4D-09 0.0D+00 9.4D-11 0.0D+00       21      108       21      210  S
     11      1   3.2614088633157962D-01 6.4D-09 0.0D+00 8.1D-09 0.0D+00       22      105       22      220  S
     11      1   3.2614088633122040D-01 6.4D-09 0.0D+00 8.3D-09 0.0D+00       22      109       22      220  S
     11      1   3.2614088633145361D-01 6.4D-09 0.0D+00 6.1D-09 0.0D+00       22      104       22      220  S
     11      1   3.2614088633146915D-01 6.4D-09 0.0D+00 2.8D-09 0.0D+00       22      106       22      220  S
     11      1   3.2614088633109234D-01 6.4D-09 0.0D+00 6.0D-09 0.0D+00       21      104       21      210  S
     11      1   3.2614088633136390D-01 6.4D-09 0.0D+00 7.8D-09 0.0D+00       22      104       22      220  S
     11      1   3.2614088633150112D-01 6.4D-09 0.0D+00 5.1D-09 0.0D+00       22      109       22      220  S
     11      1   3.2614088633121685D-01 6.4D-09 0.0D+00 3.4D-09 0.0D+00       21      100       21      210  S
     11      1   3.2614088633127869D-01 6.4D-09 0.0D+00 8.1D-09 0.0D+00       22      104       22      220  S
     11      1   3.2614088633144883D-01 6.4D-09 0.0D+00 5.7D-09 0.0D+00       22      105       22      220  S
     11      1   3.2614088633114158D-01 6.4D-09 0.0D+00 2.5D-09 0.0D+00       21      103       21      210  S
     11      1   3.2614088633133875D-01 6.4D-09 0.0D+00 3.6D-08 0.0D+00       22      108       22      220  S
     11      1   3.2614088633127697D-01 6.4D-09 0.0D+00 1.4D-09 0.0D+00       22      107       22      220  S
     11      1   3.2614088633105442D-01 6.4D-09 0.0D+00 8.0D-09 0.0D+00       21      100       21      210  S
     11      1   3.5352151772629242D-01 8.1D-09 0.0D+00 1.3D-08 0.0D+00       23      191       23      230  S
     11      1   3.2614088633122840D-01 6.4D-09 0.0D+00 5.6D-09 0.0D+00       21      100       21      210  S
     11      1   3.2614088633124860D-01 6.4D-09 0.0D+00 7.6D-09 0.0D+00       21      102       21      210  S
     11      1   3.2614088633125576D-01 6.4D-09 0.0D+00 2.3D-09 0.0D+00       21      101       21      210  S
     11      1   3.2614088633104299D-01 6.4D-09 0.0D+00 2.9D-09 0.0D+00       21      102       21      210  S
     11      1   3.2614088633110533D-01 6.4D-09 0.0D+00 3.8D-09 0.0D+00       21      102       21      210  S
     11      1   3.2614088633137817D-01 6.4D-09 0.0D+00 5.6D-09 0.0D+00       22      103       22      220  S
     11      1   3.2614088633144639D-01 6.4D-09 0.0D+00 8.0D-09 0.0D+00       22      106       22      220  S
     11      1   3.2614088633161736D-01 6.4D-09 0.0D+00 4.7D-09 0.0D+00       22      106       22      220  S
     11      1   3.2614088633120675D-01 6.4D-09 0.0D+00 1.0D-09 0.0D+00       21      100       21      210  S
     11      1   3.5352151772692009D-01 8.1D-09 0.0D+00 2.3D-09 0.0D+00       21      184       21      210  S
     11      1   3.2614088633103017D-01 6.4D-09 0.0D+00 2.3D-08 0.0D+00       22      109       22      220  S
     11      1   3.2614088633112631D-01 6.4D-09 0.0D+00 3.1D-09 0.0D+00       21      102       21      210  S
     11      1   3.5352151194526282D-01 8.1D-09 0.0D+00 1.4D-07 0.0D+00       22      141       22      220  S
     11      1   3.2614088633109839D-01 6.4D-09 0.0D+00 6.7D-10 0.0D+00       22      105       22      220  S
     11      1   3.2614088633109306D-01 6.4D-09 0.0D+00 5.1D-09 0.0D+00       21      100       21      210  S
     11      1   3.2614088633124694D-01 6.4D-09 0.0D+00 3.9D-09 0.0D+00       21      103       21      210  S
     11      1   3.2614088631748395D-01 6.4D-09 0.0D+00 4.5D-10 0.0D+00       22      165       22      220  S
     11      1   3.2614088633128530D-01 6.4D-09 0.0D+00 8.3D-09 0.0D+00       22      103       22      220  S
     11      1   3.2614088633152705D-01 6.4D-09 0.0D+00 4.4D-09 0.0D+00       22      108       22      220  S
     11      1   3.2614088633096738D-01 6.4D-09 0.0D+00 9.6D-09 0.0D+00       21      102       21      210  S
     11      1   3.2614088633148275D-01 6.4D-09 0.0D+00 7.6D-09 0.0D+00       22      103       22      220  S
     11      1   3.2614088633130484D-01 6.4D-09 0.0D+00 1.2D-09 0.0D+00       22      105       22      220  S
     11      1   3.2614088633140426D-01 6.4D-09 0.0D+00 9.9D-09 0.0D+00       22      104       22      220  S
     11      1   3.2614088633103266D-01 6.4D-09 0.0D+00 4.4D-10 0.0D+00       21      103       21      210  S
     11      1   3.2614088633158678D-01 6.4D-09 0.0D+00 6.1D-09 0.0D+00       22      104       22      220  S
     11      1   3.2614088633130123D-01 6.4D-09 0.0D+00 6.0D-09 0.0D+00       21      101       21      210  S
     11      1   3.2614088633133353D-01 6.4D-09 0.0D+00 1.2D-09 0.0D+00       22      108       22      220  S
     11      1   3.2614088633149474D-01 6.4D-09 0.0D+00 9.1D-09 0.0D+00       22      104       22      220  S
     11      1   3.2614088633109684D-01 6.4D-09 0.0D+00 5.5D-09 0.0D+00       21      100       21      210  S
     11      1   3.2614088633120869D-01 6.4D-09 0.0D+00 9.1D-09 0.0D+00       21       99       21      210  S
     11      1   3.2614088633131327D-01 6.4D-09 0.0D+00 4.2D-09 0.0D+00       22      107       22      220  S
     11      1   3.2614088633137561D-01 6.4D-09 0.0D+00 6.0D-09 0.0D+00       22      107       22      220  S
     11      1   3.2614088633095822D-01 6.4D-09 0.0D+00 2.4D-09 0.0D+00       21      104       21      210  S
     11      1   1.0304961760772009D+00 0.0D+00 0.0D+00 1.0D+00 0.0D+00        3       38        3       30  S
     11      1   3.2614088633104016D-01 6.4D-09 0.0D+00 7.8D-09 0.0D+00       21      100       21      210  S
     11      1   3.2614088633101068D-01 6.4D-09 0.0D+00 7.6D-09 0.0D+00       21      103       21      210  S
     11      1   3.2614088633144667D-01 6.4D-09 0.0D+00 6.2D-09 0.0D+00       22      108       22      220  S
     11      1   3.2614088633119953D-01 6.4D-09 0.0D+00 9.1D-10 0.0D+00       21      100       21      210  S
     11      1   3.2614088633143073D-01 6.4D-09 0.0D+00 8.8D-09 0.0D+00       22      116       22      220  S
     11      1   3.2614088633132204D-01 6.4D-09 0.0D+00 8.1D-10 0.0D+00       22      107       22      220  S
     11      1   3.2614088633144500D-01 6.4D-09 0.0D+00 8.9D-09 0.0D+00       22      105       22      220  S
     11      1   3.2614088633115978D-01 6.4D-09 0.0D+00 3.0D-09 0.0D+00       21      103       21      210  S
     11      1   3.2614088633135235D-01 6.4D-09 0.0D+00 2.8D-09 0.0D+00       22      112       22      220  S
     11      1   3.2614088633102867D-01 6.4D-09 0.0D+00 8.9D-09 0.0D+00       21      103       21      210  S
     11      1   3.2614088633145816D-01 6.4D-09 0.0D+00 6.7D-09 0.0D+00       22      105       22      220  S
     11      1   3.2614088633116367D-01 6.4D-09 0.0D+00 8.3D-09 0.0D+00       21      101       21      210  S
     11      1   3.2614088633103056D-01 6.4D-09 0.0D+00 9.3D-09 0.0D+00       21      100       21      210  S
     11      1   3.2614088633113192D-01 6.4D-09 0.0D+00 1.0D-08 0.0D+00       21      100       21      210  S
     11      1   3.2614088633118982D-01 6.4D-09 0.0D+00 1.3D-09 0.0D+00       21      100       21      210  S
     11      1   3.2614088633137023D-01 6.4D-09 0.0D+00 1.4D-09 0.0D+00       22      106       22      220  S
     11      1   3.2614088633124816D-01 6.4D-09 0.0D+00 7.9D-09 0.0D+00       21      102       21      210  S
     11      1   3.2614088633138527D-01 6.4D-09 0.0D+00 2.3D-08 0.0D+00       23      118       23      230  S
     11      1   3.2614088633142313D-01 6.4D-09 0.0D+00 5.1D-09 0.0D+00       22      106       22      220  S
     11      1   3.2614088633137533D-01 6.4D-09 0.0D+00 3.4D-09 0.0D+00       22      104       22      220  S
     11      1   3.5352151772665447D-01 8.1D-09 0.0D+00 7.3D-09 0.0D+00       21      163       21      210  S
     11      1   3.2614088633135258D-01 6.4D-09 0.0D+00 2.9D-08 0.0D+00       22      111       22      220  S
     11      1   3.2614088633123639D-01 6.4D-09 0.0D+00 9.2D-09 0.0D+00       21      100       21      210  S
     11      1   3.2614088633143717D-01 6.4D-09 0.0D+00 8.5D-09 0.0D+00       22      109       22      220  S
     11      1   3.2614088633130772D-01 6.4D-09 0.0D+00 7.4D-09 0.0D+00       21      102       21      210  S
     11      1   3.2614088633120625D-01 6.4D-09 0.0D+00 9.9D-10 0.0D+00       21      100       21      210  S
     11      1   3.2614088633114924D-01 6.4D-09 0.0D+00 4.3D-09 0.0D+00       21      101       21      210  S
     11      1   3.2614088633118066D-01 6.4D-09 0.0D+00 1.2D-09 0.0D+00       21      101       21      210  S
     11      1   3.2614088633143479D-01 6.4D-09 0.0D+00 2.0D-08 0.0D+00       23      115       23      230  S
     11      1   3.2614088633099780D-01 6.4D-09 0.0D+00 6.1D-09 0.0D+00       21      103       21      210  S
     11      1   3.2614088633113397D-01 6.4D-09 0.0D+00 4.1D-09 0.0D+00       21      100       21      210  S
     11      1   3.2614088633104016D-01 6.4D-09 0.0D+00 6.6D-09 0.0D+00       21       99       21      210  S
     11      1   3.2614088633138999D-01 6.4D-09 0.0D+00 2.6D-10 0.0D+00       22      107       22      220  S
     11      1   3.2614088633133781D-01 6.4D-09 0.0D+00 1.1D-09 0.0D+00       22      106       22      220  S
     11      1   3.2614088633128724D-01 6.4D-09 0.0D+00 2.4D-09 0.0D+00       22      103       22      220  S
     11      1   3.2614088633110572D-01 6.4D-09 0.0D+00 4.6D-09 0.0D+00       21      102       21      210  S
     11      1   3.2614088633138255D-01 6.4D-09 0.0D+00 1.8D-08 0.0D+00       22      108       22      220  S
     11      1   3.2614088633094490D-01 6.4D-09 0.0D+00 9.5D-09 0.0D+00       21      105       21      210  S
     11      1   3.2614088633140753D-01 6.4D-09 0.0D+00 5.1D-10 0.0D+00       22      106       22      220  S
     11      1   3.2614088633145488D-01 6.4D-09 0.0D+00 7.8D-09 0.0D+00       22      107       22      220  S
     11      1   3.2614088633111576D-01 6.4D-09 0.0D+00 5.2D-09 0.0D+00       21      101       21      210  S
     11      1   3.2614088633132049D-01 6.4D-09 0.0D+00 7.3D-09 0.0D+00       22      104       22      220  S
     11      1   3.5352151772396612D-01 8.1D-09 0.0D+00 1.5D-07 0.0D+00       23      189       23      230  S
     11      1   3.2614088633125610D-01 6.4D-09 0.0D+00 3.7D-09 0.0D+00       22      103       22      220  S
     11      1   3.2614088633151689D-01 6.4D-09 0.0D+00 2.9D-09 0.0D+00       22      106       22      220  S
     11      1   3.2614088633103938D-01 6.4D-09 0.0D+00 7.7D-09 0.0D+00       21      103       21      210  S
     11      1   3.2614088633126787D-01 6.4D-09 0.0D+00 4.9D-09 0.0D+00       21      101       21      210  S
     11      1   3.2614088633113464D-01 6.4D-09 0.0D+00 4.9D-09 0.0D+00       21      101       21      210  S
     11      1   3.2614088633144983D-01 6.4D-09 0.0D+00 3.7D-09 0.0D+00       22      106       22      220  S
     11      1   3.2614088633155075D-01 6.4D-09 0.0D+00 2.7D-09 0.0D+00       22      106       22      220  S
     11      1   3.2614088633124488D-01 6.4D-09 0.0D+00 2.7D-09 0.0D+00       22      103       22      220  S
     11      1   3.2614088633156640D-01 6.4D-09 0.0D+00 7.1D-09 0.0D+00       22      106       22      220  S
     11      1   3.2614088633133997D-01 6.4D-09 0.0D+00 1.1D-09 0.0D+00       22      104       22      220  S
     11      1   3.2614088633132371D-01 6.4D-09 0.0D+00 1.3D-08 0.0D+00       23      119       23      230  S
     11      1   3.2614088633129346D-01 6.4D-09 0.0D+00 2.1D-09 0.0D+00       22      104       22      220  S
     11      1   3.2614088633147348D-01 6.4D-09 0.0D+00 6.6D-09 0.0D+00       22      105       22      220  S
     11      1   3.2614088633108651D-01 6.4D-09 0.0D+00 7.3D-09 0.0D+00       21      102       21      210  S
     11      1   3.2614088633143545D-01 6.4D-09 0.0D+00 4.0D-09 0.0D+00       22      105       22      220  S
     11      1   3.2614088633117577D-01 6.4D-09 0.0D+00 8.3D-09 0.0D+00       22      105       22      220  S
     11      1   3.2614088633135574D-01 6.4D-09 0.0D+00 2.9D-10 0.0D+00       22      105       22      220  S
     11      1   3.2614088633140981D-01 6.4D-09 0.0D+00 5.4D-09 0.0D+00       22      109       22      220  S
     11      1   3.2614088633129845D-01 6.4D-09 0.0D+00 2.6D-09 0.0D+00       22      106       22      220  S
     11      1   3.5352151772359403D-01 8.1D-09 0.0D+00 1.6D-07 0.0D+00       22      169       22      220  S
     11      1   3.2614088633098415D-01 6.4D-09 0.0D+00 1.2D-08 0.0D+00       22      117       22      220  S
     11      1   3.2614088633130589D-01 6.4D-09 0.0D+00 1.8D-09 0.0D+00       22      104       22      220  S
     11      1   3.2614088633152538D-01 6.4D-09 0.0D+00 8.2D-09 0.0D+00       22      106       22      220  S
     11      1   3.2614088633108484D-01 6.4D-09 0.0D+00 6.3D-09 0.0D+00       21      105       21      210  S
     11      1   3.2614088633137128D-01 6.4D-09 0.0D+00 1.5D-09 0.0D+00       22      104       22      220  S
     11      1   3.2614088633120825D-01 6.4D-09 0.0D+00 7.6D-09 0.0D+00       22      105       22      220  S
     11      1   3.2614088633131788D-01 6.4D-09 0.0D+00 2.5D-09 0.0D+00       22      104       22      220  S
     11      1   3.2614088633127930D-01 6.4D-09 0.0D+00 9.6D-09 0.0D+00       22      120       22      220  S
     11      1   3.2614088633107219D-01 6.4D-09 0.0D+00 6.7D-09 0.0D+00       21      101       21      210  S
     11      1   3.2614088633105792D-01 6.4D-09 0.0D+00 1.1D-09 0.0D+00       21      100       21      210  S
     11      1   3.2614088633145200D-01 6.4D-09 0.0D+00 2.3D-09 0.0D+00       22      104       22      220  S
     11      1   3.2614088633094879D-01 6.4D-09 0.0D+00 5.7D-09 0.0D+00       21      102       21      210  S
     11      1   3.2614088633150462D-01 6.4D-09 0.0D+00 8.4D-09 0.0D+00       22      105       22      220  S
     11      1   3.2614088633111027D-01 6.4D-09 0.0D+00 3.1D-09 0.0D+00       21      100       21      210  S
     11      1   3.2614088633145222D-01 6.4D-09 0.0D+00 5.7D-10 0.0D+00       22      107       22      220  S
     11      1   3.2614088633144628D-01 6.4D-09 0.0D+00 1.5D-09 0.0D+00       22      104       22      220  S
     11      1   3.2614088633160027D-01 6.4D-09 0.0D+00 5.1D-09 0.0D+00       22      109       22      220  S
     11      1   3.2614088633111388D-01 6.4D-09 0.0D+00 8.1D-09 0.0D+00       21      101       21      210  S
     11      1   3.2614088633139304D-01 6.4D-09 0.0D+00 3.4D-09 0.0D+00       22      103       22      220  S
     11      1   3.2614088633144689D-01 6.4D-09 0.0D+00 5.3D-09 0.0D+00       22      106       22      220  S
     11      1   3.2614088633132698D-01 6.4D-09 0.0D+00 1.5D-09 0.0D+00       22      104       22      220  S
     11      1   3.2614088633119537D-01 6.4D-09 0.0D+00 7.1D-10 0.0D+00       21      102       21      210  S
     11      1   3.2614088633152133D-01 6.4D-09 0.0D+00 2.4D-08 0.0D+00       23      113       23      230  S
     11      1   3.2614088633126176D-01 6.4D-09 0.0D+00 8.7D-09 0.0D+00       22      108       22      220  S
     11      1   3.2614088633103328D-01 6.4D-09 0.0D+00 6.8D-09 0.0D+00       21      100       21      210  S
     11      1   3.2614088633114224D-01 6.4D-09 0.0D+00 1.4D-09 0.0D+00       21      101       21      210  S
     11      1   3.2614088633141919D-01 6.4D-09 0.0D+00 1.0D-09 0.0D+00       22      107       22      220  S
     11      1   3.2614088633111465D-01 6.4D-09 0.0D+00 5.0D-10 0.0D+00       21      101       21      210  S
     11      1   3.2614088633121446D-01 6.4D-09 0.0D+00 7.0D-09 0.0D+00       21      103       21      210  S
     11      1   3.2614088633147054D-01 6.4D-09 0.0D+00 1.4D-09 0.0D+00       22      106       22      220  S
     11      1   3.2614088633115518D-01 6.4D-09 0.0D+00 5.1D-09 0.0D+00       21      100       21      210  S
     11      1   3.2614088633107452D-01 6.4D-09 0.0D+00 7.1D-09 0.0D+00       21      102       21      210  S
     11      1   3.2614088633130522D-01 6.4D-09 0.0D+00 4.3D-10 0.0D+00       22      103       22      220  S
     11      1   3.2614088633118837D-01 6.4D-09 0.0D+00 1.1D-09 0.0D+00       21      103       21      210  S
     11      1   3.2614088633157512D-01 6.4D-09 0.0D+00 3.1D-09 0.0D+00       22      106       22      220  S
     11      1   3.2614088633134175D-01 6.4D-09 0.0D+00 1.8D-09 0.0D+00       22      103       22      220  S
     11      1   3.2614088633148897D-01 6.4D-09 0.0D+00 5.6D-09 0.0D+00       22      105       22      220  S
     11      1   3.2614088633147265D-01 6.4D-09 0.0D+00 7.1D-09 0.0D+00       22      114       22      220  S
     11      1   3.5352151194675902D-01 8.1D-09 0.0D+00 7.4D-08 0.0D+00       22      144       22      220  S
     11      1   3.2614088633141597D-01 6.4D-09 0.0D+00 5.5D-09 0.0D+00       22      106       22      220  S
     11      1   3.2614088633115451D-01 6.4D-09 0.0D+00 5.5D-10 0.0D+00       21      100       21      210  S
     11      1   3.2614088633118860D-01 6.4D-09 0.0D+00 1.0D-09 0.0D+00       21      100       21      210  S
     11      1   3.2614088633149668D-01 6.4D-09 0.0D+00 6.3D-09 0.0D+00       22      103       22      220  S
     11      1   3.2614088633128913D-01 6.4D-09 0.0D+00 8.9D-09 0.0D+00       22      104       22      220  S
     11      1   3.2614088633132599D-01 6.4D-09 0.0D+00 1.4D-09 0.0D+00       22      105       22      220  S
     11      1   3.2614088633136307D-01 6.4D-09 0.0D+00 1.9D-10 0.0D+00       22      105       22      220  S
     11      1   3.2614088633135979D-01 6.4D-09 0.0D+00 3.3D-09 0.0D+00       22      107       22      220  S
     11      1   3.2614088633156030D-01 6.4D-09 0.0D+00 9.6D-09 0.0D+00       22      104       22      220  S
     11      1   3.2614088633041577D-01 6.4D-09 0.0D+00 4.6D-09 0.0D+00       21      104       21      210  S
     11      1   3.2614088633129384D-01 6.4D-09 0.0D+00 2.9D-09 0.0D+00       22      107       22      220  S
     11      1   3.2614088633142801D-01 6.4D-09 0.0D+00 3.6D-09 0.0D+00       22      105       22      220  S
     11      1   3.5771773515665001D-01 3.0D-09 0.0D+00 7.1D+00 0.0D+00       22      265       22      220  S
     11      1   3.2614088633146709D-01 6.4D-09 0.0D+00 5.7D-09 0.0D+00       22      106       22      220  S
     11      1   3.2614088633151195D-01 6.4D-09 0.0D+00 6.1D-09 0.0D+00       22      106       22      220  S
     11      1   3.2614088633132754D-01 6.4D-09 0.0D+00 2.6D-09 0.0D+00       22      105       22      220  S
     11      1   3.2614088633135119D-01 6.4D-09 0.0D+00 3.2D-09 0.0D+00       22      104       22      220  S
     11      1   3.2614088633130345D-01 6.4D-09 0.0D+00 4.8D-09 0.0D+00       21      100       21      210  S
     11      1   3.2614088633120025D-01 6.4D-09 0.0D+00 4.9D-09 0.0D+00       22      109       22      220  S
     11      1   3.2614088633107891D-01 6.4D-09 0.0D+00 2.0D-09 0.0D+00       21      101       21      210  S
     11      1   3.2614088633127358D-01 6.4D-09 0.0D+00 6.1D-09 0.0D+00       22      115       22      220  S
     11      1   3.2614088633121119D-01 6.4D-09 0.0D+00 7.9D-09 0.0D+00       21      101       21      210  S
     11      1   3.2614088633128441D-01 6.4D-09 0.0D+00 3.9D-09 0.0D+00       22      106       22      220  S
     11      1   3.2614088633102495D-01 6.4D-09 0.0D+00 1.1D-10 0.0D+00       21      101       21      210  S
     11      1   3.2614088633111460D-01 6.4D-09 0.0D+00 2.4D-09 0.0D+00       21      101       21      210  S
     11      1   3.2614088633136862D-01 6.4D-09 0.0D+00 7.7D-09 0.0D+00       22      110       22      220  S
     11      1   3.2614088633112226D-01 6.4D-09 0.0D+00 6.6D-09 0.0D+00       21      102       21      210  S
     11      1   3.2614088633103738D-01 6.4D-09 0.0D+00 3.5D-09 0.0D+00       21      102       21      210  S
     11      1   3.2614088633110666D-01 6.4D-09 0.0D+00 3.5D-09 0.0D+00       21      103       21      210  S
     11      1   3.2614088633134908D-01 6.4D-09 0.0D+00 1.6D-10 0.0D+00       22      103       22      220  S
     11      1   3.2614088633153010D-01 6.4D-09 0.0D+00 9.8D-09 0.0D+00       22      104       22      220  S
     11      1   3.2614088633100918D-01 6.4D-09 0.0D+00 9.8D-09 0.0D+00       21      101       21      210  S
     11      1   3.2614088633129579D-01 6.4D-09 0.0D+00 3.6D-10 0.0D+00       22      103       22      220  S
     11      1   3.2614088633149552D-01 6.4D-09 0.0D+00 7.1D-09 0.0D+00       22      103       22      220  S
     11      1   3.2614088633114441D-01 6.4D-09 0.0D+00 1.1D-10 0.0D+00       21      101       21      210  S
     11      1   3.2614088633132482D-01 6.4D-09 0.0D+00 1.8D-09 0.0D+00       22      104       22      220  S
     11      1   3.2614088633110955D-01 6.4D-09 0.0D+00 2.5D-09 0.0D+00       21      102       21      210  S
     11      1   3.2614088633142008D-01 6.4D-09 0.0D+00 4.4D-09 0.0D+00       22      104       22      220  S
     11      1   3.2614088633141752D-01 6.4D-09 0.0D+00 5.0D-09 0.0D+00       22      103       22      220  S
     11      1   3.2614088633099930D-01 6.4D-09 0.0D+00 3.6D-09 0.0D+00       21      103       21      210  S
     11      1   3.2614088633146782D-01 6.4D-09 0.0D+00 3.6D-09 0.0D+00       22      104       22      220  S
     11      1   3.2614088633113009D-01 6.4D-09 0.0D+00 8.6D-09 0.0D+00       21      100       21      210  S
     11      1   3.2614088633118016D-01 6.4D-09 0.0D+00 6.9D-09 0.0D+00       21      102       21      210  S
     11      1   3.2614088633149202D-01 6.4D-09 0.0D+00 6.8D-09 0.0D+00       22      104       22      220  S
     11      1   3.2614088633155797D-01 6.4D-09 0.0D+00 9.5D-09 0.0D+00       22      105       22      220  S
     11      1   8.9009729101473056D-01 0.0D+00 0.0D+00 8.9D-01 0.0D+00        3       29        3       30  S
     11      1   3.2614088633118271D-01 6.4D-09 0.0D+00 5.5D-09 0.0D+00       22      103       22      220  S
     11      1   3.2614088633142496D-01 6.4D-09 0.0D+00 3.0D-09 0.0D+00       22      104       22      220  S
     11      1   3.2614088633154026D-01 6.4D-09 0.0D+00 8.1D-09 0.0D+00       22      105       22      220  S
     11      1   3.2614088633128735D-01 6.4D-09 0.0D+00 2.0D-09 0.0D+00       22      103       22      220  S
     11      1   3.2614088633137722D-01 6.4D-09 0.0D+00 9.6D-09 0.0D+00       22      110       22      220  S
     11      1   3.2614088633115923D-01 6.4D-09 0.0D+00 9.7D-09 0.0D+00       21      101       21      210  S
     11      1   3.2614088633108079D-01 6.4D-09 0.0D+00 8.2D-09 0.0D+00       21      105       21      210  S
     11      1   3.2614088633142663D-01 6.4D-09 0.0D+00 2.1D-09 0.0D+00       22      103       22      220  S
     11      1   3.2614088633143418D-01 6.4D-09 0.0D+00 4.0D-09 0.0D+00       22      103       22      220  S
     11      1   3.2614088633107985D-01 6.4D-09 0.0D+00 8.5D-09 0.0D+00       21      102       21      210  S
     11      1   3.2614088633127869D-01 6.4D-09 0.0D+00 1.8D-09 0.0D+00       21      100       21      210  S
     11      1   3.2614088633104860D-01 6.4D-09 0.0D+00 7.8D-09 0.0D+00       21      100       21      210  S
     11      1   3.2614088633109145D-01 6.4D-09 0.0D+00 9.3D-09 0.0D+00       21      102       21      210  S
     11      1   3.2614088633128430D-01 6.4D-09 0.0D+00 3.0D-09 0.0D+00       22      113       22      220  S
     11      1   3.2614088633104127D-01 6.4D-09 0.0D+00 6.6D-09 0.0D+00       21      100       21      210  S
     11      1   3.2614088633148103D-01 6.4D-09 0.0D+00 4.0D-10 0.0D+00       22      103       22      220  S
     11      1   3.2614088633130178D-01 6.4D-09 0.0D+00 1.4D-09 0.0D+00       22      109       22      220  S
     11      1   3.2614088633146227D-01 6.4D-09 0.0D+00 7.0D-09 0.0D+00       22      105       22      220  S
     11      1   3.2614088633133298D-01 6.4D-09 0.0D+00 7.2D-09 0.0D+00       22      103       22      220  S
     11      1   3.2614088633140875D-01 6.4D-09 0.0D+00 7.7D-10 0.0D+00       22      112       22      220  S
     11      1   3.2614088633146787D-01 6.4D-09 0.0D+00 9.9D-09 0.0D+00       22      106       22      220  S
     11      1   3.2614088633143434D-01 6.4D-09 0.0D+00 6.1D-09 0.0D+00       22      108       22      220  S
     11      1   3.2614088633107008D-01 6.4D-09 0.0D+00 5.7D-09 0.0D+00       21      103       21      210  S
     11      1   3.2614088633121929D-01 6.4D-09 0.0D+00 9.5D-10 0.0D+00       22      119       22      220  S
     11      1   3.2614088633161031D-01 6.4D-09 0.0D+00 5.1D-09 0.0D+00       22      105       22      220  S
     11      1   3.2614088633155675D-01 6.4D-09 0.0D+00 9.9D-10 0.0D+00       22      107       22      220  S
     11      1   3.2614088633150562D-01 6.4D-09 0.0D+00 1.2D-09 0.0D+00       22      107       22      220  S
     11      1   3.2614088633110438D-01 6.4D-09 0.0D+00 1.8D-09 0.0D+00       21      100       21      210  S
     11      1   3.2614088633145843D-01 6.4D-09 0.0D+00 2.7D-09 0.0D+00       22      103       22      220  S
     11      1   3.2614088633106070D-01 6.4D-09 0.0D+00 7.6D-09 0.0D+00       21      101       21      210  S
     11      1   3.2614088633134125D-01 6.4D-09 0.0D+00 9.6D-09 0.0D+00       22      104       22      220  S
     11      1   3.2614088633132110D-01 6.4D-09 0.0D+00 7.4D-09 0.0D+00       22      108       22      220  S
     11      1   3.2614088633139943D-01 6.4D-09 0.0D+00 1.4D-10 0.0D+00       22      106       22      220  S
     11      1   3.2614088633158311D-01 6.4D-09 0.0D+00 3.7D-09 0.0D+00       22      104       22      220  S
     11      1   3.2614088633138305D-01 6.4D-09 0.0D+00 5.9D-09 0.0D+00       22      103       22      220  S
     11      1   3.2614088633119870D-01 6.4D-09 0.0D+00 7.5D-10 0.0D+00       22      103       22      220  S
     11      1   3.2614088633131294D-01 6.4D-09 0.0D+00 9.0D-09 0.0D+00       22      106       22      220  S
     11      1   3.2614088633147564D-01 6.4D-09 0.0D+00 1.2D-09 0.0D+00       22      106       22      220  S
     11      1   3.2614088633117444D-01 6.4D-09 0.0D+00 5.0D-09 0.0D+00       21      101       21      210  S
     11      1   3.2614088633109034D-01 6.4D-09 0.0D+00 5.6D-09 0.0D+00       21      102       21      210  S
     11      1   3.2614088633144422D-01 6.4D-09 0.0D+00 3.0D-09 0.0D+00       22      105       22      220  S
     11      1   3.2614088633107635D-01 6.4D-09 0.0D+00 5.8D-09 0.0D+00       21      100       21      210  S
     11      1   3.2614088633116867D-01 6.4D-09 0.0D+00 8.0D-09 0.0D+00       21      103       21      210  S
     11      1   3.2614088633099064D-01 6.4D-09 0.0D+00 2.7D-09 0.0D+00       21      102       21      210  S
     11      1   3.5352151482626148D-01 8.1D-09 0.0D+00 1.9D-06 0.0D+00       24      171       24      240  S
     11      1   3.2614088633120669D-01 6.4D-09 0.0D+00 2.4D-09 0.0D+00       21      100       21      210  S
     11      1   3.2614088633142785D-01 6.4D-09 0.0D+00 3.3D-10 0.0D+00       22      107       22      220  S
     11      1   3.2614088633144794D-01 6.4D-09 0.0D+00 1.3D-09 0.0D+00       22      106       22      220  S
     11      1   3.2614088633134325D-01 6.4D-09 0.0D+00 1.7D-09 0.0D+00       22      105       22      220  S
     11      1   3.2614088633148119D-01 6.4D-09 0.0D+00 2.2D-08 0.0D+00       23      111       23      230  S
     11      1   3.2614088633110955D-01 6.4D-09 0.0D+00 4.8D-09 0.0D+00       21      101       21      210  S
     11      1   3.2614088633142857D-01 6.4D-09 0.0D+00 6.9D-10 0.0D+00       22      106       22      220  S
     11      1   3.2614088633109078D-01 6.4D-09 0.0D+00 6.7D-09 0.0D+00       21      100       21      210  S
     11      1   3.2614088633156429D-01 6.4D-09 0.0D+00 1.8D-09 0.0D+00       22      120       22      220  S
     11      1   3.2614088633142063D-01 6.4D-09 0.0D+00 4.0D-09 0.0D+00       22      107       22      220  S
     11      1   3.2614088633107258D-01 6.4D-09 0.0D+00 6.4D-09 0.0D+00       21      101       21      210  S
     11      1   3.2614088633112537D-01 6.4D-09 0.0D+00 2.7D-08 0.0D+00       22      110       22      220  S
     11      1   3.2614088633141397D-01 6.4D-09 0.0D+00 5.8D-09 0.0D+00       22      104       22      220  S
     11      1   3.2614088633127458D-01 6.4D-09 0.0D+00 3.2D-09 0.0D+00       22      105       22      220  S
     11      1   3.2614088633137317D-01 6.4D-09 0.0D+00 3.3D-09 0.0D+00       22      104       22      220  S
     11      1   3.2614088633098315D-01 6.4D-09 0.0D+00 7.7D-09 0.0D+00       21      101       21      210  S
     11      1   3.2614088633130089D-01 6.4D-09 0.0D+00 9.1D-10 0.0D+00       22      105       22      220  S
     11      1   3.2614088633144739D-01 6.4D-09 0.0D+00 3.2D-08 0.0D+00       23      121       23      230  S
     11      1   3.2614088633101807D-01 6.4D-09 0.0D+00 9.2D-09 0.0D+00       21      100       21      210  S
     11      1   3.2614088633136540D-01 6.4D-09 0.0D+00 5.7D-10 0.0D+00       22      104       22      220  S
     11      1   3.2614088633150007D-01 6.4D-09 0.0D+00 2.8D-09 0.0D+00       22      105       22      220  S
     11      1   3.2614088633147437D-01 6.4D-09 0.0D+00 8.1D-10 0.0D+00       22      106       22      220  S
     11      1   3.2614088633103183D-01 6.4D-09 0.0D+00 2.1D-08 0.0D+00       22      113       22      220  S
     11      1   3.2614088633125238D-01 6.4D-09 0.0D+00 5.0D-09 0.0D+00       21      102       21      210  S
     11      1   3.2614088633148641D-01 6.4D-09 0.0D+00 7.6D-09 0.0D+00       22      104       22      220  S
     11      1   3.2614088633150529D-01 6.4D-09 0.0D+00 8.6D-09 0.0D+00       22      104       22      220  S
     11      1   3.2614088633104571D-01 6.4D-09 0.0D+00 7.6D-09 0.0D+00       21      101       21      210  S
     11      1   3.2614088633147825D-01 6.4D-09 0.0D+00 3.6D-09 0.0D+00       22      105       22      220  S
     11      1   3.2614088633102295D-01 6.4D-09 0.0D+00 6.3D-09 0.0D+00       21      101       21      210  S
     11      1   3.2614088633140431D-01 6.4D-09 0.0D+00 7.8D-09 0.0D+00       22      105       22      220  S
     11      1   3.2614088633117738D-01 6.4D-09 0.0D+00 8.4D-09 0.0D+00       21      101       21      210  S
     11      1   3.2614088633138771D-01 6.4D-09 0.0D+00 5.6D-09 0.0D+00       22      108       22      220  S
     11      1   3.2614088633148869D-01 6.4D-09 0.0D+00 7.8D-09 0.0D+00       22      104       22      220  S
     11      1   3.2614088633116978D-01 6.4D-09 0.0D+00 5.1D-09 0.0D+00       21      100       21      210  S
     11      1   3.5353330705845126D-01 6.5D-09 0.0D+00 8.1D-09 0.0D+00       17      267       17      170  S
     11      1   3.2614088633120386D-01 6.4D-09 0.0D+00 8.1D-09 0.0D+00       21      100       21      210  S
     11      1   3.2614088633108507D-01 6.4D-09 0.0D+00 8.1D-09 0.0D+00       21      102       21      210  S
     11      1   3.2614088633130850D-01 6.4D-09 0.0D+00 4.9D-09 0.0D+00       21      100       21      210  S
     11      1   3.2614088633148186D-01 6.4D-09 0.0D+00 8.0D-09 0.0D+00       22      103       22      220  S
     11      1   3.2614088633130078D-01 6.4D-09 0.0D+00 3.1D-09 0.0D+00       22      103       22      220  S
     11      1   3.2614088633133226D-01 6.4D-09 0.0D+00 7.7D-09 0.0D+00       21      102       21      210  S
     11      1   3.2614088633097138D-01 6.4D-09 0.0D+00 9.4D-09 0.0D+00       21      105       21      210  S
     11      1   3.2614088633143556D-01 6.4D-09 0.0D+00 4.1D-09 0.0D+00       22      103       22      220  S
     11      1   3.2614088633124588D-01 6.4D-09 0.0D+00 9.3D-10 0.0D+00       22      104       22      220  S
     11      1   3.2614088633136579D-01 6.4D-09 0.0D+00 1.1D-08 0.0D+00       22      110       22      220  S
     11      1   3.5352151772314966D-01 8.1D-09 0.0D+00 2.1D-07 0.0D+00       24      218       24      240  S
     11      1   3.2614088633111155D-01 6.4D-09 0.0D+00 1.2D-08 0.0D+00       22      112       22      220  S
     11      1   3.2614088633133514D-01 6.4D-09 0.0D+00 1.6D-09 0.0D+00       22      103       22      220  S
     11      1   3.2614088633146443D-01 6.4D-09 0.0D+00 2.4D-09 0.0D+00       22      105       22      220  S
     11      1   3.2614088633138599D-01 6.4D-09 0.0D+00 1.2D-09 0.0D+00       22      105       22      220  S
     11      1   3.2614088633097910D-01 6.4D-09 0.0D+00 5.8D-09 0.0D+00       21      102       21      210  S
     11      1   3.2614088633103194D-01 6.4D-09 0.0D+00 2.8D-10 0.0D+00       21      100       21      210  S
     11      1   3.2614088633151678D-01 6.4D-09 0.0D+00 4.4D-10 0.0D+00       22      108       22      220  S
     11      1   3.2614088633144112D-01 6.4D-09 0.0D+00 9.2D-09 0.0D+00       22      107       22      220  S
     11      1   3.2614088633117677D-01 6.4D-09 0.0D+00 4.7D-09 0.0D+00       21      100       21      210  S
     11      1   3.2614088633132726D-01 6.4D-09 0.0D+00 8.7D-09 0.0D+00       22      107       22      220  S
     11      1   3.2614088633110849D-01 6.4D-09 0.0D+00 4.8D-09 0.0D+00       21      102       21      210  S
     11      1   3.2614088633112864D-01 6.4D-09 0.0D+00 1.2D-08 0.0D+00       22      112       22      220  S
     11      1   3.2614088633100291D-01 6.4D-09 0.0D+00 5.4D-09 0.0D+00       21      101       21      210  S
     11      1   3.2614088633131305D-01 6.4D-09 0.0D+00 1.2D-09 0.0D+00       21      102       21      210  S
     11      1   3.2614088633130672D-01 6.4D-09 0.0D+00 9.6D-09 0.0D+00       22      105       22      220  S
     11      1   3.2614088633121968D-01 6.4D-09 0.0D+00 6.9D-09 0.0D+00       22      103       22      220  S
     11      1   3.2614088633151472D-01 6.4D-09 0.0D+00 4.5D-09 0.0D+00       22      105       22      220  S
     11      1   3.2614088633147459D-01 6.4D-09 0.0D+00 6.4D-10 0.0D+00       22      106       22      220  S
     11      1   3.2614088633093247D-01 6.4D-09 0.0D+00 7.1D-09 0.0D+00       21      102       21      210  S
     11      1   3.2614088633152960D-01 6.4D-09 0.0D+00 9.3D-09 0.0D+00       22      104       22      220  S
     11      1   3.2614088633129990D-01 6.4D-09 0.0D+00 1.4D-09 0.0D+00       22      107       22      220  S
     11      1   3.2614088633110450D-01 6.4D-09 0.0D+00 3.0D-09 0.0D+00       21      100       21      210  S
     11      1   3.2614088633124433D-01 6.4D-09 0.0D+00 4.5D-09 0.0D+00       21      101       21      210  S
     11      1   3.2614088633155713D-01 6.4D-09 0.0D+00 9.5D-09 0.0D+00       22      111       22      220  S
     11      1   3.2614088633137250D-01 6.4D-09 0.0D+00 8.1D-09 0.0D+00       22      107       22      220  S
     11      1   3.2614088633115262D-01 6.4D-09 0.0D+00 7.9D-10 0.0D+00       21      100       21      210  S
     11      1   3.2614088633125665D-01 6.4D-09 0.0D+00 5.6D-09 0.0D+00       21      103       21      210  S
     11      1   3.2614088633114868D-01 6.4D-09 0.0D+00 6.3D-10 0.0D+00       21      100       21      210  S
     11      1   3.2614088633154587D-01 6.4D-09 0.0D+00 5.2D-09 0.0D+00       22      106       22      220  S
     11      1   3.2614088633152138D-01 6.4D-09 0.0D+00 7.5D-09 0.0D+00       22      111       22      220  S
     11      1   3.2614088633137933D-01 6.4D-09 0.0D+00 8.9D-09 0.0D+00       22      106       22      220  S
     11      1   3.2614088633119126D-01 6.4D-09 0.0D+00 8.9D-09 0.0D+00       21      101       21      210  S
     11      1   3.2614088633116067D-01 6.4D-09 0.0D+00 4.4D-09 0.0D+00       21      101       21      210  S
     11      1   3.2614088633130878D-01 6.4D-09 0.0D+00 9.4D-09 0.0D+00       22      108       22      220  S
     11      1   3.2614088633138688D-01 6.4D-09 0.0D+00 9.7D-09 0.0D+00       22      116       22      220  S
     11      1   3.5352151194874726D-01 8.1D-09 0.0D+00 9.0D-09 0.0D+00       21      149       21      210  S
     11      1   3.2614088633129174D-01 6.4D-09 0.0D+00 3.0D-09 0.0D+00       22      106       22      220  S
     11      1   3.2614088633147975D-01 6.4D-09 0.0D+00 6.4D-09 0.0D+00       22      103       22      220  S
     11      1   3.2614088633140248D-01 6.4D-09 0.0D+00 4.4D-09 0.0D+00       22      107       22      220  S
     11      1   3.2614088633162230D-01 6.4D-09 0.0D+00 5.4D-09 0.0D+00       22      108       22      220  S
     11      1   3.2614088633109373D-01 6.4D-09 0.0D+00 6.1D-09 0.0D+00       21      104       21      210  S
     11      1   3.2614088633131688D-01 6.4D-09 0.0D+00 8.5D-10 0.0D+00       22      106       22      220  S
     11      1   3.2614088633132687D-01 6.4D-09 0.0D+00 6.5D-09 0.0D+00       21      104       21      210  S
     11      1   3.2614088633102717D-01 6.4D-09 0.0D+00 6.5D-09 0.0D+00       21      102       21      210  S
     11      1   3.2614088633130983D-01 6.4D-09 0.0D+00 4.9D-09 0.0D+00       22      105       22      220  S
     11      1   3.5352151194835013D-01 8.1D-09 0.0D+00 2.1D-08 0.0D+00       23      172       23      230  S
     11      1   3.2614088633133465D-01 6.4D-09 0.0D+00 5.4D-09 0.0D+00       22      107       22      220  S
     11      1   3.2614088633139865D-01 6.4D-09 0.0D+00 6.4D-09 0.0D+00       22      103       22      220  S
     11      1   3.2614088633150512D-01 6.4D-09 0.0D+00 8.5D-09 0.0D+00       22      105       22      220  S
     11      1   3.2614088633106292D-01 6.4D-09 0.0D+00 2.3D-10 0.0D+00       21      101       21      210  S
     11      1   3.2614088633155286D-01 6.4D-09 0.0D+00 3.2D-09 0.0D+00       22      108       22      220  S
     11      1   3.2614088633125388D-01 6.4D-09 0.0D+00 3.7D-09 0.0D+00       22      104       22      220  S
     11      1   3.5352151194863740D-01 8.1D-09 0.0D+00 7.5D-09 0.0D+00       22      144       22      220  S
     11      1   3.2614088633139932D-01 6.4D-09 0.0D+00 8.9D-09 0.0D+00       22      104       22      220  S
     11      1   3.2614088633138644D-01 6.4D-09 0.0D+00 9.5D-09 0.0D+00       22      106       22      220  S
     11      1   3.2614088633142246D-01 6.4D-09 0.0D+00 1.4D-09 0.0D+00       22      106       22      220  S
     11      1   3.2614088633144178D-01 6.4D-09 0.0D+00 6.0D-09 0.0D+00       22      105       22      220  S
     11      1   3.2614088633103822D-01 6.4D-09 0.0D+00 4.7D-09 0.0D+00       21      101       21      210  S
     11      1   3.2614088633101340D-01 6.4D-09 0.0D+00 9.4D-09 0.0D+00       21      101       21      210  S
     11      1   3.2614088633137983D-01 6.4D-09 0.0D+00 7.6D-09 0.0D+00       22      107       22      220  S
     11      1   3.2614088633147087D-01 6.4D-09 0.0D+00 1.4D-08 0.0D+00       23      114       23      230  S
     11      1   3.2614088633139438D-01 6.4D-09 0.0D+00 7.3D-09 0.0D+00       22      104       22      220  S
     11      1   3.2614088633140198D-01 6.4D-09 0.0D+00 2.8D-09 0.0D+00       22      105       22      220  S
     11      1   3.2614088633103439D-01 6.4D-09 0.0D+00 6.1D-09 0.0D+00       21       99       21      210  S
     11      1   3.2614088633138760D-01 6.4D-09 0.0D+00 4.0D-09 0.0D+00       22      107       22      220  S
     11      1   3.2614088633132093D-01 6.4D-09 0.0D+00 8.5D-09 0.0D+00       22      105       22      220  S
     11      1   3.2614088633119565D-01 6.4D-09 0.0D+00 1.9D-10 0.0D+00       21      103       21      210  S
     11      1   3.2614088633126292D-01 6.4D-09 0.0D+00 8.4D-09 0.0D+00       22      107       22      220  S
     11      1   3.2614088633147154D-01 6.4D-09 0.0D+00 7.9D-09 0.0D+00       22      109       22      220  S
     11      1   3.2614088633125782D-01 6.4D-09 0.0D+00 4.0D-09 0.0D+00       21      102       21      210  S
     11      1   3.2614088633148258D-01 6.4D-09 0.0D+00 8.5D-09 0.0D+00       22      104       22      220  S
     11      1   3.2614088633105787D-01 6.4D-09 0.0D+00 9.3D-09 0.0D+00       21      101       21      210  S
     11      1   3.2614088633101429D-01 6.4D-09 0.0D+00 6.8D-09 0.0D+00       21      101       21      210  S
     11      1   7.6101047204109629D-01 1.4D-06 0.0D+00 3.2D-01 0.0D+00       22      144       23      230  S
     11      1   3.2614088633129734D-01 6.4D-09 0.0D+00 5.0D-09 0.0D+00       22      107       22      220  S
     11      1   3.2614088633109894D-01 6.4D-09 0.0D+00 1.8D-09 0.0D+00       21      100       21      210  S
     11      1   3.8379932521083371D-01 2.2D-02 0.0D+00 1.0D+00 0.0D+00       22      118       23      230  S
     11      1   3.2614088633160904D-01 6.4D-09 0.0D+00 2.0D-09 0.0D+00       22      105       22      220  S
     11      1   3.2614088633119437D-01 6.4D-09 0.0D+00 7.3D-09 0.0D+00       21      100       21      210  S
     11      1   3.2614088633120353D-01 6.4D-09 0.0D+00 8.1D-09 0.0D+00       21      100       21      210  S
     11      1   3.2614088633106925D-01 6.4D-09 0.0D+00 5.7D-09 0.0D+00       21      102       21      210  S
     11      1   3.2614088633143906D-01 6.4D-09 0.0D+00 5.3D-09 0.0D+00       22      104       22      220  S
     11      1   3.2614088633097066D-01 6.4D-09 0.0D+00 9.8D-09 0.0D+00       21      101       21      210  S
     11      1   3.2614088633134669D-01 6.4D-09 0.0D+00 6.9D-09 0.0D+00       21      101       21      210  S
     11      1   3.2614088633131849D-01 6.4D-09 0.0D+00 2.6D-09 0.0D+00       22      103       22      220  S
     11      1   3.2614088633129656D-01 6.4D-09 0.0D+00 9.7D-09 0.0D+00       22      107       22      220  S
     11      1   3.2614088633145766D-01 6.4D-09 0.0D+00 6.8D-09 0.0D+00       22      103       22      220  S
     11      1   3.2614088633147614D-01 6.4D-09 0.0D+00 8.3D-09 0.0D+00       22      105       22      220  S
     11      1   3.2614088633123678D-01 6.4D-09 0.0D+00 3.4D-09 0.0D+00       21      103       21      210  S
     11      1   3.2614088633107013D-01 6.4D-09 0.0D+00 6.8D-09 0.0D+00       21      101       21      210  S
     11      1   6.7159970433067584D-01 0.0D+00 0.0D+00 6.7D-01 0.0D+00        3       32        3       30  S
     11      1   3.2614088633152366D-01 6.4D-09 0.0D+00 9.1D-09 0.0D+00       22      109       22      220  S
     11      1   3.2614088633114030D-01 6.4D-09 0.0D+00 1.4D-08 0.0D+00       22      109       22      220  S
     11      1   3.2614088633144334D-01 6.4D-09 0.0D+00 9.8D-10 0.0D+00       22      105       22      220  S
     11      1   3.2614088633143473D-01 6.4D-09 0.0D+00 4.5D-09 0.0D+00       22      104       22      220  S
     11      1   3.2614088633111366D-01 6.4D-09 0.0D+00 2.6D-09 0.0D+00       21      102       21      210  S
     11      1   3.2614088633106930D-01 6.4D-09 0.0D+00 8.4D-09 0.0D+00       21      102       21      210  S
     11      1   3.2614088633146054D-01 6.4D-09 0.0D+00 2.2D-09 0.0D+00       22      108       22      220  S
     11      1   3.2614088633145533D-01 6.4D-09 0.0D+00 4.2D-10 0.0D+00       22      105       22      220  S
     11      1   3.2614088633125393D-01 6.4D-09 0.0D+00 3.7D-09 0.0D+00       22      106       22      220  S
     11      1   3.2614088633095822D-01 6.4D-09 0.0D+00 7.9D-09 0.0D+00       21      103       21      210  S
     11      1   3.2614088633146998D-01 6.4D-09 0.0D+00 5.8D-09 0.0D+00       22      104       22      220  S
     11      1   3.2614088633104849D-01 6.4D-09 0.0D+00 8.5D-09 0.0D+00       21      102       21      210  S
     11      1   3.2614088633141525D-01 6.4D-09 0.0D+00 4.7D-09 0.0D+00       22      108       22      220  S
     11      1   3.2614088633110644D-01 6.4D-09 0.0D+00 3.9D-09 0.0D+00       21      100       21      210  S
     11      1   3.2614088633107413D-01 6.4D-09 0.0D+00 7.5D-09 0.0D+00       21      100       21      210  S
     11      1   3.2614088633109034D-01 6.4D-09 0.0D+00 4.8D-09 0.0D+00       21      104       21      210  S
     11      1   3.2614088633130822D-01 6.4D-09 0.0D+00 8.4D-09 0.0D+00       22      109       22      220  S
     11      1   3.2614088633147686D-01 6.4D-09 0.0D+00 4.1D-09 0.0D+00       22      106       22      220  S
     11      1   3.2614088633102306D-01 6.4D-09 0.0D+00 2.4D-10 0.0D+00       21      103       21      210  S
     11      1   3.2614088633106991D-01 6.4D-09 0.0D+00 7.3D-09 0.0D+00       21      100       21      210  S
     11      1   3.2614088633143262D-01 6.4D-09 0.0D+00 2.5D-09 0.0D+00       22      106       22      220  S
     11      1   3.2614088633124944D-01 6.4D-09 0.0D+00 3.4D-09 0.0D+00       21      102       21      210  S
     11      1   3.2614088633101507D-01 6.4D-09 0.0D+00 8.3D-09 0.0D+00       21      101       21      210  S
     11      1   3.2614088633089366D-01 6.4D-09 0.0D+00 3.9D-09 0.0D+00       21      106       21      210  S
     11      1   3.2614088633110189D-01 6.4D-09 0.0D+00 5.9D-09 0.0D+00       21      100       21      210  S
     11      1   3.2614088633147592D-01 6.4D-09 0.0D+00 8.8D-10 0.0D+00       22      108       22      220  S
     11      1   3.2614088633151739D-01 6.4D-09 0.0D+00 6.2D-09 0.0D+00       22      105       22      220  S
     11      1   3.2614088633125687D-01 6.4D-09 0.0D+00 4.9D-09 0.0D+00       22      104       22      220  S
     11      1   3.2614088633140520D-01 6.4D-09 0.0D+00 2.0D-09 0.0D+00       22      105       22      220  S
     11      1   3.2614088633134780D-01 6.4D-09 0.0D+00 1.3D-10 0.0D+00       22      105       22      220  S
     11      1   3.2614088633124150D-01 6.4D-09 0.0D+00 9.3D-09 0.0D+00       21      101       21      210  S
     11      1   3.9311021014175057D-01 2.6D-09 0.0D+00 7.0D+02 0.0D+00       25      334       25      250  S
     11      1   3.2614088633112098D-01 6.4D-09 0.0D+00 4.9D-09 0.0D+00       21      101       21      210  S
     11      1   3.2614088633111643D-01 6.4D-09 0.0D+00 3.2D-09 0.0D+00       21      104       21      210  S
     11      1   3.2614088633113358D-01 6.4D-09 0.0D+00 4.0D-09 0.0D+00       21      100       21      210  S
     11      1   3.2614088633143229D-01 6.4D-09 0.0D+00 4.3D-09 0.0D+00       22      104       22      220  S
     11      1   3.2614088633111804D-01 6.4D-09 0.0D+00 9.2D-09 0.0D+00       21      103       21      210  S
     11      1   3.2614088633153382D-01 6.4D-09 0.0D+00 8.8D-09 0.0D+00       22      105       22      220  S
     11      1   3.2614088633100680D-01 6.4D-09 0.0D+00 8.9D-09 0.0D+00       21      104       21      210  S
     11      1   3.2614088633102600D-01 6.4D-09 0.0D+00 8.7D-09 0.0D+00       21      100       21      210  S
     11      1   3.2614088633136740D-01 6.4D-09 0.0D+00 2.4D-09 0.0D+00       22      105       22      220  S
     11      1   3.2614088633112231D-01 6.4D-09 0.0D+00 1.1D-09 0.0D+00       21      102       21      210  S
     11      1   3.2614088633134636D-01 6.4D-09 0.0D+00 6.7D-09 0.0D+00       22      104       22      220  S
     11      1   3.2614088633115340D-01 6.4D-09 0.0D+00 2.3D-09 0.0D+00       21      101       21      210  S
     11      1   3.2614088633138943D-01 6.4D-09 0.0D+00 2.2D-10 0.0D+00       22      106       22      220  S
     11      1   3.2614088633137533D-01 6.4D-09 0.0D+00 5.4D-10 0.0D+00       22      104       22      220  S
     11      1   3.2614088633130472D-01 6.4D-09 0.0D+00 6.8D-09 0.0D+00       22      105       22      220  S
     11      1   3.2614088633105470D-01 6.4D-09 0.0D+00 1.2D-09 0.0D+00       21      102       21      210  S
     11      1   3.2614088633140670D-01 6.4D-09 0.0D+00 5.6D-09 0.0D+00       22      104       22      220  S
     11      1   3.2614088633082183D-01 6.4D-09 0.0D+00 6.3D-09 0.0D+00       21      105       21      210  S
     11      1   3.2614088633141364D-01 6.4D-09 0.0D+00 5.1D-09 0.0D+00       22      106       22      220  S
     11      1   3.2614088633102661D-01 6.4D-09 0.0D+00 3.2D-09 0.0D+00       21      102       21      210  S
     11      1   3.2614088633104232D-01 6.4D-09 0.0D+00 7.8D-09 0.0D+00       21      102       21      210  S
     11      1   3.2614088633155541D-01 6.4D-09 0.0D+00 8.3D-09 0.0D+00       22      106       22      220  S
     11      1   3.2614088633105248D-01 6.4D-09 0.0D+00 1.6D-09 0.0D+00       21      100       21      210  S
     11      1   3.2614088633145666D-01 6.4D-09 0.0D+00 7.5D-10 0.0D+00       22      110       22      220  S
     11      1   3.2614088633140020D-01 6.4D-09 0.0D+00 1.6D-09 0.0D+00       22      105       22      220  S
     11      1   3.2614088633109445D-01 6.4D-09 0.0D+00 9.6D-10 0.0D+00       21      102       21      210  S
     11      1   3.2614088633138139D-01 6.4D-09 0.0D+00 7.7D-09 0.0D+00       22      108       22      220  S
     11      1   3.2614088633122307D-01 6.4D-09 0.0D+00 9.4D-09 0.0D+00       21       99       21      210  S
     11      1   3.2614088633153981D-01 6.4D-09 0.0D+00 8.8D-09 0.0D+00       22      106       22      220  S
     11      1   3.2614088633127081D-01 6.4D-09 0.0D+00 4.6D-09 0.0D+00       22      107       22      220  S
     11      1   3.5352151772114948D-01 8.1D-09 0.0D+00 2.8D-07 0.0D+00       22      169       22      220  S
     11      1   3.2614088633126997D-01 6.4D-09 0.0D+00 3.1D-08 0.0D+00       22      117       22      220  S
     11      1   3.2614088633133104D-01 6.4D-09 0.0D+00 2.8D-09 0.0D+00       22      107       22      220  S
     11      1   3.2614088633109645D-01 6.4D-09 0.0D+00 1.8D-09 0.0D+00       21      103       21      210  S
     11      1   3.2614088633132698D-01 6.4D-09 0.0D+00 3.9D-09 0.0D+00       22      107       22      220  S
     11      1   3.2614088633106170D-01 6.4D-09 0.0D+00 8.0D-09 0.0D+00       21      101       21      210  S
     11      1   3.2614088633132726D-01 6.4D-09 0.0D+00 2.0D-09 0.0D+00       22      105       22      220  S
     11      1   3.2614088633119154D-01 6.4D-09 0.0D+00 1.5D-09 0.0D+00       21      101       21      210  S
     11      1   3.5352151772679180D-01 8.1D-09 0.0D+00 1.2D-09 0.0D+00       21      178       21      210  S
     11      1   3.2614088633121119D-01 6.4D-09 0.0D+00 9.3D-09 0.0D+00       21      100       21      210  S
