     19   0.00    0.00    0.00   2.3062510118626114D-01 5.0D-09 0.0D+00 5.2D-09 0.0D+00       22      111       22      220     157     329     353     329     331   0.38     0    0      1  BR
     19      1   2.3062510118629514D-01 5.0D-09 0.0D+00 4.8D-09 0.0D+00       22      120       22      220  S
     19      1   2.3062510118638727D-01 5.0D-09 0.0D+00 8.3D-09 0.0D+00       22      116       22      220  S
     19      1   2.5570817668875734D-01 6.1D-09 0.0D+00 7.5D-09 0.0D+00       23      165       23      230  S
     19      1   2.3062510118637669D-01 5.0D-09 0.0D+00 3.3D-08 0.0D+00       23      114       23      230  S
     19      1   2.3062510118639468D-01 5.0D-09 0.0D+00 4.5D-09 0.0D+00       22      121       22      220  S
     19      1   2.5570817668932183D-01 6.1D-09 0.0D+00 8.8D-09 0.0D+00       21      136       21      210  S
     19      1   2.3062510118655169D-01 5.0D-09 0.0D+00 6.3D-09 0.0D+00       22      124       22      220  S
     19      1   2.5570817668938012D-01 6.1D-09 0.0D+00 9.9D-09 0.0D+00       22      137       22      220  S
     19      1   2.3062510118633042D-01 5.0D-09 0.0D+00 5.1D-09 0.0D+00       22      111       22      220  S
     19      1   2.3062510118636834D-01 5.0D-09 0.0D+00 3.6D-09 0.0D+00       22      129       22      220  S
     19      1   2.3062510118643581D-01 5.0D-09 0.0D+00 2.0D-09 0.0D+00       22      107       22      220  S
     19      1   2.3062510118643789D-01 5.0D-09 0.0D+00 9.3D-09 0.0D+00       22      110       22      220  S
     19      1   2.3062510118633248D-01 5.0D-09 0.0D+00 9.7D-09 0.0D+00       22      119       22      220  S
     19      1   2.3062510118744878D-01 5.0D-09 0.0D+00 1.1D-09 0.0D+00       23      139       23      230  S
     19      1   2.3062510118628768D-01 5.0D-09 0.0D+00 8.3D-09 0.0D+00       22      112       22      220  S
     19      1   2.3062510118632693D-01 5.0D-09 0.0D+00 7.3D-09 0.0D+00       22      105       22      220  S
     19      1   2.5570817668760792D-01 6.1D-09 0.0D+00 8.4D-09 0.0D+00       22      133       22      220  S
     19      1   2.5570817668861795D-01 6.1D-09 0.0D+00 2.5D-07 0.0D+00       25      187       25      250  S
     19      1   2.5570817669054752D-01 6.1D-09 0.0D+00 3.3D-08 0.0D+00       25      189       25      250  S
     19      1   2.3062510118653182D-01 5.0D-09 0.0D+00 4.4D-10 0.0D+00       22      114       22      220  S
     19      1   2.3062510118641771D-01 5.0D-09 0.0D+00 4.2D-08 0.0D+00       23      122       23      230  S
     19      1   2.3062510118631296D-01 5.0D-09 0.0D+00 2.8D-10 0.0D+00       22      115       22      220  S
     19      1   2.3062510118634319D-01 5.0D-09 0.0D+00 7.9D-09 0.0D+00       22      113       22      220  S
     19      1   2.3062510118610427D-01 5.0D-09 0.0D+00 4.1D-09 0.0D+00       21      109       21      210  S
     19      1   2.3062510118645241D-01 5.0D-09 0.0D+00 2.8D-09 0.0D+00       22      139       22      220  S
     19      1   2.3062510118644547D-01 5.0D-09 0.0D+00 6.6D-09 0.0D+00       22      109       22      220  S
     19      1   2.3062510118765309D-01 5.0D-09 0.0D+00 3.2D-09 0.0D+00       23      142       23      230  S
     19      1   2.3062510118644886D-01 5.0D-09 0.0D+00 2.0D-08 0.0D+00       23      119       23      230  S
     19      1   2.3062510118626861D-01 5.0D-09 0.0D+00 2.5D-09 0.0D+00       22      114       22      220  S
     19      1   2.3062510118646223D-01 5.0D-09 0.0D+00 9.6D-09 0.0D+00       22      116       22      220  S
     19      1   2.3062510118724655D-01 5.0D-09 0.0D+00 9.4D-09 0.0D+00       22      147       22      220  S
     19      1   2.3062510118641064D-01 5.0D-09 0.0D+00 4.1D-08 0.0D+00       23      136       23      230  S
     19      1   2.3062510118632393D-01 5.0D-09 0.0D+00 4.6D-09 0.0D+00       22      106       22      220  S
     19      1   2.3062510118606810D-01 5.0D-09 0.0D+00 1.4D-09 0.0D+00       21      105       21      210  S
     19      1   2.3062510118637167D-01 5.0D-09 0.0D+00 5.2D-09 0.0D+00       22      118       22      220  S
     19      1   2.3062510118630317D-01 5.0D-09 0.0D+00 1.9D-08 0.0D+00       23      112       23      230  S
     19      1   2.5570817668933327D-01 6.1D-09 0.0D+00 9.8D-09 0.0D+00       23      168       23      230  S
     19      1   2.3062510118620960D-01 5.0D-09 0.0D+00 9.1D-09 0.0D+00       22      129       22      220  S
     19      1   2.3062510118613486D-01 5.0D-09 0.0D+00 2.4D-09 0.0D+00       21      103       21      210  S
     19      1   2.3062510118624788D-01 5.0D-09 0.0D+00 7.4D-09 0.0D+00       22      107       22      220  S
     19      1   2.3062510118639690D-01 5.0D-09 0.0D+00 4.7D-09 0.0D+00       22      115       22      220  S
     19      1   4.1637707246957573D-01 3.2D-03 0.0D+00 1.0D+00 0.0D+00       22      140       23      230  S
     19      1   2.3062510118637905D-01 5.0D-09 0.0D+00 3.7D-09 0.0D+00       22      112       22      220  S
     19      1   2.3062510118641374D-01 5.0D-09 0.0D+00 9.0D-09 0.0D+00       22      131       22      220  S
     19      1   2.3062510118628557D-01 5.0D-09 0.0D+00 1.5D-08 0.0D+00       23      135       23      230  S
     19      1   2.3062510118622750D-01 5.0D-09 0.0D+00 4.9D-09 0.0D+00       21      127       21      210  S
     19      1   2.3062510118646923D-01 5.0D-09 0.0D+00 5.9D-09 0.0D+00       22      126       22      220  S
     19      1   2.5653498905475036D-01 5.4D-09 0.0D+00 4.4D-09 0.0D+00       21      136       21      210  S
     19      1   2.3062510118641816D-01 5.0D-09 0.0D+00 9.4D-09 0.0D+00       22      111       22      220  S
     19      1   2.3062510118641322D-01 5.0D-09 0.0D+00 4.6D-09 0.0D+00       22      123       22      220  S
     19      1   2.5570817668976309D-01 6.1D-09 0.0D+00 5.4D-08 0.0D+00       24      173       24      240  S
     19      1   2.3062510118630930D-01 5.0D-09 0.0D+00 9.7D-09 0.0D+00       22      126       22      220  S
     19      1   2.3062510118722995D-01 5.0D-09 0.0D+00 5.6D-09 0.0D+00       22      142       22      220  S
     19      1   2.3062510118640259D-01 5.0D-09 0.0D+00 5.0D-09 0.0D+00       22      111       22      220  S
     19      1   2.3062510118636231D-01 5.0D-09 0.0D+00 7.0D-09 0.0D+00       22      118       22      220  S
     19      1   2.3062510118638380D-01 5.0D-09 0.0D+00 8.4D-10 0.0D+00       22      113       22      220  S
     19      1   2.3062510118630378D-01 5.0D-09 0.0D+00 9.4D-09 0.0D+00       22      113       22      220  S
     19      1   2.3062510118647492D-01 5.0D-09 0.0D+00 2.3D-09 0.0D+00       22      123       22      220  S
     19      1   2.3062510118645904D-01 5.0D-09 0.0D+00 6.4D-10 0.0D+00       22      115       22      220  S
     19      1   2.3062510118621843D-01 5.0D-09 0.0D+00 6.3D-09 0.0D+00       22      108       22      220  S
     19      1   2.3062510118651233D-01 5.0D-09 0.0D+00 5.1D-09 0.0D+00       22      124       22      220  S
     19      1   2.3062510118611190D-01 5.0D-09 0.0D+00 6.8D-10 0.0D+00       21      106       21      210  S
     19      1   2.3062510118613910D-01 5.0D-09 0.0D+00 8.9D-09 0.0D+00       21      100       21      210  S
     19      1   2.3062510118631713D-01 5.0D-09 0.0D+00 6.2D-09 0.0D+00       22      108       22      220  S
     19      1   2.5570817668912654D-01 6.1D-09 0.0D+00 1.1D-08 0.0D+00       25      208       25      250  S
     19      1   2.3062510118664067D-01 5.0D-09 0.0D+00 2.9D-09 0.0D+00       22      136       22      220  S
     19      1   2.5570817668852952D-01 6.1D-09 0.0D+00 1.1D-08 0.0D+00       23      157       23      230  S
     19      1   2.3062510118629961D-01 5.0D-09 0.0D+00 3.6D-09 0.0D+00       22      111       22      220  S
     19      1   2.3062510118700971D-01 5.0D-09 0.0D+00 1.9D-08 0.0D+00       23      160       23      230  S
     19      1   2.3062510118637244D-01 5.0D-09 0.0D+00 6.3D-09 0.0D+00       22      122       22      220  S
     19      1   2.3062510118643392D-01 5.0D-09 0.0D+00 6.2D-09 0.0D+00       22      111       22      220  S
     19      1   2.3062510118626975D-01 5.0D-09 0.0D+00 8.9D-09 0.0D+00       22      115       22      220  S
     19      1   2.3062510118626706D-01 5.0D-09 0.0D+00 2.9D-08 0.0D+00       22      114       22      220  S
     19      1   2.5653498905110245D-01 5.4D-09 0.0D+00 8.7D-09 0.0D+00       22      141       22      220  S
     19      1   2.3062510118618498D-01 5.0D-09 0.0D+00 2.6D-09 0.0D+00       22      108       22      220  S
     19      1   2.3062510118679108D-01 5.0D-09 0.0D+00 5.8D-09 0.0D+00       22      138       22      220  S
     19      1   2.3062510118634449D-01 5.0D-09 0.0D+00 1.9D-09 0.0D+00       22      110       22      220  S
     19      1   2.3062510118764640D-01 5.0D-09 0.0D+00 2.8D-09 0.0D+00       23      123       23      230  S
     19      1   2.3062510118640070D-01 5.0D-09 0.0D+00 6.8D-09 0.0D+00       22      110       22      220  S
     19      1   2.5653498905108579D-01 5.4D-09 0.0D+00 7.7D-09 0.0D+00       22      142       22      220  S
     19      1   2.3062510118640886D-01 5.0D-09 0.0D+00 6.6D-09 0.0D+00       22      120       22      220  S
     19      1   2.3062510118639429D-01 5.0D-09 0.0D+00 7.1D-09 0.0D+00       22      129       22      220  S
     19      1   2.3062510118643684D-01 5.0D-09 0.0D+00 7.8D-09 0.0D+00       22      111       22      220  S
     19      1   2.3062510118643015D-01 5.0D-09 0.0D+00 1.1D-09 0.0D+00       22      136       22      220  S
     19      1   2.3062510118648116D-01 5.0D-09 0.0D+00 9.5D-09 0.0D+00       22      134       22      220  S
     19      1   2.3062510118634832D-01 5.0D-09 0.0D+00 8.0D-09 0.0D+00       22      106       22      220  S
     19      1   2.5653498905089855D-01 5.4D-09 0.0D+00 6.9D-09 0.0D+00       22      164       22      220  S
     19      1   2.3062510118642107D-01 5.0D-09 0.0D+00 3.6D-09 0.0D+00       22      111       22      220  S
     19      1   2.3062510118638077D-01 5.0D-09 0.0D+00 1.3D-09 0.0D+00       22      110       22      220  S
     19      1   2.3062510118623325D-01 5.0D-09 0.0D+00 5.1D-09 0.0D+00       22      113       22      220  S
     19      1   2.5653498905493866D-01 5.4D-09 0.0D+00 5.0D-10 0.0D+00       22      152       22      220  S
     19      1   2.3062510118632085D-01 5.0D-09 0.0D+00 7.7D-09 0.0D+00       22      113       22      220  S
     19      1   2.3062510118613369D-01 5.0D-09 0.0D+00 3.9D-09 0.0D+00       21      111       21      210  S
     19      1   2.3062510118603322D-01 5.0D-09 0.0D+00 3.1D-09 0.0D+00       21      109       21      210  S
     19      1   2.5653498905082955D-01 5.4D-09 0.0D+00 8.2D-09 0.0D+00       22      150       22      220  S
     19      1   2.3062510118640400D-01 5.0D-09 0.0D+00 4.0D-08 0.0D+00       23      123       23      230  S
     19      1   2.5570817668975471D-01 6.1D-09 0.0D+00 1.5D-08 0.0D+00       25      201       25      250  S
     19      1   2.3062510118630947D-01 5.0D-09 0.0D+00 5.3D-09 0.0D+00       22      119       22      220  S
     19      1   2.3062510118643706D-01 5.0D-09 0.0D+00 1.6D-09 0.0D+00       22      113       22      220  S
