     13      1   2.9871247032299969D-01 5.5D-09 0.0D+00 7.7D-09 0.0D+00       22      112       22      220  S
     13      1   2.9871247032297626D-01 5.5D-09 0.0D+00 5.3D-09 0.0D+00       22      114       22      220  S
     13      1   3.0709939017675886D-01 6.2D-09 0.0D+00 4.3D-09 0.0D+00       22      112       22      220  S
     13      1   2.9871247032299769D-01 5.5D-09 0.0D+00 1.4D-09 0.0D+00       22      114       22      220  S
     13      1   3.1753493582950559D-01 7.5D-09 0.0D+00 2.7D-09 0.0D+00       21      132       21      210  S
     13      1   3.1753493582962572D-01 7.5D-09 0.0D+00 3.3D-08 0.0D+00       24      160       24      240  S
     13      1   2.9871247032270465D-01 5.5D-09 0.0D+00 1.6D-09 0.0D+00       21      111       21      210  S
     13      1   3.0709939017617782D-01 6.2D-09 0.0D+00 3.4D-09 0.0D+00       21      103       21      210  S
     13      1   3.1753493582436038D-01 7.5D-09 0.0D+00 3.2D-07 0.0D+00       23      153       23      230  S
     13      1   2.9871247032303894D-01 5.5D-09 0.0D+00 7.3D-09 0.0D+00       22      125       22      220  S
     13      1   2.9871247032306436D-01 5.5D-09 0.0D+00 7.5D-09 0.0D+00       22      112       22      220  S
     13      1   2.9871247032296189D-01 5.5D-09 0.0D+00 5.1D-09 0.0D+00       22      121       22      220  S
     13      1   3.1753493582977010D-01 7.5D-09 0.0D+00 7.5D-09 0.0D+00       21      129       21      210  S
     13      1   3.0709939017666665D-01 6.2D-09 0.0D+00 8.0D-09 0.0D+00       22      108       22      220  S
     13      1   3.1753493582395065D-01 7.5D-09 0.0D+00 3.2D-07 0.0D+00       22      122       22      220  S
     13      1   2.9871247032307047D-01 5.5D-09 0.0D+00 8.2D-09 0.0D+00       22      108       22      220  S
     13      1   3.1753493582733350D-01 7.5D-09 0.0D+00 1.3D-07 0.0D+00       23      142       23      230  S
     13      1   2.9871247032298687D-01 5.5D-09 0.0D+00 6.9D-09 0.0D+00       22      115       22      220  S
     13      1   3.1753493582700992D-01 7.5D-09 0.0D+00 1.2D-07 0.0D+00       23      139       23      230  S
     13      1   3.1753493582419745D-01 7.5D-09 0.0D+00 3.0D-07 0.0D+00       22      140       22      220  S
     13      1   2.9871247032300813D-01 5.5D-09 0.0D+00 6.2D-09 0.0D+00       22      117       22      220  S
     13      1   3.0709939017653320D-01 6.2D-09 0.0D+00 2.8D-10 0.0D+00       22      112       22      220  S
     13      1   2.9871247032298986D-01 5.5D-09 0.0D+00 2.5D-09 0.0D+00       22      113       22      220  S
     13      1   3.1753493582914183D-01 7.5D-09 0.0D+00 1.8D-08 0.0D+00       22      140       22      220  S
     13      1   3.1753493582946574D-01 7.5D-09 0.0D+00 5.6D-09 0.0D+00       22      140       22      220  S
     13      1   3.0709939017651244D-01 6.2D-09 0.0D+00 8.6D-09 0.0D+00       22      118       22      220  S
     13      1   2.9871247032303511D-01 5.5D-09 0.0D+00 2.9D-09 0.0D+00       22      112       22      220  S
     13      1   3.1963114048591601D-01 6.3D-09 0.0D+00 4.8D-10 0.0D+00       22      106       22      220  S
     13      1   3.1753493583023773D-01 7.5D-09 0.0D+00 5.2D-09 0.0D+00       22      129       22      220  S
     13      1   3.1753493582920755D-01 7.5D-09 0.0D+00 7.6D-09 0.0D+00       22      120       22      220  S
     13      1   2.9871247032292669D-01 5.5D-09 0.0D+00 2.8D-09 0.0D+00       22      115       22      220  S
     13      1   3.1753493582900200D-01 7.5D-09 0.0D+00 8.1D-09 0.0D+00       21      135       21      210  S
     13      1   3.1753493582690356D-01 7.5D-09 0.0D+00 1.7D-07 0.0D+00       23      156       23      230  S
     13      1   2.9871247032304410D-01 5.5D-09 0.0D+00 7.5D-09 0.0D+00       22      111       22      220  S
     13      1   2.9871247032302717D-01 5.5D-09 0.0D+00 8.2D-09 0.0D+00       22      118       22      220  S
     13      1   3.2614088633178567D-01 6.4D-09 0.0D+00 3.5D-09 0.0D+00       22      138       22      220  S
     13      1   3.0709939017638538D-01 6.2D-09 0.0D+00 1.4D-08 0.0D+00       23      134       23      230  S
     13      1   3.0709939017662030D-01 6.2D-09 0.0D+00 3.0D-10 0.0D+00       22      112       22      220  S
     13      1   3.0709939017653298D-01 6.2D-09 0.0D+00 1.1D-09 0.0D+00       22      123       22      220  S
     13      1   3.0709939017664833D-01 6.2D-09 0.0D+00 2.3D-08 0.0D+00       23      117       23      230  S
     13      1   3.2614088633145571D-01 6.4D-09 0.0D+00 3.1D-09 0.0D+00       22      151       22      220  S
     13      1   3.1753493582896469D-01 7.5D-09 0.0D+00 2.0D-08 0.0D+00       22      113       22      220  S
     13      1   3.0709939017661220D-01 6.2D-09 0.0D+00 1.3D-09 0.0D+00       22      111       22      220  S
     13      1   3.0709939017632903D-01 6.2D-09 0.0D+00 5.1D-09 0.0D+00       21      104       21      210  S
     13      1   3.1753493582921660D-01 7.5D-09 0.0D+00 8.7D-09 0.0D+00       21      124       21      210  S
     13      1   3.0709939017632748D-01 6.2D-09 0.0D+00 8.4D-09 0.0D+00       21      108       21      210  S
     13      1   3.0709939017645771D-01 6.2D-09 0.0D+00 1.5D-09 0.0D+00       22      113       22      220  S
     13      1   3.0709939017648530D-01 6.2D-09 0.0D+00 1.9D-09 0.0D+00       22      119       22      220  S
     13      1   2.9871247032308756D-01 5.5D-09 0.0D+00 5.9D-09 0.0D+00       22      115       22      220  S
     13      1   3.1753493582768394D-01 7.5D-09 0.0D+00 1.4D-07 0.0D+00       23      149       23      230  S
     13      1   3.1753493583012604D-01 7.5D-09 0.0D+00 9.9D-09 0.0D+00       22      168       22      220  S
     13      1   3.1753493582999726D-01 7.5D-09 0.0D+00 3.6D-09 0.0D+00       22      150       22      220  S
     13      1   3.1753493582980413D-01 7.5D-09 0.0D+00 7.9D-10 0.0D+00       22      149       22      220  S
     13      1   2.9871247032292159D-01 5.5D-09 0.0D+00 2.4D-09 0.0D+00       22      118       22      220  S
     13      1   3.1753493582992320D-01 7.5D-09 0.0D+00 1.7D-08 0.0D+00       23      136       23      230  S
     13      1   3.1753493580258546D-01 7.5D-09 0.0D+00 2.6D-09 0.0D+00       22      169       22      220  S
     13      1   3.1901004792793852D-01 6.4D-09 0.0D+00 1.3D-09 0.0D+00       22      138       22      220  S
     13      1   3.0709939017621252D-01 6.2D-09 0.0D+00 6.6D-09 0.0D+00       21      103       21      210  S
     13      1   2.9871247032288245D-01 5.5D-09 0.0D+00 7.2D-09 0.0D+00       22      121       22      220  S
     13      1   2.9871247032303477D-01 5.5D-09 0.0D+00 8.5D-09 0.0D+00       22      111       22      220  S
     13      1   3.1963114048607666D-01 6.3D-09 0.0D+00 2.3D-09 0.0D+00       22      109       22      220  S
     13      1   3.0709939017653543D-01 6.2D-09 0.0D+00 4.0D-09 0.0D+00       22      103       22      220  S
     13      1   3.0709939017633614D-01 6.2D-09 0.0D+00 4.8D-09 0.0D+00       22      114       22      220  S
     13      1   2.9871247032293807D-01 5.5D-09 0.0D+00 4.6D-09 0.0D+00       22      113       22      220  S
     13      1   2.9871247032299014D-01 5.5D-09 0.0D+00 1.5D-09 0.0D+00       22      114       22      220  S
     13      1   3.1753493582449421D-01 7.5D-09 0.0D+00 3.0D-07 0.0D+00       24      152       24      240  S
     13      1   3.1753493582568193D-01 7.5D-09 0.0D+00 2.5D-07 0.0D+00       23      153       23      230  S
     13      1   3.0709939017639248D-01 6.2D-09 0.0D+00 7.0D-09 0.0D+00       22      107       22      220  S
     13      1   3.1753493582891767D-01 7.5D-09 0.0D+00 2.9D-09 0.0D+00       21      133       21      210  S
     13      1   3.1753493582521236D-01 7.5D-09 0.0D+00 2.5D-07 0.0D+00       24      172       24      240  S
     13      1   2.9871247032306120D-01 5.5D-09 0.0D+00 7.4D-10 0.0D+00       22      116       22      220  S
     13      1   3.0709939017667992D-01 6.2D-09 0.0D+00 9.2D-10 0.0D+00       22      109       22      220  S
     13      1   2.9871247032297849D-01 5.5D-09 0.0D+00 9.3D-09 0.0D+00       22      115       22      220  S
     13      1   3.1753493582971082D-01 7.5D-09 0.0D+00 8.2D-09 0.0D+00       22      156       22      220  S
     13      1   2.9871247032292986D-01 5.5D-09 0.0D+00 3.8D-09 0.0D+00       22      113       22      220  S
     13      1   2.9871247032295695D-01 5.5D-09 0.0D+00 7.6D-09 0.0D+00       22      119       22      220  S
     13      1   3.1753493582466630D-01 7.5D-09 0.0D+00 3.0D-07 0.0D+00       23      156       23      230  S
     13      1   2.9871247032310888D-01 5.5D-09 0.0D+00 7.4D-09 0.0D+00       22      115       22      220  S
     13      1   3.1753493582953091D-01 7.5D-09 0.0D+00 1.9D-09 0.0D+00       22      148       22      220  S
     13      1   3.1753493582909315D-01 7.5D-09 0.0D+00 2.6D-09 0.0D+00       21      120       21      210  S
     13      1   3.1753493582607828D-01 7.5D-09 0.0D+00 2.4D-07 0.0D+00       23      178       23      230  S
     13      1   3.1753493582907810D-01 7.5D-09 0.0D+00 2.1D-08 0.0D+00       22      151       22      220  S
     13      1   3.1753493582938008D-01 7.5D-09 0.0D+00 5.2D-09 0.0D+00       22      135       22      220  S
     13      1   3.1753493582963394D-01 7.5D-09 0.0D+00 4.3D-09 0.0D+00       21      142       21      210  S
     13      1   3.0709939017637256D-01 6.2D-09 0.0D+00 7.6D-09 0.0D+00       22      117       22      220  S
     13      1   3.1753493582925896D-01 7.5D-09 0.0D+00 4.3D-09 0.0D+00       21      158       21      210  S
     13      1   3.1753493582879633D-01 7.5D-09 0.0D+00 9.4D-10 0.0D+00       21      125       21      210  S
     13      1   3.0709939017655491D-01 6.2D-09 0.0D+00 9.2D-09 0.0D+00       22      110       22      220  S
     13      1   3.0709939017616822D-01 6.2D-09 0.0D+00 1.0D-09 0.0D+00       21      113       21      210  S
     13      1   3.0709939017637994D-01 6.2D-09 0.0D+00 3.0D-09 0.0D+00       21      105       21      210  S
     13      1   2.9871247032291431D-01 5.5D-09 0.0D+00 8.6D-10 0.0D+00       22      118       22      220  S
     13      1   3.0709939017648424D-01 6.2D-09 0.0D+00 1.2D-10 0.0D+00       22      119       22      220  S
     13      1   3.1753493583043152D-01 7.5D-09 0.0D+00 2.8D-09 0.0D+00       22      139       22      220  S
     13      1   3.5505475924931873D-01 6.0D-09 0.0D+00 1.1D+01 0.0D+00       26     5358       26      260  S
     13      1   3.0709939017632215D-01 6.2D-09 0.0D+00 8.5D-09 0.0D+00       22      126       22      220  S
     13      1   3.1753493582706305D-01 7.5D-09 0.0D+00 1.4D-07 0.0D+00       23      155       23      230  S
     13      1   2.9871247032300602D-01 5.5D-09 0.0D+00 6.5D-09 0.0D+00       22      112       22      220  S
     13      1   3.0709939017622789D-01 6.2D-09 0.0D+00 5.8D-09 0.0D+00       21      108       21      210  S
     13      1   3.0709939017637938D-01 6.2D-09 0.0D+00 1.5D-09 0.0D+00       21      104       21      210  S
     13      1   3.0709939017665294D-01 6.2D-09 0.0D+00 2.1D-09 0.0D+00       22      112       22      220  S
     13      1   2.9871247032292958D-01 5.5D-09 0.0D+00 2.9D-09 0.0D+00       22      119       22      220  S
     13      1   3.0709939017655330D-01 6.2D-09 0.0D+00 2.4D-09 0.0D+00       22      108       22      220  S
     13      1   2.9871247032308396D-01 5.5D-09 0.0D+00 5.4D-09 0.0D+00       22      113       22      220  S
     13      1   2.9871247032288978D-01 5.5D-09 0.0D+00 9.4D-09 0.0D+00       22      118       22      220  S
     13      1   3.0709939017631538D-01 6.2D-09 0.0D+00 7.5D-09 0.0D+00       21      110       21      210  S
     13      1   3.1753493582913278D-01 7.5D-09 0.0D+00 1.3D-09 0.0D+00       21      139       21      210  S
     13      1   2.9871247032293080D-01 5.5D-09 0.0D+00 3.4D-09 0.0D+00       22      111       22      220  S
     13      1   3.1753493582943171D-01 7.5D-09 0.0D+00 7.3D-09 0.0D+00       22      154       22      220  S
     13      1   3.1753493582895798D-01 7.5D-09 0.0D+00 2.8D-09 0.0D+00       21      114       21      210  S
     13      1   2.9871247032299392D-01 5.5D-09 0.0D+00 8.4D-09 0.0D+00       22      113       22      220  S
     13      1   2.9871247032313508D-01 5.5D-09 0.0D+00 6.4D-09 0.0D+00       22      114       22      220  S
     13      1   2.9871247032293963D-01 5.5D-09 0.0D+00 2.7D-09 0.0D+00       22      121       22      220  S
     13      1   3.0709939017631355D-01 6.2D-09 0.0D+00 8.3D-09 0.0D+00       21      103       21      210  S
     13      1   2.9871247032302078D-01 5.5D-09 0.0D+00 1.5D-08 0.0D+00       23      124       23      230  S
     13      1   3.1753493582915965D-01 7.5D-09 0.0D+00 9.6D-09 0.0D+00       21      147       21      210  S
     13      1   2.9871247032302534D-01 5.5D-09 0.0D+00 4.7D-09 0.0D+00       22      115       22      220  S
     13      1   3.0709939017652954D-01 6.2D-09 0.0D+00 5.2D-10 0.0D+00       22      115       22      220  S
     13      1   2.9871247032296111D-01 5.5D-09 0.0D+00 5.8D-09 0.0D+00       22      115       22      220  S
     13      1   2.9871247032301967D-01 5.5D-09 0.0D+00 3.3D-09 0.0D+00       22      115       22      220  S
     13      1   3.1753493582664372D-01 7.5D-09 0.0D+00 2.0D-07 0.0D+00       24      155       24      240  S
     13      1   2.9871247032297432D-01 5.5D-09 0.0D+00 2.5D-08 0.0D+00       23      129       23      230  S
     13      1   3.1753493582624570D-01 7.5D-09 0.0D+00 2.4D-07 0.0D+00       23      167       23      230  S
     13      1   3.1753493582894066D-01 7.5D-09 0.0D+00 1.2D-08 0.0D+00       23      142       23      230  S
     13      1   2.9871247032293252D-01 5.5D-09 0.0D+00 8.7D-09 0.0D+00       22      112       22      220  S
     13      1   3.1753493582480941D-01 7.5D-09 0.0D+00 3.1D-07 0.0D+00       23      160       23      230  S
     13      1   3.1753493582927450D-01 7.5D-09 0.0D+00 3.4D-09 0.0D+00       22      142       22      220  S
     13      1   3.1753493582755876D-01 7.5D-09 0.0D+00 1.3D-07 0.0D+00       24      157       24      240  S
     13      1   3.1753493582945896D-01 7.5D-09 0.0D+00 2.2D-09 0.0D+00       22      139       22      220  S
     13      1   2.9871247032293635D-01 5.5D-09 0.0D+00 4.3D-09 0.0D+00       22      110       22      220  S
     13      1   2.9871247032306708D-01 5.5D-09 0.0D+00 5.0D-09 0.0D+00       22      110       22      220  S
     13      1   3.0709939017645083D-01 6.2D-09 0.0D+00 5.3D-09 0.0D+00       22      126       22      220  S
     13      1   2.9871247032295212D-01 5.5D-09 0.0D+00 6.2D-09 0.0D+00       22      118       22      220  S
     13      1   2.9871247032302589D-01 5.5D-09 0.0D+00 7.1D-09 0.0D+00       22      113       22      220  S
     13      1   3.1901004792828730D-01 6.4D-09 0.0D+00 2.9D-08 0.0D+00       24      189       24      240  S
     13      1   3.0709939017613752D-01 6.2D-09 0.0D+00 8.3D-09 0.0D+00       21      107       21      210  S
     13      1   3.0709939017670146D-01 6.2D-09 0.0D+00 2.7D-08 0.0D+00       23      116       23      230  S
     13      1   2.9871247032302228D-01 5.5D-09 0.0D+00 9.3D-09 0.0D+00       22      111       22      220  S
     13      1   2.9871247032298837D-01 5.5D-09 0.0D+00 1.3D-09 0.0D+00       22      115       22      220  S
     13      1   3.0709939017655519D-01 6.2D-09 0.0D+00 5.7D-09 0.0D+00       22      106       22      220  S
     13      1   2.9871247032307746D-01 5.5D-09 0.0D+00 8.2D-09 0.0D+00       22      118       22      220  S
     13      1   2.9871247032300119D-01 5.5D-09 0.0D+00 4.1D-09 0.0D+00       22      115       22      220  S
     13      1   3.0709939017630955D-01 6.2D-09 0.0D+00 4.9D-10 0.0D+00       21      112       21      210  S
     13      1   2.9871247032295634D-01 5.5D-09 0.0D+00 1.4D-09 0.0D+00       22      112       22      220  S
     13      1   2.9871247032279957D-01 5.5D-09 0.0D+00 2.9D-09 0.0D+00       22      110       22      220  S
     13      1   3.0709939017625487D-01 6.2D-09 0.0D+00 1.8D-09 0.0D+00       21      106       21      210  S
     13      1   3.0709939017660737D-01 6.2D-09 0.0D+00 4.6D-09 0.0D+00       22      109       22      220  S
     13      1   3.1753493582992798D-01 7.5D-09 0.0D+00 9.6D-09 0.0D+00       22      140       22      220  S
     13      1   2.9871247032293735D-01 5.5D-09 0.0D+00 4.0D-09 0.0D+00       22      117       22      220  S
     13      1   3.1753493583012232D-01 7.5D-09 0.0D+00 8.7D-09 0.0D+00       22      127       22      220  S
     13      1   2.9871247032306336D-01 5.5D-09 0.0D+00 2.0D-09 0.0D+00       22      115       22      220  S
     13      1   3.0709939017619725D-01 6.2D-09 0.0D+00 6.1D-09 0.0D+00       21      105       21      210  S
     13      1   3.1753493582986708D-01 7.5D-09 0.0D+00 3.1D-09 0.0D+00       22      156       22      220  S
     13      1   3.0709939017683968D-01 6.2D-09 0.0D+00 1.0D-08 0.0D+00       23      119       23      230  S
     13      1   3.1753493582939579D-01 7.5D-09 0.0D+00 8.7D-09 0.0D+00       22      133       22      220  S
     13      1   3.0709939017645277D-01 6.2D-09 0.0D+00 1.0D-09 0.0D+00       22      118       22      220  S
     13      1   3.1753493582943737D-01 7.5D-09 0.0D+00 3.6D-09 0.0D+00       22      133       22      220  S
     13      1   3.1753493582969211D-01 7.5D-09 0.0D+00 1.5D-09 0.0D+00       22      132       22      220  S
     13      1   2.9871247032291937D-01 5.5D-09 0.0D+00 7.4D-09 0.0D+00       22      113       22      220  S
     13      1   2.9871247032297499D-01 5.5D-09 0.0D+00 5.8D-09 0.0D+00       22      115       22      220  S
     13      1   3.0709939017613797D-01 6.2D-09 0.0D+00 9.1D-09 0.0D+00       21      104       21      210  S
     13      1   3.1753493583009834D-01 7.5D-09 0.0D+00 7.5D-09 0.0D+00       21      148       21      210  S
     13      1   3.1753493582749587D-01 7.5D-09 0.0D+00 1.1D-07 0.0D+00       24      146       24      240  S
     13      1   3.0709939017645460D-01 6.2D-09 0.0D+00 9.8D-10 0.0D+00       22      106       22      220  S
     13      1   3.0709939017660021D-01 6.2D-09 0.0D+00 3.2D-09 0.0D+00       22      109       22      220  S
     13      1   3.1753493582587572D-01 7.5D-09 0.0D+00 2.8D-07 0.0D+00       23      153       23      230  S
     13      1   3.1753493583027192D-01 7.5D-09 0.0D+00 6.3D-10 0.0D+00       22      163       22      220  S
     13      1   2.9871247032286347D-01 5.5D-09 0.0D+00 1.1D-09 0.0D+00       22      118       22      220  S
     13      1   2.9871247032295606D-01 5.5D-09 0.0D+00 7.3D-09 0.0D+00       22      111       22      220  S
     13      1   3.1753493582691039D-01 7.5D-09 0.0D+00 1.4D-07 0.0D+00       23      159       23      230  S
     13      1   3.1753493582926512D-01 7.5D-09 0.0D+00 4.9D-09 0.0D+00       22      131       22      220  S
     13      1   3.1753493582559622D-01 7.5D-09 0.0D+00 2.7D-07 0.0D+00       22      174       22      220  S
     13      1   3.0709939017660615D-01 6.2D-09 0.0D+00 5.9D-09 0.0D+00       22      121       22      220  S
     13      1   3.0709939017660409D-01 6.2D-09 0.0D+00 7.1D-10 0.0D+00       22      109       22      220  S
     13      1   3.1753493582936881D-01 7.5D-09 0.0D+00 1.7D-09 0.0D+00       22      117       22      220  S
     13      1   3.1753493582498055D-01 7.5D-09 0.0D+00 3.0D-07 0.0D+00       22      145       22      220  S
     13      1   3.0709939017630011D-01 6.2D-09 0.0D+00 8.5D-09 0.0D+00       22      111       22      220  S
     13      1   3.1753493582948256D-01 7.5D-09 0.0D+00 2.6D-09 0.0D+00       22      154       22      220  S
     13      1   2.9871247032301129D-01 5.5D-09 0.0D+00 2.0D-09 0.0D+00       22      112       22      220  S
     13      1   3.0709939017662624D-01 6.2D-09 0.0D+00 3.6D-10 0.0D+00       22      119       22      220  S
     13      1   3.0709939017640914D-01 6.2D-09 0.0D+00 5.0D-09 0.0D+00       22      120       22      220  S
     13      1   2.9871247032297732D-01 5.5D-09 0.0D+00 5.3D-09 0.0D+00       22      113       22      220  S
     13      1   3.0709939017652099D-01 6.2D-09 0.0D+00 2.2D-08 0.0D+00       24      134       24      240  S
     13      1   3.0709939017662502D-01 6.2D-09 0.0D+00 5.9D-09 0.0D+00       22      117       22      220  S
     13      1   3.1753493582894843D-01 7.5D-09 0.0D+00 1.8D-08 0.0D+00       22      139       22      220  S
     13      1   3.1753493582583853D-01 7.5D-09 0.0D+00 2.2D-07 0.0D+00       24      181       24      240  S
     13      1   2.9871247032308668D-01 5.5D-09 0.0D+00 8.9D-09 0.0D+00       22      117       22      220  S
     13      1   3.0709939017627447D-01 6.2D-09 0.0D+00 5.6D-09 0.0D+00       21      108       21      210  S
     13      1   3.1753493582930870D-01 7.5D-09 0.0D+00 1.6D-09 0.0D+00       22      138       22      220  S
     13      1   3.0709939017642385D-01 6.2D-09 0.0D+00 3.5D-09 0.0D+00       22      114       22      220  S
     13      1   2.9871247032302095D-01 5.5D-09 0.0D+00 4.7D-09 0.0D+00       22      110       22      220  S
     13      1   3.0709939017622012D-01 6.2D-09 0.0D+00 2.2D-09 0.0D+00       21      121       21      210  S
     13      1   2.9871247032267262D-01 5.5D-09 0.0D+00 2.6D-09 0.0D+00       21      124       21      210  S
     13      1   3.0709939017687043D-01 6.2D-09 0.0D+00 7.2D-09 0.0D+00       22      106       22      220  S
     13      1   3.1753493582927966D-01 7.5D-09 0.0D+00 9.8D-09 0.0D+00       22      135       22      220  S
     13      1   2.9871247032285353D-01 5.5D-09 0.0D+00 6.2D-09 0.0D+00       22      111       22      220  S
     13      1   3.0709939017651688D-01 6.2D-09 0.0D+00 4.0D-09 0.0D+00       22      113       22      220  S
     13      1   2.9871247032291320D-01 5.5D-09 0.0D+00 2.3D-09 0.0D+00       22      113       22      220  S
     13      1   3.0709939017649535D-01 6.2D-09 0.0D+00 2.4D-11 0.0D+00       22      112       22      220  S
     13      1   2.9871247032299580D-01 5.5D-09 0.0D+00 3.8D-09 0.0D+00       22      114       22      220  S
     13      1   3.1753493582895131D-01 7.5D-09 0.0D+00 6.7D-09 0.0D+00       21      123       21      210  S
     13      1   3.1753493583012882D-01 7.5D-09 0.0D+00 2.9D-08 0.0D+00       23      165       23      230  S
     13      1   3.1753493583023384D-01 7.5D-09 0.0D+00 1.9D-08 0.0D+00       23      148       23      230  S
     13      1   3.0709939017644894D-01 6.2D-09 0.0D+00 5.6D-10 0.0D+00       22      113       22      220  S
     13      1   3.0709939017618509D-01 6.2D-09 0.0D+00 2.0D-09 0.0D+00       21      105       21      210  S
     13      1   3.1753493582929682D-01 7.5D-09 0.0D+00 4.7D-09 0.0D+00       22      143       22      220  S
     13      1   3.1753493582906200D-01 7.5D-09 0.0D+00 2.8D-09 0.0D+00       21      116       21      210  S
     13      1   3.1753493582984799D-01 7.5D-09 0.0D+00 5.0D-09 0.0D+00       22      153       22      220  S
     13      1   3.1753493582495829D-01 7.5D-09 0.0D+00 2.9D-07 0.0D+00       24      153       24      240  S
     13      1   3.1753493582954950D-01 7.5D-09 0.0D+00 9.1D-09 0.0D+00       22      131       22      220  S
     13      1   3.1753493582982051D-01 7.5D-09 0.0D+00 5.8D-09 0.0D+00       22      145       22      220  S
     13      1   3.0709939017820737D-01 6.2D-09 0.0D+00 1.6D-07 0.0D+00       23      115       23      230  S
     13      1   3.0709939017649557D-01 6.2D-09 0.0D+00 8.8D-09 0.0D+00       22      110       22      220  S
     13      1   3.0709939017674992D-01 6.2D-09 0.0D+00 9.5D-09 0.0D+00       22      128       22      220  S
     13      1   3.0709939017609322D-01 6.2D-09 0.0D+00 2.5D-09 0.0D+00       21      111       21      210  S
     13      1   3.1753493582886311D-01 7.5D-09 0.0D+00 3.4D-09 0.0D+00       21      154       21      210  S
     13      1   2.9871247032301346D-01 5.5D-09 0.0D+00 1.7D-09 0.0D+00       22      116       22      220  S
     13      1   3.0709939017654336D-01 6.2D-09 0.0D+00 7.1D-09 0.0D+00       22      116       22      220  S
     13      1   3.1753493582443226D-01 7.5D-09 0.0D+00 3.2D-07 0.0D+00       23      155       23      230  S
     13      1   3.1753493582971448D-01 7.5D-09 0.0D+00 3.5D-10 0.0D+00       21      150       21      210  S
     13      1   3.0709939017644977D-01 6.2D-09 0.0D+00 7.3D-09 0.0D+00       22      113       22      220  S
     13      1   3.1753493582917924D-01 7.5D-09 0.0D+00 1.5D-10 0.0D+00       22      156       22      220  S
     13      1   3.0709939017663612D-01 6.2D-09 0.0D+00 9.3D-09 0.0D+00       22      116       22      220  S
     13      1   2.9871247032302162D-01 5.5D-09 0.0D+00 3.6D-09 0.0D+00       22      115       22      220  S
     13      1   3.0709939017634708D-01 6.2D-09 0.0D+00 5.2D-09 0.0D+00       21      112       21      210  S
     13      1   2.9871247032307358D-01 5.5D-09 0.0D+00 2.6D-08 0.0D+00       23      125       23      230  S
     13      1   2.9871247032309944D-01 5.5D-09 0.0D+00 4.0D-09 0.0D+00       22      112       22      220  S
     13      1   3.0709939017653087D-01 6.2D-09 0.0D+00 2.5D-09 0.0D+00       22      110       22      220  S
     13      1   3.0709939017664672D-01 6.2D-09 0.0D+00 2.0D-10 0.0D+00       22      113       22      220  S
     13      1   3.0709939017668797D-01 6.2D-09 0.0D+00 5.5D-09 0.0D+00       22      112       22      220  S
     13      1   2.9871247032294945D-01 5.5D-09 0.0D+00 5.2D-09 0.0D+00       22      111       22      220  S
     13      1   3.1753493582815473D-01 7.5D-09 0.0D+00 8.8D-08 0.0D+00       23      160       23      230  S
     13      1   3.1753493582932152D-01 7.5D-09 0.0D+00 3.9D-09 0.0D+00       21      122       21      210  S
     13      1   2.9871247032283088D-01 5.5D-09 0.0D+00 9.0D-09 0.0D+00       22      111       22      220  S
     13      1   3.1753493582963799D-01 7.5D-09 0.0D+00 2.2D-09 0.0D+00       22      138       22      220  S
     13      1   3.1753493582938175D-01 7.5D-09 0.0D+00 2.7D-08 0.0D+00       23      144       23      230  S
     13      1   3.0709939017652443D-01 6.2D-09 0.0D+00 1.8D-09 0.0D+00       22      106       22      220  S
     13      1   3.1753493583004538D-01 7.5D-09 0.0D+00 3.1D-09 0.0D+00       22      151       22      220  S
     13      1   2.9871247032297177D-01 5.5D-09 0.0D+00 1.7D-09 0.0D+00       22      111       22      220  S
     13      1   2.9871247032297049D-01 5.5D-09 0.0D+00 7.5D-09 0.0D+00       22      116       22      220  S
     13      1   3.0709939017652366D-01 6.2D-09 0.0D+00 4.5D-09 0.0D+00       22      113       22      220  S
     13      1   3.1753493582840830D-01 7.5D-09 0.0D+00 7.4D-08 0.0D+00       24      159       24      240  S
     13      1   3.0709939017662452D-01 6.2D-09 0.0D+00 1.2D-09 0.0D+00       22      110       22      220  S
     13      1   3.1753493582891362D-01 7.5D-09 0.0D+00 3.9D-08 0.0D+00       24      169       24      240  S
     13      1   3.0709939018337373D-01 6.2D-09 0.0D+00 7.0D-07 0.0D+00       23      121       23      230  S
     13      1   2.9871247032316650D-01 5.5D-09 0.0D+00 3.7D-08 0.0D+00       23      131       23      230  S
     13      1   3.0709939017633103D-01 6.2D-09 0.0D+00 9.5D-09 0.0D+00       22      115       22      220  S
     13      1   3.1753493582942832D-01 7.5D-09 0.0D+00 3.1D-10 0.0D+00       22      128       22      220  S
     13      1   2.9871247032290793D-01 5.5D-09 0.0D+00 8.7D-10 0.0D+00       22      110       22      220  S
     13      1   3.0709939017648302D-01 6.2D-09 0.0D+00 2.9D-10 0.0D+00       22      104       22      220  S
     13      1   3.0709939017630317D-01 6.2D-09 0.0D+00 1.6D-08 0.0D+00       23      118       23      230  S
     13      1   3.1753493582948955D-01 7.5D-09 0.0D+00 2.1D-09 0.0D+00       22      151       22      220  S
     13      1   3.0709939017654103D-01 6.2D-09 0.0D+00 7.8D-10 0.0D+00       22      118       22      220  S
     13      1   3.0709939017615606D-01 6.2D-09 0.0D+00 9.3D-09 0.0D+00       21      109       21      210  S
     13      1   3.1753493582901621D-01 7.5D-09 0.0D+00 6.7D-10 0.0D+00       21      153       21      210  S
     13      1   3.1753493582770492D-01 7.5D-09 0.0D+00 1.3D-07 0.0D+00       23      161       23      230  S
     13      1   2.9871247032300663D-01 5.5D-09 0.0D+00 9.4D-09 0.0D+00       22      116       22      220  S
     13      1   2.9871247032294274D-01 5.5D-09 0.0D+00 5.6D-10 0.0D+00       22      112       22      220  S
     13      1   3.0709939017632149D-01 6.2D-09 0.0D+00 5.7D-09 0.0D+00       21      102       21      210  S
     13      1   2.9871247032288217D-01 5.5D-09 0.0D+00 5.2D-09 0.0D+00       22      116       22      220  S
     13      1   3.0709939017661275D-01 6.2D-09 0.0D+00 5.9D-09 0.0D+00       22      126       22      220  S
     13      1   3.1753493582956988D-01 7.5D-09 0.0D+00 2.2D-08 0.0D+00       24      157       24      240  S
     13      1   2.9871247032282633D-01 5.5D-09 0.0D+00 9.6D-09 0.0D+00       22      112       22      220  S
     13      1   3.1901004792759435D-01 6.4D-09 0.0D+00 1.9D-09 0.0D+00       21      122       21      210  S
     13      1   3.0709939017601923D-01 6.2D-09 0.0D+00 1.5D-08 0.0D+00       22      134       22      220  S
     13      1   3.1753493582938869D-01 7.5D-09 0.0D+00 8.6D-09 0.0D+00       21      136       21      210  S
     13      1   3.0709939017662241D-01 6.2D-09 0.0D+00 8.5D-09 0.0D+00       22      119       22      220  S
     13      1   3.1753493582984260D-01 7.5D-09 0.0D+00 1.0D-09 0.0D+00       21      135       21      210  S
     13      1   2.9871247032280207D-01 5.5D-09 0.0D+00 1.0D-08 0.0D+00       21      115       21      210  S
     13      1   2.9871247032287135D-01 5.5D-09 0.0D+00 1.9D-10 0.0D+00       22      114       22      220  S
     13      1   3.0709939017660004D-01 6.2D-09 0.0D+00 7.8D-09 0.0D+00       22      112       22      220  S
     13      1   5.1255942716229819D-01 6.3D-07 0.0D+00 1.7D-01 0.0D+00       23      164       24      240  S
     13      1   3.1753493582894449D-01 7.5D-09 0.0D+00 6.1D-09 0.0D+00       21      154       21      210  S
     13      1   3.1963114048563296D-01 6.3D-09 0.0D+00 5.3D-12 0.0D+00       21      106       21      210  S
     13      1   2.9871247032299431D-01 5.5D-09 0.0D+00 7.0D-09 0.0D+00       22      120       22      220  S
     13      1   2.9871247032282977D-01 5.5D-09 0.0D+00 3.2D-09 0.0D+00       22      110       22      220  S
     13      1   2.9871247032300230D-01 5.5D-09 0.0D+00 7.3D-09 0.0D+00       22      122       22      220  S
     13      1   3.1753493582418202D-01 7.5D-09 0.0D+00 3.2D-07 0.0D+00       22      142       22      220  S
     13      1   3.1753493582982423D-01 7.5D-09 0.0D+00 2.7D-08 0.0D+00       22      173       22      220  S
     13      1   3.0709939017654608D-01 6.2D-09 0.0D+00 6.0D-09 0.0D+00       22      124       22      220  S
     13      1   3.0709939017643079D-01 6.2D-09 0.0D+00 2.1D-08 0.0D+00       22      115       22      220  S
     13      1   3.1753493582399939D-01 7.5D-09 0.0D+00 3.3D-07 0.0D+00       22      136       22      220  S
     13      1   3.1753493582474024D-01 7.5D-09 0.0D+00 3.3D-07 0.0D+00       23      160       23      230  S
     13      1   3.0709939017647309D-01 6.2D-09 0.0D+00 5.8D-09 0.0D+00       22      124       22      220  S
     13      1   3.1753493582979925D-01 7.5D-09 0.0D+00 2.2D-09 0.0D+00       22      174       22      220  S
     13      1   3.1753493582810099D-01 7.5D-09 0.0D+00 9.9D-08 0.0D+00       23      167       23      230  S
     13      1   3.1753493582891551D-01 7.5D-09 0.0D+00 1.8D-09 0.0D+00       21      133       21      210  S
     13      1   3.1753493582968373D-01 7.5D-09 0.0D+00 7.7D-09 0.0D+00       22      141       22      220  S
     13      1   3.0709939017623994D-01 6.2D-09 0.0D+00 5.3D-09 0.0D+00       21      107       21      210  S
     13      1   3.1753493582918174D-01 7.5D-09 0.0D+00 1.5D-09 0.0D+00       22      127       22      220  S
     13      1   3.1753493583040615D-01 7.5D-09 0.0D+00 5.1D-09 0.0D+00       22      151       22      220  S
     13      1   4.1354194184805287D-01 3.1D-09 0.0D+00 1.1D+03 0.0D+00       25      319       25      250  S
     13      1   3.1753493582402736D-01 7.5D-09 0.0D+00 3.3D-07 0.0D+00       22      137       22      220  S
     13      1   2.9871247032290038D-01 5.5D-09 0.0D+00 5.3D-09 0.0D+00       22      113       22      220  S
     13      1   3.1753493582468012D-01 7.5D-09 0.0D+00 2.7D-07 0.0D+00       22      140       22      220  S
     13      1   2.9871247032293796D-01 5.5D-09 0.0D+00 7.3D-09 0.0D+00       22      116       22      220  S
     13      1   3.2081123582842136D-01 6.8D-09 0.0D+00 3.0D-07 0.0D+00       23      144       23      230  S
     13      1   3.0709939017667098D-01 6.2D-09 0.0D+00 4.8D-09 0.0D+00       22      120       22      220  S
     13      1   2.9871247032306625D-01 5.5D-09 0.0D+00 5.0D-10 0.0D+00       22      117       22      220  S
     13      1   2.9871247032297182D-01 5.5D-09 0.0D+00 6.3D-09 0.0D+00       22      120       22      220  S
     13      1   3.1753493582980397D-01 7.5D-09 0.0D+00 8.1D-09 0.0D+00       22      143       22      220  S
     13      1   3.0709939017629118D-01 6.2D-09 0.0D+00 2.9D-10 0.0D+00       22      116       22      220  S
     13      1   2.9871247032301179D-01 5.5D-09 0.0D+00 3.6D-09 0.0D+00       22      112       22      220  S
     13      1   3.1753493582478298D-01 7.5D-09 0.0D+00 2.8D-07 0.0D+00       22      134       22      220  S
     13      1   3.1753493582888714D-01 7.5D-09 0.0D+00 3.3D-09 0.0D+00       21      140       21      210  S
     13      1   3.1753493582759468D-01 7.5D-09 0.0D+00 1.3D-07 0.0D+00       23      148       23      230  S
     13      1   3.0709939017653726D-01 6.2D-09 0.0D+00 9.3D-09 0.0D+00       22      112       22      220  S
     13      1   3.1753493582764852D-01 7.5D-09 0.0D+00 1.5D-07 0.0D+00       24      170       24      240  S
     13      1   3.1753493582942799D-01 7.5D-09 0.0D+00 1.9D-09 0.0D+00       21      161       21      210  S
     13      1   3.0709939017671950D-01 6.2D-09 0.0D+00 1.5D-08 0.0D+00       23      116       23      230  S
     13      1   3.1753493582451087D-01 7.5D-09 0.0D+00 2.8D-07 0.0D+00       23      133       23      230  S
     13      1   3.1753493582926529D-01 7.5D-09 0.0D+00 6.7D-09 0.0D+00       21      143       21      210  S
     13      1   2.9871247032285236D-01 5.5D-09 0.0D+00 8.3D-09 0.0D+00       22      116       22      220  S
     13      1   3.0709939017658938D-01 6.2D-09 0.0D+00 3.6D-09 0.0D+00       22      115       22      220  S
     13      1   3.1753493582960729D-01 7.5D-09 0.0D+00 2.1D-09 0.0D+00       22      136       22      220  S
     13      1   3.1963114048598479D-01 6.3D-09 0.0D+00 9.6D-09 0.0D+00       22      117       22      220  S
     13      1   3.0709939017637100D-01 6.2D-09 0.0D+00 5.6D-09 0.0D+00       21      115       21      210  S
     13      1   3.1753493582961406D-01 7.5D-09 0.0D+00 8.9D-09 0.0D+00       21      129       21      210  S
     13      1   3.1753493582918996D-01 7.5D-09 0.0D+00 7.6D-09 0.0D+00       21      131       21      210  S
     13      1   3.1753493582922243D-01 7.5D-09 0.0D+00 1.2D-08 0.0D+00       23      163       23      230  S
     13      1   2.9871247032311110D-01 5.5D-09 0.0D+00 4.8D-09 0.0D+00       22      113       22      220  S
     13      1   3.1753493582412951D-01 7.5D-09 0.0D+00 3.2D-07 0.0D+00       22      149       22      220  S
     13      1   3.0709939017645937D-01 6.2D-09 0.0D+00 8.4D-09 0.0D+00       22      109       22      220  S
     13      1   3.2614088624570392D-01 6.4D-09 0.0D+00 1.4D-07 0.0D+00       24      142       24      240  S
     13      1   3.0709939017655541D-01 6.2D-09 0.0D+00 1.8D-08 0.0D+00       24      120       24      240  S
     13      1   2.9871247032293202D-01 5.5D-09 0.0D+00 8.8D-09 0.0D+00       22      113       22      220  S
     13      1   3.1753493582695641D-01 7.5D-09 0.0D+00 1.5D-07 0.0D+00       24      172       24      240  S
     13      1   3.0709939017658855D-01 6.2D-09 0.0D+00 3.8D-11 0.0D+00       22      105       22      220  S
     13      1   3.0709939017635418D-01 6.2D-09 0.0D+00 2.6D-10 0.0D+00       21      100       21      210  S
     13      1   3.1753493583002362D-01 7.5D-09 0.0D+00 8.2D-09 0.0D+00       21      122       21      210  S
     13      1   2.9871247032289761D-01 5.5D-09 0.0D+00 6.6D-09 0.0D+00       22      115       22      220  S
     13      1   2.9871247032309012D-01 5.5D-09 0.0D+00 1.2D-08 0.0D+00       23      124       23      230  S
     13      1   3.0709939017640858D-01 6.2D-09 0.0D+00 9.3D-09 0.0D+00       22      131       22      220  S
     13      1   3.1753493582576914D-01 7.5D-09 0.0D+00 2.6D-07 0.0D+00       24      156       24      240  S
     13      1   3.0709939017651972D-01 6.2D-09 0.0D+00 4.0D-09 0.0D+00       22      122       22      220  S
     13      1   2.9871247032306592D-01 5.5D-09 0.0D+00 3.8D-09 0.0D+00       22      115       22      220  S
     13      1   3.1753493582510545D-01 7.5D-09 0.0D+00 2.9D-07 0.0D+00       22      149       22      220  S
     13      1   3.1753493582715003D-01 7.5D-09 0.0D+00 1.4D-07 0.0D+00       23      151       23      230  S
     13      1   3.0709939017659160D-01 6.2D-09 0.0D+00 6.1D-09 0.0D+00       22      110       22      220  S
     13      1   3.1753493583007464D-01 7.5D-09 0.0D+00 6.9D-10 0.0D+00       22      149       22      220  S
     13      1   2.9871247032292614D-01 5.5D-09 0.0D+00 4.5D-09 0.0D+00       22      116       22      220  S
     13      1   3.0709939017663518D-01 6.2D-09 0.0D+00 5.6D-09 0.0D+00       22      105       22      220  S
     13      1   3.1753493582625014D-01 7.5D-09 0.0D+00 2.3D-07 0.0D+00       24      169       24      240  S
     13      1   2.9871247032303733D-01 5.5D-09 0.0D+00 5.7D-10 0.0D+00       22      113       22      220  S
     13      1   3.0709939017661930D-01 6.2D-09 0.0D+00 2.8D-09 0.0D+00       22      114       22      220  S
     13      1   2.9871247032316534D-01 5.5D-09 0.0D+00 7.0D-09 0.0D+00       22      109       22      220  S
     13      1   2.9871247032290732D-01 5.5D-09 0.0D+00 5.1D-09 0.0D+00       22      114       22      220  S
     13      1   3.5352151158861012D-01 8.1D-09 0.0D+00 1.5D-09 0.0D+00       21      125       21      210  S
     13      1   3.0709939017674942D-01 6.2D-09 0.0D+00 6.0D-09 0.0D+00       22      109       22      220  S
     13      1   3.1753493582923736D-01 7.5D-09 0.0D+00 8.3D-09 0.0D+00       22      162       22      220  S
     13      1   3.1753493582937803D-01 7.5D-09 0.0D+00 1.9D-09 0.0D+00       22      133       22      220  S
     13      1   2.9871247032295156D-01 5.5D-09 0.0D+00 1.6D-09 0.0D+00       22      108       22      220  S
     13      1   3.1753493582454245D-01 7.5D-09 0.0D+00 3.1D-07 0.0D+00       24      152       24      240  S
     13      1   5.5114946544966059D-01 1.8D-13 0.0D+00 5.0D-01 0.0D+00       13      166       13      130  S
     13      1   2.9871247032292114D-01 5.5D-09 0.0D+00 3.5D-09 0.0D+00       22      117       22      220  S
     13      1   3.1753493582937331D-01 7.5D-09 0.0D+00 2.6D-09 0.0D+00       22      138       22      220  S
     13      1   3.0709939017637039D-01 6.2D-09 0.0D+00 5.5D-09 0.0D+00       21      117       21      210  S
     13      1   3.1753493582873438D-01 7.5D-09 0.0D+00 4.0D-10 0.0D+00       21      152       21      210  S
     13      1   3.1753493582718301D-01 7.5D-09 0.0D+00 1.2D-07 0.0D+00       23      164       23      230  S
     13      1   3.0709939017641141D-01 6.2D-09 0.0D+00 1.0D-08 0.0D+00       22      121       22      220  S
     13      1   2.9871247032298598D-01 5.5D-09 0.0D+00 1.4D-09 0.0D+00       22      112       22      220  S
     13      1   3.0709939017655313D-01 6.2D-09 0.0D+00 9.7D-09 0.0D+00       22      119       22      220  S
     13      1   3.0709939017643301D-01 6.2D-09 0.0D+00 1.3D-09 0.0D+00       22      112       22      220  S
     13      1   2.9871247032305193D-01 5.5D-09 0.0D+00 5.2D-09 0.0D+00       22      117       22      220  S
     13      1   3.1753493582739317D-01 7.5D-09 0.0D+00 1.4D-07 0.0D+00       22      144       22      220  S
     13      1   3.0709939017650395D-01 6.2D-09 0.0D+00 8.3D-09 0.0D+00       22      113       22      220  S
     13      1   2.9871247032288106D-01 5.5D-09 0.0D+00 4.3D-08 0.0D+00       23      119       23      230  S
     13      1   3.0709939017613341D-01 6.2D-09 0.0D+00 2.3D-09 0.0D+00       21      109       21      210  S
     13      1   5.7178238821285476D-01 5.2D-04 0.0D+00 1.0D+00 0.0D+00       22      131       23      230  S
     13      1   2.9871247032284592D-01 5.5D-09 0.0D+00 7.7D-09 0.0D+00       22      116       22      220  S
     13      1   2.9871247032319070D-01 5.5D-09 0.0D+00 2.1D-09 0.0D+00       22      119       22      220  S
     13      1   3.0709939017646948D-01 6.2D-09 0.0D+00 6.5D-09 0.0D+00       22      120       22      220  S
     13      1   2.9871247032304327D-01 5.5D-09 0.0D+00 2.1D-09 0.0D+00       22      110       22      220  S
     13      1   3.1753493582898362D-01 7.5D-09 0.0D+00 7.9D-09 0.0D+00       21      136       21      210  S
     13      1   3.0709939017668036D-01 6.2D-09 0.0D+00 3.7D-09 0.0D+00       22      108       22      220  S
     13      1   3.1753493582917142D-01 7.5D-09 0.0D+00 5.3D-09 0.0D+00       22      139       22      220  S
     13      1   3.1753493582938069D-01 7.5D-09 0.0D+00 4.0D-09 0.0D+00       22      143       22      220  S
     13      1   2.9871247032299653D-01 5.5D-09 0.0D+00 6.1D-09 0.0D+00       22      116       22      220  S
     13      1   3.1753493582925219D-01 7.5D-09 0.0D+00 4.8D-09 0.0D+00       22      133       22      220  S
     13      1   3.0709939017663079D-01 6.2D-09 0.0D+00 2.4D-09 0.0D+00       22      110       22      220  S
     13      1   2.9871247032303799D-01 5.5D-09 0.0D+00 4.4D-09 0.0D+00       22      107       22      220  S
     13      1   3.0709939017643656D-01 6.2D-09 0.0D+00 1.8D-09 0.0D+00       22      126       22      220  S
     13      1   3.0709939017669019D-01 6.2D-09 0.0D+00 1.8D-08 0.0D+00       23      120       23      230  S
     13      1   3.0709939017655591D-01 6.2D-09 0.0D+00 3.0D-10 0.0D+00       22      111       22      220  S
     13      1   3.1753493582468961D-01 7.5D-09 0.0D+00 3.0D-07 0.0D+00       22      143       22      220  S
     13      1   2.9871247032297771D-01 5.5D-09 0.0D+00 5.1D-09 0.0D+00       22      119       22      220  S
     13      1   3.1753493582417924D-01 7.5D-09 0.0D+00 3.1D-07 0.0D+00       23      166       23      230  S
     13      1   2.9871247032291354D-01 5.5D-09 0.0D+00 8.1D-09 0.0D+00       22      112       22      220  S
     13      1   1.2666135713201672D+00 0.0D+00 0.0D+00 1.0D+00 0.0D+00        3       37        3       30  S
     13      1   2.9871247032288478D-01 5.5D-09 0.0D+00 5.1D-09 0.0D+00       22      114       22      220  S
     13      1   2.9871247032290910D-01 5.5D-09 0.0D+00 5.3D-09 0.0D+00       22      122       22      220  S
     13      1   3.0709939017657628D-01 6.2D-09 0.0D+00 6.5D-09 0.0D+00       22      112       22      220  S
     13      1   2.9871247032280629D-01 5.5D-09 0.0D+00 9.0D-09 0.0D+00       22      115       22      220  S
     13      1   3.1753493583035214D-01 7.5D-09 0.0D+00 8.7D-09 0.0D+00       22      147       22      220  S
     13      1   2.9871247032294762D-01 5.5D-09 0.0D+00 1.4D-09 0.0D+00       22      113       22      220  S
     13      1   3.1753493582937303D-01 7.5D-09 0.0D+00 3.1D-08 0.0D+00       22      146       22      220  S
     13      1   3.1753493582934827D-01 7.5D-09 0.0D+00 8.2D-10 0.0D+00       22      131       22      220  S
     13      1   3.2484999505328849D-01 6.8D-09 0.0D+00 5.9D-09 0.0D+00       21      123       21      210  S
     13      1   2.9871247032312620D-01 5.5D-09 0.0D+00 1.8D-09 0.0D+00       22      116       22      220  S
     13      1   3.7554447690972265D-01 5.0D-09 0.0D+00 1.9D+04 0.0D+00       30      394       30      300  S
     13      1   3.0709939017644233D-01 6.2D-09 0.0D+00 8.7D-09 0.0D+00       22      108       22      220  S
     13      1   2.9871247032306436D-01 5.5D-09 0.0D+00 8.6D-09 0.0D+00       22      112       22      220  S
     13      1   3.1753493582910269D-01 7.5D-09 0.0D+00 4.0D-09 0.0D+00       21      136       21      210  S
     13      1   3.0709939017649496D-01 6.2D-09 0.0D+00 4.7D-09 0.0D+00       22      110       22      220  S
     13      1   3.0709939017668320D-01 6.2D-09 0.0D+00 8.5D-09 0.0D+00       22      121       22      220  S
     13      1   3.1753493582409337D-01 7.5D-09 0.0D+00 3.3D-07 0.0D+00       22      165       22      220  S
     13      1   3.1753493583007353D-01 7.5D-09 0.0D+00 7.0D-09 0.0D+00       22      134       22      220  S
     13      1   3.0709939017649129D-01 6.2D-09 0.0D+00 7.3D-09 0.0D+00       22      113       22      220  S
     13      1   3.1753493582948944D-01 7.5D-09 0.0D+00 6.5D-09 0.0D+00       22      140       22      220  S
     13      1   3.1753493582985171D-01 7.5D-09 0.0D+00 3.5D-09 0.0D+00       21      134       21      210  S
     13      1   3.5352151194617482D-01 8.1D-09 0.0D+00 9.9D-08 0.0D+00       23      146       23      230  S
     13      1   3.1753493582941550D-01 7.5D-09 0.0D+00 3.5D-09 0.0D+00       22      141       22      220  S
     13      1   3.0709939017661531D-01 6.2D-09 0.0D+00 6.7D-09 0.0D+00       22      116       22      220  S
     13      1   2.9871247032264292D-01 5.5D-09 0.0D+00 2.0D-09 0.0D+00       21      117       21      210  S
     13      1   3.1753493582940573D-01 7.5D-09 0.0D+00 5.4D-09 0.0D+00       21      145       21      210  S
     13      1   3.1753493582993131D-01 7.5D-09 0.0D+00 1.0D-08 0.0D+00       23      152       23      230  S
     13      1   3.0709939017643983D-01 6.2D-09 0.0D+00 7.9D-09 0.0D+00       22      108       22      220  S
     13      1   2.9871247032288012D-01 5.5D-09 0.0D+00 3.6D-09 0.0D+00       22      131       22      220  S
     13      1   3.0709939017653876D-01 6.2D-09 0.0D+00 8.2D-09 0.0D+00       22      109       22      220  S
     13      1   2.9871247032294906D-01 5.5D-09 0.0D+00 3.2D-09 0.0D+00       22      116       22      220  S
     13      1   3.1753493583019782D-01 7.5D-09 0.0D+00 7.6D-09 0.0D+00       22      152       22      220  S
     13      1   3.0709939017644367D-01 6.2D-09 0.0D+00 5.8D-09 0.0D+00       22      114       22      220  S
     13      1   3.2081123584430277D-01 6.8D-09 0.0D+00 6.2D-09 0.0D+00       22      127       22      220  S
     13      1   3.1753493583010806D-01 7.5D-09 0.0D+00 2.7D-08 0.0D+00       23      156       23      230  S
     13      1   3.0709939017645538D-01 6.2D-09 0.0D+00 7.2D-09 0.0D+00       22      123       22      220  S
     13      1   3.1753493582467973D-01 7.5D-09 0.0D+00 3.2D-07 0.0D+00       23      151       23      230  S
     13      1   3.0709939017661708D-01 6.2D-09 0.0D+00 1.6D-10 0.0D+00       22      117       22      220  S
     13      1   3.1753493582962250D-01 7.5D-09 0.0D+00 2.4D-08 0.0D+00       22      147       22      220  S
     13      1   3.1753493582734754D-01 7.5D-09 0.0D+00 1.4D-07 0.0D+00       23      172       23      230  S
     13      1   3.1753493582890741D-01 7.5D-09 0.0D+00 6.8D-09 0.0D+00       21      128       21      210  S
     13      1   2.9871247032319065D-01 5.5D-09 0.0D+00 2.0D-09 0.0D+00       22      111       22      220  S
     13      1   3.1753493583018344D-01 7.5D-09 0.0D+00 5.6D-11 0.0D+00       22      132       22      220  S
     13      1   2.9871247032303688D-01 5.5D-09 0.0D+00 9.6D-09 0.0D+00       22      114       22      220  S
     13      1   2.9871247032292669D-01 5.5D-09 0.0D+00 5.5D-10 0.0D+00       22      115       22      220  S
     13      1   2.9871247032290232D-01 5.5D-09 0.0D+00 1.2D-09 0.0D+00       22      108       22      220  S
     13      1   2.9871247032308246D-01 5.5D-09 0.0D+00 3.1D-09 0.0D+00       22      120       22      220  S
     13      1   3.1753493582930165D-01 7.5D-09 0.0D+00 9.4D-09 0.0D+00       21      125       21      210  S
     13      1   3.0709939017650706D-01 6.2D-09 0.0D+00 2.3D-08 0.0D+00       22      115       22      220  S
     13      1   3.1753493582891740D-01 7.5D-09 0.0D+00 6.6D-09 0.0D+00       21      121       21      210  S
     13      1   3.1753493582992054D-01 7.5D-09 0.0D+00 3.3D-09 0.0D+00       21      141       21      210  S
     13      1   2.9871247032301523D-01 5.5D-09 0.0D+00 8.1D-09 0.0D+00       22      115       22      220  S
     13      1   3.1753493582984549D-01 7.5D-09 0.0D+00 4.1D-09 0.0D+00       22      170       22      220  S
     13      1   3.0709939017620325D-01 6.2D-09 0.0D+00 8.1D-09 0.0D+00       21      105       21      210  S
     13      1   3.1753493582505754D-01 7.5D-09 0.0D+00 2.8D-07 0.0D+00       24      157       24      240  S
     13      1   3.0709939017655202D-01 6.2D-09 0.0D+00 2.6D-09 0.0D+00       22      121       22      220  S
     13      1   3.1963114048601193D-01 6.3D-09 0.0D+00 2.2D-09 0.0D+00       22      114       22      220  S
     13      1   2.9871247032288334D-01 5.5D-09 0.0D+00 3.1D-09 0.0D+00       22      109       22      220  S
     13      1   2.9871247032296450D-01 5.5D-09 0.0D+00 5.1D-09 0.0D+00       22      117       22      220  S
     13      1   3.1753493582701298D-01 7.5D-09 0.0D+00 1.6D-07 0.0D+00       24      170       24      240  S
     13      1   3.7558250980809488D-01 9.3D-09 0.0D+00 4.2D+03 0.0D+00       30      425       30      300  S
     13      1   3.0709939017622356D-01 6.2D-09 0.0D+00 2.4D-09 0.0D+00       21      109       21      210  S
     13      1   2.9871247032281634D-01 5.5D-09 0.0D+00 1.9D-09 0.0D+00       22      119       22      220  S
     13      1   2.9871247032296400D-01 5.5D-09 0.0D+00 4.0D-09 0.0D+00       22      125       22      220  S
     13      1   3.1753493582952641D-01 7.5D-09 0.0D+00 1.3D-10 0.0D+00       22      141       22      220  S
     13      1   6.0608734808902165D-01 1.2D-03 0.0D+00 1.0D+00 0.0D+00       22      144       23      230  S
     13      1   3.1753493582526399D-01 7.5D-09 0.0D+00 3.3D-07 0.0D+00       24      167       24      240  S
     13      1   3.1753493582883202D-01 7.5D-09 0.0D+00 1.0D-09 0.0D+00       21      137       21      210  S
     13      1   3.0709939017634513D-01 6.2D-09 0.0D+00 1.7D-10 0.0D+00       22      121       22      220  S
     13      1   3.1963114048594438D-01 6.3D-09 0.0D+00 7.0D-09 0.0D+00       22      109       22      220  S
     13      1   3.0709939017664473D-01 6.2D-09 0.0D+00 7.6D-10 0.0D+00       22      111       22      220  S
     13      1   3.1753493582915926D-01 7.5D-09 0.0D+00 1.0D-08 0.0D+00       21      132       21      210  S
     13      1   3.2614088633107025D-01 6.4D-09 0.0D+00 5.1D-09 0.0D+00       21      129       21      210  S
     13      1   2.9871247032301257D-01 5.5D-09 0.0D+00 3.2D-09 0.0D+00       22      118       22      220  S
     13      1   3.1753493582947606D-01 7.5D-09 0.0D+00 3.0D-09 0.0D+00       22      131       22      220  S
     13      1   3.1753493582676889D-01 7.5D-09 0.0D+00 1.7D-07 0.0D+00       24      164       24      240  S
     13      1   3.1753493583001635D-01 7.5D-09 0.0D+00 1.4D-08 0.0D+00       23      152       23      230  S
     13      1   3.1753493582837411D-01 7.5D-09 0.0D+00 7.3D-08 0.0D+00       23      155       23      230  S
     13      1   3.1753493582900177D-01 7.5D-09 0.0D+00 3.6D-09 0.0D+00       21      130       21      210  S
     13      1   3.0709939017631555D-01 6.2D-09 0.0D+00 2.5D-11 0.0D+00       21      109       21      210  S
     13      1   3.0709939017680060D-01 6.2D-09 0.0D+00 3.1D-09 0.0D+00       22      112       22      220  S
     13      1   2.9871247032297055D-01 5.5D-09 0.0D+00 8.1D-09 0.0D+00       22      108       22      220  S
     13      1   2.9871247032303883D-01 5.5D-09 0.0D+00 6.5D-09 0.0D+00       22      113       22      220  S
     13      1   3.1753493582689424D-01 7.5D-09 0.0D+00 1.5D-07 0.0D+00       24      145       24      240  S
     13      1   3.1753493582924042D-01 7.5D-09 0.0D+00 5.5D-09 0.0D+00       21      127       21      210  S
     13      1   3.0709939017639137D-01 6.2D-09 0.0D+00 5.1D-09 0.0D+00       21      103       21      210  S
     13      1   3.1753493582905629D-01 7.5D-09 0.0D+00 4.1D-10 0.0D+00       21      120       21      210  S
     13      1   3.0709939017652987D-01 6.2D-09 0.0D+00 8.8D-09 0.0D+00       22      109       22      220  S
     13      1   3.0709939017655824D-01 6.2D-09 0.0D+00 4.9D-09 0.0D+00       22      106       22      220  S
     13      1   3.1753493582933517D-01 7.5D-09 0.0D+00 6.4D-12 0.0D+00       22      127       22      220  S
     13      1   3.1753493582467729D-01 7.5D-09 0.0D+00 2.7D-07 0.0D+00       23      170       23      230  S
     13      1   3.0709939017654669D-01 6.2D-09 0.0D+00 5.5D-09 0.0D+00       22      127       22      220  S
     13      1   3.1753493582899772D-01 7.5D-09 0.0D+00 9.2D-09 0.0D+00       21      131       21      210  S
     13      1   3.1753493582670206D-01 7.5D-09 0.0D+00 1.4D-07 0.0D+00       22      127       22      220  S
     13      1   3.0709939017658761D-01 6.2D-09 0.0D+00 9.4D-10 0.0D+00       22      113       22      220  S
     13      1   3.1753493583032871D-01 7.5D-09 0.0D+00 6.8D-09 0.0D+00       22      137       22      220  S
     13      1   3.0709939017614457D-01 6.2D-09 0.0D+00 6.6D-09 0.0D+00       21      114       21      210  S
     13      1   3.1753493582942177D-01 7.5D-09 0.0D+00 1.3D-08 0.0D+00       24      155       24      240  S
     13      1   2.9871247032303472D-01 5.5D-09 0.0D+00 1.0D-08 0.0D+00       22      123       22      220  S
     13      1   2.9871247032294895D-01 5.5D-09 0.0D+00 8.7D-09 0.0D+00       22      110       22      220  S
     13      1   3.0709939017632226D-01 6.2D-09 0.0D+00 8.7D-10 0.0D+00       22      108       22      220  S
     13      1   3.1753493582755943D-01 7.5D-09 0.0D+00 1.3D-07 0.0D+00       23      163       23      230  S
     13      1   2.9871247032284903D-01 5.5D-09 0.0D+00 4.7D-09 0.0D+00       22      111       22      220  S
     13      1   2.9871247032287146D-01 5.5D-09 0.0D+00 4.4D-09 0.0D+00       22      119       22      220  S
     13      1   3.1753493582960873D-01 7.5D-09 0.0D+00 2.7D-08 0.0D+00       24      160       24      240  S
     13      1   3.1753493582943215D-01 7.5D-09 0.0D+00 8.2D-09 0.0D+00       21      141       21      210  S
     13      1   3.1753493582954617D-01 7.5D-09 0.0D+00 3.1D-09 0.0D+00       22      131       22      220  S
     13      1   3.0709939017672094D-01 6.2D-09 0.0D+00 3.9D-09 0.0D+00       22      116       22      220  S
     13      1   3.0709939017673582D-01 6.2D-09 0.0D+00 1.6D-09 0.0D+00       22      109       22      220  S
     13      1   3.1753493582945824D-01 7.5D-09 0.0D+00 2.2D-08 0.0D+00       23      153       23      230  S
     13      1   3.1753493582915787D-01 7.5D-09 0.0D+00 7.0D-09 0.0D+00       21      139       21      210  S
     13      1   3.1753493582433612D-01 7.5D-09 0.0D+00 3.0D-07 0.0D+00       22      154       22      220  S
