     19      1   2.3062510118649557D-01 5.0D-09 0.0D+00 7.8D-09 0.0D+00       22      112       22      220  S
     19      1   2.3062510118622426D-01 5.0D-09 0.0D+00 7.4D-09 0.0D+00       21      119       21      210  S
     19      1   2.3062510118599303D-01 5.0D-09 0.0D+00 5.8D-12 0.0D+00       21      108       21      210  S
     19      1   2.5570817668864576D-01 6.1D-09 0.0D+00 5.7D-09 0.0D+00       23      167       23      230  S
     19      1   2.3062510118629254D-01 5.0D-09 0.0D+00 4.8D-09 0.0D+00       22      109       22      220  S
     19      1   2.3062510118776142D-01 5.0D-09 0.0D+00 9.7D-09 0.0D+00       23      129       23      230  S
     19      1   2.3062510118629059D-01 5.0D-09 0.0D+00 4.8D-09 0.0D+00       22      105       22      220  S
     19      1   2.3062510118637938D-01 5.0D-09 0.0D+00 3.8D-09 0.0D+00       22      114       22      220  S
     19      1   2.5653498905479138D-01 5.4D-09 0.0D+00 4.5D-11 0.0D+00       21      198       21      210  S
     19      1   2.3062510118650587D-01 5.0D-09 0.0D+00 3.8D-09 0.0D+00       22      121       22      220  S
     19      1   2.3062510118631016D-01 5.0D-09 0.0D+00 3.3D-09 0.0D+00       22      131       22      220  S
     19      1   2.3062510118647975D-01 5.0D-09 0.0D+00 9.9D-09 0.0D+00       22      112       22      220  S
     19      1   2.3062510118634727D-01 5.0D-09 0.0D+00 4.0D-09 0.0D+00       22      116       22      220  S
     19      1   2.3062510118643098D-01 5.0D-09 0.0D+00 3.8D-08 0.0D+00       23      125       23      230  S
     19      1   2.7526549730128103D-01 4.8D-09 0.0D+00 4.0D+00 0.0D+00       26      387       26      260  S
     19      1   2.3062510118635496D-01 5.0D-09 0.0D+00 9.4D-10 0.0D+00       22      111       22      220  S
     19      1   2.3062510118648577D-01 5.0D-09 0.0D+00 2.1D-09 0.0D+00       22      118       22      220  S
     19      1   2.3062510118642204D-01 5.0D-09 0.0D+00 4.6D-09 0.0D+00       22      115       22      220  S
     19      1   2.3062510118635970D-01 5.0D-09 0.0D+00 2.9D-09 0.0D+00       22      107       22      220  S
     19      1   2.3062510118650700D-01 5.0D-09 0.0D+00 3.1D-09 0.0D+00       22      118       22      220  S
     19      1   2.3062510118748217D-01 5.0D-09 0.0D+00 1.8D-09 0.0D+00       23      159       23      230  S
     19      1   2.3062510118634377D-01 5.0D-09 0.0D+00 7.0D-09 0.0D+00       22      117       22      220  S
     19      1   2.3062510118646462D-01 5.0D-09 0.0D+00 9.0D-09 0.0D+00       22      108       22      220  S
     19      1   2.3062510118641039D-01 5.0D-09 0.0D+00 2.0D-09 0.0D+00       22      112       22      220  S
     19      1   2.3062510118641349D-01 5.0D-09 0.0D+00 4.5D-09 0.0D+00       22      114       22      220  S
     19      1   2.3062510118639559D-01 5.0D-09 0.0D+00 7.8D-09 0.0D+00       22      121       22      220  S
     19      1   2.3062510118644738D-01 5.0D-09 0.0D+00 5.0D-10 0.0D+00       22      119       22      220  S
     19      1   2.5570817668796669D-01 6.1D-09 0.0D+00 9.2D-09 0.0D+00       22      143       22      220  S
     19      1   2.3062510118633467D-01 5.0D-09 0.0D+00 2.7D-09 0.0D+00       22      108       22      220  S
     19      1   2.3062510118629759D-01 5.0D-09 0.0D+00 1.2D-09 0.0D+00       22      123       22      220  S
     19      1   2.3062510118642426D-01 5.0D-09 0.0D+00 5.5D-09 0.0D+00       22      114       22      220  S
     19      1   2.3062510118639368D-01 5.0D-09 0.0D+00 4.6D-09 0.0D+00       22      119       22      220  S
     19      1   2.3062510118649995D-01 5.0D-09 0.0D+00 3.1D-08 0.0D+00       23      129       23      230  S
     19      1   2.3062510118637608D-01 5.0D-09 0.0D+00 3.3D-09 0.0D+00       22      127       22      220  S
     19      1   2.3062510118635174D-01 5.0D-09 0.0D+00 7.4D-09 0.0D+00       22      124       22      220  S
     19      1   2.3062510118640672D-01 5.0D-09 0.0D+00 3.5D-09 0.0D+00       22      110       22      220  S
     19      1   2.3062510118767107D-01 5.0D-09 0.0D+00 3.3D-09 0.0D+00       23      125       23      230  S
     19      1   2.3062510118640911D-01 5.0D-09 0.0D+00 4.7D-09 0.0D+00       22      130       22      220  S
     19      1   2.3062510118650387D-01 5.0D-09 0.0D+00 4.6D-09 0.0D+00       22      124       22      220  S
     19      1   2.3062510118642088D-01 5.0D-09 0.0D+00 5.6D-09 0.0D+00       22      116       22      220  S
     19      1   2.3062510118623511D-01 5.0D-09 0.0D+00 1.7D-10 0.0D+00       22      115       22      220  S
     19      1   2.3062510118634114D-01 5.0D-09 0.0D+00 8.7D-09 0.0D+00       22      107       22      220  S
     19      1   2.5655272749466762D-01 1.3D-14 0.0D+00 7.5D+04 0.0D+00       24      480       25      250  S
     19      1   2.3062510118633636D-01 5.0D-09 0.0D+00 4.5D-09 0.0D+00       22      109       22      220  S
     19      1   2.3062510118606552D-01 5.0D-09 0.0D+00 9.7D-09 0.0D+00       21      112       21      210  S
     19      1   2.3062510118639443D-01 5.0D-09 0.0D+00 2.8D-09 0.0D+00       22      108       22      220  S
     19      1   2.3062510118627044D-01 5.0D-09 0.0D+00 6.0D-09 0.0D+00       22      113       22      220  S
     19      1   2.3062510118638188D-01 5.0D-09 0.0D+00 7.5D-09 0.0D+00       22      127       22      220  S
     19      1   2.5570817668867385D-01 6.1D-09 0.0D+00 4.1D-08 0.0D+00       24      176       24      240  S
     19      1   2.5653498905625877D-01 5.4D-09 0.0D+00 5.1D-09 0.0D+00       22     5968       22      220  S
     19      1   2.3062510118623541D-01 5.0D-09 0.0D+00 5.2D-09 0.0D+00       22      110       22      220  S
     19      1   2.3062510118634996D-01 5.0D-09 0.0D+00 2.7D-09 0.0D+00       22      120       22      220  S
     19      1   2.3062510118621174D-01 5.0D-09 0.0D+00 6.5D-10 0.0D+00       22      118       22      220  S
     19      1   2.5653498905484834D-01 5.4D-09 0.0D+00 2.1D-08 0.0D+00       22      165       22      220  S
     19      1   2.3062510118640345D-01 5.0D-09 0.0D+00 7.5D-09 0.0D+00       22      119       22      220  S
     19      1   2.5653498905144728D-01 5.4D-09 0.0D+00 3.9D-09 0.0D+00       22      188       22      220  S
     19      1   2.3062510118634655D-01 5.0D-09 0.0D+00 8.9D-09 0.0D+00       22      107       22      220  S
     19      1   2.3062510118635143D-01 5.0D-09 0.0D+00 2.8D-09 0.0D+00       22      118       22      220  S
     19      1   2.3062510118627988D-01 5.0D-09 0.0D+00 3.1D-09 0.0D+00       22      108       22      220  S
     19      1   2.3062510118610680D-01 5.0D-09 0.0D+00 5.2D-09 0.0D+00       21      105       21      210  S
     19      1   2.3062510118636700D-01 5.0D-09 0.0D+00 2.7D-08 0.0D+00       23      117       23      230  S
     19      1   2.5653498905100747D-01 5.4D-09 0.0D+00 3.7D-09 0.0D+00       22      165       22      220  S
     19      1   2.3062510118641003D-01 5.0D-09 0.0D+00 4.2D-09 0.0D+00       22      113       22      220  S
     19      1   2.3062510118636317D-01 5.0D-09 0.0D+00 6.1D-09 0.0D+00       22      112       22      220  S
     19      1   2.3062510118630142D-01 5.0D-09 0.0D+00 3.9D-09 0.0D+00       22      113       22      220  S
     19      1   2.3062510118646451D-01 5.0D-09 0.0D+00 4.7D-09 0.0D+00       22      114       22      220  S
     19      1   2.3062510118644949D-01 5.0D-09 0.0D+00 8.7D-09 0.0D+00       22      127       22      220  S
     19      1   2.3062510118639978D-01 5.0D-09 0.0D+00 6.1D-09 0.0D+00       22      113       22      220  S
     19      1   2.3062510118641286D-01 5.0D-09 0.0D+00 6.3D-09 0.0D+00       22      127       22      220  S
     19      1   2.3062510118621593D-01 5.0D-09 0.0D+00 8.3D-09 0.0D+00       21      116       21      210  S
     19      1   2.3062510118404955D-01 5.0D-09 0.0D+00 1.6D-09 0.0D+00       22      138       22      220  S
     19      1   2.3062510118740104D-01 5.0D-09 0.0D+00 3.5D-09 0.0D+00       23      145       23      230  S
     19      1   2.3062510118622581D-01 5.0D-09 0.0D+00 9.2D-09 0.0D+00       22      114       22      220  S
     19      1   2.3062510118615182D-01 5.0D-09 0.0D+00 4.2D-09 0.0D+00       21      106       21      210  S
     19      1   2.5693868646198526D-01 5.0D-09 0.0D+00 2.9D-09 0.0D+00       22      138       22      220  S
     19      1   2.3062510118633467D-01 5.0D-09 0.0D+00 8.9D-09 0.0D+00       22      111       22      220  S
     19      1   2.3062510118661844D-01 5.0D-09 0.0D+00 9.5D-09 0.0D+00       22      117       22      220  S
     19      1   2.3062510118654547D-01 5.0D-09 0.0D+00 3.1D-09 0.0D+00       22      126       22      220  S
     19      1   2.3062510118633203D-01 5.0D-09 0.0D+00 2.0D-09 0.0D+00       22      120       22      220  S
     19      1   2.3062510118631052D-01 5.0D-09 0.0D+00 2.9D-09 0.0D+00       22      118       22      220  S
     19      1   2.3062510118624577D-01 5.0D-09 0.0D+00 9.0D-09 0.0D+00       22      118       22      220  S
     19      1   2.3062510118580329D-01 5.0D-09 0.0D+00 5.0D-09 0.0D+00       21      106       21      210  S
     19      1   2.3062510118649018D-01 5.0D-09 0.0D+00 9.5D-09 0.0D+00       22      123       22      220  S
     19      1   2.3062510118647733D-01 5.0D-09 0.0D+00 3.2D-09 0.0D+00       22      121       22      220  S
     19      1   2.3062510118638013D-01 5.0D-09 0.0D+00 3.8D-09 0.0D+00       22      150       22      220  S
     19      1   2.3062510118652038D-01 5.0D-09 0.0D+00 9.3D-09 0.0D+00       22      107       22      220  S
     19      1   2.3062510118632051D-01 5.0D-09 0.0D+00 3.6D-09 0.0D+00       22      115       22      220  S
     19      1   2.6084149242593502D-01 5.7D-09 0.0D+00 8.5D-09 0.0D+00       22      175       22      220  S
     19      1   2.3062510118634952D-01 5.0D-09 0.0D+00 1.6D-09 0.0D+00       22      122       22      220  S
     19      1   2.5653498905094063D-01 5.4D-09 0.0D+00 8.5D-09 0.0D+00       22      142       22      220  S
     19      1   2.3062510118640536D-01 5.0D-09 0.0D+00 1.3D-09 0.0D+00       22      117       22      220  S
     19      1   2.3062510118624721D-01 5.0D-09 0.0D+00 3.0D-09 0.0D+00       22      110       22      220  S
     19      1   2.5693868646186813D-01 5.0D-09 0.0D+00 8.7D-09 0.0D+00       22      134       22      220  S
     19      1   2.3062510118639759D-01 5.0D-09 0.0D+00 8.4D-09 0.0D+00       22      110       22      220  S
     19      1   2.5653498905094413D-01 5.4D-09 0.0D+00 2.7D-10 0.0D+00       22      166       22      220  S
     19      1   2.3062510118636559D-01 5.0D-09 0.0D+00 5.0D-09 0.0D+00       22      123       22      220  S
     19      1   2.3062510118579749D-01 5.0D-09 0.0D+00 9.4D-09 0.0D+00       21      115       21      210  S
     19      1   2.5570817668891466D-01 6.1D-09 0.0D+00 1.4D-08 0.0D+00       25      187       25      250  S
     19      1   2.3062510118742610D-01 5.0D-09 0.0D+00 1.5D-09 0.0D+00       23      143       23      230  S
     19      1   2.3062510118654561D-01 5.0D-09 0.0D+00 5.4D-09 0.0D+00       22      114       22      220  S
     19      1   2.5693868646195756D-01 5.0D-09 0.0D+00 1.3D-09 0.0D+00       22      140       22      220  S
     19      1   2.3062510118623450D-01 5.0D-09 0.0D+00 7.3D-09 0.0D+00       22      115       22      220  S
     19      1   2.3062510118609658D-01 5.0D-09 0.0D+00 9.0D-09 0.0D+00       21      108       21      210  S
     19      1   2.3062510118646773D-01 5.0D-09 0.0D+00 5.3D-09 0.0D+00       22      116       22      220  S
     19      1   2.3062510118633986D-01 5.0D-09 0.0D+00 2.1D-09 0.0D+00       22      111       22      220  S
     19      1   2.3062510118623630D-01 5.0D-09 0.0D+00 8.4D-09 0.0D+00       22      109       22      220  S
     19      1   2.3062510118644131D-01 5.0D-09 0.0D+00 2.0D-09 0.0D+00       22      107       22      220  S
     19      1   2.3062510118639382D-01 5.0D-09 0.0D+00 1.5D-09 0.0D+00       22      108       22      220  S
     19      1   2.3062510118637261D-01 5.0D-09 0.0D+00 3.5D-09 0.0D+00       22      109       22      220  S
     19      1   2.3062510118636029D-01 5.0D-09 0.0D+00 7.2D-09 0.0D+00       22      117       22      220  S
     19      1   2.5570817668801415D-01 6.1D-09 0.0D+00 8.1D-09 0.0D+00       22      138       22      220  S
     19      1   2.3062510118628149D-01 5.0D-09 0.0D+00 4.5D-09 0.0D+00       22      114       22      220  S
     19      1   2.3062510118641685D-01 5.0D-09 0.0D+00 5.8D-09 0.0D+00       22      122       22      220  S
     19      1   2.3062510118737939D-01 5.0D-09 0.0D+00 4.8D-09 0.0D+00       23      132       23      230  S
     19      1   2.3062510118656065D-01 5.0D-09 0.0D+00 5.0D-09 0.0D+00       22      136       22      220  S
     19      1   2.3062510118751908D-01 5.0D-09 0.0D+00 9.1D-09 0.0D+00       23      146       23      230  S
     19      1   2.3062510118629712D-01 5.0D-09 0.0D+00 3.3D-09 0.0D+00       22      115       22      220  S
     19      1   2.3062510118642851D-01 5.0D-09 0.0D+00 5.7D-09 0.0D+00       22      111       22      220  S
     19      1   2.5653498905090760D-01 5.4D-09 0.0D+00 2.1D-09 0.0D+00       22      167       22      220  S
     19      1   2.3062510118634152D-01 5.0D-09 0.0D+00 5.7D-09 0.0D+00       22      108       22      220  S
     19      1   2.3062510118636359D-01 5.0D-09 0.0D+00 5.9D-09 0.0D+00       22      117       22      220  S
     19      1   2.3062510118650861D-01 5.0D-09 0.0D+00 7.9D-09 0.0D+00       22      108       22      220  S
     19      1   2.3062510118645430D-01 5.0D-09 0.0D+00 1.4D-08 0.0D+00       23      123       23      230  S
     19      1   2.6097874023244755D-01 5.5D-09 0.0D+00 1.4D-07 0.0D+00       24      170       24      240  S
     19      1   2.3062510118645627D-01 5.0D-09 0.0D+00 3.2D-09 0.0D+00       22      110       22      220  S
     19      1   2.5653498905082989D-01 5.4D-09 0.0D+00 7.6D-09 0.0D+00       21      135       21      210  S
     19      1   2.3062510118628921D-01 5.0D-09 0.0D+00 3.4D-09 0.0D+00       22      107       22      220  S
     19      1   2.3062510118644355D-01 5.0D-09 0.0D+00 3.1D-11 0.0D+00       22      114       22      220  S
     19      1   2.5570817669049684D-01 6.1D-09 0.0D+00 3.0D-08 0.0D+00       25      188       25      250  S
     19      1   2.3062510118627608D-01 5.0D-09 0.0D+00 9.6D-09 0.0D+00       22      103       22      220  S
     19      1   2.5570817668801743D-01 6.1D-09 0.0D+00 4.2D-08 0.0D+00       24      165       24      240  S
     19      1   2.3062510118634480D-01 5.0D-09 0.0D+00 8.0D-09 0.0D+00       22      115       22      220  S
     19      1   2.3062510118601262D-01 5.0D-09 0.0D+00 7.7D-09 0.0D+00       21      108       21      210  S
     19      1   2.3062510118634361D-01 5.0D-09 0.0D+00 7.7D-09 0.0D+00       22      124       22      220  S
     19      1   2.3062510118627602D-01 5.0D-09 0.0D+00 9.3D-09 0.0D+00       22      110       22      220  S
     19      1   2.3062510118636237D-01 5.0D-09 0.0D+00 2.0D-09 0.0D+00       22      143       22      220  S
     19      1   2.3062510118637761D-01 5.0D-09 0.0D+00 9.6D-10 0.0D+00       22      115       22      220  S
     19      1   2.3062510118636734D-01 5.0D-09 0.0D+00 3.2D-09 0.0D+00       22      113       22      220  S
     19      1   2.3062510118630544D-01 5.0D-09 0.0D+00 1.4D-09 0.0D+00       22      106       22      220  S
     19      1   2.3062510118641308D-01 5.0D-09 0.0D+00 5.5D-09 0.0D+00       22      124       22      220  S
     19      1   2.3062510118632840D-01 5.0D-09 0.0D+00 1.1D-09 0.0D+00       22      106       22      220  S
     19      1   2.3062510118632049D-01 5.0D-09 0.0D+00 2.5D-09 0.0D+00       22      113       22      220  S
     19      1   2.5570817668880658D-01 6.1D-09 0.0D+00 9.1D-09 0.0D+00       22      170       22      220  S
     19      1   2.3062510118581547D-01 5.0D-09 0.0D+00 2.9D-09 0.0D+00       21      119       21      210  S
     19      1   2.3062510118640409D-01 5.0D-09 0.0D+00 3.2D-09 0.0D+00       22      109       22      220  S
     19      1   2.3062510118653001D-01 5.0D-09 0.0D+00 7.7D-09 0.0D+00       22      107       22      220  S
     19      1   2.3062510118633900D-01 5.0D-09 0.0D+00 7.2D-09 0.0D+00       22      118       22      220  S
     19      1   2.3062510118629781D-01 5.0D-09 0.0D+00 6.2D-09 0.0D+00       22      118       22      220  S
     19      1   2.3062510118632917D-01 5.0D-09 0.0D+00 5.0D-09 0.0D+00       22      121       22      220  S
     19      1   2.5654894850070364D-01 9.8D-14 0.0D+00 3.2D-09 0.0D+00       16    24261       16      160  S
     19      1   2.3062510118739912D-01 5.0D-09 0.0D+00 4.7D-09 0.0D+00       23      138       23      230  S
     19      1   2.3062510118641424D-01 5.0D-09 0.0D+00 7.3D-09 0.0D+00       22      115       22      220  S
     19      1   2.5653501316654032D-01 5.4D-09 0.0D+00 8.3D-09 0.0D+00       22    26117       22      220  S
     19      1   2.5653498905086747D-01 5.4D-09 0.0D+00 3.7D-09 0.0D+00       22      178       22      220  S
     19      1   2.3062510118677082D-01 5.0D-09 0.0D+00 9.4D-09 0.0D+00       22      160       22      220  S
     19      1   2.5570817668853335D-01 6.1D-09 0.0D+00 4.3D-08 0.0D+00       24      189       24      240  S
     19      1   2.5570817668807116D-01 6.1D-09 0.0D+00 5.4D-08 0.0D+00       23      178       23      230  S
     19      1   2.3062510118634169D-01 5.0D-09 0.0D+00 3.1D-09 0.0D+00       22      114       22      220  S
     19      1   2.6084149242550247D-01 5.7D-09 0.0D+00 2.2D-08 0.0D+00       23      175       23      230  S
     19      1   2.3062510118638527D-01 5.0D-09 0.0D+00 4.6D-09 0.0D+00       22      109       22      220  S
     19      1   2.3062510118642904D-01 5.0D-09 0.0D+00 9.6D-09 0.0D+00       22      111       22      220  S
     19      1   2.3062510118640114D-01 5.0D-09 0.0D+00 7.6D-09 0.0D+00       22      109       22      220  S
     19      1   2.3062510118632612D-01 5.0D-09 0.0D+00 2.6D-09 0.0D+00       22      111       22      220  S
     19      1   7.9798031879574871D-01 1.1D-16 0.0D+00 8.0D-01 0.0D+00        3       41        3       30  S
     19      1   2.3062510118635557D-01 5.0D-09 0.0D+00 8.8D-09 0.0D+00       22      109       22      220  S
     19      1   2.3062510118631060D-01 5.0D-09 0.0D+00 4.4D-09 0.0D+00       22      105       22      220  S
     19      1   2.3062510118613111D-01 5.0D-09 0.0D+00 1.7D-09 0.0D+00       21      113       21      210  S
     19      1   2.3062510118649812D-01 5.0D-09 0.0D+00 7.5D-09 0.0D+00       22      120       22      220  S
     19      1   6.1502065081701029D-01 0.0D+00 0.0D+00 6.2D-01 0.0D+00        3       36        3       30  S
     19      1   2.3062510118646098D-01 5.0D-09 0.0D+00 4.6D-09 0.0D+00       22      127       22      220  S
     19      1   2.3062510118623919D-01 5.0D-09 0.0D+00 2.7D-09 0.0D+00       22      119       22      220  S
     19      1   2.3062510118633872D-01 5.0D-09 0.0D+00 7.5D-09 0.0D+00       22      114       22      220  S
     19      1   2.6084149242590027D-01 5.7D-09 0.0D+00 3.3D-09 0.0D+00       22      149       22      220  S
     19      1   2.3062510118638868D-01 5.0D-09 0.0D+00 5.7D-09 0.0D+00       22      115       22      220  S
     19      1   2.3062510118643345D-01 5.0D-09 0.0D+00 9.8D-09 0.0D+00       22      126       22      220  S
     19      1   2.3062510118677187D-01 5.0D-09 0.0D+00 9.0D-09 0.0D+00       22      145       22      220  S
     19      1   2.3062510118645793D-01 5.0D-09 0.0D+00 7.6D-09 0.0D+00       22      119       22      220  S
     19      1   2.3062510118641583D-01 5.0D-09 0.0D+00 1.2D-09 0.0D+00       22      111       22      220  S
     19      1   2.3062510118641044D-01 5.0D-09 0.0D+00 3.6D-09 0.0D+00       22      121       22      220  S
     19      1   2.3062510118632840D-01 5.0D-09 0.0D+00 3.4D-09 0.0D+00       22      115       22      220  S
     19      1   2.3062510118633564D-01 5.0D-09 0.0D+00 7.3D-09 0.0D+00       22      113       22      220  S
     19      1   1.0253687430345988D+00 0.0D+00 0.0D+00 1.0D+00 0.0D+00        3       34        3       30  S
     19      1   2.3062510118723478D-01 5.0D-09 0.0D+00 3.3D-09 0.0D+00       22      157       22      220  S
     19      1   2.3062510118624516D-01 5.0D-09 0.0D+00 5.0D-09 0.0D+00       22      123       22      220  S
     19      1   2.3062510118649449D-01 5.0D-09 0.0D+00 8.4D-09 0.0D+00       22      128       22      220  S
     19      1   2.5653498905092770D-01 5.4D-09 0.0D+00 1.3D-09 0.0D+00       22      152       22      220  S
     19      1   2.3062510118627111D-01 5.0D-09 0.0D+00 4.3D-10 0.0D+00       22      110       22      220  S
     19      1   2.3062510118652035D-01 5.0D-09 0.0D+00 7.5D-09 0.0D+00       22      133       22      220  S
     19      1   2.3062510118626192D-01 5.0D-09 0.0D+00 1.5D-08 0.0D+00       23      120       23      230  S
     19      1   2.5693868646200890D-01 5.0D-09 0.0D+00 6.4D-09 0.0D+00       22      132       22      220  S
     19      1   2.3062510118616017D-01 5.0D-09 0.0D+00 3.0D-08 0.0D+00       22      117       22      220  S
     19      1   2.3062510118613164D-01 5.0D-09 0.0D+00 3.7D-08 0.0D+00       22      129       22      220  S
     19      1   2.3062510118634225D-01 5.0D-09 0.0D+00 4.7D-09 0.0D+00       22      125       22      220  S
     19      1   2.3062510118626708D-01 5.0D-09 0.0D+00 6.5D-09 0.0D+00       22      124       22      220  S
     19      1   2.3062510118638241D-01 5.0D-09 0.0D+00 9.2D-10 0.0D+00       22      114       22      220  S
     19      1   2.3062510118635560D-01 5.0D-09 0.0D+00 1.3D-08 0.0D+00       23      119       23      230  S
     19      1   2.5653498905074212D-01 5.4D-09 0.0D+00 5.9D-09 0.0D+00       22      146       22      220  S
     19      1   2.3062510118641377D-01 5.0D-09 0.0D+00 5.5D-10 0.0D+00       22      117       22      220  S
     19      1   2.3062510118637586D-01 5.0D-09 0.0D+00 1.5D-10 0.0D+00       22      120       22      220  S
     19      1   2.3062510118622634D-01 5.0D-09 0.0D+00 3.2D-09 0.0D+00       22      110       22      220  S
     19      1   2.3062510118636020D-01 5.0D-09 0.0D+00 9.3D-09 0.0D+00       22      109       22      220  S
     19      1   2.3062510118644788D-01 5.0D-09 0.0D+00 2.2D-09 0.0D+00       22      114       22      220  S
     19      1   2.3062510118631052D-01 5.0D-09 0.0D+00 7.7D-09 0.0D+00       22      118       22      220  S
     19      1   2.5570817668877360D-01 6.1D-09 0.0D+00 6.7D-09 0.0D+00       23      167       23      230  S
     19      1   2.3062510118643889D-01 5.0D-09 0.0D+00 2.2D-09 0.0D+00       22      110       22      220  S
     19      1   2.3062510118611546D-01 5.0D-09 0.0D+00 8.7D-09 0.0D+00       21      114       21      210  S
     19      1   2.5570817668964396D-01 6.1D-09 0.0D+00 4.6D-08 0.0D+00       24      165       24      240  S
     19      1   2.3062510118610827D-01 5.0D-09 0.0D+00 3.5D-09 0.0D+00       21      104       21      210  S
     19      1   2.3062510118633700D-01 5.0D-09 0.0D+00 4.9D-09 0.0D+00       22      115       22      220  S
     19      1   2.3062510118734025D-01 5.0D-09 0.0D+00 3.5D-09 0.0D+00       23      141       23      230  S
     19      1   2.3062510118631380D-01 5.0D-09 0.0D+00 8.7D-09 0.0D+00       22      124       22      220  S
     19      1   2.5653498905109717D-01 5.4D-09 0.0D+00 2.1D-10 0.0D+00       22      168       22      220  S
     19      1   2.5653498905485228D-01 5.4D-09 0.0D+00 3.7D-09 0.0D+00       22      163       22      220  S
     19      1   2.3062510118638052D-01 5.0D-09 0.0D+00 1.5D-08 0.0D+00       23      127       23      230  S
     19      1   2.3062510118637095D-01 5.0D-09 0.0D+00 4.2D-09 0.0D+00       22      111       22      220  S
     19      1   2.5653498905447358D-01 5.4D-09 0.0D+00 9.9D-09 0.0D+00       22     3231       22      220  S
     19      1   2.6053419771936909D-01 5.4D-09 0.0D+00 2.8D-07 0.0D+00       23      172       23      230  S
     19      1   2.6028708333808065D-01 5.2D-09 0.0D+00 7.4D-09 0.0D+00       22      142       22      220  S
     19      1   2.3062510118642324D-01 5.0D-09 0.0D+00 2.6D-09 0.0D+00       22      115       22      220  S
     19      1   2.3062510118643040D-01 5.0D-09 0.0D+00 7.7D-09 0.0D+00       22      110       22      220  S
     19      1   2.3062510118622900D-01 5.0D-09 0.0D+00 8.1D-09 0.0D+00       22      109       22      220  S
     19      1   2.3062510118580765D-01 5.0D-09 0.0D+00 7.2D-09 0.0D+00       21      115       21      210  S
     19      1   2.3062510118656510D-01 5.0D-09 0.0D+00 1.1D-09 0.0D+00       22      124       22      220  S
     19      1   2.3062510118635074D-01 5.0D-09 0.0D+00 3.0D-09 0.0D+00       22      107       22      220  S
     19      1   2.3062510118633478D-01 5.0D-09 0.0D+00 5.1D-11 0.0D+00       22      131       22      220  S
     19      1   2.3062510118629148D-01 5.0D-09 0.0D+00 2.6D-09 0.0D+00       22      110       22      220  S
     19      1   2.3062510118623525D-01 5.0D-09 0.0D+00 6.7D-09 0.0D+00       22      115       22      220  S
     19      1   2.3062510118645879D-01 5.0D-09 0.0D+00 1.9D-09 0.0D+00       22      119       22      220  S
     19      1   2.3062510118635818D-01 5.0D-09 0.0D+00 3.4D-09 0.0D+00       22      116       22      220  S
     19      1   2.5653498905090899D-01 5.4D-09 0.0D+00 5.2D-09 0.0D+00       22      153       22      220  S
     19      1   2.3062510118643748D-01 5.0D-09 0.0D+00 7.8D-09 0.0D+00       22      108       22      220  S
     19      1   2.3062510118635007D-01 5.0D-09 0.0D+00 4.2D-09 0.0D+00       22      111       22      220  S
     19      1   2.5653498905088584D-01 5.4D-09 0.0D+00 3.0D-09 0.0D+00       22      143       22      220  S
     19      1   2.3062510118608090D-01 5.0D-09 0.0D+00 8.4D-09 0.0D+00       21      109       21      210  S
     19      1   2.3062510118638127D-01 5.0D-09 0.0D+00 8.8D-10 0.0D+00       22      114       22      220  S
     19      1   2.3062510118635482D-01 5.0D-09 0.0D+00 2.7D-08 0.0D+00       23      130       23      230  S
     19      1   2.3062510118638310D-01 5.0D-09 0.0D+00 5.2D-09 0.0D+00       22      109       22      220  S
     19      1   2.3062510118632509D-01 5.0D-09 0.0D+00 9.4D-09 0.0D+00       22      115       22      220  S
     19      1   2.3062510118644608D-01 5.0D-09 0.0D+00 5.2D-09 0.0D+00       22      122       22      220  S
     19      1   2.3062510118633478D-01 5.0D-09 0.0D+00 9.3D-09 0.0D+00       22      109       22      220  S
     19      1   2.3062510118644383D-01 5.0D-09 0.0D+00 4.8D-09 0.0D+00       22      117       22      220  S
     19      1   2.3062510118642110D-01 5.0D-09 0.0D+00 5.2D-09 0.0D+00       22      111       22      220  S
     19      1   2.6053419761002250D-01 5.4D-09 0.0D+00 5.9D-09 0.0D+00       22      146       22      220  S
     19      1   2.3062510118633370D-01 5.0D-09 0.0D+00 9.9D-09 0.0D+00       22      113       22      220  S
     19      1   2.3062510118626947D-01 5.0D-09 0.0D+00 8.1D-09 0.0D+00       22      108       22      220  S
     19      1   2.6084149226600084D-01 5.7D-09 0.0D+00 1.3D-08 0.0D+00       24      167       24      240  S
     19      1   2.3062510118633697D-01 5.0D-09 0.0D+00 1.5D-09 0.0D+00       22      113       22      220  S
     19      1   2.3062510118646143D-01 5.0D-09 0.0D+00 6.0D-09 0.0D+00       22      118       22      220  S
     19      1   2.5653498905099148D-01 5.4D-09 0.0D+00 4.6D-09 0.0D+00       22      162       22      220  S
     19      1   2.3062510118652818D-01 5.0D-09 0.0D+00 3.2D-08 0.0D+00       23      120       23      230  S
     19      1   2.3062510118624180D-01 5.0D-09 0.0D+00 4.8D-09 0.0D+00       22      110       22      220  S
     19      1   2.6028708335559275D-01 5.2D-09 0.0D+00 6.6D-09 0.0D+00       22      162       22      220  S
     19      1   2.3062510118617768D-01 5.0D-09 0.0D+00 9.4D-09 0.0D+00       22      103       22      220  S
     19      1   2.5570817668854395D-01 6.1D-09 0.0D+00 3.0D-07 0.0D+00       25      180       25      250  S
     19      1   2.3062510118631482D-01 5.0D-09 0.0D+00 6.8D-09 0.0D+00       22      115       22      220  S
     19      1   2.3062510118728152D-01 5.0D-09 0.0D+00 5.7D-09 0.0D+00       23      153       23      230  S
     19      1   2.3062510118642635D-01 5.0D-09 0.0D+00 8.0D-09 0.0D+00       22      114       22      220  S
     19      1   2.3062510118610322D-01 5.0D-09 0.0D+00 1.4D-08 0.0D+00       22      113       22      220  S
     19      1   6.6105243877157105D-01 3.7D-03 0.0D+00 1.0D+00 0.0D+00       21      113       22      220  S
     19      1   2.3062510118641921D-01 5.0D-09 0.0D+00 3.5D-08 0.0D+00       23      121       23      230  S
     19      1   2.3062510118624147D-01 5.0D-09 0.0D+00 4.1D-10 0.0D+00       22      118       22      220  S
     19      1   2.3062510118632520D-01 5.0D-09 0.0D+00 4.1D-09 0.0D+00       22      128       22      220  S
     19      1   2.3062510118633087D-01 5.0D-09 0.0D+00 4.2D-09 0.0D+00       22      115       22      220  S
     19      1   2.3062510118636237D-01 5.0D-09 0.0D+00 8.9D-09 0.0D+00       22      113       22      220  S
     19      1   2.5570817668879420D-01 6.1D-09 0.0D+00 1.3D-08 0.0D+00       24      184       24      240  S
     19      1   2.6084149226649578D-01 5.7D-09 0.0D+00 2.9D-09 0.0D+00       22      197       22      220  S
     19      1   2.3062510118631649D-01 5.0D-09 0.0D+00 5.4D-09 0.0D+00       22      106       22      220  S
     19      1   2.5570817668955748D-01 6.1D-09 0.0D+00 2.7D-08 0.0D+00       24      157       24      240  S
     19      1   2.3062510118623639D-01 5.0D-09 0.0D+00 3.0D-08 0.0D+00       23      134       23      230  S
     19      1   2.3062510118629742D-01 5.0D-09 0.0D+00 9.2D-09 0.0D+00       22      104       22      220  S
     19      1   2.5655095398949385D-01 1.1D-14 0.0D+00 4.4D+04 0.0D+00       24      259       25      250  S
     19      1   2.5570817669065277D-01 6.1D-09 0.0D+00 9.8D-09 0.0D+00       23      174       23      230  S
     19      1   2.3062510118641116D-01 5.0D-09 0.0D+00 2.8D-08 0.0D+00       23      131       23      230  S
     19      1   2.3062510118598745D-01 5.0D-09 0.0D+00 5.7D-09 0.0D+00       21      105       21      210  S
     19      1   2.3062510118629664D-01 5.0D-09 0.0D+00 6.0D-09 0.0D+00       22      104       22      220  S
     19      1   2.3062510118625484D-01 5.0D-09 0.0D+00 4.4D-09 0.0D+00       22      107       22      220  S
     19      1   2.3062510118643209D-01 5.0D-09 0.0D+00 5.9D-10 0.0D+00       22      108       22      220  S
     19      1   2.3062510118628754D-01 5.0D-09 0.0D+00 1.2D-09 0.0D+00       22      110       22      220  S
     19      1   2.3062510118643145D-01 5.0D-09 0.0D+00 8.1D-09 0.0D+00       22      114       22      220  S
     19      1   2.3062510118632221D-01 5.0D-09 0.0D+00 4.8D-09 0.0D+00       22      113       22      220  S
     19      1   2.3062510118634588D-01 5.0D-09 0.0D+00 3.2D-09 0.0D+00       22      103       22      220  S
     19      1   2.3062510118618199D-01 5.0D-09 0.0D+00 1.1D-08 0.0D+00       24      136       24      240  S
     19      1   2.3062510118636201D-01 5.0D-09 0.0D+00 3.6D-09 0.0D+00       22      112       22      220  S
     19      1   2.3062510118641347D-01 5.0D-09 0.0D+00 2.6D-09 0.0D+00       22      109       22      220  S
     19      1   2.3062510118612145D-01 5.0D-09 0.0D+00 1.5D-08 0.0D+00       24      164       24      240  S
     19      1   2.3062510118644314D-01 5.0D-09 0.0D+00 3.0D-09 0.0D+00       22      106       22      220  S
     19      1   2.3062510118623494D-01 5.0D-09 0.0D+00 6.8D-09 0.0D+00       22      112       22      220  S
     19      1   2.3062510118622048D-01 5.0D-09 0.0D+00 6.5D-09 0.0D+00       22      111       22      220  S
     19      1   2.3062510118639090D-01 5.0D-09 0.0D+00 5.0D-09 0.0D+00       22      110       22      220  S
     19      1   2.3062510118639129D-01 5.0D-09 0.0D+00 3.4D-09 0.0D+00       22      110       22      220  S
     19      1   2.3062510118637772D-01 5.0D-09 0.0D+00 3.6D-09 0.0D+00       22      105       22      220  S
     19      1   2.3062510118642196D-01 5.0D-09 0.0D+00 7.8D-10 0.0D+00       22      119       22      220  S
     19      1   2.3062510118722382D-01 5.0D-09 0.0D+00 5.6D-09 0.0D+00       22      135       22      220  S
     19      1   2.3062510118646859D-01 5.0D-09 0.0D+00 4.3D-09 0.0D+00       22      120       22      220  S
     19      1   2.3062510118577226D-01 5.0D-09 0.0D+00 6.9D-09 0.0D+00       21      112       21      210  S
     19      1   2.3062510118635721D-01 5.0D-09 0.0D+00 2.0D-08 0.0D+00       23      121       23      230  S
     19      1   2.5570817668753359D-01 6.1D-09 0.0D+00 3.0D-08 0.0D+00       24      180       24      240  S
     19      1   2.3062510118635354D-01 5.0D-09 0.0D+00 2.2D-09 0.0D+00       22      123       22      220  S
     19      1   2.3062510118634866D-01 5.0D-09 0.0D+00 3.6D-08 0.0D+00       23      141       23      230  S
     19      1   2.5570817668790391D-01 6.1D-09 0.0D+00 7.0D-09 0.0D+00       22      130       22      220  S
