     17      1   2.6053419772313557D-01 5.4D-09 0.0D+00 9.6D-09 0.0D+00       23      135       23      230  S
     17      1   2.6097874023341888D-01 5.5D-09 0.0D+00 8.6D-09 0.0D+00       22      129       22      220  S
     17      1   2.6963478852801620D-01 5.3D-09 0.0D+00 6.2D-09 0.0D+00       21      114       21      210  S
     17      1   2.6097874023242673D-01 5.5D-09 0.0D+00 3.9D-09 0.0D+00       22      122       22      220  S
     17      1   2.6097874023252027D-01 5.5D-09 0.0D+00 1.5D-09 0.0D+00       22      115       22      220  S
     17      1   2.6028708335434486D-01 5.2D-09 0.0D+00 8.6D-09 0.0D+00       21      131       21      210  S
     17      1   2.6097874023354856D-01 5.5D-09 0.0D+00 8.4D-09 0.0D+00       22      148       22      220  S
     17      1   2.6053419772314496D-01 5.4D-09 0.0D+00 2.3D-09 0.0D+00       23      145       23      230  S
     17      1   2.6097874023228185D-01 5.5D-09 0.0D+00 8.0D-09 0.0D+00       21      137       21      210  S
     17      1   2.6097874023384776D-01 5.5D-09 0.0D+00 2.9D-09 0.0D+00       23      140       23      230  S
     17      1   2.7272578716969842D-01 5.1D-09 0.0D+00 7.3D-09 0.0D+00       22      128       22      220  S
     17      1   2.6028708335570200D-01 5.2D-09 0.0D+00 7.5D-09 0.0D+00       23      127       23      230  S
     17      1   2.6097874023232975D-01 5.5D-09 0.0D+00 3.1D-08 0.0D+00       22      146       22      220  S
     17      1   2.6028708335433848D-01 5.2D-09 0.0D+00 1.5D-09 0.0D+00       22      121       22      220  S
     17      1   2.6028708335432915D-01 5.2D-09 0.0D+00 3.7D-09 0.0D+00       22      117       22      220  S
     17      1   2.6028708335429701D-01 5.2D-09 0.0D+00 6.8D-09 0.0D+00       21      119       21      210  S
     17      1   2.7719416277116399D-01 6.3D-09 0.0D+00 2.9D-08 0.0D+00       23      146       23      230  S
     17      1   2.6097874023227530D-01 5.5D-09 0.0D+00 1.4D-09 0.0D+00       21      126       21      210  S
     17      1   1.9676482110811138D+00 2.2D-16 0.0D+00 1.0D+00 0.0D+00        3       29        3       30  S
     17      1   2.6028708335460560D-01 5.2D-09 0.0D+00 3.8D-10 0.0D+00       22      116       22      220  S
     17      1   2.7427138046928895D-01 6.5D-09 0.0D+00 8.7D-09 0.0D+00       22      127       22      220  S
     17      1   2.6053419772308228D-01 5.4D-09 0.0D+00 6.7D-09 0.0D+00       23      141       23      230  S
     17      1   2.6028708335449913D-01 5.2D-09 0.0D+00 5.0D-09 0.0D+00       22      119       22      220  S
     17      1   2.6097874023241135D-01 5.5D-09 0.0D+00 6.6D-09 0.0D+00       22      117       22      220  S
     17      1   2.6097874023237733D-01 5.5D-09 0.0D+00 4.7D-09 0.0D+00       22      112       22      220  S
     17      1   2.6053419772304498D-01 5.4D-09 0.0D+00 2.1D-09 0.0D+00       23      136       23      230  S
     17      1   2.6097874023384537D-01 5.5D-09 0.0D+00 4.1D-09 0.0D+00       23      142       23      230  S
     17      1   2.6053419772309255D-01 5.4D-09 0.0D+00 8.7D-09 0.0D+00       23      157       23      230  S
     17      1   2.6028708335428075D-01 5.2D-09 0.0D+00 6.1D-09 0.0D+00       21      121       21      210  S
     17      1   2.7427138046854804D-01 6.5D-09 0.0D+00 2.3D-09 0.0D+00       21      155       21      210  S
     17      1   2.7730831434490405D-01 5.5D-09 0.0D+00 1.5D-07 0.0D+00       23      167       23      230  S
     17      1   2.7427138046849237D-01 6.5D-09 0.0D+00 5.1D-10 0.0D+00       21      121       21      210  S
     17      1   2.6963478852796890D-01 5.3D-09 0.0D+00 3.6D-08 0.0D+00       22      127       22      220  S
     17      1   2.6053419772318470D-01 5.4D-09 0.0D+00 8.5D-09 0.0D+00       23      136       23      230  S
     17      1   2.6053419772295144D-01 5.4D-09 0.0D+00 9.7D-09 0.0D+00       23      147       23      230  S
     17      1   2.6097874023256556D-01 5.5D-09 0.0D+00 1.6D-10 0.0D+00       22      122       22      220  S
     17      1   2.6028708335433115D-01 5.2D-09 0.0D+00 3.7D-09 0.0D+00       22      118       22      220  S
     17      1   2.6053419772317110D-01 5.4D-09 0.0D+00 1.9D-09 0.0D+00       23      142       23      230  S
     17      1   2.6097874023254131D-01 5.5D-09 0.0D+00 4.1D-09 0.0D+00       22      125       22      220  S
     17      1   2.6028708335432232D-01 5.2D-09 0.0D+00 2.1D-10 0.0D+00       22      129       22      220  S
     17      1   2.6028708335436662D-01 5.2D-09 0.0D+00 9.6D-09 0.0D+00       21      111       21      210  S
     17      1   2.6028708335430628D-01 5.2D-09 0.0D+00 6.1D-10 0.0D+00       21      109       21      210  S
     17      1   2.6097874023242040D-01 5.5D-09 0.0D+00 5.9D-10 0.0D+00       22      122       22      220  S
     17      1   2.6028708335436734D-01 5.2D-09 0.0D+00 1.6D-09 0.0D+00       21      115       21      210  S
     17      1   2.6053419772300707D-01 5.4D-09 0.0D+00 3.2D-09 0.0D+00       23      140       23      230  S
     17      1   2.6028708335438172D-01 5.2D-09 0.0D+00 1.2D-09 0.0D+00       22      115       22      220  S
     17      1   2.6097874023273937D-01 5.5D-09 0.0D+00 3.0D-09 0.0D+00       22      123       22      220  S
     17      1   2.7272578716960716D-01 5.1D-09 0.0D+00 6.4D-09 0.0D+00       22      123       22      220  S
     17      1   2.6053419772295766D-01 5.4D-09 0.0D+00 5.0D-09 0.0D+00       23      135       23      230  S
     17      1   2.6097874023243528D-01 5.5D-09 0.0D+00 9.4D-09 0.0D+00       22      135       22      220  S
     17      1   2.6097874023230200D-01 5.5D-09 0.0D+00 2.6D-09 0.0D+00       22      118       22      220  S
     17      1   2.6053419772311309D-01 5.4D-09 0.0D+00 9.9D-09 0.0D+00       23      132       23      230  S
     17      1   2.6097874023249629D-01 5.5D-09 0.0D+00 1.7D-09 0.0D+00       22      119       22      220  S
     17      1   2.6097874023391310D-01 5.5D-09 0.0D+00 9.4D-09 0.0D+00       23      134       23      230  S
     17      1   2.6053419772156233D-01 5.4D-09 0.0D+00 8.2D-09 0.0D+00       21      131       21      210  S
     17      1   2.6963478852863509D-01 5.3D-09 0.0D+00 1.8D-09 0.0D+00       22      129       22      220  S
     17      1   2.6028708335436396D-01 5.2D-09 0.0D+00 9.5D-09 0.0D+00       21      124       21      210  S
     17      1   2.6097874023215500D-01 5.5D-09 0.0D+00 9.6D-09 0.0D+00       21      130       21      210  S
     17      1   2.6028708335441203D-01 5.2D-09 0.0D+00 7.4D-09 0.0D+00       22      125       22      220  S
     17      1   2.6097874023287021D-01 5.5D-09 0.0D+00 6.1D-09 0.0D+00       22      127       22      220  S
     17      1   2.6028708335558087D-01 5.2D-09 0.0D+00 1.7D-08 0.0D+00       23      139       23      230  S
     17      1   2.6028708335478234D-01 5.2D-09 0.0D+00 8.5D-09 0.0D+00       22      116       22      220  S
     17      1   2.6097874023258455D-01 5.5D-09 0.0D+00 4.5D-09 0.0D+00       22      128       22      220  S
     17      1   2.6097874023260537D-01 5.5D-09 0.0D+00 1.3D-09 0.0D+00       22      119       22      220  S
     17      1   2.6053419772145864D-01 5.4D-09 0.0D+00 9.1D-09 0.0D+00       21      124       21      210  S
     17      1   2.6097874023377710D-01 5.5D-09 0.0D+00 9.9D-09 0.0D+00       23      139       23      230  S
     17      1   2.6097874023247825D-01 5.5D-09 0.0D+00 4.6D-09 0.0D+00       22      116       22      220  S
     17      1   2.6028708335436568D-01 5.2D-09 0.0D+00 1.4D-09 0.0D+00       21      119       21      210  S
     17      1   2.6028708335437656D-01 5.2D-09 0.0D+00 2.4D-09 0.0D+00       22      116       22      220  S
     17      1   2.6097874023249418D-01 5.5D-09 0.0D+00 3.7D-09 0.0D+00       22      117       22      220  S
     17      1   2.6028708335562228D-01 5.2D-09 0.0D+00 9.5D-09 0.0D+00       23      127       23      230  S
     17      1   2.6097874023211914D-01 5.5D-09 0.0D+00 4.0D-10 0.0D+00       21      128       21      210  S
     17      1   2.6097874023251960D-01 5.5D-09 0.0D+00 2.2D-09 0.0D+00       22      119       22      220  S
     17      1   2.6028708335563266D-01 5.2D-09 0.0D+00 5.3D-10 0.0D+00       23      123       23      230  S
     17      1   2.6053419772314584D-01 5.4D-09 0.0D+00 9.4D-09 0.0D+00       23      142       23      230  S
     17      1   2.6053419772328967D-01 5.4D-09 0.0D+00 7.6D-09 0.0D+00       23      135       23      230  S
     17      1   2.6097874023257622D-01 5.5D-09 0.0D+00 9.0D-09 0.0D+00       22      129       22      220  S
     17      1   2.6028708335426237D-01 5.2D-09 0.0D+00 3.7D-09 0.0D+00       21      112       21      210  S
     17      1   2.6053419772324876D-01 5.4D-09 0.0D+00 6.0D-09 0.0D+00       23      137       23      230  S
     17      1   2.6028708335442652D-01 5.2D-09 0.0D+00 1.8D-09 0.0D+00       22      124       22      220  S
     17      1   2.7427138046912691D-01 6.5D-09 0.0D+00 6.0D-09 0.0D+00       22      126       22      220  S
     17      1   2.6097874023251155D-01 5.5D-09 0.0D+00 2.2D-09 0.0D+00       22      125       22      220  S
     17      1   2.6097874023247397D-01 5.5D-09 0.0D+00 1.4D-09 0.0D+00       22      129       22      220  S
     17      1   2.6097874023253737D-01 5.5D-09 0.0D+00 6.6D-09 0.0D+00       22      113       22      220  S
     17      1   2.6053419772299630D-01 5.4D-09 0.0D+00 1.2D-09 0.0D+00       23      148       23      230  S
     17      1   2.6028708335440187D-01 5.2D-09 0.0D+00 5.9D-09 0.0D+00       21      126       21      210  S
     17      1   2.6097874023353035D-01 5.5D-09 0.0D+00 1.2D-10 0.0D+00       22      132       22      220  S
     17      1   2.6053419772313996D-01 5.4D-09 0.0D+00 1.4D-09 0.0D+00       23      135       23      230  S
     17      1   2.6028708335466361D-01 5.2D-09 0.0D+00 4.8D-10 0.0D+00       22      135       22      220  S
     17      1   2.6097874023268536D-01 5.5D-09 0.0D+00 2.3D-09 0.0D+00       22      136       22      220  S
     17      1   2.7719416277147479D-01 6.3D-09 0.0D+00 1.9D-08 0.0D+00       24      167       24      240  S
     17      1   2.7719416277137598D-01 6.3D-09 0.0D+00 9.9D-09 0.0D+00       22      142       22      220  S
     17      1   2.7272578716957219D-01 5.1D-09 0.0D+00 6.6D-09 0.0D+00       22      120       22      220  S
     17      1   2.6028708335425804D-01 5.2D-09 0.0D+00 9.4D-09 0.0D+00       22      119       22      220  S
     17      1   2.6097874023382889D-01 5.5D-09 0.0D+00 7.7D-09 0.0D+00       23      134       23      230  S
     17      1   2.6097874023381856D-01 5.5D-09 0.0D+00 4.9D-09 0.0D+00       23      140       23      230  S
     17      1   2.6053419772257908D-01 5.4D-09 0.0D+00 5.0D-09 0.0D+00       22      137       22      220  S
     17      1   2.6053419772268055D-01 5.4D-09 0.0D+00 3.5D-09 0.0D+00       22      127       22      220  S
     17      1   2.6097874023337253D-01 5.5D-09 0.0D+00 3.8D-09 0.0D+00       21      135       21      210  S
     17      1   2.6028708335537343D-01 5.2D-09 0.0D+00 8.7D-09 0.0D+00       22      117       22      220  S
     17      1   2.6028708335441336D-01 5.2D-09 0.0D+00 4.6D-09 0.0D+00       22      124       22      220  S
     17      1   2.6097874023258505D-01 5.5D-09 0.0D+00 2.5D-09 0.0D+00       22      119       22      220  S
     17      1   2.6097874023249379D-01 5.5D-09 0.0D+00 2.2D-09 0.0D+00       22      114       22      220  S
     17      1   2.7719416277103065D-01 6.3D-09 0.0D+00 7.3D-09 0.0D+00       22      137       22      220  S
     17      1   2.6097874023404449D-01 5.5D-09 0.0D+00 3.2D-09 0.0D+00       23      141       23      230  S
     17      1   2.6097874023226297D-01 5.5D-09 0.0D+00 5.8D-09 0.0D+00       22      119       22      220  S
     17      1   2.6097874023356610D-01 5.5D-09 0.0D+00 1.3D-09 0.0D+00       22      142       22      220  S
     17      1   2.6053419772298247D-01 5.4D-09 0.0D+00 7.2D-09 0.0D+00       23      134       23      230  S
     17      1   2.6097874023357820D-01 5.5D-09 0.0D+00 5.0D-09 0.0D+00       22      132       22      220  S
     17      1   2.6028708335495931D-01 5.2D-09 0.0D+00 3.5D-09 0.0D+00       22      115       22      220  S
     17      1   2.6053419772310499D-01 5.4D-09 0.0D+00 7.7D-09 0.0D+00       23      135       23      230  S
     17      1   2.6028708335438028D-01 5.2D-09 0.0D+00 4.3D-09 0.0D+00       22      117       22      220  S
     17      1   2.6053419772303005D-01 5.4D-09 0.0D+00 1.5D-09 0.0D+00       23      143       23      230  S
     17      1   2.6097874023254813D-01 5.5D-09 0.0D+00 2.7D-09 0.0D+00       22      126       22      220  S
     17      1   2.6053419771853326D-01 5.4D-09 0.0D+00 7.7D-09 0.0D+00       22      134       22      220  S
     17      1   2.6053419772290370D-01 5.4D-09 0.0D+00 5.2D-09 0.0D+00       22      117       22      220  S
     17      1   2.6028708335441603D-01 5.2D-09 0.0D+00 8.4D-09 0.0D+00       21      117       21      210  S
     17      1   2.6097874023374978D-01 5.5D-09 0.0D+00 8.7D-09 0.0D+00       23      140       23      230  S
     17      1   2.6053419772143727D-01 5.4D-09 0.0D+00 5.9D-09 0.0D+00       21      126       21      210  S
     17      1   2.6097874023374951D-01 5.5D-09 0.0D+00 1.8D-09 0.0D+00       23      137       23      230  S
     17      1   2.6097874023385587D-01 5.5D-09 0.0D+00 3.5D-09 0.0D+00       23      144       23      230  S
     17      1   2.6097874023335998D-01 5.5D-09 0.0D+00 4.3D-09 0.0D+00       21      145       21      210  S
     17      1   2.6097874023385464D-01 5.5D-09 0.0D+00 3.0D-09 0.0D+00       23      141       23      230  S
     17      1   2.6097874023388756D-01 5.5D-09 0.0D+00 1.2D-09 0.0D+00       23      144       23      230  S
     17      1   2.6097874023206774D-01 5.5D-09 0.0D+00 6.5D-09 0.0D+00       21      118       21      210  S
     17      1   2.6028708335432682D-01 5.2D-09 0.0D+00 7.6D-09 0.0D+00       22      128       22      220  S
     17      1   2.6097874023255613D-01 5.5D-09 0.0D+00 8.2D-09 0.0D+00       22      126       22      220  S
     17      1   2.6097874023381917D-01 5.5D-09 0.0D+00 1.2D-08 0.0D+00       24      152       24      240  S
     17      1   2.6053419772297565D-01 5.4D-09 0.0D+00 3.3D-09 0.0D+00       23      127       23      230  S
     17      1   2.7427896691166970D-01 5.2D-09 0.0D+00 4.0D-09 0.0D+00       22      154       22      220  S
     17      1   2.6097874023393619D-01 5.5D-09 0.0D+00 9.9D-09 0.0D+00       23      145       23      230  S
     17      1   2.6097874023378365D-01 5.5D-09 0.0D+00 7.4D-09 0.0D+00       22      126       22      220  S
     17      1   2.6097874023205830D-01 5.5D-09 0.0D+00 6.4D-09 0.0D+00       21      120       21      210  S
     17      1   2.6028708335452067D-01 5.2D-09 0.0D+00 5.0D-09 0.0D+00       22      125       22      220  S
     17      1   2.6028708335465073D-01 5.2D-09 0.0D+00 5.8D-09 0.0D+00       22      114       22      220  S
     17      1   2.6097874023250206D-01 5.5D-09 0.0D+00 3.2D-09 0.0D+00       22      140       22      220  S
     17      1   2.6028708335423251D-01 5.2D-09 0.0D+00 2.2D-09 0.0D+00       21      112       21      210  S
     17      1   2.6053419772311970D-01 5.4D-09 0.0D+00 3.0D-09 0.0D+00       23      130       23      230  S
     17      1   2.6097874023261691D-01 5.5D-09 0.0D+00 1.7D-10 0.0D+00       22      120       22      220  S
     17      1   2.7427138046907990D-01 6.5D-09 0.0D+00 6.4D-05 0.0D+00       23      141       23      230  S
     17      1   2.6028708335453965D-01 5.2D-09 0.0D+00 7.6D-09 0.0D+00       22      117       22      220  S
     17      1   2.6097874023219414D-01 5.5D-09 0.0D+00 2.7D-09 0.0D+00       21      128       21      210  S
     17      1   2.6097874023359813D-01 5.5D-09 0.0D+00 4.1D-09 0.0D+00       23      145       23      230  S
     17      1   2.6053419772156927D-01 5.4D-09 0.0D+00 1.5D-09 0.0D+00       21      124       21      210  S
     17      1   2.6097874023248080D-01 5.5D-09 0.0D+00 3.4D-09 0.0D+00       22      138       22      220  S
     17      1   2.6028708335452772D-01 5.2D-09 0.0D+00 6.6D-09 0.0D+00       22      119       22      220  S
     17      1   2.6097874023358242D-01 5.5D-09 0.0D+00 8.8D-09 0.0D+00       22      125       22      220  S
     17      1   2.6028708335562778D-01 5.2D-09 0.0D+00 4.4D-09 0.0D+00       22      138       22      220  S
     17      1   2.6097874023217404D-01 5.5D-09 0.0D+00 3.1D-09 0.0D+00       21      114       21      210  S
     17      1   2.6097874023247747D-01 5.5D-09 0.0D+00 1.4D-09 0.0D+00       22      112       22      220  S
     17      1   2.6097874023255468D-01 5.5D-09 0.0D+00 4.1D-09 0.0D+00       22      124       22      220  S
     17      1   2.6097874023269707D-01 5.5D-09 0.0D+00 6.9D-09 0.0D+00       22      121       22      220  S
     17      1   2.6097874023254092D-01 5.5D-09 0.0D+00 1.3D-09 0.0D+00       22      120       22      220  S
     17      1   2.6097874023389211D-01 5.5D-09 0.0D+00 1.2D-09 0.0D+00       23      136       23      230  S
     17      1   2.6053419772309955D-01 5.4D-09 0.0D+00 7.8D-09 0.0D+00       23      133       23      230  S
     17      1   2.6097874023256706D-01 5.5D-09 0.0D+00 8.1D-09 0.0D+00       22      113       22      220  S
     17      1   2.6053419772314423D-01 5.4D-09 0.0D+00 5.5D-09 0.0D+00       23      143       23      230  S
     17      1   2.6053419772298980D-01 5.4D-09 0.0D+00 4.0D-09 0.0D+00       23      136       23      230  S
     17      1   2.6097874023247086D-01 5.5D-09 0.0D+00 3.2D-09 0.0D+00       22      116       22      220  S
     17      1   2.6097874023392381D-01 5.5D-09 0.0D+00 2.3D-09 0.0D+00       23      132       23      230  S
     17      1   2.6028708335458289D-01 5.2D-09 0.0D+00 7.1D-09 0.0D+00       22      119       22      220  S
     17      1   2.6097874023232770D-01 5.5D-09 0.0D+00 7.6D-09 0.0D+00       22      127       22      220  S
     17      1   2.6053419772282205D-01 5.4D-09 0.0D+00 1.4D-08 0.0D+00       23      129       23      230  S
     17      1   2.7719416277090675D-01 6.3D-09 0.0D+00 2.2D-10 0.0D+00       22      141       22      220  S
     17      1   2.6097874023346190D-01 5.5D-09 0.0D+00 5.9D-09 0.0D+00       22      122       22      220  S
     17      1   2.6053419772297920D-01 5.4D-09 0.0D+00 3.9D-09 0.0D+00       23      135       23      230  S
     17      1   2.6053419772309383D-01 5.4D-09 0.0D+00 5.4D-09 0.0D+00       23      137       23      230  S
     17      1   2.6028708335455125D-01 5.2D-09 0.0D+00 9.0D-09 0.0D+00       22      128       22      220  S
     17      1   2.6053419772302849D-01 5.4D-09 0.0D+00 2.4D-08 0.0D+00       24      150       24      240  S
     17      1   2.6053419772312075D-01 5.4D-09 0.0D+00 7.0D-09 0.0D+00       23      135       23      230  S
     17      1   2.6097874023245593D-01 5.5D-09 0.0D+00 2.4D-11 0.0D+00       22      150       22      220  S
     17      1   2.6053419772296549D-01 5.4D-09 0.0D+00 5.0D-09 0.0D+00       23      133       23      230  S
     17      1   2.6053419771850189D-01 5.4D-09 0.0D+00 1.2D-09 0.0D+00       22      127       22      220  S
     17      1   2.6097874023362616D-01 5.5D-09 0.0D+00 9.5D-09 0.0D+00       22      124       22      220  S
     17      1   2.6097874023209677D-01 5.5D-09 0.0D+00 4.3D-09 0.0D+00       21      131       21      210  S
     17      1   2.6053419772262659D-01 5.4D-09 0.0D+00 7.4D-10 0.0D+00       22      132       22      220  S
     17      1   2.6053419772156838D-01 5.4D-09 0.0D+00 2.2D-09 0.0D+00       21      119       21      210  S
     17      1   8.9313673702137242D-01 1.1D-16 0.0D+00 8.9D-01 0.0D+00        3       37        3       30  S
     17      1   2.6053419772298053D-01 5.4D-09 0.0D+00 5.3D-09 0.0D+00       23      142       23      230  S
     17      1   2.6097874023243606D-01 5.5D-09 0.0D+00 4.7D-10 0.0D+00       22      128       22      220  S
     17      1   2.6097874023393519D-01 5.5D-09 0.0D+00 7.6D-09 0.0D+00       23      139       23      230  S
     17      1   2.6097874023383855D-01 5.5D-09 0.0D+00 4.2D-09 0.0D+00       23      137       23      230  S
     17      1   2.6097874023358358D-01 5.5D-09 0.0D+00 8.4D-09 0.0D+00       22      128       22      220  S
     17      1   2.7427138046919175D-01 6.5D-09 0.0D+00 3.0D-09 0.0D+00       22      130       22      220  S
     17      1   2.6097874023235440D-01 5.5D-09 0.0D+00 7.7D-09 0.0D+00       22      140       22      220  S
     17      1   2.6028708335442885D-01 5.2D-09 0.0D+00 2.1D-09 0.0D+00       22      123       22      220  S
     17      1   2.6028708335449779D-01 5.2D-09 0.0D+00 7.7D-09 0.0D+00       22      118       22      220  S
     17      1   2.6097874023246304D-01 5.5D-09 0.0D+00 4.3D-09 0.0D+00       22      133       22      220  S
     17      1   2.6053419772265596D-01 5.4D-09 0.0D+00 6.4D-09 0.0D+00       22      126       22      220  S
     17      1   2.6097874023237361D-01 5.5D-09 0.0D+00 6.4D-09 0.0D+00       22      143       22      220  S
     17      1   2.6028708335452660D-01 5.2D-09 0.0D+00 1.1D-09 0.0D+00       22      117       22      220  S
     17      1   2.6028708335448553D-01 5.2D-09 0.0D+00 2.4D-09 0.0D+00       22      119       22      220  S
     17      1   2.7427138046840632D-01 6.5D-09 0.0D+00 2.4D-09 0.0D+00       21      121       21      210  S
     17      1   2.6053419772269548D-01 5.4D-09 0.0D+00 2.3D-10 0.0D+00       22      130       22      220  S
     17      1   2.6028708335436346D-01 5.2D-09 0.0D+00 2.9D-09 0.0D+00       21      120       21      210  S
     17      1   2.6028708336019502D-01 5.2D-09 0.0D+00 5.0D-09 0.0D+00       22      173       22      220  S
     17      1   2.6028708335436496D-01 5.2D-09 0.0D+00 1.8D-08 0.0D+00       23      140       23      230  S
     17      1   2.6053419772305131D-01 5.4D-09 0.0D+00 6.9D-09 0.0D+00       23      131       23      230  S
     17      1   2.6053419772311298D-01 5.4D-09 0.0D+00 9.9D-09 0.0D+00       23      142       23      230  S
     17      1   2.6097874023376710D-01 5.5D-09 0.0D+00 6.7D-09 0.0D+00       22      131       22      220  S
     17      1   2.6097874023252554D-01 5.5D-09 0.0D+00 3.1D-09 0.0D+00       22      115       22      220  S
     17      1   2.6097874023259859D-01 5.5D-09 0.0D+00 5.6D-09 0.0D+00       22      131       22      220  S
     17      1   2.6097874023374146D-01 5.5D-09 0.0D+00 6.5D-10 0.0D+00       23      149       23      230  S
     17      1   2.7427138046931221D-01 6.5D-09 0.0D+00 9.8D-09 0.0D+00       22      135       22      220  S
     17      1   2.6097874023390144D-01 5.5D-09 0.0D+00 2.2D-10 0.0D+00       23      132       23      230  S
     17      1   2.6053419772312036D-01 5.4D-09 0.0D+00 2.3D-09 0.0D+00       23      129       23      230  S
     17      1   2.6097874023221973D-01 5.5D-09 0.0D+00 4.5D-09 0.0D+00       21      113       21      210  S
     17      1   2.6028708335455814D-01 5.2D-09 0.0D+00 1.2D-09 0.0D+00       22      114       22      220  S
     17      1   2.6097874023397538D-01 5.5D-09 0.0D+00 5.6D-09 0.0D+00       23      129       23      230  S
     17      1   2.6097874023390566D-01 5.5D-09 0.0D+00 3.0D-08 0.0D+00       24      163       24      240  S
     17      1   2.6097874023248080D-01 5.5D-09 0.0D+00 2.8D-09 0.0D+00       22      166       22      220  S
     17      1   2.6053419772305297D-01 5.4D-09 0.0D+00 7.9D-09 0.0D+00       23      143       23      230  S
     17      1   2.6097874023267970D-01 5.5D-09 0.0D+00 8.0D-09 0.0D+00       22      123       22      220  S
     17      1   2.6097874023394813D-01 5.5D-09 0.0D+00 5.6D-09 0.0D+00       23      148       23      230  S
     17      1   2.6053419772307629D-01 5.4D-09 0.0D+00 1.0D-10 0.0D+00       23      141       23      230  S
     17      1   2.6097874023373474D-01 5.5D-09 0.0D+00 4.5D-09 0.0D+00       23      139       23      230  S
     17      1   2.6053419772144770D-01 5.4D-09 0.0D+00 8.5D-09 0.0D+00       21      137       21      210  S
     17      1   2.6028708335439577D-01 5.2D-09 0.0D+00 3.6D-09 0.0D+00       22      116       22      220  S
     17      1   2.6097874023234324D-01 5.5D-09 0.0D+00 5.4D-09 0.0D+00       22      111       22      220  S
     17      1   2.6028708335446843D-01 5.2D-09 0.0D+00 6.9D-09 0.0D+00       22      117       22      220  S
     17      1   2.6053419771841774D-01 5.4D-09 0.0D+00 5.4D-09 0.0D+00       22      136       22      220  S
     17      1   2.6053419772307929D-01 5.4D-09 0.0D+00 5.6D-09 0.0D+00       23      144       23      230  S
     17      1   2.6028708335427297D-01 5.2D-09 0.0D+00 5.4D-09 0.0D+00       21      109       21      210  S
     17      1   2.6028708335433165D-01 5.2D-09 0.0D+00 4.3D-09 0.0D+00       22      125       22      220  S
     17      1   2.6097874023363132D-01 5.5D-09 0.0D+00 2.0D-09 0.0D+00       22      123       22      220  S
     17      1   2.6053419772322334D-01 5.4D-09 0.0D+00 5.8D-09 0.0D+00       23      140       23      230  S
     17      1   2.6097874023379258D-01 5.5D-09 0.0D+00 2.5D-09 0.0D+00       23      151       23      230  S
     17      1   2.6028708335453293D-01 5.2D-09 0.0D+00 5.1D-09 0.0D+00       22      114       22      220  S
     17      1   2.6053419772297759D-01 5.4D-09 0.0D+00 4.2D-10 0.0D+00       23      137       23      230  S
     17      1   2.6097874023235390D-01 5.5D-09 0.0D+00 5.2D-09 0.0D+00       22      122       22      220  S
     17      1   2.6097874023246531D-01 5.5D-09 0.0D+00 5.7D-10 0.0D+00       22      121       22      220  S
     17      1   2.6028708335555656D-01 5.2D-09 0.0D+00 2.3D-10 0.0D+00       22      115       22      220  S
     17      1   2.7719416276780873D-01 6.3D-09 0.0D+00 3.1D-07 0.0D+00       23      164       23      230  S
     17      1   2.6053419772295622D-01 5.4D-09 0.0D+00 5.2D-09 0.0D+00       23      146       23      230  S
     17      1   2.6097874023384854D-01 5.5D-09 0.0D+00 5.3D-10 0.0D+00       23      143       23      230  S
     17      1   2.6028708335436668D-01 5.2D-09 0.0D+00 7.3D-09 0.0D+00       22      116       22      220  S
     17      1   2.6097874023249396D-01 5.5D-09 0.0D+00 1.7D-09 0.0D+00       22      114       22      220  S
     17      1   2.6028708335460737D-01 5.2D-09 0.0D+00 9.7D-09 0.0D+00       22      116       22      220  S
     17      1   2.6097874023246420D-01 5.5D-09 0.0D+00 9.2D-09 0.0D+00       22      117       22      220  S
     17      1   2.6028708335569417D-01 5.2D-09 0.0D+00 1.2D-09 0.0D+00       23      129       23      230  S
     17      1   2.7719416277179509D-01 6.3D-09 0.0D+00 9.8D-09 0.0D+00       22      156       22      220  S
     17      1   2.6053419772297792D-01 5.4D-09 0.0D+00 2.0D-09 0.0D+00       23      154       23      230  S
     17      1   2.6028708335440881D-01 5.2D-09 0.0D+00 6.4D-10 0.0D+00       22      138       22      220  S
     17      1   2.7427138046917721D-01 6.5D-09 0.0D+00 2.1D-09 0.0D+00       22      138       22      220  S
     17      1   2.7719416277135478D-01 6.3D-09 0.0D+00 1.8D-09 0.0D+00       22      124       22      220  S
     17      1   2.6097874023277401D-01 5.5D-09 0.0D+00 5.3D-09 0.0D+00       22      119       22      220  S
     17      1   2.7719416277018388D-01 6.3D-09 0.0D+00 5.5D-08 0.0D+00       23      156       23      230  S
     17      1   2.6097874023238560D-01 5.5D-09 0.0D+00 4.4D-10 0.0D+00       22      133       22      220  S
     17      1   2.6053419772292491D-01 5.4D-09 0.0D+00 2.5D-09 0.0D+00       23      131       23      230  S
     17      1   2.6028708335454132D-01 5.2D-09 0.0D+00 8.0D-09 0.0D+00       22      117       22      220  S
     17      1   2.6053419772308689D-01 5.4D-09 0.0D+00 1.1D-09 0.0D+00       23      140       23      230  S
     17      1   2.6097874023271544D-01 5.5D-09 0.0D+00 9.8D-09 0.0D+00       22      116       22      220  S
     17      1   2.6097874023389989D-01 5.5D-09 0.0D+00 7.8D-10 0.0D+00       23      140       23      230  S
     17      1   2.6097874023251300D-01 5.5D-09 0.0D+00 4.6D-09 0.0D+00       22      125       22      220  S
     17      1   2.6097874023385043D-01 5.5D-09 0.0D+00 6.2D-09 0.0D+00       23      145       23      230  S
     17      1   2.6053419772295694D-01 5.4D-09 0.0D+00 7.0D-09 0.0D+00       23      140       23      230  S
     17      1   3.2484999505354661D-01 6.8D-09 0.0D+00 2.4D-09 0.0D+00       21      169       21      210  S
     17      1   2.6028708335425699D-01 5.2D-09 0.0D+00 9.1D-09 0.0D+00       22      117       22      220  S
     17      1   2.6053419772308073D-01 5.4D-09 0.0D+00 3.8D-09 0.0D+00       23      179       23      230  S
     17      1   2.6097874023249662D-01 5.5D-09 0.0D+00 2.0D-09 0.0D+00       22      113       22      220  S
     17      1   2.6053419772285946D-01 5.4D-09 0.0D+00 9.0D-09 0.0D+00       23      138       23      230  S
     17      1   2.6053419772302483D-01 5.4D-09 0.0D+00 7.1D-09 0.0D+00       23      142       23      230  S
     17      1   2.6028708335462242D-01 5.2D-09 0.0D+00 3.1D-09 0.0D+00       22      117       22      220  S
     17      1   2.6097874023388379D-01 5.5D-09 0.0D+00 8.9D-09 0.0D+00       23      139       23      230  S
     17      1   2.6028708335418760D-01 5.2D-09 0.0D+00 2.4D-09 0.0D+00       21      116       21      210  S
     17      1   2.8116436573845854D-01 5.4D-09 0.0D+00 6.6D-09 0.0D+00       22      167       22      220  S
     17      1   2.7427138046928429D-01 6.5D-09 0.0D+00 1.9D-06 0.0D+00       23      158       23      230  S
     17      1   2.6053419772142467D-01 5.4D-09 0.0D+00 1.8D-09 0.0D+00       21      124       21      210  S
     17      1   2.6053419772318676D-01 5.4D-09 0.0D+00 9.4D-09 0.0D+00       23      147       23      230  S
     17      1   2.7427896691194453D-01 5.2D-09 0.0D+00 7.3D-09 0.0D+00       22      120       22      220  S
     17      1   2.6028708335453032D-01 5.2D-09 0.0D+00 3.4D-09 0.0D+00       22      115       22      220  S
     17      1   2.6097874023379825D-01 5.5D-09 0.0D+00 5.0D-09 0.0D+00       23      132       23      230  S
     17      1   2.6097874023370227D-01 5.5D-09 0.0D+00 4.1D-09 0.0D+00       23      129       23      230  S
     17      1   2.6053419772322184D-01 5.4D-09 0.0D+00 5.8D-09 0.0D+00       23      130       23      230  S
     17      1   2.6053419772308345D-01 5.4D-09 0.0D+00 1.5D-09 0.0D+00       23      139       23      230  S
     17      1   2.7427138046931443D-01 6.5D-09 0.0D+00 5.1D-09 0.0D+00       22      121       22      220  S
     17      1   2.6097874023378742D-01 5.5D-09 0.0D+00 8.9D-10 0.0D+00       23      141       23      230  S
     17      1   2.6028708335532791D-01 5.2D-09 0.0D+00 4.8D-10 0.0D+00       22      116       22      220  S
     17      1   2.6097874023246365D-01 5.5D-09 0.0D+00 1.8D-08 0.0D+00       23      136       23      230  S
     17      1   2.6097874023373158D-01 5.5D-09 0.0D+00 4.8D-09 0.0D+00       23      144       23      230  S
     17      1   2.6028708335456874D-01 5.2D-09 0.0D+00 9.2D-09 0.0D+00       22      115       22      220  S
     17      1   2.6053419772150316D-01 5.4D-09 0.0D+00 3.1D-09 0.0D+00       21      118       21      210  S
     17      1   2.6028708335570272D-01 5.2D-09 0.0D+00 2.6D-08 0.0D+00       24      136       24      240  S
     17      1   2.6028708335471151D-01 5.2D-09 0.0D+00 9.2D-09 0.0D+00       22      119       22      220  S
     17      1   2.6097874023333556D-01 5.5D-09 0.0D+00 1.9D-09 0.0D+00       22      131       22      220  S
     17      1   3.2484999505355910D-01 6.8D-09 0.0D+00 4.9D-09 0.0D+00       22      181       22      220  S
     17      1   2.6053419772308506D-01 5.4D-09 0.0D+00 2.0D-08 0.0D+00       24      151       24      240  S
     17      1   2.6028708335447470D-01 5.2D-09 0.0D+00 3.1D-09 0.0D+00       22      126       22      220  S
     17      1   2.6028708335448747D-01 5.2D-09 0.0D+00 2.7D-09 0.0D+00       22      113       22      220  S
     17      1   2.6028708335575268D-01 5.2D-09 0.0D+00 6.2D-10 0.0D+00       23      125       23      230  S
     17      1   2.6053419772249603D-01 5.4D-09 0.0D+00 5.8D-08 0.0D+00       23      147       23      230  S
     17      1   2.6028708335454148D-01 5.2D-09 0.0D+00 2.9D-09 0.0D+00       22      122       22      220  S
     17      1   2.7719416277183462D-01 6.3D-09 0.0D+00 6.4D-09 0.0D+00       22      132       22      220  S
     17      1   2.6028708335445383D-01 5.2D-09 0.0D+00 6.8D-09 0.0D+00       22      123       22      220  S
     17      1   2.7427138046927396D-01 6.5D-09 0.0D+00 8.1D-09 0.0D+00       22      123       22      220  S
     17      1   2.6097874023211870D-01 5.5D-09 0.0D+00 1.7D-08 0.0D+00       23      154       23      230  S
     17      1   2.6097874023209916D-01 5.5D-09 0.0D+00 3.1D-09 0.0D+00       21      123       21      210  S
     17      1   2.6028708335442535D-01 5.2D-09 0.0D+00 8.2D-09 0.0D+00       22      124       22      220  S
     17      1   2.6097874023371342D-01 5.5D-09 0.0D+00 9.0D-09 0.0D+00       23      141       23      230  S
     17      1   2.6053419772283526D-01 5.4D-09 0.0D+00 4.0D-09 0.0D+00       23      132       23      230  S
