     13   0.00    0.00    0.00   2.9871247032304188D-01 5.5D-09 0.0D+00 3.1D-08 0.0D+00       23      131       23      230     257     360     467     360     361   0.35     0    0      1  BR
     13      1   3.0709939017657367D-01 6.2D-09 0.0D+00 2.9D-09 0.0D+00       22      113       22      220  S
     13      1   3.1753493583014858D-01 7.5D-09 0.0D+00 3.7D-09 0.0D+00       22      159       22      220  S
     13      1   3.1901004792479110D-01 6.4D-09 0.0D+00 2.7D-07 0.0D+00       22      135       22      220  S
     13      1   3.0709939017645044D-01 6.2D-09 0.0D+00 2.9D-09 0.0D+00       22      105       22      220  S
     13      1   3.1753493582912878D-01 7.5D-09 0.0D+00 1.1D-09 0.0D+00       21      129       21      210  S
     13      1   3.0709939017653370D-01 6.2D-09 0.0D+00 7.4D-09 0.0D+00       22      106       22      220  S
     13      1   3.0709939017614896D-01 6.2D-09 0.0D+00 2.7D-09 0.0D+00       21      105       21      210  S
     13      1   3.1753493582947018D-01 7.5D-09 0.0D+00 1.5D-08 0.0D+00       22      151       22      220  S
     13      1   3.0709939017664495D-01 6.2D-09 0.0D+00 1.4D-09 0.0D+00       22      131       22      220  S
     13      1   3.0709939017633048D-01 6.2D-09 0.0D+00 5.3D-09 0.0D+00       21      105       21      210  S
     13      1   3.1753493582783315D-01 7.5D-09 0.0D+00 1.3D-07 0.0D+00       23      159       23      230  S
     13      1   3.1753493582775000D-01 7.5D-09 0.0D+00 1.1D-07 0.0D+00       22      143       22      220  S
     13      1   3.1753493582576142D-01 7.5D-09 0.0D+00 2.3D-07 0.0D+00       24      152       24      240  S
     13      1   3.0709939017663057D-01 6.2D-09 0.0D+00 6.6D-09 0.0D+00       22      118       22      220  S
     13      1   3.1753493582955866D-01 7.5D-09 0.0D+00 2.2D-08 0.0D+00       24      161       24      240  S
     13      1   3.0709939017628723D-01 6.2D-09 0.0D+00 9.8D-09 0.0D+00       21      105       21      210  S
     13      1   3.1753493582416104D-01 7.5D-09 0.0D+00 3.1D-07 0.0D+00       22      135       22      220  S
     13      1   3.0709939017638960D-01 6.2D-09 0.0D+00 3.3D-09 0.0D+00       21      105       21      210  S
     13      1   3.0709939017632620D-01 6.2D-09 0.0D+00 2.7D-09 0.0D+00       22      109       22      220  S
     13      1   3.1753493582880521D-01 7.5D-09 0.0D+00 3.7D-10 0.0D+00       21      137       21      210  S
     13      1   3.0709939017655075D-01 6.2D-09 0.0D+00 2.4D-09 0.0D+00       22      118       22      220  S
     13      1   3.1753493582755149D-01 7.5D-09 0.0D+00 1.2D-07 0.0D+00       23      165       23      230  S
     13      1   3.1753493582886982D-01 7.5D-09 0.0D+00 5.5D-09 0.0D+00       21      129       21      210  S
     13      1   3.1753493582954406D-01 7.5D-09 0.0D+00 8.3D-09 0.0D+00       22      138       22      220  S
     13      1   3.1753493582937853D-01 7.5D-09 0.0D+00 8.2D-09 0.0D+00       22      131       22      220  S
     13      1   3.1753493583023057D-01 7.5D-09 0.0D+00 5.4D-09 0.0D+00       22      135       22      220  S
     13      1   3.1753493582498593D-01 7.5D-09 0.0D+00 3.0D-07 0.0D+00       22      136       22      220  S
     13      1   3.1753493582596837D-01 7.5D-09 0.0D+00 2.1D-07 0.0D+00       23      131       23      230  S
     13      1   3.0709939017840160D-01 6.2D-09 0.0D+00 1.6D-07 0.0D+00       23      116       23      230  S
     13      1   2.9871247032315612D-01 5.5D-09 0.0D+00 5.3D-09 0.0D+00       22      112       22      220  S
     13      1   3.1753493582767084D-01 7.5D-09 0.0D+00 1.1D-07 0.0D+00       24      165       24      240  S
     13      1   2.9871247032300047D-01 5.5D-09 0.0D+00 7.1D-09 0.0D+00       22      113       22      220  S
     13      1   2.9871247032303994D-01 5.5D-09 0.0D+00 1.3D-08 0.0D+00       23      118       23      230  S
     13      1   2.9871247032296794D-01 5.5D-09 0.0D+00 8.6D-09 0.0D+00       22      114       22      220  S
     13      1   3.1753493582944475D-01 7.5D-09 0.0D+00 2.9D-08 0.0D+00       22      138       22      220  S
     13      1   3.1753493582907466D-01 7.5D-09 0.0D+00 6.1D-09 0.0D+00       21      140       21      210  S
     13      1   3.1753493582508358D-01 7.5D-09 0.0D+00 3.0D-07 0.0D+00       24      171       24      240  S
     13      1   3.1753493582973419D-01 7.5D-09 0.0D+00 1.4D-09 0.0D+00       21      155       21      210  S
     13      1   2.9871247032302062D-01 5.5D-09 0.0D+00 3.3D-09 0.0D+00       22      121       22      220  S
     13      1   2.9871247032326798D-01 5.5D-09 0.0D+00 3.0D-08 0.0D+00       23      128       23      230  S
     13      1   3.1753493582528269D-01 7.5D-09 0.0D+00 2.7D-07 0.0D+00       23      179       23      230  S
     13      1   3.0709939017657778D-01 6.2D-09 0.0D+00 3.8D-09 0.0D+00       22      124       22      220  S
     13      1   3.1753493582945885D-01 7.5D-09 0.0D+00 3.2D-09 0.0D+00       22      131       22      220  S
     13      1   3.1753493582936493D-01 7.5D-09 0.0D+00 6.1D-09 0.0D+00       22      145       22      220  S
     13      1   3.0709939017660559D-01 6.2D-09 0.0D+00 8.2D-09 0.0D+00       22      116       22      220  S
     13      1   3.1753493582698228D-01 7.5D-09 0.0D+00 1.6D-07 0.0D+00       24      166       24      240  S
     13      1   3.1753493582953768D-01 7.5D-09 0.0D+00 2.7D-09 0.0D+00       22      125       22      220  S
     13      1   2.9871247032297316D-01 5.5D-09 0.0D+00 6.1D-09 0.0D+00       22      119       22      220  S
     13      1   3.1753493582930431D-01 7.5D-09 0.0D+00 4.6D-09 0.0D+00       21      123       21      210  S
     13      1   2.9871247032304549D-01 5.5D-09 0.0D+00 3.8D-10 0.0D+00       22      113       22      220  S
     13      1   3.1753493582922748D-01 7.5D-09 0.0D+00 6.6D-09 0.0D+00       21      154       21      210  S
     13      1   3.1753493582915931D-01 7.5D-09 0.0D+00 4.1D-10 0.0D+00       22      152       22      220  S
     13      1   3.0709939017637461D-01 6.2D-09 0.0D+00 9.1D-09 0.0D+00       22      105       22      220  S
     13      1   3.0709939017652255D-01 6.2D-09 0.0D+00 9.3D-09 0.0D+00       22      111       22      220  S
     13      1   3.0709939017625459D-01 6.2D-09 0.0D+00 6.0D-09 0.0D+00       21      114       21      210  S
     13      1   3.1753493582736647D-01 7.5D-09 0.0D+00 1.4D-07 0.0D+00       24      163       24      240  S
     13      1   3.1753493582989267D-01 7.5D-09 0.0D+00 8.7D-09 0.0D+00       22      148       22      220  S
     13      1   3.1753493582986336D-01 7.5D-09 0.0D+00 1.3D-09 0.0D+00       21      128       21      210  S
     13      1   3.0709939017665894D-01 6.2D-09 0.0D+00 2.8D-09 0.0D+00       22      108       22      220  S
     13      1   3.1753493582469994D-01 7.5D-09 0.0D+00 3.0D-07 0.0D+00       23      131       23      230  S
     13      1   3.1753493582942438D-01 7.5D-09 0.0D+00 2.6D-09 0.0D+00       22      154       22      220  S
     13      1   3.1753493582523357D-01 7.5D-09 0.0D+00 3.1D-07 0.0D+00       23      154       23      230  S
     13      1   3.2081123582810034D-01 6.8D-09 0.0D+00 2.8D-07 0.0D+00       22      133       22      220  S
     13      1   3.0709939017660548D-01 6.2D-09 0.0D+00 4.4D-08 0.0D+00       23      127       23      230  S
     13      1   3.1753493582667364D-01 7.5D-09 0.0D+00 1.6D-07 0.0D+00       23      132       23      230  S
     13      1   3.0709939017657245D-01 6.2D-09 0.0D+00 1.4D-09 0.0D+00       22      111       22      220  S
     13      1   3.1753493582921838D-01 7.5D-09 0.0D+00 8.5D-09 0.0D+00       22      122       22      220  S
     13      1   3.1753493583009640D-01 7.5D-09 0.0D+00 6.7D-09 0.0D+00       22      170       22      220  S
     13      1   3.1963114048594510D-01 6.3D-09 0.0D+00 3.2D-09 0.0D+00       22      106       22      220  S
     13      1   3.1753493582501652D-01 7.5D-09 0.0D+00 2.7D-07 0.0D+00       23      150       23      230  S
     13      1   3.0709939017639010D-01 6.2D-09 0.0D+00 4.7D-09 0.0D+00       22      124       22      220  S
     13      1   2.9871247032300363D-01 5.5D-09 0.0D+00 5.1D-09 0.0D+00       22      114       22      220  S
     13      1   3.0709939017613996D-01 6.2D-09 0.0D+00 5.1D-09 0.0D+00       21      106       21      210  S
     13      1   3.0709939017640198D-01 6.2D-09 0.0D+00 4.7D-09 0.0D+00       21      100       21      210  S
     13      1   3.1753493582624526D-01 7.5D-09 0.0D+00 1.7D-07 0.0D+00       23      135       23      230  S
     13      1   3.1753493582992703D-01 7.5D-09 0.0D+00 1.6D-09 0.0D+00       21      136       21      210  S
     13      1   3.0709939017625165D-01 6.2D-09 0.0D+00 2.7D-09 0.0D+00       21      104       21      210  S
     13      1   2.9871247032273668D-01 5.5D-09 0.0D+00 7.3D-09 0.0D+00       21      116       21      210  S
     13      1   3.0709939017621130D-01 6.2D-09 0.0D+00 7.3D-09 0.0D+00       21      105       21      210  S
     13      1   3.1753493582468817D-01 7.5D-09 0.0D+00 3.1D-07 0.0D+00       23      176       23      230  S
     13      1   3.0709939018515076D-01 6.2D-09 0.0D+00 8.4D-07 0.0D+00       23      127       23      230  S
     13      1   2.9871247032298542D-01 5.5D-09 0.0D+00 8.5D-09 0.0D+00       22      113       22      220  S
     13      1   3.1753493582973152D-01 7.5D-09 0.0D+00 2.8D-09 0.0D+00       22      146       22      220  S
     13      1   3.1753493582380982D-01 7.5D-09 0.0D+00 3.2D-07 0.0D+00       22      156       22      220  S
     13      1   2.9871247032296727D-01 5.5D-09 0.0D+00 5.6D-09 0.0D+00       22      115       22      220  S
     13      1   3.0709939017617632D-01 6.2D-09 0.0D+00 1.6D-09 0.0D+00       21      104       21      210  S
     13      1   3.9870608632407400D-01 9.6D-03 0.0D+00 1.0D+00 0.0D+00       22      118       23      230  S
     13      1   2.9871247032296666D-01 5.5D-09 0.0D+00 7.6D-09 0.0D+00       22      111       22      220  S
     13      1   2.9871247032283044D-01 5.5D-09 0.0D+00 9.1D-10 0.0D+00       22      112       22      220  S
     13      1   3.0709939017638049D-01 6.2D-09 0.0D+00 9.9D-09 0.0D+00       21      113       21      210  S
     13      1   3.2081123583213117D-01 6.8D-09 0.0D+00 8.0D-09 0.0D+00       21      143       21      210  S
     13      1   2.9871247032295434D-01 5.5D-09 0.0D+00 3.4D-10 0.0D+00       22      119       22      220  S
     13      1   3.0709939017634036D-01 6.2D-09 0.0D+00 6.1D-09 0.0D+00       21      103       21      210  S
     13      1   3.0709939017638005D-01 6.2D-09 0.0D+00 4.0D-09 0.0D+00       21      115       21      210  S
     13      1   2.9871247032292214D-01 5.5D-09 0.0D+00 7.6D-09 0.0D+00       22      114       22      220  S
     13      1   2.9871247032309395D-01 5.5D-09 0.0D+00 8.0D-09 0.0D+00       22      116       22      220  S
     13      1   3.0709939017644050D-01 6.2D-09 0.0D+00 7.9D-09 0.0D+00       21      108       21      210  S
     13      1   2.9871247032277015D-01 5.5D-09 0.0D+00 5.5D-09 0.0D+00       22      117       22      220  S
     13      1   3.0709939017664872D-01 6.2D-09 0.0D+00 2.0D-10 0.0D+00       22      109       22      220  S
