      5      1   5.5898952126981383D-01 7.5D-09 0.0D+00 4.3D-09 0.0D+00       21      102       21      210  S
      5      1   5.5898952126903378D-01 7.5D-09 0.0D+00 3.8D-09 0.0D+00       20       99       20      200  S
      5      1   5.5898952126938561D-01 7.5D-09 0.0D+00 8.9D-09 0.0D+00       21      104       21      210  S
      5      1   5.5898952126968049D-01 7.5D-09 0.0D+00 1.1D-08 0.0D+00       22      112       22      220  S
      5      1   5.5898952126987345D-01 7.5D-09 0.0D+00 5.0D-09 0.0D+00       21      102       21      210  S
      5      1   5.5898952126955026D-01 7.5D-09 0.0D+00 9.8D-09 0.0D+00       21      102       21      210  S
      5      1   5.5898952126956081D-01 7.5D-09 0.0D+00 8.1D-09 0.0D+00       21      101       21      210  S
      5      1   5.5898952126974344D-01 7.5D-09 0.0D+00 2.6D-09 0.0D+00       21      101       21      210  S
      5      1   5.5898952126911627D-01 7.5D-09 0.0D+00 1.1D-09 0.0D+00       20       97       20      200  S
      5      1   7.0704307237476038D-01 8.1D-09 0.0D+00 4.9D-09 0.0D+00       22      129       22      220  S
      5      1   5.5898952126950396D-01 7.5D-09 0.0D+00 5.7D-09 0.0D+00       21      102       21      210  S
      5      1   5.5898952126924140D-01 7.5D-09 0.0D+00 6.5D-09 0.0D+00       20       99       20      200  S
      5      1   5.5898952126962531D-01 7.5D-09 0.0D+00 9.6D-10 0.0D+00       21      101       21      210  S
      5      1   5.5898952126960622D-01 7.5D-09 0.0D+00 7.0D-09 0.0D+00       21      106       21      210  S
      5      1   5.5898952126909274D-01 7.5D-09 0.0D+00 5.4D-09 0.0D+00       20      100       20      200  S
      5      1   5.5898952126956902D-01 7.5D-09 0.0D+00 6.1D-09 0.0D+00       21      104       21      210  S
      5      1   5.5898952126963142D-01 7.5D-09 0.0D+00 1.8D-10 0.0D+00       21      101       21      210  S
      5      1   5.5898952126926238D-01 7.5D-09 0.0D+00 8.4D-10 0.0D+00       20       97       20      200  S
      5      1   5.5898952126965029D-01 7.5D-09 0.0D+00 7.5D-09 0.0D+00       21      102       21      210  S
      5      1   5.5898952126976043D-01 7.5D-09 0.0D+00 6.0D-09 0.0D+00       21      102       21      210  S
      5      1   5.5898952126932611D-01 7.5D-09 0.0D+00 2.3D-10 0.0D+00       20       99       20      200  S
      5      1   5.5898952126936596D-01 7.5D-09 0.0D+00 9.5D-09 0.0D+00       20       96       20      200  S
      5      1   5.5898952126967572D-01 7.5D-09 0.0D+00 2.4D-09 0.0D+00       21      101       21      210  S
      5      1   5.5898952126936041D-01 7.5D-09 0.0D+00 9.7D-09 0.0D+00       20       99       20      200  S
      5      1   5.5898952126912493D-01 7.5D-09 0.0D+00 7.1D-09 0.0D+00       20       97       20      200  S
      5      1   5.5898952127003432D-01 7.5D-09 0.0D+00 4.8D-09 0.0D+00       22      106       22      220  S
      5      1   5.5898952126956414D-01 7.5D-09 0.0D+00 6.3D-09 0.0D+00       21      105       21      210  S
      5      1   5.5898952126930412D-01 7.5D-09 0.0D+00 5.8D-09 0.0D+00       20       97       20      200  S
      5      1   5.5898952126956947D-01 7.5D-09 0.0D+00 7.1D-09 0.0D+00       21      102       21      210  S
      5      1   5.5898952126961443D-01 7.5D-09 0.0D+00 7.6D-09 0.0D+00       21      101       21      210  S
      5      1   5.5898952126973711D-01 7.5D-09 0.0D+00 3.3D-09 0.0D+00       21      101       21      210  S
      5      1   5.5898952126963819D-01 7.5D-09 0.0D+00 4.6D-09 0.0D+00       21      101       21      210  S
      5      1   5.5898952126960788D-01 7.5D-09 0.0D+00 4.6D-09 0.0D+00       21      101       21      210  S
      5      1   8.0749678365524047D-01 2.5D-03 0.0D+00 1.0D+00 0.0D+00       21      117       22      220  S
      5      1   5.5898952126964940D-01 7.5D-09 0.0D+00 8.7D-09 0.0D+00       21      102       21      210  S
      5      1   7.0704307313186943D-01 8.1D-09 0.0D+00 1.0D-09 0.0D+00       21      142       21      210  S
      5      1   5.5898952126950441D-01 7.5D-09 0.0D+00 4.7D-09 0.0D+00       21      104       21      210  S
      5      1   5.5898952126965229D-01 7.5D-09 0.0D+00 6.7D-09 0.0D+00       21      101       21      210  S
      5      1   5.5898952126967316D-01 7.5D-09 0.0D+00 8.9D-12 0.0D+00       21      101       21      210  S
      5      1   5.5898952127008172D-01 7.5D-09 0.0D+00 7.1D-09 0.0D+00       22      107       22      220  S
      5      1   5.5898952126974533D-01 7.5D-09 0.0D+00 8.7D-09 0.0D+00       21      107       21      210  S
      5      1   5.5898952126932311D-01 7.5D-09 0.0D+00 7.8D-09 0.0D+00       20       97       20      200  S
      5      1   5.5898952126954160D-01 7.5D-09 0.0D+00 7.1D-09 0.0D+00       21      105       21      210  S
      5      1   5.5898952126959212D-01 7.5D-09 0.0D+00 7.5D-09 0.0D+00       21      101       21      210  S
      5      1   5.5898952126959112D-01 7.5D-09 0.0D+00 3.8D-09 0.0D+00       21      101       21      210  S
      5      1   5.5898952126957724D-01 7.5D-09 0.0D+00 9.3D-09 0.0D+00       21      101       21      210  S
      5      1   5.5898952126954149D-01 7.5D-09 0.0D+00 3.8D-09 0.0D+00       21      102       21      210  S
      5      1   5.5898952126977730D-01 7.5D-09 0.0D+00 6.5D-11 0.0D+00       21      103       21      210  S
      5      1   5.5898952126985102D-01 7.5D-09 0.0D+00 6.5D-09 0.0D+00       21      102       21      210  S
      5      1   5.5898952126916412D-01 7.5D-09 0.0D+00 5.9D-09 0.0D+00       20       99       20      200  S
      5      1   5.5898952126976109D-01 7.5D-09 0.0D+00 7.4D-09 0.0D+00       21      102       21      210  S
      5      1   7.0704307237743125D-01 8.1D-09 0.0D+00 7.4D-10 0.0D+00       23      132       23      230  S
      5      1   5.5898952126976065D-01 7.5D-09 0.0D+00 1.5D-09 0.0D+00       21      102       21      210  S
      5      1   5.5898952126926738D-01 7.5D-09 0.0D+00 6.4D-09 0.0D+00       20       96       20      200  S
      5      1   5.5898952126969303D-01 7.5D-09 0.0D+00 8.4D-09 0.0D+00       21      101       21      210  S
      5      1   5.5898952126967671D-01 7.5D-09 0.0D+00 6.5D-09 0.0D+00       21      102       21      210  S
      5      1   5.5898952126970347D-01 7.5D-09 0.0D+00 3.8D-09 0.0D+00       21      102       21      210  S
      5      1   5.5898952126962842D-01 7.5D-09 0.0D+00 7.3D-09 0.0D+00       21      101       21      210  S
      5      1   5.5898952126974577D-01 7.5D-09 0.0D+00 9.7D-09 0.0D+00       21      101       21      210  S
      5      1   5.5898952126915469D-01 7.5D-09 0.0D+00 5.1D-09 0.0D+00       20       96       20      200  S
      5      1   5.5898952126944668D-01 7.5D-09 0.0D+00 8.3D-09 0.0D+00       20       99       20      200  S
      5      1   5.5898952126930057D-01 7.5D-09 0.0D+00 4.2D-09 0.0D+00       20       96       20      200  S
      5      1   5.5898952126963897D-01 7.5D-09 0.0D+00 3.3D-10 0.0D+00       21      101       21      210  S
      5      1   5.5898952126926260D-01 7.5D-09 0.0D+00 1.0D-08 0.0D+00       20       97       20      200  S
      5      1   5.5898952126956913D-01 7.5D-09 0.0D+00 7.3D-09 0.0D+00       21      101       21      210  S
      5      1   5.5898952126999124D-01 7.5D-09 0.0D+00 5.4D-09 0.0D+00       22      106       22      220  S
      5      1   5.5898952126927071D-01 7.5D-09 0.0D+00 6.8D-09 0.0D+00       20       96       20      200  S
      5      1   5.5898952126931234D-01 7.5D-09 0.0D+00 5.9D-09 0.0D+00       20       98       20      200  S
      5      1   5.5898952126938684D-01 7.5D-09 0.0D+00 3.7D-09 0.0D+00       20       99       20      200  S
      5      1   5.5898952126972112D-01 7.5D-09 0.0D+00 3.8D-09 0.0D+00       21      102       21      210  S
      5      1   5.5898952126949797D-01 7.5D-09 0.0D+00 2.3D-09 0.0D+00       21      102       21      210  S
      5      1   5.5898952126967094D-01 7.5D-09 0.0D+00 5.2D-09 0.0D+00       21      103       21      210  S
      5      1   5.5898952126948187D-01 7.5D-09 0.0D+00 5.4D-09 0.0D+00       21      103       21      210  S
      5      1   5.5898952126965407D-01 7.5D-09 0.0D+00 5.1D-09 0.0D+00       21      101       21      210  S
      5      1   5.5898952126973123D-01 7.5D-09 0.0D+00 9.7D-09 0.0D+00       21      103       21      210  S
      5      1   5.5898952126933965D-01 7.5D-09 0.0D+00 5.1D-09 0.0D+00       20       98       20      200  S
      5      1   7.0704307237660224D-01 8.1D-09 0.0D+00 7.2D-09 0.0D+00       22      161       22      220  S
      5      1   5.5898952126956436D-01 7.5D-09 0.0D+00 7.0D-09 0.0D+00       21      103       21      210  S
      5      1   5.5898952126961976D-01 7.5D-09 0.0D+00 7.3D-09 0.0D+00       21      102       21      210  S
      5      1   5.5898952126962598D-01 7.5D-09 0.0D+00 6.1D-09 0.0D+00       21      105       21      210  S
      5      1   5.5898952126964252D-01 7.5D-09 0.0D+00 7.2D-11 0.0D+00       21      102       21      210  S
      5      1   5.5898952126948998D-01 7.5D-09 0.0D+00 9.7D-09 0.0D+00       21      102       21      210  S
      5      1   5.5898952126971535D-01 7.5D-09 0.0D+00 9.6D-09 0.0D+00       21      103       21      210  S
      5      1   5.5898952126968138D-01 7.5D-09 0.0D+00 4.5D-09 0.0D+00       21      102       21      210  S
      5      1   5.5898952126961576D-01 7.5D-09 0.0D+00 9.7D-09 0.0D+00       21      101       21      210  S
      5      1   5.5898952126992030D-01 7.5D-09 0.0D+00 2.3D-09 0.0D+00       21      101       21      210  S
      5      1   5.5898952127063517D-01 7.5D-09 0.0D+00 9.5D-09 0.0D+00       22      105       22      220  S
      5      1   5.5898952126972545D-01 7.5D-09 0.0D+00 2.5D-09 0.0D+00       21      102       21      210  S
      5      1   5.5898952126996526D-01 7.5D-09 0.0D+00 7.2D-09 0.0D+00       22      105       22      220  S
      5      1   5.5898952126966273D-01 7.5D-09 0.0D+00 5.4D-09 0.0D+00       21      103       21      210  S
      5      1   5.5898952126952484D-01 7.5D-09 0.0D+00 7.8D-10 0.0D+00       21      101       21      210  S
      5      1   5.5898952126925006D-01 7.5D-09 0.0D+00 6.8D-10 0.0D+00       20       98       20      200  S
      5      1   5.5898952126963619D-01 7.5D-09 0.0D+00 5.8D-09 0.0D+00       21      102       21      210  S
      5      1   5.5898952126946189D-01 7.5D-09 0.0D+00 9.2D-09 0.0D+00       21      101       21      210  S
      5      1   5.5898952126969326D-01 7.5D-09 0.0D+00 7.3D-09 0.0D+00       21      103       21      210  S
      5      1   5.5898952126964963D-01 7.5D-09 0.0D+00 9.2D-09 0.0D+00       21      101       21      210  S
      5      1   5.5898952126980994D-01 7.5D-09 0.0D+00 5.1D-10 0.0D+00       21      103       21      210  S
      5      1   5.5898952126961876D-01 7.5D-09 0.0D+00 6.1D-09 0.0D+00       21      101       21      210  S
      5      1   5.5898952126919654D-01 7.5D-09 0.0D+00 2.7D-09 0.0D+00       20      100       20      200  S
      5      1   5.5898952126942147D-01 7.5D-09 0.0D+00 6.6D-09 0.0D+00       21      101       21      210  S
      5      1   5.5898952126901613D-01 7.5D-09 0.0D+00 4.0D-09 0.0D+00       20       97       20      200  S
      5      1   5.5898952126928036D-01 7.5D-09 0.0D+00 5.6D-09 0.0D+00       20       99       20      200  S
      5      1   5.5898952126954105D-01 7.5D-09 0.0D+00 3.0D-09 0.0D+00       21      101       21      210  S
      5      1   5.5898952126901436D-01 7.5D-09 0.0D+00 4.4D-09 0.0D+00       20      100       20      200  S
      5      1   5.5898952126961665D-01 7.5D-09 0.0D+00 4.5D-09 0.0D+00       21      104       21      210  S
      5      1   5.5898952127021206D-01 7.5D-09 0.0D+00 2.4D-09 0.0D+00       22      103       22      220  S
      5      1   5.5898952126994583D-01 7.5D-09 0.0D+00 9.5D-09 0.0D+00       21      102       21      210  S
      5      1   5.5898952126927692D-01 7.5D-09 0.0D+00 9.6D-10 0.0D+00       20       98       20      200  S
      5      1   5.5898952126961987D-01 7.5D-09 0.0D+00 1.2D-09 0.0D+00       21      104       21      210  S
      5      1   5.5898952126965995D-01 7.5D-09 0.0D+00 6.0D-09 0.0D+00       21      104       21      210  S
      5      1   5.5898952126988444D-01 7.5D-09 0.0D+00 3.1D-09 0.0D+00       21      101       21      210  S
      5      1   5.5898952126928114D-01 7.5D-09 0.0D+00 6.7D-09 0.0D+00       20      100       20      200  S
      5      1   5.5898952126965396D-01 7.5D-09 0.0D+00 6.4D-09 0.0D+00       21      102       21      210  S
      5      1   5.5898952126961143D-01 7.5D-09 0.0D+00 6.8D-10 0.0D+00       21      102       21      210  S
      5      1   5.5898952126957768D-01 7.5D-09 0.0D+00 2.2D-09 0.0D+00       21      101       21      210  S
      5      1   5.5898952126964596D-01 7.5D-09 0.0D+00 1.9D-08 0.0D+00       22      112       22      220  S
      5      1   5.5898952126973411D-01 7.5D-09 0.0D+00 1.2D-09 0.0D+00       21      101       21      210  S
      5      1   5.5898952126920121D-01 7.5D-09 0.0D+00 2.8D-09 0.0D+00       20       97       20      200  S
      5      1   5.5898952126940593D-01 7.5D-09 0.0D+00 3.4D-09 0.0D+00       20       96       20      200  S
      5      1   5.5898952126931545D-01 7.5D-09 0.0D+00 1.7D-09 0.0D+00       20       96       20      200  S
      5      1   5.5898952126979173D-01 7.5D-09 0.0D+00 9.6D-09 0.0D+00       21      101       21      210  S
      5      1   5.5898952126972756D-01 7.5D-09 0.0D+00 2.0D-09 0.0D+00       21      101       21      210  S
      5      1   5.5898952126961710D-01 7.5D-09 0.0D+00 6.3D-09 0.0D+00       21      101       21      210  S
      5      1   5.5898952126963486D-01 7.5D-09 0.0D+00 6.0D-09 0.0D+00       21      101       21      210  S
      5      1   5.5898952126964030D-01 7.5D-09 0.0D+00 6.0D-09 0.0D+00       21      101       21      210  S
      5      1   5.5898952126940638D-01 7.5D-09 0.0D+00 7.3D-09 0.0D+00       21      104       21      210  S
      5      1   5.5898952126962431D-01 7.5D-09 0.0D+00 7.8D-09 0.0D+00       21      101       21      210  S
      5      1   5.5898952126908830D-01 7.5D-09 0.0D+00 8.8D-09 0.0D+00       20       98       20      200  S
      5      1   5.5898952126964663D-01 7.5D-09 0.0D+00 9.8D-10 0.0D+00       21      102       21      210  S
      5      1   5.5898952126970358D-01 7.5D-09 0.0D+00 2.9D-09 0.0D+00       21      102       21      210  S
      5      1   5.5898952126928980D-01 7.5D-09 0.0D+00 4.7D-09 0.0D+00       20       97       20      200  S
      5      1   5.5898952126977297D-01 7.5D-09 0.0D+00 1.0D-09 0.0D+00       21      101       21      210  S
      5      1   5.5898952126998935D-01 7.5D-09 0.0D+00 7.0D-09 0.0D+00       21      103       21      210  S
      5      1   5.5898952126925283D-01 7.5D-09 0.0D+00 8.0D-09 0.0D+00       20       97       20      200  S
      5      1   5.5898952126950996D-01 7.5D-09 0.0D+00 3.1D-10 0.0D+00       21      101       21      210  S
      5      1   5.5898952126961809D-01 7.5D-09 0.0D+00 7.0D-09 0.0D+00       21      101       21      210  S
      5      1   5.5898952126928703D-01 7.5D-09 0.0D+00 5.4D-09 0.0D+00       20       98       20      200  S
      5      1   5.5898952126968149D-01 7.5D-09 0.0D+00 4.6D-09 0.0D+00       21      102       21      210  S
      5      1   5.5898952126957913D-01 7.5D-09 0.0D+00 5.5D-09 0.0D+00       21      103       21      210  S
      5      1   5.5898952126967127D-01 7.5D-09 0.0D+00 1.1D-09 0.0D+00       21      102       21      210  S
      5      1   5.5898952126970514D-01 7.5D-09 0.0D+00 4.9D-09 0.0D+00       21      103       21      210  S
      5      1   5.5898952126958112D-01 7.5D-09 0.0D+00 8.5D-09 0.0D+00       21      104       21      210  S
      5      1   5.5898952126954327D-01 7.5D-09 0.0D+00 1.4D-08 0.0D+00       22      116       22      220  S
      5      1   5.5898952126975054D-01 7.5D-09 0.0D+00 1.1D-08 0.0D+00       22      109       22      220  S
      5      1   5.5898952126972112D-01 7.5D-09 0.0D+00 9.2D-09 0.0D+00       21      102       21      210  S
      5      1   5.5898952126905377D-01 7.5D-09 0.0D+00 7.0D-09 0.0D+00       20       97       20      200  S
      5      1   5.5898952126922952D-01 7.5D-09 0.0D+00 4.7D-09 0.0D+00       20       97       20      200  S
      5      1   5.5898952126963553D-01 7.5D-09 0.0D+00 6.4D-09 0.0D+00       21      101       21      210  S
      5      1   5.5898952127024748D-01 7.5D-09 0.0D+00 7.6D-09 0.0D+00       22      105       22      220  S
      5      1   5.5898952126953028D-01 7.5D-09 0.0D+00 1.2D-09 0.0D+00       21      101       21      210  S
      5      1   5.5898952126951640D-01 7.5D-09 0.0D+00 8.6D-09 0.0D+00       21      102       21      210  S
      5      1   5.5898952126942336D-01 7.5D-09 0.0D+00 8.9D-09 0.0D+00       21      103       21      210  S
      5      1   5.5898952126948653D-01 7.5D-09 0.0D+00 6.8D-09 0.0D+00       21      102       21      210  S
      5      1   5.5898952126927681D-01 7.5D-09 0.0D+00 6.8D-09 0.0D+00       20       98       20      200  S
      5      1   5.5898952126941981D-01 7.5D-09 0.0D+00 4.8D-09 0.0D+00       20       99       20      200  S
      5      1   5.5898952126960422D-01 7.5D-09 0.0D+00 4.8D-09 0.0D+00       21      101       21      210  S
      5      1   5.5898952126950363D-01 7.5D-09 0.0D+00 4.6D-09 0.0D+00       21      102       21      210  S
      5      1   5.5898952126935009D-01 7.5D-09 0.0D+00 9.6D-09 0.0D+00       20       96       20      200  S
      5      1   5.5898952126959323D-01 7.5D-09 0.0D+00 6.4D-09 0.0D+00       21      101       21      210  S
      5      1   5.5898952126955537D-01 7.5D-09 0.0D+00 9.6D-09 0.0D+00       21      102       21      210  S
      5      1   5.5898952126952006D-01 7.5D-09 0.0D+00 9.4D-09 0.0D+00       21      101       21      210  S
      5      1   5.5898952126981893D-01 7.5D-09 0.0D+00 7.3D-09 0.0D+00       21      101       21      210  S
      5      1   5.5898952126991663D-01 7.5D-09 0.0D+00 7.7D-09 0.0D+00       22      106       22      220  S
      5      1   5.5898952126967105D-01 7.5D-09 0.0D+00 5.0D-09 0.0D+00       21      101       21      210  S
      5      1   5.5898952126957879D-01 7.5D-09 0.0D+00 3.8D-09 0.0D+00       21      101       21      210  S
      5      1   5.5898952126973700D-01 7.5D-09 0.0D+00 2.9D-09 0.0D+00       21      101       21      210  S
      5      1   5.5898952126971035D-01 7.5D-09 0.0D+00 2.7D-09 0.0D+00       21      105       21      210  S
      5      1   5.5898952126954649D-01 7.5D-09 0.0D+00 3.2D-09 0.0D+00       21      101       21      210  S
      5      1   5.5898952126937740D-01 7.5D-09 0.0D+00 3.4D-09 0.0D+00       20       96       20      200  S
      5      1   7.0704307237473407D-01 8.1D-09 0.0D+00 1.7D-08 0.0D+00       23      130       24      231  S
      5      1   5.5898952126974955D-01 7.5D-09 0.0D+00 7.8D-09 0.0D+00       21      101       21      210  S
      5      1   5.5898952126955903D-01 7.5D-09 0.0D+00 9.7D-09 0.0D+00       21      101       21      210  S
      5      1   5.5898952126997770D-01 7.5D-09 0.0D+00 1.0D-08 0.0D+00       22      104       22      220  S
      5      1   5.5898952126938262D-01 7.5D-09 0.0D+00 9.0D-09 0.0D+00       21      102       21      210  S
      5      1   5.5898952126991330D-01 7.5D-09 0.0D+00 4.4D-09 0.0D+00       21      102       21      210  S
      5      1   5.5898952126963675D-01 7.5D-09 0.0D+00 2.1D-08 0.0D+00       22      116       22      220  S
      5      1   5.5898952126964874D-01 7.5D-09 0.0D+00 7.2D-09 0.0D+00       21      101       21      210  S
      5      1   5.5898952126960211D-01 7.5D-09 0.0D+00 6.9D-09 0.0D+00       21      101       21      210  S
      5      1   5.5898952126960277D-01 7.5D-09 0.0D+00 4.3D-09 0.0D+00       21      101       21      210  S
      5      1   7.0704307237912289D-01 8.1D-09 0.0D+00 1.0D-08 0.0D+00       23      168       23      230  S
      5      1   5.5898952126965684D-01 7.5D-09 0.0D+00 4.1D-09 0.0D+00       21      101       21      210  S
      5      1   5.5898952126970525D-01 7.5D-09 0.0D+00 8.4D-09 0.0D+00       21      101       21      210  S
      5      1   5.5898952126961610D-01 7.5D-09 0.0D+00 9.1D-09 0.0D+00       21      101       21      210  S
      5      1   5.5898952126962553D-01 7.5D-09 0.0D+00 6.6D-09 0.0D+00       21      101       21      210  S
      5      1   5.5898952126960355D-01 7.5D-09 0.0D+00 5.6D-09 0.0D+00       21      104       21      210  S
      5      1   5.5898952126995505D-01 7.5D-09 0.0D+00 5.0D-09 0.0D+00       21      101       21      210  S
      5      1   5.5898952127002055D-01 7.5D-09 0.0D+00 3.5D-09 0.0D+00       22      105       22      220  S
      5      1   5.5898952126983137D-01 7.5D-09 0.0D+00 4.2D-09 0.0D+00       21      102       21      210  S
      5      1   5.5898952126982449D-01 7.5D-09 0.0D+00 3.4D-09 0.0D+00       21      102       21      210  S
      5      1   5.5898952126960766D-01 7.5D-09 0.0D+00 6.6D-09 0.0D+00       21      104       21      210  S
      5      1   5.5898952126915014D-01 7.5D-09 0.0D+00 5.0D-09 0.0D+00       20       98       20      200  S
      5      1   5.5898952126912371D-01 7.5D-09 0.0D+00 5.6D-09 0.0D+00       20      107       20      200  S
      5      1   5.5898952126969348D-01 7.5D-09 0.0D+00 7.4D-09 0.0D+00       21      101       21      210  S
      5      1   5.5898952126962276D-01 7.5D-09 0.0D+00 8.4D-09 0.0D+00       21      101       21      210  S
      5      1   5.5898952126984369D-01 7.5D-09 0.0D+00 6.8D-11 0.0D+00       21      101       21      210  S
      5      1   5.5898952126959567D-01 7.5D-09 0.0D+00 6.7D-09 0.0D+00       21      101       21      210  S
      5      1   5.5898952126967738D-01 7.5D-09 0.0D+00 7.0D-10 0.0D+00       21      102       21      210  S
      5      1   5.5898952126964507D-01 7.5D-09 0.0D+00 5.6D-09 0.0D+00       21      103       21      210  S
      5      1   5.5898952126977908D-01 7.5D-09 0.0D+00 8.4D-09 0.0D+00       21      104       21      210  S
      5      1   5.5898952126966317D-01 7.5D-09 0.0D+00 1.7D-09 0.0D+00       21      101       21      210  S
      5      1   5.5898952126914569D-01 7.5D-09 0.0D+00 1.9D-09 0.0D+00       20       99       20      200  S
      5      1   5.5898952126983836D-01 7.5D-09 0.0D+00 7.7D-09 0.0D+00       21      103       21      210  S
      5      1   5.5898952126969703D-01 7.5D-09 0.0D+00 4.3D-09 0.0D+00       21      102       21      210  S
      5      1   5.5898952126964530D-01 7.5D-09 0.0D+00 6.5D-09 0.0D+00       21      101       21      210  S
      5      1   5.5898952126951484D-01 7.5D-09 0.0D+00 3.6D-09 0.0D+00       21      102       21      210  S
      5      1   5.5898952126967016D-01 7.5D-09 0.0D+00 6.1D-09 0.0D+00       21      101       21      210  S
      5      1   5.5898952126949952D-01 7.5D-09 0.0D+00 1.7D-09 0.0D+00       21      101       21      210  S
      5      1   5.5898952126951440D-01 7.5D-09 0.0D+00 8.6D-09 0.0D+00       21      104       21      210  S
      5      1   5.5898952126964307D-01 7.5D-09 0.0D+00 5.3D-09 0.0D+00       21      101       21      210  S
      5      1   5.5898952126961265D-01 7.5D-09 0.0D+00 6.5D-09 0.0D+00       21      101       21      210  S
      5      1   5.5898952126996104D-01 7.5D-09 0.0D+00 6.4D-09 0.0D+00       22      106       22      220  S
      5      1   5.5898952126975310D-01 7.5D-09 0.0D+00 9.3D-09 0.0D+00       21      103       21      210  S
      5      1   7.0704307237534070D-01 8.1D-09 0.0D+00 4.2D-09 0.0D+00       22      138       22      220  S
      5      1   5.5898952126952905D-01 7.5D-09 0.0D+00 9.4D-09 0.0D+00       21      102       21      210  S
      5      1   5.5898952126971824D-01 7.5D-09 0.0D+00 7.2D-09 0.0D+00       21      103       21      210  S
      5      1   5.5898952126966495D-01 7.5D-09 0.0D+00 5.5D-09 0.0D+00       21      102       21      210  S
      5      1   5.5898952126952639D-01 7.5D-09 0.0D+00 1.8D-09 0.0D+00       21      101       21      210  S
      5      1   5.5898952126960189D-01 7.5D-09 0.0D+00 4.7D-09 0.0D+00       21      102       21      210  S
      5      1   5.5898952126971002D-01 7.5D-09 0.0D+00 8.5D-09 0.0D+00       21      107       21      210  S
      5      1   5.5898952126929169D-01 7.5D-09 0.0D+00 4.6D-09 0.0D+00       20       97       20      200  S
      5      1   5.5898952126929891D-01 7.5D-09 0.0D+00 7.6D-10 0.0D+00       20       98       20      200  S
      5      1   5.5898952126978263D-01 7.5D-09 0.0D+00 6.3D-09 0.0D+00       21      101       21      210  S
      5      1   5.5898952126904256D-01 7.5D-09 0.0D+00 4.7D-09 0.0D+00       20      101       20      200  S
      5      1   5.5898952126914903D-01 7.5D-09 0.0D+00 1.1D-09 0.0D+00       20       97       20      200  S
      5      1   5.5898952126976831D-01 7.5D-09 0.0D+00 4.8D-09 0.0D+00       21      103       21      210  S
      5      1   5.5898952126943813D-01 7.5D-09 0.0D+00 1.7D-10 0.0D+00       21      105       21      210  S
      5      1   5.5898952126909796D-01 7.5D-09 0.0D+00 1.3D-09 0.0D+00       20       98       20      200  S
      5      1   7.0704307235415809D-01 8.1D-09 0.0D+00 4.7D-09 0.0D+00       22      160       22      220  S
      5      1   5.5898952126964840D-01 7.5D-09 0.0D+00 1.5D-09 0.0D+00       21      102       21      210  S
      5      1   5.5898952126932089D-01 7.5D-09 0.0D+00 7.2D-09 0.0D+00       20      100       20      200  S
      5      1   5.5898952126957469D-01 7.5D-09 0.0D+00 2.9D-09 0.0D+00       21      101       21      210  S
      5      1   5.5898952126955415D-01 7.5D-09 0.0D+00 9.7D-09 0.0D+00       21      102       21      210  S
      5      1   5.5898952126961254D-01 7.5D-09 0.0D+00 6.7D-09 0.0D+00       21      101       21      210  S
      5      1   5.5898952126977930D-01 7.5D-09 0.0D+00 3.9D-09 0.0D+00       21      102       21      210  S
      5      1   5.5898952126955259D-01 7.5D-09 0.0D+00 3.2D-09 0.0D+00       21      103       21      210  S
      5      1   5.5898952126932544D-01 7.5D-09 0.0D+00 7.8D-09 0.0D+00       20       97       20      200  S
      5      1   7.0704307237376784D-01 8.1D-09 0.0D+00 4.9D-09 0.0D+00       21      109       21      210  S
      5      1   5.5898952126977086D-01 7.5D-09 0.0D+00 2.5D-09 0.0D+00       21      101       21      210  S
      5      1   5.5898952126957935D-01 7.5D-09 0.0D+00 4.9D-09 0.0D+00       21      102       21      210  S
      5      1   5.5898952126990109D-01 7.5D-09 0.0D+00 4.2D-09 0.0D+00       22      104       22      220  S
      5      1   5.5898952126906531D-01 7.5D-09 0.0D+00 1.3D-09 0.0D+00       20       98       20      200  S
      5      1   5.5898952127017498D-01 7.5D-09 0.0D+00 2.0D-10 0.0D+00       22      105       22      220  S
      5      1   5.5898952126964785D-01 7.5D-09 0.0D+00 4.1D-09 0.0D+00       21      104       21      210  S
      5      1   5.5898952127049406D-01 7.5D-09 0.0D+00 2.2D-09 0.0D+00       22      104       22      220  S
      5      1   5.5898952126968271D-01 7.5D-09 0.0D+00 4.3D-09 0.0D+00       21      101       21      210  S
      5      1   5.5898952126963009D-01 7.5D-09 0.0D+00 5.7D-09 0.0D+00       21      104       21      210  S
      5      1   5.5898952126933166D-01 7.5D-09 0.0D+00 5.1D-09 0.0D+00       21      101       21      210  S
      5      1   5.5898952126954182D-01 7.5D-09 0.0D+00 1.0D-08 0.0D+00       21      103       21      210  S
      5      1   5.5898952126947588D-01 7.5D-09 0.0D+00 2.9D-10 0.0D+00       21      101       21      210  S
      5      1   5.5898952126967738D-01 7.5D-09 0.0D+00 5.8D-09 0.0D+00       21      102       21      210  S
      5      1   5.5898952126962154D-01 7.5D-09 0.0D+00 6.3D-09 0.0D+00       21      102       21      210  S
      5      1   5.5898952126948909D-01 7.5D-09 0.0D+00 6.2D-09 0.0D+00       20       97       20      200  S
      5      1   5.5898952126956225D-01 7.5D-09 0.0D+00 6.3D-09 0.0D+00       21      104       21      210  S
      5      1   5.5898952126930523D-01 7.5D-09 0.0D+00 9.8D-10 0.0D+00       20       97       20      200  S
      5      1   5.5898952126920942D-01 7.5D-09 0.0D+00 4.9D-09 0.0D+00       20       97       20      200  S
      5      1   5.5898952126953316D-01 7.5D-09 0.0D+00 2.7D-09 0.0D+00       21      101       21      210  S
      5      1   5.5898952126958057D-01 7.5D-09 0.0D+00 1.7D-08 0.0D+00       22      112       22      220  S
      5      1   5.5898952126982893D-01 7.5D-09 0.0D+00 7.4D-09 0.0D+00       21      102       21      210  S
      5      1   5.5898952126955248D-01 7.5D-09 0.0D+00 9.0D-09 0.0D+00       21      101       21      210  S
      5      1   5.5898952127005885D-01 7.5D-09 0.0D+00 7.0D-09 0.0D+00       22      104       22      220  S
      5      1   5.5898952126967161D-01 7.5D-09 0.0D+00 6.9D-09 0.0D+00       21      102       21      210  S
      5      1   5.5898952126963908D-01 7.5D-09 0.0D+00 5.4D-09 0.0D+00       21      103       21      210  S
      5      1   5.5898952126953383D-01 7.5D-09 0.0D+00 3.1D-09 0.0D+00       21      101       21      210  S
      5      1   5.5898952126962020D-01 7.5D-09 0.0D+00 7.5D-09 0.0D+00       21      102       21      210  S
      5      1   5.5898952127039225D-01 7.5D-09 0.0D+00 5.5D-09 0.0D+00       22      105       22      220  S
      5      1   5.5898952126964019D-01 7.5D-09 0.0D+00 3.2D-09 0.0D+00       21      101       21      210  S
      5      1   5.5898952126953794D-01 7.5D-09 0.0D+00 6.9D-09 0.0D+00       21      104       21      210  S
      5      1   5.5898952126963808D-01 7.5D-09 0.0D+00 4.8D-09 0.0D+00       21      103       21      210  S
      5      1   5.5898952126974211D-01 7.5D-09 0.0D+00 8.9D-09 0.0D+00       21      101       21      210  S
      5      1   5.5898952126960288D-01 7.5D-09 0.0D+00 5.3D-10 0.0D+00       21      101       21      210  S
      5      1   5.5898952126950785D-01 7.5D-09 0.0D+00 6.3D-10 0.0D+00       20      100       20      200  S
      5      1   5.5898952126913859D-01 7.5D-09 0.0D+00 9.8D-09 0.0D+00       20       98       20      200  S
      5      1   5.5898952126964285D-01 7.5D-09 0.0D+00 6.1D-09 0.0D+00       21      101       21      210  S
      5      1   5.5898952126957591D-01 7.5D-09 0.0D+00 7.6D-09 0.0D+00       21      101       21      210  S
      5      1   5.5898952126929036D-01 7.5D-09 0.0D+00 9.8D-10 0.0D+00       20      100       20      200  S
      5      1   5.5898952126949386D-01 7.5D-09 0.0D+00 1.5D-10 0.0D+00       21      101       21      210  S
      5      1   5.5898952126946611D-01 7.5D-09 0.0D+00 4.3D-09 0.0D+00       21      102       21      210  S
      5      1   5.5898952126941848D-01 7.5D-09 0.0D+00 9.1D-09 0.0D+00       20       99       20      200  S
      5      1   5.5898952126991497D-01 7.5D-09 0.0D+00 4.5D-09 0.0D+00       21      102       21      210  S
      5      1   5.5898952126938262D-01 7.5D-09 0.0D+00 7.7D-09 0.0D+00       21      106       21      210  S
      5      1   5.5898952126927781D-01 7.5D-09 0.0D+00 5.9D-09 0.0D+00       20       96       20      200  S
      5      1   5.5898952126959645D-01 7.5D-09 0.0D+00 5.8D-09 0.0D+00       21      101       21      210  S
      5      1   5.5898952126973234D-01 7.5D-09 0.0D+00 5.0D-09 0.0D+00       21      101       21      210  S
      5      1   5.5898952126923951D-01 7.5D-09 0.0D+00 8.8D-10 0.0D+00       20      102       20      200  S
      5      1   5.5898952126926360D-01 7.5D-09 0.0D+00 2.6D-10 0.0D+00       20       97       20      200  S
      5      1   5.5898952126937673D-01 7.5D-09 0.0D+00 8.6D-09 0.0D+00       20       96       20      200  S
      5      1   5.5898952126965851D-01 7.5D-09 0.0D+00 3.5D-09 0.0D+00       21      102       21      210  S
      5      1   5.5898952126917489D-01 7.5D-09 0.0D+00 9.5D-09 0.0D+00       20       97       20      200  S
      5      1   5.5898952126941359D-01 7.5D-09 0.0D+00 7.6D-09 0.0D+00       21      103       21      210  S
      5      1   5.5898952126958534D-01 7.5D-09 0.0D+00 2.7D-09 0.0D+00       21      101       21      210  S
      5      1   5.5898952126925028D-01 7.5D-09 0.0D+00 4.3D-09 0.0D+00       20       97       20      200  S
      5      1   5.5898952126958135D-01 7.5D-09 0.0D+00 1.4D-09 0.0D+00       21      101       21      210  S
      5      1   5.5898952126999402D-01 7.5D-09 0.0D+00 2.7D-08 0.0D+00       22      110       22      220  S
      5      1   5.5898952126984369D-01 7.5D-09 0.0D+00 2.6D-09 0.0D+00       21      101       21      210  S
      5      1   5.5898952126968082D-01 7.5D-09 0.0D+00 1.2D-09 0.0D+00       21      102       21      210  S
      5      1   5.5898952126989720D-01 7.5D-09 0.0D+00 1.3D-08 0.0D+00       22      111       22      220  S
      5      1   5.5898952126945400D-01 7.5D-09 0.0D+00 2.2D-09 0.0D+00       21      105       21      210  S
      5      1   5.5898952126951407D-01 7.5D-09 0.0D+00 3.6D-09 0.0D+00       21      101       21      210  S
      5      1   5.5898952126966983D-01 7.5D-09 0.0D+00 1.2D-09 0.0D+00       21      102       21      210  S
      5      1   5.5898952126973933D-01 7.5D-09 0.0D+00 4.1D-09 0.0D+00       21      101       21      210  S
      5      1   5.5898952126961476D-01 7.5D-09 0.0D+00 6.5D-10 0.0D+00       21      102       21      210  S
      5      1   5.5898952126965207D-01 7.5D-09 0.0D+00 6.3D-09 0.0D+00       21      101       21      210  S
      5      1   7.0704307237098474D-01 8.1D-09 0.0D+00 7.0D-08 0.0D+00       23      157       23      230  S
      5      1   5.5898952127000145D-01 7.5D-09 0.0D+00 2.9D-08 0.0D+00       23      124       23      230  S
      5      1   5.5898952126985380D-01 7.5D-09 0.0D+00 1.2D-09 0.0D+00       21      102       21      210  S
      5      1   5.5898952126981971D-01 7.5D-09 0.0D+00 4.5D-09 0.0D+00       21      104       21      210  S
      5      1   5.5898952126971024D-01 7.5D-09 0.0D+00 2.8D-09 0.0D+00       21      101       21      210  S
      5      1   5.5898952126962242D-01 7.5D-09 0.0D+00 8.8D-10 0.0D+00       21      101       21      210  S
      5      1   5.5898952126982948D-01 7.5D-09 0.0D+00 7.9D-09 0.0D+00       21      101       21      210  S
      5      1   5.5898952126968193D-01 7.5D-09 0.0D+00 6.7D-09 0.0D+00       21      101       21      210  S
      5      1   5.5898952126975820D-01 7.5D-09 0.0D+00 8.0D-10 0.0D+00       21      102       21      210  S
      5      1   5.5898952126961365D-01 7.5D-09 0.0D+00 1.3D-09 0.0D+00       21      101       21      210  S
      5      1   5.5898952126920531D-01 7.5D-09 0.0D+00 8.6D-09 0.0D+00       20       99       20      200  S
      5      1   5.5898952126952295D-01 7.5D-09 0.0D+00 2.0D-09 0.0D+00       21      102       21      210  S
      5      1   5.5898952126954826D-01 7.5D-09 0.0D+00 7.4D-09 0.0D+00       21      101       21      210  S
      5      1   5.5898952126960522D-01 7.5D-09 0.0D+00 6.7D-09 0.0D+00       21      101       21      210  S
      5      1   5.5898952126917323D-01 7.5D-09 0.0D+00 9.6D-09 0.0D+00       20       98       20      200  S
      5      1   5.5898952126962309D-01 7.5D-09 0.0D+00 3.5D-09 0.0D+00       21      102       21      210  S
      5      1   5.5898952126971457D-01 7.5D-09 0.0D+00 7.5D-09 0.0D+00       21      103       21      210  S
      5      1   5.5898952126997836D-01 7.5D-09 0.0D+00 8.0D-09 0.0D+00       22      105       22      220  S
      5      1   5.5898952126964285D-01 7.5D-09 0.0D+00 5.0D-11 0.0D+00       21      101       21      210  S
      5      1   5.5898952126943036D-01 7.5D-09 0.0D+00 2.2D-09 0.0D+00       20       96       20      200  S
      5      1   5.5898952126955326D-01 7.5D-09 0.0D+00 9.6D-09 0.0D+00       21      103       21      210  S
      5      1   5.5898952126954127D-01 7.5D-09 0.0D+00 5.0D-09 0.0D+00       21      102       21      210  S
      5      1   5.5898952126966872D-01 7.5D-09 0.0D+00 6.5D-09 0.0D+00       21      102       21      210  S
      5      1   5.5898952126924017D-01 7.5D-09 0.0D+00 2.7D-09 0.0D+00       20       98       20      200  S
      5      1   5.5898952126964441D-01 7.5D-09 0.0D+00 5.5D-09 0.0D+00       21      103       21      210  S
      5      1   5.5898952126956958D-01 7.5D-09 0.0D+00 8.1D-09 0.0D+00       21      102       21      210  S
      5      1   5.5898952126963974D-01 7.5D-09 0.0D+00 5.2D-09 0.0D+00       21      101       21      210  S
      5      1   5.5898952126955825D-01 7.5D-09 0.0D+00 1.7D-09 0.0D+00       21      101       21      210  S
      5      1   5.5898952126962287D-01 7.5D-09 0.0D+00 5.6D-09 0.0D+00       21      102       21      210  S
      5      1   5.5898952127017210D-01 7.5D-09 0.0D+00 7.7D-09 0.0D+00       22      104       22      220  S
      5      1   5.5898952126991575D-01 7.5D-09 0.0D+00 6.5D-09 0.0D+00       22      106       22      220  S
      5      1   5.5898952126969814D-01 7.5D-09 0.0D+00 4.8D-09 0.0D+00       21      101       21      210  S
      5      1   5.5898952126969592D-01 7.5D-09 0.0D+00 9.2D-09 0.0D+00       21      103       21      210  S
      5      1   5.5898952126960066D-01 7.5D-09 0.0D+00 5.7D-09 0.0D+00       21      101       21      210  S
      5      1   5.5898952126936541D-01 7.5D-09 0.0D+00 8.8D-09 0.0D+00       20       98       20      200  S
      5      1   5.5898952126937096D-01 7.5D-09 0.0D+00 7.5D-09 0.0D+00       20       99       20      200  S
      5      1   5.5898952126976342D-01 7.5D-09 0.0D+00 9.2D-09 0.0D+00       21      101       21      210  S
      5      1   5.5898952126917989D-01 7.5D-09 0.0D+00 2.5D-09 0.0D+00       20       97       20      200  S
      5      1   5.5898952126936119D-01 7.5D-09 0.0D+00 8.3D-09 0.0D+00       20       96       20      200  S
      5      1   5.5898952126974288D-01 7.5D-09 0.0D+00 2.8D-08 0.0D+00       22      110       22      220  S
      5      1   5.5898952126940615D-01 7.5D-09 0.0D+00 1.7D-09 0.0D+00       20       98       20      200  S
      5      1   5.5898952126963908D-01 7.5D-09 0.0D+00 5.9D-09 0.0D+00       21      101       21      210  S
      5      1   5.5898952126967494D-01 7.5D-09 0.0D+00 6.8D-09 0.0D+00       21      102       21      210  S
      5      1   5.5898952126951384D-01 7.5D-09 0.0D+00 9.2D-09 0.0D+00       21      102       21      210  S
      5      1   5.5898952126926593D-01 7.5D-09 0.0D+00 5.1D-09 0.0D+00       20      101       20      200  S
      5      1   5.5898952126989354D-01 7.5D-09 0.0D+00 2.5D-09 0.0D+00       21      102       21      210  S
      5      1   5.5898952126952128D-01 7.5D-09 0.0D+00 7.6D-09 0.0D+00       21      103       21      210  S
      5      1   5.5898952126936419D-01 7.5D-09 0.0D+00 6.9D-09 0.0D+00       21      105       21      210  S
      5      1   5.5898952126964718D-01 7.5D-09 0.0D+00 7.5D-09 0.0D+00       21      101       21      210  S
      5      1   5.5898952126967016D-01 7.5D-09 0.0D+00 4.7D-09 0.0D+00       21      101       21      210  S
      5      1   5.5898952126953427D-01 7.5D-09 0.0D+00 2.4D-09 0.0D+00       21      103       21      210  S
      5      1   5.5898952126951928D-01 7.5D-09 0.0D+00 2.3D-09 0.0D+00       21      104       21      210  S
      5      1   5.5898952126950430D-01 7.5D-09 0.0D+00 9.9D-09 0.0D+00       21      102       21      210  S
      5      1   5.5898952126952695D-01 7.5D-09 0.0D+00 8.5D-09 0.0D+00       21      104       21      210  S
      5      1   5.5898952126970380D-01 7.5D-09 0.0D+00 4.0D-09 0.0D+00       21      102       21      210  S
      5      1   5.5898952126931889D-01 7.5D-09 0.0D+00 1.2D-09 0.0D+00       21      110       21      210  S
      5      1   5.5898952126947177D-01 7.5D-09 0.0D+00 8.8D-11 0.0D+00       21      102       21      210  S
      5      1   5.5898952126976031D-01 7.5D-09 0.0D+00 1.3D-12 0.0D+00       21      102       21      210  S
      5      1   5.5898952126963131D-01 7.5D-09 0.0D+00 7.3D-11 0.0D+00       21      101       21      210  S
      5      1   5.5898952126921031D-01 7.5D-09 0.0D+00 7.4D-09 0.0D+00       20       98       20      200  S
      5      1   5.5898952126962176D-01 7.5D-09 0.0D+00 5.2D-09 0.0D+00       21      102       21      210  S
      5      1   5.5898952126961798D-01 7.5D-09 0.0D+00 7.1D-09 0.0D+00       21      103       21      210  S
      5      1   5.5898952126932355D-01 7.5D-09 0.0D+00 6.2D-09 0.0D+00       20       99       20      200  S
      5      1   5.5898952126961599D-01 7.5D-09 0.0D+00 5.4D-09 0.0D+00       21      102       21      210  S
      5      1   5.5898952126963064D-01 7.5D-09 0.0D+00 5.4D-09 0.0D+00       21      103       21      210  S
      5      1   5.5898952126964552D-01 7.5D-09 0.0D+00 1.7D-08 0.0D+00       22      109       22      220  S
      5      1   7.0704307237592579D-01 8.1D-09 0.0D+00 4.5D-09 0.0D+00       22      128       22      220  S
      5      1   5.5898952126963353D-01 7.5D-09 0.0D+00 5.4D-10 0.0D+00       21      101       21      210  S
      5      1   5.5898952126921164D-01 7.5D-09 0.0D+00 3.3D-09 0.0D+00       20       99       20      200  S
      5      1   5.5898952126979828D-01 7.5D-09 0.0D+00 4.9D-09 0.0D+00       21      101       21      210  S
      5      1   5.5898952126961643D-01 7.5D-09 0.0D+00 5.8D-09 0.0D+00       21      103       21      210  S
      5      1   5.5898952126958545D-01 7.5D-09 0.0D+00 6.8D-09 0.0D+00       21      101       21      210  S
      5      1   5.5898952126932466D-01 7.5D-09 0.0D+00 7.4D-09 0.0D+00       20       99       20      200  S
      5      1   5.5898952126956791D-01 7.5D-09 0.0D+00 8.9D-09 0.0D+00       21      102       21      210  S
      5      1   5.5898952126947310D-01 7.5D-09 0.0D+00 1.3D-10 0.0D+00       21      101       21      210  S
      5      1   5.5898952126930224D-01 7.5D-09 0.0D+00 5.3D-09 0.0D+00       20       98       20      200  S
      5      1   5.5898952126988344D-01 7.5D-09 0.0D+00 1.5D-09 0.0D+00       21      103       21      210  S
      5      1   5.5898952126973211D-01 7.5D-09 0.0D+00 2.6D-09 0.0D+00       21      104       21      210  S
      5      1   5.5898952126924972D-01 7.5D-09 0.0D+00 8.5D-09 0.0D+00       20       99       20      200  S
      5      1   5.5898952126954282D-01 7.5D-09 0.0D+00 8.1D-09 0.0D+00       21      101       21      210  S
      5      1   5.5898952126937851D-01 7.5D-09 0.0D+00 4.2D-09 0.0D+00       21      103       21      210  S
      5      1   5.5898952126952828D-01 7.5D-09 0.0D+00 1.4D-09 0.0D+00       21      101       21      210  S
      5      1   5.5898952126972756D-01 7.5D-09 0.0D+00 2.9D-09 0.0D+00       21      102       21      210  S
      5      1   5.5898952126967061D-01 7.5D-09 0.0D+00 2.1D-09 0.0D+00       21      101       21      210  S
      5      1   5.5898952126956869D-01 7.5D-09 0.0D+00 8.3D-09 0.0D+00       21      101       21      210  S
      5      1   5.5898952126931434D-01 7.5D-09 0.0D+00 5.9D-09 0.0D+00       20       97       20      200  S
      5      1   5.5898952126939982D-01 7.5D-09 0.0D+00 1.0D-08 0.0D+00       20       97       20      200  S
      5      1   5.5898952126920542D-01 7.5D-09 0.0D+00 9.5D-09 0.0D+00       20       97       20      200  S
      5      1   5.5898952127003132D-01 7.5D-09 0.0D+00 5.9D-09 0.0D+00       22      109       22      220  S
      5      1   5.5898952126954304D-01 7.5D-09 0.0D+00 3.1D-09 0.0D+00       21      101       21      210  S
      5      1   5.5898952126950952D-01 7.5D-09 0.0D+00 4.4D-09 0.0D+00       21      102       21      210  S
      5      1   5.5898952126955948D-01 7.5D-09 0.0D+00 7.6D-09 0.0D+00       21      102       21      210  S
      5      1   5.5898952126962653D-01 7.5D-09 0.0D+00 8.1D-09 0.0D+00       21      104       21      210  S
      5      1   5.5898952126966572D-01 7.5D-09 0.0D+00 8.9D-09 0.0D+00       21      101       21      210  S
      5      1   5.5898952126912660D-01 7.5D-09 0.0D+00 5.4D-09 0.0D+00       20       97       20      200  S
      5      1   5.5898952126983625D-01 7.5D-09 0.0D+00 4.1D-09 0.0D+00       21      102       21      210  S
      5      1   7.0704307237389907D-01 8.1D-09 0.0D+00 8.8D-10 0.0D+00       21      141       21      210  S
      5      1   5.5898952126937651D-01 7.5D-09 0.0D+00 9.9D-09 0.0D+00       20      102       20      200  S
      5      1   5.5898952126965784D-01 7.5D-09 0.0D+00 7.1D-09 0.0D+00       21      103       21      210  S
      5      1   5.5898952126973922D-01 7.5D-09 0.0D+00 9.9D-10 0.0D+00       21      102       21      210  S
      5      1   5.5898952126903112D-01 7.5D-09 0.0D+00 4.0D-09 0.0D+00       20       96       20      200  S
      5      1   5.5898952126939616D-01 7.5D-09 0.0D+00 7.5D-09 0.0D+00       20      101       20      200  S
      5      1   5.5898952126966839D-01 7.5D-09 0.0D+00 6.9D-09 0.0D+00       21      103       21      210  S
      5      1   5.5898952126952983D-01 7.5D-09 0.0D+00 8.4D-09 0.0D+00       21      102       21      210  S
      5      1   5.5898952126956869D-01 7.5D-09 0.0D+00 1.4D-09 0.0D+00       21      104       21      210  S
      5      1   5.5898952126966128D-01 7.5D-09 0.0D+00 2.8D-10 0.0D+00       21      103       21      210  S
      5      1   5.5898952126920298D-01 7.5D-09 0.0D+00 8.6D-09 0.0D+00       20       97       20      200  S
      5      1   5.5898952126929713D-01 7.5D-09 0.0D+00 5.8D-09 0.0D+00       20       98       20      200  S
      5      1   5.5898952126962165D-01 7.5D-09 0.0D+00 6.2D-09 0.0D+00       21      101       21      210  S
      5      1   5.5898952126949919D-01 7.5D-09 0.0D+00 9.4D-09 0.0D+00       21      104       21      210  S
      5      1   5.5898952127030099D-01 7.5D-09 0.0D+00 6.9D-09 0.0D+00       22      105       22      220  S
      5      1   5.5898952126957702D-01 7.5D-09 0.0D+00 4.6D-09 0.0D+00       21      101       21      210  S
      5      1   5.5898952126964974D-01 7.5D-09 0.0D+00 5.3D-09 0.0D+00       21      101       21      210  S
      5      1   5.5898952126966650D-01 7.5D-09 0.0D+00 6.1D-09 0.0D+00       21      102       21      210  S
      5      1   5.5898952126965307D-01 7.5D-09 0.0D+00 6.2D-09 0.0D+00       21      102       21      210  S
      5      1   5.5898952126978774D-01 7.5D-09 0.0D+00 5.5D-09 0.0D+00       21      102       21      210  S
      5      1   5.5898952126943535D-01 7.5D-09 0.0D+00 1.5D-10 0.0D+00       21      102       21      210  S
      5      1   5.5898952127019041D-01 7.5D-09 0.0D+00 7.9D-10 0.0D+00       22      104       22      220  S
      5      1   5.5898952126932022D-01 7.5D-09 0.0D+00 6.7D-09 0.0D+00       20       96       20      200  S
      5      1   7.0663227665343786D-01 6.0D-07 0.0D+00 1.0D-02 0.0D+00       24      115       25      250  S
      5      1   5.5898952126990564D-01 7.5D-09 0.0D+00 5.0D-09 0.0D+00       22      108       22      220  S
      5      1   5.5898952126974122D-01 7.5D-09 0.0D+00 9.7D-09 0.0D+00       21      101       21      210  S
      5      1   5.5898952126965640D-01 7.5D-09 0.0D+00 6.7D-09 0.0D+00       21      101       21      210  S
      5      1   5.5898952126938006D-01 7.5D-09 0.0D+00 6.7D-09 0.0D+00       20       97       20      200  S
      5      1   5.5898952126960755D-01 7.5D-09 0.0D+00 5.9D-09 0.0D+00       21      101       21      210  S
      5      1   5.5898952126966039D-01 7.5D-09 0.0D+00 7.5D-09 0.0D+00       21      102       21      210  S
      5      1   5.5898952126995638D-01 7.5D-09 0.0D+00 6.6D-10 0.0D+00       22      105       22      220  S
      5      1   5.5898952126964141D-01 7.5D-09 0.0D+00 5.3D-09 0.0D+00       21      103       21      210  S
      5      1   5.5898952126986545D-01 7.5D-09 0.0D+00 1.2D-09 0.0D+00       21      103       21      210  S
      5      1   5.5898952126966994D-01 7.5D-09 0.0D+00 7.8D-09 0.0D+00       21      101       21      210  S
      5      1   5.5898952126969448D-01 7.5D-09 0.0D+00 8.1D-09 0.0D+00       21      101       21      210  S
      5      1   5.5898952126947432D-01 7.5D-09 0.0D+00 1.3D-08 0.0D+00       22      110       22      220  S
      5      1   5.5898952126958923D-01 7.5D-09 0.0D+00 7.5D-10 0.0D+00       21      102       21      210  S
      5      1   5.5898952126965062D-01 7.5D-09 0.0D+00 6.2D-09 0.0D+00       21      102       21      210  S
      5      1   5.5898952126964019D-01 7.5D-09 0.0D+00 7.1D-09 0.0D+00       21      103       21      210  S
      5      1   5.5898952126964807D-01 7.5D-09 0.0D+00 5.1D-09 0.0D+00       21      102       21      210  S
      5      1   5.5898952126953216D-01 7.5D-09 0.0D+00 3.9D-09 0.0D+00       21      101       21      210  S
      5      1   5.5898952126972967D-01 7.5D-09 0.0D+00 1.6D-09 0.0D+00       21      102       21      210  S
      5      1   5.5898952126923573D-01 7.5D-09 0.0D+00 8.2D-09 0.0D+00       20       98       20      200  S
      5      1   5.5898952126926360D-01 7.5D-09 0.0D+00 5.2D-09 0.0D+00       20       96       20      200  S
      5      1   5.5898952126979640D-01 7.5D-09 0.0D+00 6.3D-10 0.0D+00       22      109       22      220  S
      5      1   5.5898952126946444D-01 7.5D-09 0.0D+00 7.1D-09 0.0D+00       20       98       20      200  S
      5      1   7.0704307237983688D-01 8.1D-09 0.0D+00 7.7D-11 0.0D+00       22      132       22      220  S
      5      1   5.5898952126970447D-01 7.5D-09 0.0D+00 8.7D-09 0.0D+00       21      102       21      210  S
      5      1   5.5898952126975554D-01 7.5D-09 0.0D+00 3.9D-09 0.0D+00       21      104       21      210  S
      5      1   5.5898952126923873D-01 7.5D-09 0.0D+00 1.9D-09 0.0D+00       20       97       20      200  S
      5      1   5.5898952126988666D-01 7.5D-09 0.0D+00 2.6D-10 0.0D+00       21      104       21      210  S
      5      1   5.5898952126963575D-01 7.5D-09 0.0D+00 6.7D-09 0.0D+00       21      103       21      210  S
      5      1   5.5898952126968315D-01 7.5D-09 0.0D+00 8.4D-09 0.0D+00       21      101       21      210  S
      5      1   5.5898952126966772D-01 7.5D-09 0.0D+00 7.6D-09 0.0D+00       21      102       21      210  S
      5      1   5.5898952126954560D-01 7.5D-09 0.0D+00 2.5D-09 0.0D+00       21      101       21      210  S
      5      1   5.5898952126919321D-01 7.5D-09 0.0D+00 8.7D-09 0.0D+00       20       97       20      200  S
      5      1   7.8107914086616104D-01 2.0D-09 0.0D+00 8.9D+03 0.0D+00       25      305       25      250  S
      5      1   5.5898952127003665D-01 7.5D-09 0.0D+00 3.3D-09 0.0D+00       21      102       21      210  S
      5      1   5.5898952126958290D-01 7.5D-09 0.0D+00 5.9D-09 0.0D+00       21      102       21      210  S
      5      1   5.5898952126972401D-01 7.5D-09 0.0D+00 1.3D-09 0.0D+00       21      102       21      210  S
      5      1   5.5898952126982093D-01 7.5D-09 0.0D+00 1.7D-08 0.0D+00       22      109       22      220  S
      5      1   5.5898952126961410D-01 7.5D-09 0.0D+00 4.9D-10 0.0D+00       21      102       21      210  S
      5      1   5.5898952126965551D-01 7.5D-09 0.0D+00 6.4D-09 0.0D+00       21      101       21      210  S
      5      1   5.5898952126975587D-01 7.5D-09 0.0D+00 1.2D-08 0.0D+00       22      109       22      220  S
      5      1   5.5898952126962553D-01 7.5D-09 0.0D+00 7.3D-09 0.0D+00       21      101       21      210  S
      5      1   5.5898952126935730D-01 7.5D-09 0.0D+00 6.3D-09 0.0D+00       20       96       20      200  S
      5      1   5.5898952126959656D-01 7.5D-09 0.0D+00 6.2D-09 0.0D+00       21      103       21      210  S
      5      1   5.5898952126964496D-01 7.5D-09 0.0D+00 4.8D-10 0.0D+00       21      102       21      210  S
      5      1   5.5898952126959911D-01 7.5D-09 0.0D+00 7.5D-09 0.0D+00       21      101       21      210  S
      5      1   5.5898952126954637D-01 7.5D-09 0.0D+00 7.1D-09 0.0D+00       21      102       21      210  S
      5      1   5.5898952126962276D-01 7.5D-09 0.0D+00 6.3D-09 0.0D+00       21      101       21      210  S
      5      1   5.5898952126953028D-01 7.5D-09 0.0D+00 7.9D-09 0.0D+00       21      103       21      210  S
      5      1   5.5898952126965151D-01 7.5D-09 0.0D+00 6.5D-09 0.0D+00       21      104       21      210  S
      5      1   5.5898952126959467D-01 7.5D-09 0.0D+00 7.6D-09 0.0D+00       21      103       21      210  S
      5      1   5.5898952126977097D-01 7.5D-09 0.0D+00 4.4D-09 0.0D+00       21      105       21      210  S
      5      1   5.5898952127008228D-01 7.5D-09 0.0D+00 6.8D-09 0.0D+00       22      106       22      220  S
      5      1   5.5898952126919987D-01 7.5D-09 0.0D+00 7.7D-09 0.0D+00       20       96       20      200  S
      5      1   5.5898952126938206D-01 7.5D-09 0.0D+00 9.6D-09 0.0D+00       20       98       20      200  S
      5      1   5.5898952126951262D-01 7.5D-09 0.0D+00 2.0D-09 0.0D+00       21      101       21      210  S
      5      1   5.5898952127007984D-01 7.5D-09 0.0D+00 9.9D-09 0.0D+00       22      105       22      220  S
      5      1   5.5898952126975165D-01 7.5D-09 0.0D+00 8.9D-09 0.0D+00       21      101       21      210  S
      5      1   5.5898952126918366D-01 7.5D-09 0.0D+00 3.0D-09 0.0D+00       20       97       20      200  S
      5      1   5.5898952126976975D-01 7.5D-09 0.0D+00 7.6D-09 0.0D+00       21      101       21      210  S
      5      1   5.5898952126958901D-01 7.5D-09 0.0D+00 7.7D-09 0.0D+00       21      101       21      210  S
      5      1   5.5898952126948542D-01 7.5D-09 0.0D+00 6.1D-09 0.0D+00       21      106       21      210  S
      5      1   5.5898952126942114D-01 7.5D-09 0.0D+00 8.3D-09 0.0D+00       21      102       21      210  S
      5      1   5.5898952126955692D-01 7.5D-09 0.0D+00 6.6D-09 0.0D+00       21      102       21      210  S
      5      1   5.5898952126967927D-01 7.5D-09 0.0D+00 3.5D-09 0.0D+00       21      101       21      210  S
      5      1   5.5898952126972679D-01 7.5D-09 0.0D+00 2.2D-09 0.0D+00       21      103       21      210  S
      5      1   5.5898952126949242D-01 7.5D-09 0.0D+00 9.4D-09 0.0D+00       21      101       21      210  S
      5      1   5.5898952126947765D-01 7.5D-09 0.0D+00 1.4D-09 0.0D+00       20       96       20      200  S
      5      1   5.5898952126926460D-01 7.5D-09 0.0D+00 8.5D-09 0.0D+00       20       97       20      200  S
      5      1   5.5898952126944013D-01 7.5D-09 0.0D+00 7.1D-09 0.0D+00       21      104       21      210  S
      5      1   5.5898952126928081D-01 7.5D-09 0.0D+00 5.1D-09 0.0D+00       20      101       20      200  S
      5      1   5.5898952126933443D-01 7.5D-09 0.0D+00 5.5D-09 0.0D+00       20       98       20      200  S
      5      1   5.5898952126967072D-01 7.5D-09 0.0D+00 6.6D-09 0.0D+00       21      101       21      210  S
      5      1   5.5898952126966051D-01 7.5D-09 0.0D+00 7.2D-09 0.0D+00       21      103       21      210  S
      5      1   5.5898952126926882D-01 7.5D-09 0.0D+00 4.6D-11 0.0D+00       20       97       20      200  S
      5      1   5.5898952126967272D-01 7.5D-09 0.0D+00 6.4D-09 0.0D+00       21      103       21      210  S
      5      1   5.5898952126951496D-01 7.5D-09 0.0D+00 1.2D-08 0.0D+00       22      115       22      220  S
      5      1   5.5898952126959467D-01 7.5D-09 0.0D+00 4.8D-09 0.0D+00       21      104       21      210  S
      5      1   5.5898952126988399D-01 7.5D-09 0.0D+00 7.9D-09 0.0D+00       21      102       21      210  S
