      5   0.00    0.00    0.00   5.5898952126949164D-01 7.5D-09 0.0D+00 6.1D-09 0.0D+00       21      101       21      210     132     305     315     305     311   0.36     0    0      1  BR
      5      1   5.5898952127014945D-01 7.5D-09 0.0D+00 2.1D-09 0.0D+00       22      107       22      220  S
      5      1   5.5898952126965362D-01 7.5D-09 0.0D+00 5.9D-09 0.0D+00       21      101       21      210  S
      5      1   5.5898952126917656D-01 7.5D-09 0.0D+00 4.5D-09 0.0D+00       20       98       20      200  S
      5      1   5.5898952126954449D-01 7.5D-09 0.0D+00 7.8D-09 0.0D+00       21      103       21      210  S
      5      1   5.5898952126972823D-01 7.5D-09 0.0D+00 3.2D-09 0.0D+00       21      102       21      210  S
      5      1   5.5898952126956036D-01 7.5D-09 0.0D+00 5.4D-09 0.0D+00       21      103       21      210  S
      5      1   7.0704307237552078D-01 8.1D-09 0.0D+00 1.0D-09 0.0D+00       22      134       22      220  S
      5      1   5.5898952126986812D-01 7.5D-09 0.0D+00 7.2D-09 0.0D+00       21      101       21      210  S
      5      1   5.5898952126957857D-01 7.5D-09 0.0D+00 2.4D-09 0.0D+00       21      104       21      210  S
      5      1   7.0671039582800699D-01 6.3D-07 0.0D+00 1.7D-02 0.0D+00       24      110       25      250  S
      5      1   5.5898952126926482D-01 7.5D-09 0.0D+00 5.3D-09 0.0D+00       20      101       20      200  S
      5      1   5.5898952126962287D-01 7.5D-09 0.0D+00 7.3D-09 0.0D+00       21      102       21      210  S
      5      1   5.5898952126969026D-01 7.5D-09 0.0D+00 1.6D-09 0.0D+00       21      101       21      210  S
      5      1   5.5898952126982082D-01 7.5D-09 0.0D+00 8.1D-10 0.0D+00       21      103       21      210  S
      5      1   5.5898952126950874D-01 7.5D-09 0.0D+00 2.0D-09 0.0D+00       21      101       21      210  S
      5      1   5.5898952126966817D-01 7.5D-09 0.0D+00 6.1D-09 0.0D+00       21      106       21      210  S
      5      1   5.5898952126920287D-01 7.5D-09 0.0D+00 2.6D-09 0.0D+00       20       98       20      200  S
      5      1   5.5898952126916612D-01 7.5D-09 0.0D+00 6.0D-10 0.0D+00       20       99       20      200  S
      5      1   5.5898952126979617D-01 7.5D-09 0.0D+00 9.6D-09 0.0D+00       21      104       21      210  S
      5      1   5.5898952126956913D-01 7.5D-09 0.0D+00 7.6D-09 0.0D+00       21      101       21      210  S
      5      1   5.5898952126961088D-01 7.5D-09 0.0D+00 6.5D-09 0.0D+00       21      101       21      210  S
      5      1   5.5898952126931101D-01 7.5D-09 0.0D+00 9.5D-10 0.0D+00       20       97       20      200  S
      5      1   5.5898952126924484D-01 7.5D-09 0.0D+00 8.6D-09 0.0D+00       21      101       21      210  S
      5      1   5.5898952126962509D-01 7.5D-09 0.0D+00 5.0D-09 0.0D+00       21      101       21      210  S
      5      1   5.5898952126963852D-01 7.5D-09 0.0D+00 4.9D-09 0.0D+00       21      101       21      210  S
      5      1   5.5898952126952628D-01 7.5D-09 0.0D+00 3.1D-09 0.0D+00       21      101       21      210  S
      5      1   5.5898952126945145D-01 7.5D-09 0.0D+00 6.0D-09 0.0D+00       21      101       21      210  S
      5      1   5.5898952126971269D-01 7.5D-09 0.0D+00 6.2D-09 0.0D+00       21      103       21      210  S
      5      1   5.5898952126954726D-01 7.5D-09 0.0D+00 2.3D-09 0.0D+00       21      105       21      210  S
      5      1   5.5898952126964707D-01 7.5D-09 0.0D+00 5.0D-09 0.0D+00       21      101       21      210  S
      5      1   5.5898952126923140D-01 7.5D-09 0.0D+00 4.1D-09 0.0D+00       20       97       20      200  S
      5      1   7.0704307250707976D-01 8.1D-09 0.0D+00 2.1D-08 0.0D+00       22      137       22      220  S
      5      1   5.5898952126965162D-01 7.5D-09 0.0D+00 5.3D-09 0.0D+00       21      101       21      210  S
      5      1   5.5898952126930102D-01 7.5D-09 0.0D+00 5.6D-09 0.0D+00       20      101       20      200  S
      5      1   5.5898952126920043D-01 7.5D-09 0.0D+00 2.5D-09 0.0D+00       20       97       20      200  S
      5      1   5.5898952126974444D-01 7.5D-09 0.0D+00 8.1D-09 0.0D+00       21      101       21      210  S
      5      1   5.5898952126944168D-01 7.5D-09 0.0D+00 9.0D-09 0.0D+00       20       97       20      200  S
      5      1   5.5898952126954482D-01 7.5D-09 0.0D+00 8.8D-09 0.0D+00       21      101       21      210  S
      5      1   5.5898952126979951D-01 7.5D-09 0.0D+00 1.3D-09 0.0D+00       21      102       21      210  S
      5      1   5.5898952126903390D-01 7.5D-09 0.0D+00 4.4D-09 0.0D+00       20       97       20      200  S
      5      1   5.5898952126940338D-01 7.5D-09 0.0D+00 1.1D-08 0.0D+00       22      115       22      220  S
      5      1   5.5898952126983004D-01 7.5D-09 0.0D+00 7.8D-10 0.0D+00       21      101       21      210  S
      5      1   5.5898952126979595D-01 7.5D-09 0.0D+00 8.4D-09 0.0D+00       21      102       21      210  S
      5      1   5.5898952126923462D-01 7.5D-09 0.0D+00 1.5D-08 0.0D+00       21      105       21      210  S
      5      1   5.5898952126936097D-01 7.5D-09 0.0D+00 4.5D-09 0.0D+00       20       97       20      200  S
      5      1   5.5898952126947465D-01 7.5D-09 0.0D+00 6.1D-11 0.0D+00       21      104       21      210  S
      5      1   5.5898952126927370D-01 7.5D-09 0.0D+00 6.9D-09 0.0D+00       20       97       20      200  S
      5      1   5.5898952126952506D-01 7.5D-09 0.0D+00 2.6D-09 0.0D+00       21      102       21      210  S
      5      1   5.5898952126926793D-01 7.5D-09 0.0D+00 3.8D-09 0.0D+00       20       99       20      200  S
      5      1   5.5898952126914148D-01 7.5D-09 0.0D+00 5.4D-09 0.0D+00       20       97       20      200  S
      5      1   5.5898952126937385D-01 7.5D-09 0.0D+00 8.6D-09 0.0D+00       21      102       21      210  S
      5      1   5.5898952126971913D-01 7.5D-09 0.0D+00 6.2D-09 0.0D+00       21      101       21      210  S
      5      1   5.5898952126959234D-01 7.5D-09 0.0D+00 4.7D-09 0.0D+00       21      102       21      210  S
      5      1   1.6924542827778326D+00 9.4D-02 0.0D+00 1.0D+00 0.0D+00       21      112       22      220  S
      5      1   5.5898952126964652D-01 7.5D-09 0.0D+00 7.2D-09 0.0D+00       21      102       21      210  S
      5      1   5.5898952126988366D-01 7.5D-09 0.0D+00 5.0D-09 0.0D+00       21      101       21      210  S
      5      1   5.5898952126964763D-01 7.5D-09 0.0D+00 5.3D-09 0.0D+00       21      102       21      210  S
      5      1   5.5898952126962143D-01 7.5D-09 0.0D+00 6.6D-09 0.0D+00       21      104       21      210  S
      5      1   5.5898952126958468D-01 7.5D-09 0.0D+00 1.1D-09 0.0D+00       21      101       21      210  S
      5      1   5.5898952126990020D-01 7.5D-09 0.0D+00 3.7D-09 0.0D+00       21      102       21      210  S
      5      1   5.5898952126943113D-01 7.5D-09 0.0D+00 3.3D-10 0.0D+00       21      101       21      210  S
      5      1   5.5898952126954937D-01 7.5D-09 0.0D+00 9.9D-09 0.0D+00       21      101       21      210  S
      5      1   5.5898952126950563D-01 7.5D-09 0.0D+00 2.1D-09 0.0D+00       21      105       21      210  S
      5      1   5.5898952126972645D-01 7.5D-09 0.0D+00 9.2D-09 0.0D+00       21      101       21      210  S
      5      1   5.5898952126963353D-01 7.5D-09 0.0D+00 7.0D-09 0.0D+00       21      102       21      210  S
      5      1   5.5898952126930324D-01 7.5D-09 0.0D+00 3.5D-10 0.0D+00       20       98       20      200  S
      5      1   5.5898952126948964D-01 7.5D-09 0.0D+00 2.2D-10 0.0D+00       21      102       21      210  S
      5      1   7.0704307238083819D-01 8.1D-09 0.0D+00 7.4D-09 0.0D+00       22      142       22      220  S
      5      1   5.5898952126974932D-01 7.5D-09 0.0D+00 2.2D-08 0.0D+00       22      112       22      220  S
      5      1   5.5898952126973533D-01 7.5D-09 0.0D+00 8.6D-09 0.0D+00       21      101       21      210  S
      5      1   5.5898952126930879D-01 7.5D-09 0.0D+00 7.5D-09 0.0D+00       20       97       20      200  S
      5      1   5.5898952126973334D-01 7.5D-09 0.0D+00 9.4D-09 0.0D+00       21      101       21      210  S
      5      1   5.5898952126973978D-01 7.5D-09 0.0D+00 4.2D-09 0.0D+00       21      103       21      210  S
      5      1   5.5898952126936796D-01 7.5D-09 0.0D+00 2.0D-09 0.0D+00       21      101       21      210  S
      5      1   5.5898952126948964D-01 7.5D-09 0.0D+00 3.7D-09 0.0D+00       21      102       21      210  S
      5      1   5.5898952126960366D-01 7.5D-09 0.0D+00 5.1D-09 0.0D+00       21      102       21      210  S
      5      1   5.5898952126960710D-01 7.5D-09 0.0D+00 1.5D-10 0.0D+00       21      101       21      210  S
      5      1   5.5898952126976764D-01 7.5D-09 0.0D+00 1.8D-09 0.0D+00       21      102       21      210  S
      5      1   5.5898952126939883D-01 7.5D-09 0.0D+00 4.1D-09 0.0D+00       20       98       20      200  S
      5      1   5.5898952126952806D-01 7.5D-09 0.0D+00 2.1D-09 0.0D+00       21      101       21      210  S
      5      1   5.5898952126939971D-01 7.5D-09 0.0D+00 1.1D-09 0.0D+00       21      105       21      210  S
      5      1   5.5898952126915702D-01 7.5D-09 0.0D+00 1.7D-09 0.0D+00       20       97       20      200  S
      5      1   5.5898952126967993D-01 7.5D-09 0.0D+00 7.7D-09 0.0D+00       21      101       21      210  S
      5      1   5.5898952126964918D-01 7.5D-09 0.0D+00 1.1D-09 0.0D+00       21      104       21      210  S
      5      1   5.5898952126974910D-01 7.5D-09 0.0D+00 9.6D-09 0.0D+00       21      104       21      210  S
      5      1   5.5898952126932089D-01 7.5D-09 0.0D+00 9.5D-09 0.0D+00       20       97       20      200  S
      5      1   5.5898952126951829D-01 7.5D-09 0.0D+00 4.7D-09 0.0D+00       21      101       21      210  S
      5      1   7.0704307237434361D-01 8.1D-09 0.0D+00 1.4D-09 0.0D+00       22      141       22      220  S
      5      1   5.5898952126946377D-01 7.5D-09 0.0D+00 5.4D-09 0.0D+00       21      103       21      210  S
      5      1   5.5898952126952461D-01 7.5D-09 0.0D+00 3.8D-09 0.0D+00       21      102       21      210  S
      5      1   7.0704307237976727D-01 8.1D-09 0.0D+00 5.2D-10 0.0D+00       22      147       22      220  S
      5      1   5.5898952126958790D-01 7.5D-09 0.0D+00 1.8D-08 0.0D+00       22      116       22      220  S
      5      1   5.5898952126967927D-01 7.5D-09 0.0D+00 4.6D-09 0.0D+00       21      103       21      210  S
      5      1   5.5898952126962531D-01 7.5D-09 0.0D+00 4.7D-09 0.0D+00       21      103       21      210  S
      5      1   5.5898952126922818D-01 7.5D-09 0.0D+00 8.7D-09 0.0D+00       20       97       20      200  S
      5      1   5.5898952126938262D-01 7.5D-09 0.0D+00 3.6D-09 0.0D+00       21      101       21      210  S
      5      1   5.5898952126967738D-01 7.5D-09 0.0D+00 5.0D-09 0.0D+00       21      102       21      210  S
      5      1   5.5898952126965473D-01 7.5D-09 0.0D+00 1.9D-09 0.0D+00       21      101       21      210  S
      5      1   5.5898952126976220D-01 7.5D-09 0.0D+00 4.7D-09 0.0D+00       21      101       21      210  S
