     15   0.00    0.00    0.00   2.8116436577236270D-01 5.4D-09 0.0D+00 9.2D-09 0.0D+00       22      118       22      220     191     333     384     333     338   0.31     0    0      1  BR
     15      1   2.8116436577261750D-01 5.4D-09 0.0D+00 1.2D-09 0.0D+00       22      126       22      220  S
     15   0.00    0.00    0.00   2.7427896691174242D-01 5.2D-09 0.0D+00 8.0D-09 0.0D+00       22      127       22      220     219     353     422     353     347   0.34     0    0      3  BR
     15      1   2.7427896691166759D-01 5.2D-09 0.0D+00 9.0D-10 0.0D+00       22      114       22      220  S
     15      1   2.8116436577259080D-01 5.4D-09 0.0D+00 5.4D-09 0.0D+00       22      119       22      220  S
     15      1   2.7427896691158821D-01 5.2D-09 0.0D+00 6.4D-09 0.0D+00       22      131       22      220  S
     15      1   2.7427896691168069D-01 5.2D-09 0.0D+00 5.8D-09 0.0D+00       22      108       22      220  S
     15      1   2.8116436577254128D-01 5.4D-09 0.0D+00 8.9D-09 0.0D+00       22      122       22      220  S
     15      1   2.7427896691169951D-01 5.2D-09 0.0D+00 1.1D-09 0.0D+00       22      118       22      220  S
     15      1   3.0438971798705855D-01 6.5D-09 0.0D+00 1.6D-09 0.0D+00       23      193       23      230  S
     15      1   3.0438971795854458D-01 6.5D-09 0.0D+00 6.2D-09 0.0D+00       21      133       21      210  S
     15      1   2.7427896691181491D-01 5.2D-09 0.0D+00 3.0D-09 0.0D+00       22      120       22      220  S
     15      1   3.0438971795858222D-01 6.5D-09 0.0D+00 6.8D-09 0.0D+00       21      155       21      210  S
     15      1   2.7427896691187387D-01 5.2D-09 0.0D+00 9.8D-09 0.0D+00       22      142       22      220  S
     15      1   2.7427896691167680D-01 5.2D-09 0.0D+00 4.0D-09 0.0D+00       22      112       22      220  S
     15      1   2.7427896691168674D-01 5.2D-09 0.0D+00 2.8D-09 0.0D+00       22      135       22      220  S
     15      1   3.2484999504996892D-01 6.8D-09 0.0D+00 3.2D-07 0.0D+00       22      240       22      220  S
     15      1   2.7427896691178960D-01 5.2D-09 0.0D+00 8.7D-10 0.0D+00       22      112       22      220  S
     15      1   2.7427896691191594D-01 5.2D-09 0.0D+00 6.5D-09 0.0D+00       22      112       22      220  S
     15      1   2.7427896691171372D-01 5.2D-09 0.0D+00 3.5D-09 0.0D+00       22      105       22      220  S
     15      1   2.7427896691175063D-01 5.2D-09 0.0D+00 2.5D-09 0.0D+00       22      113       22      220  S
     15      1   2.8116436577261278D-01 5.4D-09 0.0D+00 3.2D-08 0.0D+00       23      139       23      230  S
     15      1   2.8116436577270520D-01 5.4D-09 0.0D+00 6.6D-09 0.0D+00       22      125       22      220  S
     15      1   2.7427896691172343D-01 5.2D-09 0.0D+00 4.0D-09 0.0D+00       22      112       22      220  S
     15      1   2.7427896691168646D-01 5.2D-09 0.0D+00 9.3D-09 0.0D+00       22      109       22      220  S
     15      1   2.7427896691178100D-01 5.2D-09 0.0D+00 1.4D-08 0.0D+00       23      118       23      230  S
     15      1   2.7427896691159259D-01 5.2D-09 0.0D+00 4.0D-09 0.0D+00       22      106       22      220  S
     15      1   2.8116436577254333D-01 5.4D-09 0.0D+00 3.2D-09 0.0D+00       22      129       22      220  S
     15      1   2.8116436577265569D-01 5.4D-09 0.0D+00 6.0D-09 0.0D+00       22      125       22      220  S
     15      1   2.7427896691155679D-01 5.2D-09 0.0D+00 1.8D-08 0.0D+00       22      113       22      220  S
     15      1   2.8116436577248888D-01 5.4D-09 0.0D+00 2.9D-09 0.0D+00       22      120       22      220  S
     15      1   2.7427896691164888D-01 5.2D-09 0.0D+00 1.4D-09 0.0D+00       22      115       22      220  S
     15      1   2.7427896691179621D-01 5.2D-09 0.0D+00 3.0D-09 0.0D+00       22      107       22      220  S
     15      1   3.0438971795876851D-01 6.5D-09 0.0D+00 8.4D-09 0.0D+00       21      151       21      210  S
     15      1   2.7427896691178943D-01 5.2D-09 0.0D+00 9.9D-09 0.0D+00       22      109       22      220  S
     15      1   3.0709939017715104D-01 6.2D-09 0.0D+00 3.8D-09 0.0D+00       22      176       22      220  S
     15      1   2.8116436577251513D-01 5.4D-09 0.0D+00 7.7D-09 0.0D+00       22      128       22      220  S
     15      1   5.7622324016018145D-01 0.0D+00 0.0D+00 1.0D+00 0.0D+00       22      146       23      230  S
     15      1   2.7427896691186815D-01 5.2D-09 0.0D+00 1.0D-08 0.0D+00       22      110       22      220  S
     15      1   2.8116436577245618D-01 5.4D-09 0.0D+00 5.4D-09 0.0D+00       22      122       22      220  S
     15      1   2.8116436577250309D-01 5.4D-09 0.0D+00 6.2D-09 0.0D+00       21      110       21      210  S
     15      1   2.7427896691170012D-01 5.2D-09 0.0D+00 4.1D-09 0.0D+00       22      115       22      220  S
     15      1   2.7427896691172016D-01 5.2D-09 0.0D+00 9.0D-09 0.0D+00       22      116       22      220  S
     15      1   2.7427896691163806D-01 5.2D-09 0.0D+00 9.3D-09 0.0D+00       22      106       22      220  S
     15      1   2.7427896691143483D-01 5.2D-09 0.0D+00 2.2D-10 0.0D+00       21      111       21      210  S
     15      1   2.8116436577259235D-01 5.4D-09 0.0D+00 5.5D-09 0.0D+00       22      123       22      220  S
     15      1   2.7427896691177567D-01 5.2D-09 0.0D+00 1.8D-08 0.0D+00       23      127       23      230  S
     15      1   2.7427896691167708D-01 5.2D-09 0.0D+00 3.6D-09 0.0D+00       22      119       22      220  S
     15      1   2.7427896691181630D-01 5.2D-09 0.0D+00 6.1D-09 0.0D+00       22      106       22      220  S
     15      1   3.0128100877292918D-01 6.5D-09 0.0D+00 2.2D-08 0.0D+00       22      161       22      220  S
     15      1   2.8116436577246451D-01 5.4D-09 0.0D+00 2.7D-10 0.0D+00       22      121       22      220  S
     15      1   2.7427896691163633D-01 5.2D-09 0.0D+00 9.2D-09 0.0D+00       22      108       22      220  S
     15      1   3.1753493582923165D-01 7.5D-09 0.0D+00 4.0D-09 0.0D+00       21      130       21      210  S
     15      1   3.1901004793313448D-01 6.4D-09 0.0D+00 6.8D-09 0.0D+00       21      161       21      210  S
     15      1   2.7427896691192982D-01 5.2D-09 0.0D+00 1.6D-09 0.0D+00       22      111       22      220  S
     15      1   2.8116436577258053D-01 5.4D-09 0.0D+00 9.3D-09 0.0D+00       22      119       22      220  S
     15      1   2.7427896691172055D-01 5.2D-09 0.0D+00 2.0D-09 0.0D+00       22      108       22      220  S
     15      1   2.7427896691146691D-01 5.2D-09 0.0D+00 6.3D-10 0.0D+00       22      120       22      220  S
     15      1   2.7427896691173864D-01 5.2D-09 0.0D+00 3.0D-08 0.0D+00       23      128       23      230  S
     15      1   2.7427896691155013D-01 5.2D-09 0.0D+00 1.9D-09 0.0D+00       21      114       21      210  S
     15      1   2.7427896691187231D-01 5.2D-09 0.0D+00 3.4D-09 0.0D+00       22      111       22      220  S
     15      1   2.7427896691191433D-01 5.2D-09 0.0D+00 8.5D-09 0.0D+00       22      108       22      220  S
     15      1   2.8116436577236814D-01 5.4D-09 0.0D+00 7.9D-09 0.0D+00       22      123       22      220  S
     15      1   2.7427896691175219D-01 5.2D-09 0.0D+00 3.5D-09 0.0D+00       22      110       22      220  S
     15      1   2.7427896691160364D-01 5.2D-09 0.0D+00 9.7D-09 0.0D+00       22      107       22      220  S
     15      1   2.8116436577261650D-01 5.4D-09 0.0D+00 7.7D-09 0.0D+00       22      145       22      220  S
     15      1   2.7427896691176573D-01 5.2D-09 0.0D+00 2.3D-09 0.0D+00       22      110       22      220  S
     15      1   2.7427896691167863D-01 5.2D-09 0.0D+00 7.2D-09 0.0D+00       22      106       22      220  S
     15      1   2.7427896691124548D-01 5.2D-09 0.0D+00 5.1D-08 0.0D+00       22      122       22      220  S
     15      1   2.8663362169269629D-01 5.2D-09 0.0D+00 7.6D-09 0.0D+00       22      109       22      220  S
     15      1   2.7427896691176901D-01 5.2D-09 0.0D+00 6.2D-09 0.0D+00       22      109       22      220  S
     15      1   3.0451587212654690D-01 6.8D-09 0.0D+00 2.8D-07 0.0D+00       23      172       23      230  S
     15      1   2.7427896691167947D-01 5.2D-09 0.0D+00 5.2D-09 0.0D+00       22      108       22      220  S
     15      1   2.8116436577257042D-01 5.4D-09 0.0D+00 1.4D-09 0.0D+00       22      122       22      220  S
     15      1   2.7427896691182557D-01 5.2D-09 0.0D+00 7.1D-09 0.0D+00       22      112       22      220  S
     15      1   2.7427896691164450D-01 5.2D-09 0.0D+00 3.1D-09 0.0D+00       22      110       22      220  S
     15      1   2.7427896691181147D-01 5.2D-09 0.0D+00 7.9D-09 0.0D+00       22      108       22      220  S
     15      1   2.8116436577223769D-01 5.4D-09 0.0D+00 9.2D-09 0.0D+00       21      112       21      210  S
     15      1   2.7427896691168518D-01 5.2D-09 0.0D+00 8.6D-09 0.0D+00       22      107       22      220  S
     15      1   2.8663362169275902D-01 5.2D-09 0.0D+00 5.0D-09 0.0D+00       21      105       21      210  S
     15      1   2.7427896691173820D-01 5.2D-09 0.0D+00 2.3D-09 0.0D+00       22      109       22      220  S
     15      1   2.7427896691176334D-01 5.2D-09 0.0D+00 5.2D-09 0.0D+00       22      134       22      220  S
     15      1   2.7427896691178183D-01 5.2D-09 0.0D+00 3.9D-09 0.0D+00       22      107       22      220  S
     15      1   2.7427896691170017D-01 5.2D-09 0.0D+00 5.6D-09 0.0D+00       22      108       22      220  S
     15      1   2.7427896691186748D-01 5.2D-09 0.0D+00 7.3D-09 0.0D+00       22      128       22      220  S
     15      1   2.8116436577260973D-01 5.4D-09 0.0D+00 4.0D-09 0.0D+00       22      126       22      220  S
     15      1   2.7427896691176784D-01 5.2D-09 0.0D+00 5.7D-09 0.0D+00       22      111       22      220  S
     15      1   2.8116436577263565D-01 5.4D-09 0.0D+00 1.6D-09 0.0D+00       22      125       22      220  S
     15      1   3.0451587212578829D-01 6.8D-09 0.0D+00 3.0D-07 0.0D+00       23      161       23      230  S
     15      1   2.7427896691178927D-01 5.2D-09 0.0D+00 4.2D-09 0.0D+00       22      109       22      220  S
     15      1   2.7427896691166792D-01 5.2D-09 0.0D+00 1.5D-09 0.0D+00       22      106       22      220  S
     15      1   2.8116436577259168D-01 5.4D-09 0.0D+00 6.5D-09 0.0D+00       22      130       22      220  S
     15      1   2.7427896691176012D-01 5.2D-09 0.0D+00 6.9D-09 0.0D+00       22      116       22      220  S
     15      1   2.8116436577262321D-01 5.4D-09 0.0D+00 2.6D-09 0.0D+00       22      121       22      220  S
     15      1   2.7427896691174530D-01 5.2D-09 0.0D+00 2.9D-10 0.0D+00       22      117       22      220  S
     15      1   2.8116436577232801D-01 5.4D-09 0.0D+00 7.5D-09 0.0D+00       21      116       21      210  S
     15      1   2.7427896691164588D-01 5.2D-09 0.0D+00 1.2D-09 0.0D+00       22      115       22      220  S
     15      1   2.7427896691158249D-01 5.2D-09 0.0D+00 5.3D-09 0.0D+00       22      107       22      220  S
     15      1   2.7427896691174480D-01 5.2D-09 0.0D+00 1.2D-09 0.0D+00       22      109       22      220  S
     15      1   2.8116436577261444D-01 5.4D-09 0.0D+00 3.6D-09 0.0D+00       22      125       22      220  S
