     19      1   2.3062510118629079D-01 5.0D-09 0.0D+00 9.2D-10 0.0D+00       22      118       22      220  S
     19      1   2.6028708333786998D-01 5.2D-09 0.0D+00 3.7D-10 0.0D+00       21      163       21      210  S
     19      1   2.3062510118651480D-01 5.0D-09 0.0D+00 1.1D-09 0.0D+00       22      139       22      220  S
     19      1   2.3062510118638763D-01 5.0D-09 0.0D+00 5.8D-09 0.0D+00       22      118       22      220  S
     19      1   2.3062510118625282D-01 5.0D-09 0.0D+00 3.1D-09 0.0D+00       22      110       22      220  S
     19      1   2.3062510118633875D-01 5.0D-09 0.0D+00 3.5D-08 0.0D+00       23      127       23      230  S
     19      1   2.5653498905105332D-01 5.4D-09 0.0D+00 5.3D-09 0.0D+00       22      163       22      220  S
     19      1   2.3062510118634638D-01 5.0D-09 0.0D+00 6.9D-09 0.0D+00       22      116       22      220  S
     19      1   2.3062510118641921D-01 5.0D-09 0.0D+00 4.9D-09 0.0D+00       22      113       22      220  S
     19      1   2.3062510118612103D-01 5.0D-09 0.0D+00 1.0D-08 0.0D+00       21      115       21      210  S
     19      1   2.3062510118647661D-01 5.0D-09 0.0D+00 8.6D-09 0.0D+00       22      114       22      220  S
     19      1   2.3062510118638049D-01 5.0D-09 0.0D+00 9.4D-09 0.0D+00       22      111       22      220  S
     19      1   2.3062510118644944D-01 5.0D-09 0.0D+00 2.2D-09 0.0D+00       22      113       22      220  S
     19      1   1.1790257483180950D+00 0.0D+00 0.0D+00 1.0D+00 0.0D+00        3       35        3       30  S
     19      1   2.3062510118645016D-01 5.0D-09 0.0D+00 2.7D-08 0.0D+00       23      136       23      230  S
     19      1   2.3062510118645480D-01 5.0D-09 0.0D+00 9.9D-09 0.0D+00       22      139       22      220  S
     19      1   2.3062510118764093D-01 5.0D-09 0.0D+00 4.7D-09 0.0D+00       23      130       23      230  S
     19      1   2.3062510118630308D-01 5.0D-09 0.0D+00 9.7D-09 0.0D+00       22      119       22      220  S
     19      1   2.3062510118759125D-01 5.0D-09 0.0D+00 7.8D-10 0.0D+00       23      131       23      230  S
     19      1   2.5653498905587496D-01 5.4D-09 0.0D+00 4.1D-08 0.0D+00       23     5450       23      230  S
     19      1   2.3062510118620808D-01 5.0D-09 0.0D+00 7.8D-09 0.0D+00       22      110       22      220  S
     19      1   2.3062510118652588D-01 5.0D-09 0.0D+00 5.9D-10 0.0D+00       22      118       22      220  S
     19      1   2.5653498905086647D-01 5.4D-09 0.0D+00 3.5D-09 0.0D+00       22      155       22      220  S
     19      1   2.3062510118627100D-01 5.0D-09 0.0D+00 7.0D-09 0.0D+00       22      110       22      220  S
     19      1   2.6097874023430834D-01 5.5D-09 0.0D+00 3.0D-09 0.0D+00       23      171       23      230  S
     19      1   2.3062510118670754D-01 5.0D-09 0.0D+00 3.2D-09 0.0D+00       22      147       22      220  S
     19      1   2.3062510118648225D-01 5.0D-09 0.0D+00 6.9D-09 0.0D+00       22      109       22      220  S
     19      1   2.3062510118632462D-01 5.0D-09 0.0D+00 5.7D-09 0.0D+00       22      114       22      220  S
     19      1   2.3062510118656834D-01 5.0D-09 0.0D+00 1.6D-08 0.0D+00       23      121       23      230  S
     19      1   2.3062510118610913D-01 5.0D-09 0.0D+00 2.7D-08 0.0D+00       22      119       22      220  S
     19      1   2.3062510118648730D-01 5.0D-09 0.0D+00 8.4D-09 0.0D+00       22      120       22      220  S
     19      1   2.3062510118638693D-01 5.0D-09 0.0D+00 1.3D-09 0.0D+00       22      120       22      220  S
     19      1   2.3062510118624224D-01 5.0D-09 0.0D+00 7.5D-09 0.0D+00       21      108       21      210  S
     19      1   2.3062510118640719D-01 5.0D-09 0.0D+00 3.5D-08 0.0D+00       23      141       23      230  S
     19      1   2.3062510118642843D-01 5.0D-09 0.0D+00 2.2D-09 0.0D+00       22      123       22      220  S
     19      1   2.3062510118767438D-01 5.0D-09 0.0D+00 3.7D-09 0.0D+00       23      133       23      230  S
     19      1   2.3062510118653137D-01 5.0D-09 0.0D+00 6.0D-09 0.0D+00       22      116       22      220  S
     19      1   2.3062510118645371D-01 5.0D-09 0.0D+00 2.6D-09 0.0D+00       22      116       22      220  S
     19      1   2.3062510118630428D-01 5.0D-09 0.0D+00 7.1D-09 0.0D+00       22      122       22      220  S
     19      1   2.3062510118646104D-01 5.0D-09 0.0D+00 2.9D-08 0.0D+00       23      129       23      230  S
     19      1   2.3062510118735705D-01 5.0D-09 0.0D+00 1.2D-09 0.0D+00       22      136       22      220  S
     19      1   2.3062510118636068D-01 5.0D-09 0.0D+00 7.0D-09 0.0D+00       22      109       22      220  S
     19      1   2.3062510118644824D-01 5.0D-09 0.0D+00 2.8D-08 0.0D+00       23      124       23      230  S
     19      1   2.3062510118635562D-01 5.0D-09 0.0D+00 1.2D-09 0.0D+00       22      109       22      220  S
     19      1   2.3062510118676394D-01 5.0D-09 0.0D+00 1.2D-09 0.0D+00       22      161       22      220  S
     19      1   2.3062510118654447D-01 5.0D-09 0.0D+00 1.7D-08 0.0D+00       23      122       23      230  S
     19      1   2.3062510118641286D-01 5.0D-09 0.0D+00 4.0D-09 0.0D+00       22      124       22      220  S
     19      1   2.3062510118633431D-01 5.0D-09 0.0D+00 1.2D-09 0.0D+00       22      109       22      220  S
     19      1   2.3062510118644294D-01 5.0D-09 0.0D+00 1.3D-09 0.0D+00       22      109       22      220  S
     19      1   2.3062510118612875D-01 5.0D-09 0.0D+00 7.8D-09 0.0D+00       21      112       21      210  S
     19      1   2.3062510118637219D-01 5.0D-09 0.0D+00 6.6D-09 0.0D+00       22      117       22      220  S
     19      1   2.6097874023261691D-01 5.5D-09 0.0D+00 6.0D-09 0.0D+00       22      173       22      220  S
     19      1   2.3062510118619839D-01 5.0D-09 0.0D+00 8.4D-09 0.0D+00       22      114       22      220  S
     19      1   2.5653498906081312D-01 5.4D-09 0.0D+00 4.5D-09 0.0D+00       21      151       21      210  S
     19      1   2.3062510118624249D-01 5.0D-09 0.0D+00 3.4D-09 0.0D+00       22      114       22      220  S
     19      1   2.3062510118629539D-01 5.0D-09 0.0D+00 9.2D-09 0.0D+00       22      125       22      220  S
     19      1   2.3062510118646568D-01 5.0D-09 0.0D+00 7.6D-09 0.0D+00       22      108       22      220  S
     19      1   2.3062510118638324D-01 5.0D-09 0.0D+00 5.0D-09 0.0D+00       22      114       22      220  S
     19      1   2.5570817668911855D-01 6.1D-09 0.0D+00 2.7D-08 0.0D+00       24      177       24      240  S
     19      1   2.3062510118639151D-01 5.0D-09 0.0D+00 9.5D-09 0.0D+00       22      108       22      220  S
     19      1   2.3062510118639559D-01 5.0D-09 0.0D+00 4.1D-09 0.0D+00       22      119       22      220  S
     19      1   2.3062510118731391D-01 5.0D-09 0.0D+00 5.7D-09 0.0D+00       23      144       23      230  S
     19      1   2.3062510118640861D-01 5.0D-09 0.0D+00 2.5D-10 0.0D+00       22      121       22      220  S
     19      1   2.6084149226290293D-01 5.7D-09 0.0D+00 3.2D-07 0.0D+00       23      184       23      230  S
     19      1   2.5570817668786833D-01 6.1D-09 0.0D+00 9.8D-09 0.0D+00       22      126       22      220  S
     19      1   2.3062510118624083D-01 5.0D-09 0.0D+00 1.5D-09 0.0D+00       22      105       22      220  S
     19      1   2.5653498905493677D-01 5.4D-09 0.0D+00 2.3D-09 0.0D+00       22      158       22      220  S
     19      1   2.3062510118636875D-01 5.0D-09 0.0D+00 5.2D-09 0.0D+00       22      124       22      220  S
     19      1   2.3062510118632143D-01 5.0D-09 0.0D+00 7.9D-09 0.0D+00       22      125       22      220  S
     19      1   2.3062510118612972D-01 5.0D-09 0.0D+00 8.9D-09 0.0D+00       21      132       21      210  S
     19      1   2.3062510118627849D-01 5.0D-09 0.0D+00 2.9D-09 0.0D+00       22      107       22      220  S
     19      1   2.3062510118651616D-01 5.0D-09 0.0D+00 7.5D-09 0.0D+00       22      111       22      220  S
     19      1   2.5653498905491368D-01 5.4D-09 0.0D+00 7.4D-10 0.0D+00       22      166       22      220  S
     19      1   2.3062510118631735D-01 5.0D-09 0.0D+00 2.1D-09 0.0D+00       22      121       22      220  S
     19      1   2.3062510118632326D-01 5.0D-09 0.0D+00 3.2D-08 0.0D+00       23      126       23      230  S
     19      1   2.3062510118625060D-01 5.0D-09 0.0D+00 4.7D-09 0.0D+00       22      113       22      220  S
     19      1   3.0438971795535913D-01 6.5D-09 0.0D+00 2.8D-07 0.0D+00       23      238       23      230  S
     19      1   2.3062510118637025D-01 5.0D-09 0.0D+00 7.2D-09 0.0D+00       22      109       22      220  S
     19      1   2.3062510118608479D-01 5.0D-09 0.0D+00 8.8D-09 0.0D+00       21      108       21      210  S
     19      1   2.3062510118651142D-01 5.0D-09 0.0D+00 1.5D-09 0.0D+00       22      114       22      220  S
     19      1   2.6084149242447213D-01 5.7D-09 0.0D+00 1.2D-07 0.0D+00       24      182       24      240  S
     19      1   2.3062510118617391D-01 5.0D-09 0.0D+00 4.4D-09 0.0D+00       21      115       21      210  S
     19      1   2.3062510118637927D-01 5.0D-09 0.0D+00 2.4D-10 0.0D+00       22      121       22      220  S
     19      1   2.3062510118626747D-01 5.0D-09 0.0D+00 9.4D-10 0.0D+00       22      118       22      220  S
     19      1   2.3062510118736390D-01 5.0D-09 0.0D+00 8.7D-10 0.0D+00       22      132       22      220  S
     19      1   2.3062510118633711D-01 5.0D-09 0.0D+00 6.9D-09 0.0D+00       22      127       22      220  S
     19      1   2.3062510118639090D-01 5.0D-09 0.0D+00 4.9D-10 0.0D+00       22      116       22      220  S
     19      1   2.3062510118643118D-01 5.0D-09 0.0D+00 1.1D-09 0.0D+00       22      124       22      220  S
     19      1   2.3062510118612659D-01 5.0D-09 0.0D+00 2.0D-09 0.0D+00       22      123       22      220  S
     19      1   2.3062510118749777D-01 5.0D-09 0.0D+00 5.6D-09 0.0D+00       23      133       23      230  S
     19      1   2.5570817668804485D-01 6.1D-09 0.0D+00 7.0D-08 0.0D+00       23      158       23      230  S
     19      1   2.3062510118643306D-01 5.0D-09 0.0D+00 3.9D-09 0.0D+00       22      112       22      220  S
     19      1   2.3062510118642859D-01 5.0D-09 0.0D+00 2.4D-09 0.0D+00       22      112       22      220  S
     19      1   2.3062510118588780D-01 5.0D-09 0.0D+00 6.3D-09 0.0D+00       21      115       21      210  S
     19      1   2.3062510118637025D-01 5.0D-09 0.0D+00 6.6D-09 0.0D+00       22      115       22      220  S
     19      1   2.3062510118622342D-01 5.0D-09 0.0D+00 7.2D-09 0.0D+00       22      134       22      220  S
     19      1   2.3062510118642932D-01 5.0D-09 0.0D+00 4.7D-09 0.0D+00       22      110       22      220  S
     19      1   2.3062510118602331D-01 5.0D-09 0.0D+00 2.9D-09 0.0D+00       21      119       21      210  S
     19      1   2.5653499001429203D-01 5.4D-09 0.0D+00 7.8D-09 0.0D+00       23    16018       23      230  S
     19      1   2.3062510118634674D-01 5.0D-09 0.0D+00 3.2D-09 0.0D+00       22      108       22      220  S
